X1	X2	X3	X4	X5	X6	X7	X8	X9	X10
-1.675965	-5.082583	-4.050618	-1.562139	-0.511915	-5.663677	-1.411443	-4.341853	-3.353234	-5.171731
-1.666726	-4.024299	-3.733625	-1.549993	-0.513163	-3.891757	-1.414958	-3.713172	-1.406016	-4.589135
-1.661804	-1.889004	-2.524593	-1.241771	-0.414622	-0.403758	-1.216030	-1.956303	2.059310	-2.608877
-1.658525	-0.799172	-1.474112	-0.930102	-0.282162	1.821935	-1.082857	-0.256432	3.933906	-0.203684
-1.491830	-0.228420	-0.957752	-0.831200	-0.240698	3.632056	-1.079864	0.875318	4.607434	2.395049
-0.161539	0.633514	-0.234442	-0.315014	-0.088222	4.590167	-0.752389	1.761661	4.637111	3.814714
1.746306	0.942415	0.295273	0.685727	0.308683	4.457543	-0.185490	2.098416	3.653577	3.793385
2.997232	1.689092	0.825037	1.539350	0.743948	3.586266	0.215872	2.002329	1.832614	2.950300
3.478032	2.354450	1.432504	1.908627	0.957770	2.168676	0.294654	1.686771	-0.325916	1.697298
3.718208	2.090410	1.442974	2.052630	0.984442	0.936720	0.295466	1.465156	-1.512014	0.704098
3.854629	1.407336	0.947713	2.098461	0.920025	0.820702	0.273143	1.366842	-1.167379	0.380065
3.863466	0.575460	0.263858	2.059757	0.828223	1.281775	0.215812	1.305499	-0.178214	0.550841
3.223111	-1.110770	-0.969371	1.570666	0.590664	1.003807	-0.158820	0.850305	-0.119198	0.233330
1.913222	-2.980474	-2.633637	0.542364	0.108505	1.087393	-0.812167	0.077145	-0.942997	-0.075486
0.378272	-2.673791	-3.348417	-0.674673	-0.462958	1.566542	-1.425730	0.181444	-1.076996	0.073388
-0.925666	-1.518507	-2.812090	-1.675952	-0.892267	1.114766	-1.796903	0.958864	-0.429373	-0.168304
-1.723459	-0.361758	-1.844671	-2.209421	-1.044924	-0.047258	-1.892921	1.679770	0.296159	-0.961703
-2.012781	0.733334	-0.682045	-2.288904	-0.959610	-1.863534	-1.812154	1.768557	0.237669	-2.024385
-1.983391	0.075446	-0.577775	-2.107302	-0.779802	-4.291448	-1.687411	1.040392	-0.885389	-3.259243
-1.837094	-1.742059	-1.608790	-1.873106	-0.645315	-6.507594	-1.592945	-0.106685	-2.523680	-4.311188
-1.695966	-3.983555	-3.140214	-1.705965	-0.615342	-7.732364	-1.544331	-1.339535	-3.970039	-5.080423
-1.606818	-5.762007	-4.543283	-1.635856	-0.665795	-7.698017	-1.548725	-2.433464	-4.640738	-5.520829
-1.476461	-6.035395	-5.010543	-1.598836	-0.730123	-6.593200	-1.546559	-3.213183	-4.389567	-5.473564
-0.869605	-3.148514	-1.806066	-1.304010	-0.675872	-4.123634	-1.368176	-3.269800	-2.978704	-4.601009
0.007856	0.075836	1.891442	-0.809912	-0.488139	-0.607659	-1.101040	-2.071988	0.538925	-2.785688
0.484657	1.680669	3.436470	-0.367642	-0.059050	1.686857	-0.910509	-0.301605	3.402437	-0.726908
0.247384	2.958058	3.817614	0.168152	1.586797	3.330471	0.218266	0.976742	4.674971	1.240430
-0.351559	2.875056	3.562264	0.518387	3.236354	3.775094	2.121981	1.550844	4.688250	2.546442
-0.966588	1.245590	1.937098	0.225757	3.293033	2.693540	2.251619	1.174181	3.096310	1.991917
-1.404629	-1.479383	-0.887687	-0.494275	1.939272	0.090308	1.430340	0.204245	-0.162591	0.306659
-1.631080	-3.499242	-2.725705	-1.146729	-0.112941	-3.402487	1.802305	-0.913419	-4.339286	-1.179347
-1.691808	-2.526753	-1.765896	-1.569173	-1.981711	-3.736917	2.934885	-1.286297	-4.152081	-1.102900
-1.634398	0.872631	1.001441	-1.785043	-2.752575	0.036266	3.810266	-0.603476	0.658497	0.945742
-0.683161	3.004920	3.117392	-1.413856	-2.050148	2.738237	4.340952	0.429532	3.266973	3.066200
1.238181	3.949793	4.236113	-0.212927	-0.471796	3.717795	4.612935	1.089768	3.524891	4.092825
2.865664	4.344639	4.871962	1.106422	0.958521	3.902893	4.010147	1.380706	2.773962	4.330699
3.741068	4.218634	4.688976	1.925639	1.579915	3.525481	2.463081	1.455439	1.529152	3.907066
3.569778	3.079690	3.429222	1.885155	1.313689	2.333674	0.291162	1.098711	-0.311424	2.719887
2.457672	0.458920	0.585417	0.978970	0.349205	-0.420112	-1.914976	0.217158	-2.694539	0.540692
0.940871	-3.253877	-3.794966	-0.223388	-0.807955	-4.103465	-3.154336	-0.875003	-4.590294	-1.633522
-0.476525	-3.213127	-6.137631	0.082993	-1.088933	-4.447427	-2.066200	-1.373835	-3.288016	-2.011325
-1.320704	1.481533	-1.980547	2.089068	0.089969	0.398365	0.180466	0.040718	1.173759	-0.335218
-0.472012	3.655525	2.346837	4.212103	1.870737	4.038473	1.977806	2.322983	4.739006	2.492639
0.946063	3.824759	3.546193	5.405315	3.154433	4.808960	2.793262	3.189043	5.385941	3.762963
1.244563	2.727185	2.965135	5.253074	3.259598	4.482976	2.363135	2.843852	4.355076	3.577479
0.692854	1.395614	1.413678	3.795381	2.075817	2.893047	0.888502	1.806330	1.607155	2.158098
-0.161277	0.668788	-0.295089	1.395100	0.081570	-0.953453	-0.973470	0.432996	-2.975697	-0.306711
-0.853115	0.491083	-1.426634	-1.278351	-1.923580	-7.763642	-2.447907	-0.958590	-7.927007	-3.200099
-0.227189	0.244264	-1.760711	-2.735541	-2.777390	-8.999623	-2.617315	-1.547970	-8.641172	-3.133045
1.524985	0.077688	-1.404529	-1.881743	-1.838605	-1.263583	-1.603013	-1.064644	-3.778356	0.173392
2.910854	0.113696	-0.307649	-0.062964	-0.200066	2.655283	0.565403	-0.304944	-0.009299	2.736535
2.954146	0.700973	1.574906	1.517749	0.986858	3.558620	3.142402	-0.050987	1.334041	3.679538
1.995255	1.483443	2.950519	3.040815	1.711258	3.408790	4.807124	-0.063295	1.844438	3.559401
0.650505	2.009002	3.625266	3.659421	1.867911	2.881355	5.273437	0.237422	2.538361	3.041506
-0.584097	2.625537	4.077992	2.903624	1.172048	2.372453	4.363475	1.635981	3.899935	2.339708
-1.411228	2.723458	3.770627	1.234545	-0.119847	2.020079	2.128128	3.050999	4.910112	1.542760
-1.778758	2.406459	2.600617	-0.760699	-1.443372	1.900863	-0.928506	3.895681	5.352407	0.904623
-1.821824	1.490388	0.655325	-2.426927	-2.207465	2.255042	-3.648547	4.091215	5.217230	0.738542
-1.711935	0.398676	-1.136835	-3.259757	-2.165774	2.859294	-4.731691	3.768346	4.581366	1.145019
-1.570897	0.450930	-0.164527	-3.226978	-1.611315	2.886669	-4.065889	3.002839	2.853482	1.326597
-1.462213	1.501024	2.109076	-2.727950	-1.046863	2.391878	-2.814143	1.772221	-0.498931	0.976440
-1.409252	2.231252	3.242264	-2.131613	-0.763804	1.905516	-1.858077	0.306576	-4.902632	0.776685
-1.398450	3.378463	3.810685	-0.465582	-0.381755	2.617604	-0.622631	-0.267619	-5.616752	1.977578
-1.410667	3.732131	3.980528	1.554130	0.324742	3.328408	0.385246	0.109372	-1.917113	3.189902
-1.423472	3.209160	3.081763	2.009142	0.575865	3.130987	0.224350	-0.127706	-0.399510	3.063561
-1.426441	2.362596	1.563336	1.203184	0.128540	2.447027	-0.630308	-0.817411	-0.641499	2.161072
-1.388235	1.750002	1.087482	0.083711	-0.643182	1.944260	-1.362993	-0.887919	-0.785371	1.195227
-0.437015	2.433171	2.794342	0.947087	-0.562196	2.602082	0.410238	-0.200331	0.596820	1.475170
1.077335	3.023300	4.462130	3.003512	0.687685	3.047992	3.375494	0.657182	2.049811	2.461997
1.485136	2.486703	4.784614	3.460900	1.478063	2.196998	4.287101	0.603474	1.652881	2.255539
0.963451	1.027889	4.015337	2.450664	1.120402	0.020622	3.385002	0.045292	0.120413	0.875467
0.079232	-0.870779	1.938588	0.621515	-0.062685	-2.411959	1.434172	-0.376698	-0.399913	-0.897195
-0.751624	-1.298394	-1.039568	-1.375312	-1.448665	-3.412907	-1.083662	-0.339991	0.523732	-2.157331
-1.312691	-1.916123	-4.333435	-2.823909	-2.363688	-4.432995	-2.994787	-0.682800	0.222908	-3.317821
-1.567312	-1.175975	-4.848629	-3.029180	-2.318042	-4.743163	-2.308504	-1.340770	-0.905956	-3.826398
-1.609238	-0.275482	-3.007006	-2.543929	-1.658453	-5.204144	-1.364479	-2.132500	-2.507148	-4.245619
-1.552424	-1.079453	-2.146384	-2.074201	-1.064459	-5.894992	-1.135126	-2.902948	-3.991599	-4.869319
-1.478003	-2.177165	-2.387569	-1.849352	-0.854505	-6.485153	-1.359981	-3.526961	-4.752146	-5.486989
-1.421976	-2.110650	-2.460313	-1.845086	-1.003811	-6.811605	-1.732864	-3.961571	-4.672579	-5.929432
-1.400353	-0.911936	-2.080319	-1.963754	-1.315143	-6.879559	-2.057074	-4.235816	-4.140123	-6.172137
-1.400209	-0.141725	-1.433092	-2.099346	-1.578170	-6.733507	-2.224492	-4.344313	-3.563380	-6.234231
-1.405578	-0.898317	-1.681373	-2.186680	-1.672927	-6.263928	-2.241472	-4.045018	-2.944861	-6.101196
-1.412554	-2.654014	-2.776370	-2.216685	-1.613266	-6.022006	-2.192302	-3.803768	-2.722299	-5.964652
-1.418067	-4.678506	-4.180211	-2.214807	-1.492895	-6.095179	-2.131342	-3.806173	-2.895207	-5.954087
-1.420745	-5.795192	-5.220674	-2.207873	-1.404747	-6.210977	-2.094968	-3.966419	-3.258329	-5.889774
-1.418683	-6.069691	-5.558681	-2.209143	-1.399644	-4.800658	-2.110033	-4.132557	-3.501357	-4.111968
-1.408016	-4.865407	-5.055306	-2.213660	-1.460321	-1.709046	-2.031470	-3.606822	-1.537937	-1.225302
-1.394609	-2.403266	-2.680088	-2.219807	-1.531527	0.703702	-0.351298	-2.020781	1.798950	0.698805
-1.377182	-0.673468	-0.089798	-2.228285	-1.584363	2.154524	2.026018	-0.433702	3.671354	2.186087
-0.717813	0.644071	1.455442	-1.910787	-1.516322	3.089060	3.428405	0.850739	4.519957	3.208754
1.074715	1.308553	1.885988	-0.823308	-1.103586	3.393936	3.338932	1.893301	4.684541	3.418896
2.594337	1.290935	1.694650	0.569684	-0.451290	3.105667	2.792158	2.171183	3.763392	3.128287
2.696452	0.710786	0.990229	1.944092	0.296762	2.129525	1.846212	1.793293	1.980491	2.366530
1.841940	-0.999048	-0.730473	2.131326	0.523205	-0.202809	0.238701	0.912997	-0.981053	0.673250
1.378459	-1.528697	-2.327992	1.658242	0.163660	-2.281299	-1.179121	0.336643	-3.213372	-1.160415
1.476965	-0.346780	-1.786858	2.086961	0.069323	-1.577260	-0.916625	0.324643	-1.990795	-1.467858
1.123996	0.718920	0.074160	3.117816	0.574111	-0.162972	1.150016	0.271658	0.228612	-0.665019
0.392193	0.405390	0.912201	3.475633	1.045289	0.126135	2.390356	-0.063981	1.000332	-0.166203
0.277606	-0.484813	0.291456	2.801643	0.828442	-0.258661	1.908126	-0.472085	0.602685	-0.622814
1.476792	-0.504045	-0.047219	1.852207	0.180178	-0.033500	0.772785	-0.354554	0.246391	-0.873176
2.686963	0.078934	1.086632	1.032807	-0.453313	0.460582	-0.447059	-0.063161	-0.046961	-0.779720
2.671002	0.492389	2.166399	0.212016	-0.579340	1.095510	-1.529875	-0.302348	-0.904156	-0.409942
1.747030	0.477379	2.364812	-0.746706	-0.537984	1.177001	-2.328133	-1.037555	-2.300788	0.257228
0.505763	-0.870057	1.181469	-1.688746	-0.746717	0.471249	-2.706136	-1.967478	-3.726678	0.737328
-0.597077	-1.999611	0.293365	-2.383211	-1.205020	-0.984635	-2.719581	-2.849120	-4.615176	0.560559
-1.305847	-2.462961	0.353201	-2.718391	-1.703638	-3.531922	-2.548108	-3.547949	-4.729712	-0.729588
-1.597520	-3.363638	-0.213918	-2.740994	-2.018455	-6.613566	-2.360772	-4.031678	-4.305189	-2.720194
-1.604644	-3.855043	-1.690632	-2.594245	-2.058849	-7.762799	-2.236161	-3.833500	-3.343123	-4.547503
-1.491372	-4.105414	-3.388659	-2.423042	-1.908296	-3.579523	-2.195868	-2.994389	-2.289130	-4.362290
-0.806880	-3.733337	-4.594324	-2.039046	-1.648258	0.242004	-2.015968	-2.416168	-1.694671	-2.479477
0.942740	-1.975062	-3.416311	-0.975176	-1.110697	2.195893	-0.755624	-1.544371	-0.708166	-0.049280
1.942143	-1.286406	-1.873566	0.224036	0.423084	2.618107	0.239321	-0.997757	-0.138276	1.398030
1.695971	-1.355302	-1.351046	1.019232	2.653223	2.233447	0.346416	-1.026059	-0.228948	1.474131
0.808350	-0.718728	-1.078676	1.346822	4.259375	2.020395	-0.027367	-0.533783	0.033866	1.512454
-0.189097	0.205997	-0.628001	1.353086	4.881077	2.716437	-0.501286	0.716139	0.903103	2.400458
-0.955575	0.492933	-0.361808	1.205498	4.784284	3.019528	-0.846322	1.644527	1.480943	2.974454
-1.379769	-0.160420	-0.674367	1.041651	4.319799	2.552589	-0.810616	1.545454	1.036523	2.553208
-1.517372	-0.764245	-0.485040	0.934735	3.830067	1.924508	0.847194	0.815864	-0.073432	2.034095
-1.498175	-0.497761	1.082877	0.887038	3.575323	2.098833	2.753175	-0.138609	-1.327462	2.416694
-1.423079	-0.569973	1.965392	0.809270	3.488176	2.642807	2.981700	-1.073177	-2.271503	2.954800
-1.284580	-1.833991	1.049921	0.303767	2.679789	2.473908	1.718153	-1.947110	-3.057183	2.580678
-1.035511	-3.626559	-1.115393	-0.573180	0.862631	1.849764	-0.351306	-2.671760	-3.560949	1.595829
-0.920121	-5.352079	-4.103757	-1.559275	-1.478003	0.234980	-2.467096	-3.267377	-3.821401	-0.012260
-0.961510	-6.346079	-6.817699	-2.363436	-3.477824	-2.871503	-3.771178	-3.664408	-3.824504	-2.301579
-1.053571	-6.249801	-7.837222	-2.636146	-3.663326	-6.373462	-3.783074	-3.930370	-3.601082	-4.489842
-0.377899	-3.955506	-5.461485	-2.101711	-2.060153	-6.198915	-1.650742	-3.608541	-2.667952	-4.824185
1.396762	-1.091457	-1.069988	-0.804698	-0.372500	-1.777924	1.726763	-2.363837	-0.978223	-2.290030
2.722849	0.495378	1.329691	0.303997	0.425921	1.018577	3.484414	-0.645655	0.512330	0.116194
2.645975	0.708263	1.544709	0.378881	0.149729	2.060783	3.084273	0.855886	1.210638	1.055220
1.734458	0.094055	0.554963	-0.340292	-0.854170	2.278467	1.312621	1.646623	1.136713	1.075692
0.652188	-1.561629	-1.489812	-1.332213	-2.010886	1.791425	-1.126673	1.397512	-0.023515	0.526669
0.313097	-2.848061	-3.645052	-1.853480	-2.628534	0.702861	-3.054475	0.778862	-1.109860	-0.390490
0.157211	-3.210047	-4.897140	-2.028404	-2.518904	0.359543	-3.862354	0.442587	0.067651	-0.675072
-0.182195	-2.777158	-4.763837	-2.155187	-2.077583	1.331287	-3.656391	0.547216	2.202905	-0.016818
-0.601377	-2.199583	-3.818838	-2.301412	-1.721572	2.363506	-2.904062	0.815715	3.486828	0.997246
-0.954799	-1.375581	-1.932238	-2.437483	-1.624011	3.143271	-0.598126	1.057875	3.958730	2.342214
-1.174845	-0.389172	0.074205	-2.279081	-1.160468	3.572532	2.017379	1.252443	4.037526	3.052332
-1.275322	0.677914	1.474041	-1.378051	0.830178	3.861645	3.577730	1.471255	4.038020	3.399240
-1.299184	1.959665	2.450505	-0.249592	3.058015	3.843871	4.174244	1.684644	3.985757	3.450472
-1.282675	2.225170	2.679165	0.186044	3.708370	3.104806	4.043985	1.739028	3.293849	2.888964
-1.253126	1.488263	1.871347	-0.255723	2.532164	1.516189	2.777925	1.495515	2.358015	1.646154
-1.224021	-0.399669	-0.200952	-1.101522	0.079762	-1.664843	0.443763	0.862123	0.611054	-0.365011
-1.209693	-0.711989	-1.426941	-0.736014	-2.506399	-4.767056	-1.475120	0.291935	-0.818520	-2.277475
-1.209714	1.250506	0.940162	1.212219	-3.114940	-3.339517	-1.552608	0.870095	0.156941	-2.371796
-1.128316	2.666616	3.132589	3.056005	-1.258552	-0.356389	-0.386390	1.921782	2.049258	-1.185651
0.000048	3.515113	4.136232	4.275274	1.044386	1.826163	0.972910	2.939369	3.588260	0.365526
1.910464	3.534445	4.023357	4.680336	2.301914	2.719259	1.583458	3.647808	4.225856	1.416277
3.402536	3.009620	3.050234	4.086002	2.127316	3.073896	1.157318	3.954455	4.013188	1.796608
4.195443	2.303880	1.484642	2.876830	0.925749	3.118017	0.235373	4.056252	3.375581	1.929287
4.502096	1.591879	-0.193535	1.557128	-0.562672	2.856841	-0.654432	4.015478	2.566292	1.696463
4.554722	1.091955	-0.833650	1.003194	-0.318336	2.959417	-0.050133	3.652374	1.637570	1.910569
4.503319	1.067761	0.305079	1.467936	2.050731	3.022087	2.212431	3.103416	0.946846	2.341653
4.431338	1.003810	1.464152	2.058179	3.718633	2.734526	3.735598	2.511679	0.553407	2.420618
4.379237	0.938096	1.684810	2.129953	3.513103	2.357537	3.695540	2.188264	1.511709	2.112692
4.293186	1.192243	1.350911	1.992532	1.922069	2.376883	2.508071	2.369105	3.433541	1.824705
3.612986	1.647309	1.221193	2.394316	-0.086819	2.912878	1.127122	2.622641	4.690917	2.023664
2.289454	1.557547	1.436025	2.594175	-1.555554	3.113136	-0.266081	2.639207	4.962015	2.178629
0.759517	0.341099	0.520226	1.792686	-2.147008	2.348280	-1.767943	2.202334	4.042677	1.456526
-0.527675	-0.175943	-0.679389	0.642354	-0.735483	0.912105	-2.556421	1.278372	1.707638	0.170797
-1.282712	-0.667775	-1.570978	-0.107721	1.975580	-0.599069	-2.341045	0.157248	-1.839864	-0.963693
-0.717975	-0.515859	-1.530515	0.092146	3.984705	-0.230922	-1.422987	-0.576969	-4.411424	-0.768197
1.241851	1.261217	0.866197	1.204388	4.854093	1.804329	-0.328433	-0.433043	-3.073171	1.223532
2.606257	2.394210	2.844484	1.877209	4.414405	2.775120	0.115384	-0.203519	-0.996792	2.575303
2.508572	2.764256	3.753290	1.341103	2.397469	2.509629	0.869714	-0.646728	-0.770777	2.791071
1.567454	2.755859	4.052955	-0.025924	-0.670213	1.671476	1.792539	-1.530163	-1.734743	2.557423
0.391772	2.160490	3.390456	-1.649964	-3.931788	1.085040	1.343191	-2.529307	-3.184900	2.273520
-0.598949	1.533189	1.867103	-2.645300	-5.245331	1.230658	0.037717	-3.331744	-4.101593	1.964600
-1.191364	1.144648	-0.006600	-2.169109	-1.286274	1.812841	-1.216558	-3.686199	-3.676240	1.616159
-1.403011	0.329344	-1.963610	-0.872644	2.940430	1.980226	-1.897919	-3.462853	-2.382557	1.167353
-1.384751	0.760110	-2.359856	0.237355	4.777042	1.720442	-1.931375	-1.823373	-0.393786	0.552255
-1.288415	0.958431	-1.480531	0.639402	4.723576	1.078279	-1.756636	0.115426	1.029530	-0.178202
-1.195212	0.863718	-0.732070	0.714097	3.811713	0.690620	-1.409366	1.367264	1.725207	-0.586619
-1.086305	1.102780	0.107610	1.657233	3.143082	1.311697	-0.320311	1.751533	2.326081	-0.040511
-0.070691	2.182609	1.423409	3.513698	3.528937	3.250152	1.214839	2.247415	3.998188	2.227160
1.765929	2.517542	2.137741	4.673322	4.421918	4.044892	1.991109	2.764832	4.818827	3.678493
3.181228	2.117125	2.026649	4.678128	4.877335	3.982169	2.226651	2.713858	4.287612	3.750161
3.379373	0.657797	0.927686	3.747022	4.483161	3.123600	1.570407	2.106738	2.464335	2.932685
2.511773	-0.884395	-1.048032	1.904842	2.860754	0.869264	0.030183	1.002016	-0.966848	1.090870
1.185086	-0.016740	-1.217129	-0.041578	1.180332	-2.127916	-1.111156	-0.162665	-4.499225	-0.927031
-0.085091	1.722406	1.657506	-1.155450	0.985731	-3.225077	0.138374	-1.184410	-6.025691	-1.582777
-0.975261	2.528311	3.320429	-1.221873	2.050789	-2.404912	1.161129	-2.012649	-4.983964	-1.360085
-1.388656	2.670882	3.792988	-1.176463	2.341360	-2.169202	1.091498	-2.768658	-3.673440	-1.660981
-1.450436	2.580700	3.905835	-1.494323	1.247194	-2.310390	1.338592	-3.492443	-3.158256	-1.917953
-1.356221	1.820721	3.470506	-2.056993	-0.811050	-3.137726	0.718445	-3.932886	-2.618428	-2.652440
-1.243324	1.454779	2.873473	-2.115029	-2.938230	-2.068610	-0.421928	-3.033554	0.397565	-2.820505
-1.166883	2.240718	2.975392	-0.306011	-3.352230	0.425660	-0.728122	-1.068613	3.377571	-1.370155
-1.125838	2.631010	3.103705	1.991651	-1.573725	1.456709	-0.211591	0.273541	4.206105	-0.069685
-1.101756	2.825916	2.796889	3.423179	0.513403	1.376668	0.458378	0.546826	3.643686	0.210649
-1.086968	2.505191	1.970957	3.611673	1.461050	0.608640	0.480802	0.168660	1.914807	0.063396
-1.081080	1.744723	0.517825	2.473427	0.919910	-0.722408	-0.339679	-0.713517	-1.350789	0.007970
-1.084460	1.403404	-0.232961	0.420062	-0.667113	-2.113142	-0.084132	-1.383065	-5.039695	-0.054809
-1.094505	1.270397	0.208963	-1.949958	-2.568898	-3.505298	1.348657	-1.855327	-7.277485	-0.506593
-1.101188	0.795821	0.768231	-3.856834	-3.919011	-4.573817	2.553001	-2.461288	-7.196358	-1.188281
-1.097538	0.257159	0.985542	-4.662280	-4.055650	-3.874539	3.146066	-2.096620	-4.379798	-1.532192
-1.084908	0.032212	1.043619	-4.391399	-3.232760	-1.187437	3.285742	-0.633482	-1.002681	-0.899046
-1.065603	0.475136	1.148708	-3.669811	-2.299919	0.665362	3.104444	1.114183	2.176231	-0.003468
-1.047231	0.982613	1.111119	-3.047220	-1.815917	1.584668	2.433647	2.461052	4.049132	0.586626
-1.038841	1.496751	1.277965	-2.718038	-1.835214	2.380257	2.127808	3.215822	4.770291	1.265088
-1.045434	2.050296	1.700116	-2.657870	-2.161412	2.688445	2.265888	3.353522	4.695322	1.813891
-1.057676	1.875649	1.846479	-2.746243	-2.530959	2.325445	2.569225	3.011234	4.083820	1.723083
-1.069230	0.980095	1.450139	-2.765701	-2.709528	1.463785	2.809787	2.427136	2.978665	1.255867
-1.073155	0.119715	0.733881	-1.377739	-2.169349	0.183147	2.578680	1.591292	1.219326	0.489272
-1.073447	-0.224025	-0.003922	1.086550	-0.802189	-0.823144	1.834178	0.760281	-0.214513	-0.280177
-1.078956	-0.250016	-0.623490	2.554707	0.863133	-0.152639	0.700132	0.447029	0.710733	-0.435599
-1.084279	-0.275759	-1.180688	2.655393	2.529249	1.202144	-0.626862	0.640975	2.576914	0.042456
-1.084240	-0.638426	-1.655576	2.001041	3.635263	1.908763	-1.644279	0.776615	3.226258	0.698351
-1.073278	-1.657439	-2.262421	0.889903	3.663628	1.682559	-2.237031	0.332395	2.214657	1.156649
-1.059384	-0.242723	-0.460045	0.091249	2.479208	1.169117	-2.028349	0.291802	0.947744	1.125853
-1.052843	1.760202	2.274036	0.950958	1.043308	1.200999	-0.720943	1.155084	1.020629	1.032708
-1.051341	2.538451	3.522011	2.379175	-0.082684	1.816896	0.445974	1.852968	1.644450	1.195128
-1.053073	2.056301	3.600825	2.861635	-0.724940	1.735748	0.574683	1.624424	1.199316	0.999546
-1.054147	0.743541	2.725452	1.979559	-1.313641	0.514904	-0.369992	0.673302	-0.571743	-0.129146
-1.062772	-0.230390	0.900843	0.196492	-1.956443	-2.201288	-1.759956	-0.629600	-3.166121	-2.094738
-1.072796	-0.426555	-1.416759	-1.884290	-2.492666	-6.412935	-2.949143	-1.981045	-5.589914	-4.440090
-1.070668	0.150089	-2.591705	-3.379916	-2.257534	-9.100726	-2.624902	-3.112566	-6.470677	-5.819538
-1.059151	0.460641	-2.069707	-3.787170	-1.355371	-8.619686	-1.693154	-3.918168	-5.728886	-5.802388
-1.051648	-0.055223	-0.524942	-3.551710	-0.888784	-7.621793	-1.546773	-4.480328	-4.635299	-5.836502
-1.056371	-0.367107	0.979247	-2.994173	-0.775527	-6.212486	-1.837394	-4.805374	-3.768290	-5.808132
-1.060422	-0.515585	1.879376	-2.583982	-1.059085	-5.753896	-2.324484	-4.976225	-3.451518	-5.924783
-1.058406	-0.628985	2.102356	-2.504609	-1.714545	-5.698897	-2.766460	-4.491570	-3.099053	-6.149252
-1.049449	-0.506625	1.550874	-2.553554	-2.242954	-4.321858	-2.945056	-2.441088	-1.667475	-5.616805
-1.036771	-0.133762	0.406149	-2.062392	-0.961451	-0.775064	-2.543829	-0.228187	0.127148	-2.511932
-1.027426	0.264620	-0.720960	-1.048748	1.677527	1.437829	-1.837544	1.204060	1.329611	0.594530
-1.026676	0.272583	-1.198929	-0.109591	3.621754	2.214230	-1.274724	1.752272	1.584850	1.971750
-1.027906	0.238751	-1.354684	0.447083	4.349934	2.429645	-1.010930	1.916879	1.376473	2.422320
-1.029089	0.782405	-0.817823	0.988308	3.899109	2.694894	-0.710533	2.192887	1.552692	2.682547
-1.031381	1.510457	0.256584	1.974574	2.400001	2.742997	-0.068685	2.541746	2.143878	2.626805
-1.030327	1.891885	1.055116	2.920858	0.399331	2.437576	0.532297	2.776280	2.606209	2.327278
-0.965697	1.712780	1.208675	3.502565	-1.148680	1.953861	0.879475	2.574484	2.638954	2.067003
-0.658734	1.390920	0.989134	3.771122	-1.324180	1.317554	1.029228	2.106120	2.420971	1.500430
0.744349	1.294658	0.878273	3.972148	-0.206058	1.126048	1.172162	1.751851	2.147885	1.034853
1.826077	0.943130	1.010646	3.681498	0.820876	0.517193	0.845547	1.277223	1.342966	0.342979
1.876512	-0.028322	0.989120	2.664064	0.885546	-0.903424	-0.079506	0.481386	-0.246881	-0.904308
1.631082	-1.816393	-0.202825	0.967697	-0.038258	-2.862520	-1.350412	-0.417917	-2.256325	-2.442195
1.017893	-4.338146	-2.525601	-1.144744	-1.545267	-5.606116	-2.599000	-1.480944	-4.371165	-4.226165
0.225995	-6.683437	-5.410808	-3.105112	-3.014009	-8.216080	-3.399534	-2.578399	-5.808561	-5.768363
-0.475000	-7.903557	-7.740223	-4.307403	-3.799761	-7.703738	-3.599193	-3.532181	-6.033503	-5.012249
-0.937085	-7.721908	-8.430794	-4.467379	-3.507353	-4.603448	-3.345940	-4.242661	-5.312396	-2.498843
-1.147781	-6.141995	-6.847875	-3.566851	-1.738765	-2.004545	-2.389573	-4.593130	-4.077557	-0.761825
-1.180358	-3.698297	-3.440562	-2.636949	-0.266092	-1.396950	-0.004305	-4.163124	-2.885000	-0.486917
-1.134727	-1.295253	-0.486002	-2.268421	-0.092215	-1.234254	2.051816	-2.239636	-1.298650	-0.624935
-1.085916	-0.163357	0.686151	-2.305670	-0.814454	-1.147626	2.608103	-0.259904	-0.039289	-0.859907
-1.046487	0.471741	0.777692	-1.978201	-0.578119	0.141261	1.993152	1.067572	0.873749	-0.135048
-1.022091	1.010575	0.829298	-1.135192	1.277902	1.550116	1.423160	1.831926	1.414242	1.383322
-1.005251	0.953485	0.390713	-0.337134	3.025856	2.108876	0.336709	2.229657	1.549233	2.184380
-1.000444	0.603630	-0.516144	-0.300794	3.120017	2.075506	-1.233958	2.490627	1.856888	2.280035
-1.011369	0.439226	-1.300388	-1.008108	1.536033	2.407046	-2.779029	2.876318	2.858769	2.451709
-1.023398	-0.025153	-1.963247	-2.036164	-1.112904	2.280761	-3.724227	3.005725	2.850418	2.447587
-0.665415	-0.019104	-1.801322	-2.798230	-3.913573	1.691608	-3.735090	2.942461	2.090692	2.074185
0.362994	0.997080	0.537622	-2.415107	-5.245982	0.909812	-2.783814	2.958417	1.418763	1.360304
0.771719	2.122116	2.612478	-0.405416	-3.556601	0.300171	-1.144470	2.993097	1.437479	0.491963
0.501981	2.407685	3.189399	1.841089	-0.655184	0.108371	0.243279	2.929692	1.841063	-0.111006
-0.049943	2.152103	2.713561	3.193464	1.253141	0.507271	0.962525	2.619822	2.648300	-0.264210
-0.576349	1.857162	1.798697	3.731454	1.830418	1.339769	1.159389	2.409549	3.752588	0.188782
-0.930221	1.625515	0.825031	3.785753	1.537280	1.944778	1.054361	2.323535	4.442213	0.733497
-1.096105	0.944361	-0.279587	3.216555	1.028031	2.079650	0.436462	2.219341	4.504100	0.949975
-1.132653	-0.200549	-1.564655	1.682014	0.097983	1.599634	-0.359311	1.967569	4.009830	0.566604
-1.102716	-0.994258	-1.654384	-0.557088	-1.299736	0.970339	0.403917	1.666056	3.269369	0.259729
-0.582124	-1.013628	-0.637126	-2.657181	-2.648097	0.579419	1.898973	1.420783	2.382251	0.304553
0.243191	-1.332725	0.159345	-3.680267	-3.261799	-0.264052	2.931267	0.862052	0.489149	0.158220
0.683974	-1.971839	0.357826	-3.649263	-3.038827	-1.627027	3.321514	-0.056599	-2.381384	-0.353789
0.531990	-1.983036	0.301706	-3.256315	-2.494897	-2.982525	3.293590	-0.729653	-4.828030	-0.987338
0.786288	0.206265	0.950716	-1.862554	-1.781737	-1.823596	3.424120	-0.622996	-3.855551	-0.749868
2.051327	2.611757	2.526678	1.100711	0.012302	1.449562	3.954565	0.094417	-0.119529	1.314873
3.373181	3.277271	3.309190	2.998473	2.506814	2.959003	4.241716	0.727450	1.930834	2.916327
4.196703	3.055247	3.299229	3.547614	4.180610	3.487866	4.255161	1.147767	2.647930	3.584380
4.569725	2.388979	2.834723	3.323459	4.604703	3.530252	4.100675	1.290547	2.403869	3.744019
4.672064	1.955450	2.531833	2.833268	4.273417	3.475715	3.944587	1.372121	2.106460	3.758016
4.648292	2.065586	2.944632	2.194773	3.247573	3.393526	3.757557	1.786262	2.826361	3.740619
4.493265	1.782073	2.891495	1.336742	1.247043	2.884790	3.523299	2.077962	3.006019	3.326742
3.693539	1.090485	2.161295	0.083472	-1.396015	1.533363	2.961916	2.159798	2.212096	2.261341
2.735045	0.572577	0.782860	-1.213694	-3.885639	-0.347409	1.473427	2.339082	1.209833	0.662876
1.968715	-0.370512	-1.103865	-2.061507	-4.849059	-1.770959	-0.695629	2.369096	0.138778	-0.334599
1.033432	-2.375952	-3.778686	-2.642141	-3.912297	-2.693018	-2.931717	1.666455	-1.732905	-0.533635
0.083653	-4.002019	-5.932709	-2.528506	-1.192306	-1.611488	-3.960063	0.533443	-3.506675	0.101516
-0.645221	-4.355124	-6.054509	-1.594739	1.905649	0.143993	-3.348548	-0.656372	-4.045510	1.036369
-1.060358	-3.584259	-4.659205	-0.523247	3.767486	1.198594	-2.149661	-1.560459	-3.260342	1.668598
-1.211946	-0.987414	-2.378067	0.343093	4.378407	1.904679	-1.133371	-0.892482	-0.330869	1.917337
-1.213406	1.467317	0.253048	1.780753	4.434237	2.428418	0.129421	0.873779	2.510993	1.958895
-1.163057	2.585577	1.894929	3.332834	4.407108	2.826640	1.543200	2.083507	4.024010	2.069170
-1.113840	3.262336	2.929642	4.082083	4.260663	3.053699	3.117210	2.568816	4.724714	2.392745
-1.079368	3.877788	3.619869	4.002276	3.349544	3.011974	4.052668	2.978781	4.999519	2.530072
-1.066938	3.993572	3.750643	3.673775	1.719783	2.621208	3.980967	3.311253	4.658214	2.316063
-1.067109	3.583413	3.205237	3.433138	0.313903	1.971032	3.019355	3.422049	3.812664	1.760312
-1.070894	3.044498	2.313760	3.403445	0.210168	1.510620	1.731757	3.436975	2.871437	1.211750
-1.068509	2.744239	1.628536	3.717929	2.113223	1.939904	0.871196	3.473009	2.546360	1.490227
-1.065527	2.379819	1.185640	3.823996	3.827783	2.512371	0.379642	3.554205	2.925344	2.326456
-1.066227	1.550957	0.291767	3.138278	4.351249	2.534754	-0.325675	3.293319	2.475658	2.628583
-1.071332	0.940646	-0.476668	1.902504	4.114261	2.365901	-1.032227	3.005530	1.675314	2.636292
-1.076162	0.414964	-1.033508	0.495955	3.406762	2.035062	-1.550086	2.813761	0.902476	2.509077
-1.071599	-0.137726	-1.396055	-1.050856	1.789261	1.194685	-1.610768	2.625334	0.110737	2.080654
-1.073713	-1.138780	-1.180537	-2.527378	-0.730603	-0.495707	0.120216	2.022321	-1.205690	1.147186
-1.084697	-1.249153	-0.280159	-2.664934	-3.269384	-2.183036	2.334813	1.017494	-2.298836	0.099689
-1.094140	-1.359043	0.535545	-1.474329	-4.142739	-1.937489	3.558484	-0.094112	-2.716421	-0.274880
-1.097070	-1.491837	0.758547	-0.574422	-2.185666	0.276438	3.893971	-1.235695	-2.908019	0.302380
-1.101840	-0.228499	1.255533	0.714784	1.500998	2.143044	4.116035	-1.916945	-1.762968	1.487849
-1.101240	1.911523	2.326069	2.580934	4.257726	2.823928	4.421699	-1.797744	0.318522	2.294082
-1.102576	2.916071	2.945993	3.953700	5.415260	2.886870	4.158800	-1.294079	1.730616	2.455695
-1.104109	2.920322	2.694018	4.260555	5.429241	2.396965	2.925705	-0.990141	1.873964	2.005931
-1.107524	1.843828	1.424458	3.529224	4.604495	1.321130	0.865009	-1.179908	0.878801	1.005282
-1.105277	-0.460356	-1.022295	1.970713	2.833735	-0.841149	-1.569481	-1.703958	-1.005399	-0.553975
-1.102750	-3.975648	-4.598724	-0.312772	-0.027542	-4.747949	-3.677283	-2.460868	-3.527627	-2.800147
-0.902450	-6.982268	-7.969001	-2.668370	-3.236977	-9.249649	-4.544174	-3.150533	-5.568938	-5.102043
0.477432	-5.513086	-7.892527	-3.611908	-5.686285	-7.621021	-3.692931	-2.907948	-4.769818	-5.489874
1.875618	-3.600384	-5.217614	-2.886233	-5.073185	-3.731844	-2.376216	-2.153708	-2.587163	-4.258300
1.999562	-2.051201	-2.603563	-2.144377	-2.839373	-1.860194	-1.821588	-1.272810	-1.126567	-3.429399
1.285514	-0.868968	0.179912	-1.697194	-0.560066	0.201122	-1.704414	-0.855420	-0.716049	-2.076952
0.308614	-0.070668	1.954838	-1.070994	1.728257	1.668401	-1.109854	-1.084021	-0.975490	-0.329446
-0.544388	-0.006220	2.570711	-0.705677	2.819322	1.576116	-0.745365	-1.585664	-1.711776	0.216407
-1.090154	-0.911558	1.937708	-0.994657	2.122692	0.068832	-1.133999	-2.092593	-2.703887	-0.763959
-1.316402	-1.342156	0.461332	-0.741414	0.316320	-1.949670	-1.186965	-2.441437	-2.699077	-2.060602
-1.327482	-1.971691	-1.492119	0.074025	-1.585920	-3.814289	-0.982713	-2.558536	-1.996507	-2.900930
-1.250181	-2.488962	-3.652184	0.431997	-2.868406	-4.704414	-1.010197	-2.753782	-1.691712	-3.566478
-1.170150	-1.020479	-3.403652	1.277920	-2.449230	-1.070589	-0.434067	-2.222394	-0.458842	-2.140457
-1.112555	-0.376858	-1.918402	2.117018	-0.613152	0.947301	0.135642	-1.551113	0.462239	-0.396115
-1.085445	-0.451405	-0.927042	1.929829	1.066684	1.471059	-0.142710	-1.139486	1.144063	0.575416
-1.086691	-0.288941	0.410119	0.702249	1.228672	1.625074	-1.107836	-0.503643	2.232186	1.326066
-1.102553	-0.642595	0.441166	-1.098679	0.053964	1.591879	-2.220052	0.150620	3.036132	1.779908
-1.123624	-1.685081	-0.710307	-2.870153	-1.805792	1.163138	-3.021105	0.405684	2.847621	1.864106
-1.143067	-2.494424	-2.454103	-3.581791	-3.407723	0.087832	-2.980991	-0.044302	1.345689	1.400799
-1.148777	-0.262816	-2.075415	-1.554169	-3.174038	-0.879032	-1.495170	-0.566785	-0.227374	0.558266
-1.142481	0.858633	-0.645159	1.308339	-1.189828	-1.240844	0.134351	-0.864135	-0.911501	-0.271795
-1.142863	1.185956	0.261140	3.107401	0.874076	-0.857001	1.112325	-0.971786	-0.519627	-0.751012
-1.152809	1.480254	0.869578	4.060004	2.830952	0.524273	1.687742	-0.858965	0.597953	-0.307705
-1.160598	2.289536	1.543916	4.512748	4.333113	1.589982	1.965686	-0.603932	1.594643	0.556635
-1.170064	2.508153	1.892296	4.489283	4.622470	1.675874	1.839548	-0.443188	1.902990	0.844259
-1.178388	2.014535	1.523540	4.105728	3.569817	1.147224	1.438705	-0.453137	1.651560	0.514207
-1.177128	1.273978	0.796308	3.618415	1.570243	0.615958	1.021176	-0.541389	1.166938	0.143127
-1.170628	0.663946	0.119291	3.236255	-0.589846	0.030164	0.877121	-0.640652	0.714541	-0.190905
-1.163538	0.515459	0.150950	3.065493	-1.738217	-0.281107	1.601803	-0.718908	0.474893	-0.226424
-1.159695	0.357357	0.198020	3.028403	-1.256648	-0.490708	1.849607	-0.782504	0.409385	-0.301640
-1.152956	-0.903152	-0.660309	2.393253	-0.345375	-1.185746	1.034878	-1.106786	-0.351652	-0.588327
-1.152662	-3.044789	-2.449578	0.849723	-0.221544	-1.973664	-0.423239	-1.804610	-2.005331	-0.480830
-1.158819	-5.135028	-4.247470	-1.212793	-0.932666	-2.384426	-1.450540	-2.652151	-3.944857	-0.006683
-1.171671	-5.751837	-4.480395	-3.145181	-2.028016	-2.142852	-0.685394	-3.440095	-5.348474	0.629733
-1.185251	-4.895904	-2.807003	-4.318098	-2.958506	-1.489297	1.345681	-4.050300	-5.674317	1.265800
-1.197276	-2.381218	-0.787770	-4.525494	-3.318789	-0.957205	2.800649	-4.443454	-5.060633	1.641353
-1.202054	0.615755	0.988891	-4.098291	-3.072881	0.132363	3.329968	-3.948581	-1.979389	1.666833
-1.171638	2.029038	1.644974	-3.489038	-2.504679	1.529435	2.498960	-2.332962	1.617535	1.600276
-0.298605	2.678361	1.645485	-2.605924	-1.924326	2.028467	0.727943	-0.683950	3.054518	1.322481
1.568384	2.409723	1.150984	-1.276309	-1.365873	1.740222	-1.066916	0.276421	2.827931	0.689294
2.815335	1.074383	-0.148228	-0.284839	-1.006314	0.683577	-2.268496	0.510155	1.529828	-0.277595
2.741524	-1.127682	-2.248442	-0.273372	-1.120690	-1.174153	-2.882520	0.216738	-0.163451	-1.655695
1.863053	-3.412447	-4.089175	-0.871398	-1.606235	-2.673408	-2.893934	-0.426720	-2.176040	-2.746353
0.668437	-2.115273	-1.686493	-0.632591	-1.770560	-2.192487	-1.824294	-1.075300	-2.980866	-2.508258
-0.155307	0.329342	1.538944	0.603213	-1.206557	-1.265737	-0.449260	-1.294880	-1.872140	-1.881444
0.638883	2.788781	3.573612	2.511114	0.038638	0.924786	0.988844	0.258903	1.389007	-0.313607
2.259323	3.789926	4.444246	4.011745	1.336313	2.253695	1.958372	2.101220	3.550708	1.193741
3.412039	3.890897	4.456625	4.733584	2.096843	2.672920	2.345219	2.789737	4.162622	1.828327
4.052743	3.459654	3.698548	4.708958	2.122590	2.860407	2.096807	3.113412	4.543415	2.109154
4.045347	2.131603	1.957226	3.692682	1.219145	2.287837	0.982820	3.017126	3.966705	1.718028
3.135022	0.046716	-0.031126	1.635122	-0.497100	0.322203	-0.764000	2.202071	1.791221	0.215360
2.332975	-0.645826	-0.321311	-0.775162	-2.367996	-2.218923	-2.194422	1.387322	-1.252287	-1.601625
2.257929	0.173093	0.528464	-2.302420	-3.327195	-2.827508	-2.586094	1.631045	-2.284983	-2.252639
1.841320	0.820895	1.348534	-2.950021	-3.119361	-2.904683	-2.542607	2.108364	-1.421928	-2.555428
0.960701	1.065589	2.079126	-3.139564	-2.417760	-3.089242	-2.457276	2.313550	-0.324840	-3.040589
-0.028092	0.813586	2.369667	-3.023213	-1.860105	-3.146621	-2.347096	1.979758	0.421114	-3.509947
-0.813699	1.094176	2.621804	-1.495866	-1.275473	-2.459145	-1.412713	1.302495	0.744237	-3.297743
-1.271845	2.043198	2.585159	1.020643	-0.362624	-1.270554	0.023523	0.617084	0.955316	-2.284593
-1.434551	2.797048	2.581834	3.003328	1.078517	0.260088	1.833601	0.132529	1.228708	-0.770178
-1.427493	3.126320	2.734740	4.112371	2.832399	1.446914	3.661363	-0.073105	1.549153	0.895500
-0.929794	3.486076	2.784495	4.455491	3.452104	1.740873	3.974554	-0.040344	1.749338	1.429003
0.798519	3.910124	2.934411	4.594885	3.069778	2.081081	3.464371	0.555457	2.301045	1.652184
2.645206	3.708301	2.724110	4.399764	2.115638	2.150050	2.394855	1.376554	2.663146	1.679737
3.798696	2.735627	1.711269	3.486012	0.591813	1.737749	0.771394	1.962329	2.379293	1.239317
3.951491	0.969293	-0.122183	1.911222	-1.163814	0.861011	-1.010238	1.986859	1.891487	0.400116
3.041076	-1.160459	-2.509813	-0.274180	-2.696791	-0.101179	-2.586155	1.836335	2.169623	-0.553657
1.572717	-2.287827	-4.308756	-2.552141	-3.484171	-1.182332	-3.442994	1.551764	2.274360	-1.442525
0.082049	-2.920980	-4.988520	-4.193543	-3.355365	-2.461509	-3.484694	0.989967	1.794468	-2.484715
-1.015380	-2.708435	-4.587100	-4.725482	-2.720943	-2.085932	-3.057781	0.768094	2.099275	-2.740582
-1.571603	-2.199079	-3.714400	-4.346315	-2.147192	-0.021974	-2.594262	0.877486	2.786715	-1.674844
-1.700651	-1.735481	-2.826819	-3.652587	-1.911377	0.945485	-2.310968	1.070034	3.260412	-0.662962
-1.600675	-1.126015	-1.371877	-2.680153	-1.884401	0.565019	-1.943715	0.918951	2.731881	-0.706702
-1.080903	0.247151	0.950421	-1.376050	-1.716677	0.184504	-1.405608	0.784718	2.294863	-1.002395
0.630631	1.634826	2.640930	-0.254665	-1.399110	0.746073	-0.927221	1.336112	2.702522	-0.491975
2.519136	2.563270	3.474227	0.517784	-1.028919	1.177490	-0.590762	2.203761	2.847834	0.065821
3.727368	3.105957	3.858042	0.909536	-0.756812	1.526868	0.476804	3.069949	2.854904	0.602749
4.118103	3.015899	3.968880	0.909665	-0.695612	1.490948	2.219888	3.382700	2.366666	1.068212
3.439562	1.951292	3.484378	0.225682	-1.019040	0.152478	2.316249	2.790777	0.605907	0.395643
2.060057	0.264320	2.548416	-0.979423	-1.670150	-1.964361	1.020275	1.612476	-2.219611	-1.122375
0.508661	-1.948057	0.969393	-2.243266	-2.355336	-2.586890	-0.912330	0.154104	-5.178907	-2.136924
-0.754820	-4.537656	-1.850709	-3.100881	-2.748566	-1.541738	-2.648655	-1.291875	-6.756111	-2.160818
-1.489610	-6.578617	-5.499124	-3.457031	-2.761080	-0.403268	-3.558590	-2.527972	-6.385417	-1.714519
-1.725420	-7.361518	-8.505079	-3.429254	-2.535449	0.246297	-3.520974	-3.455627	-5.025872	-1.286222
-1.662245	-7.058547	-9.304862	-3.211573	-2.261857	0.425980	-2.981569	-4.056239	-3.843967	-1.064897
-1.506901	-5.032805	-6.826110	-2.570842	-1.125855	0.172576	-2.177078	-4.270686	-2.848590	-1.111465
-1.373073	-1.950304	-1.416308	-1.374965	1.273436	-0.099200	-1.290374	-4.069000	-1.890190	-1.132966
-1.288142	-0.338835	1.536054	-0.218916	3.349150	-0.257472	-0.684273	-3.667410	-1.244629	-1.079900
-1.248255	0.216831	1.863676	0.506570	4.325486	-0.111409	-0.421364	-2.717147	-0.577932	-0.925929
-1.242308	0.760907	1.271688	0.804987	4.417991	0.440571	-0.408167	-0.654851	0.642082	-0.526415
-1.259820	0.890398	0.380349	0.822769	4.009447	0.890431	-0.276563	1.003704	1.483741	-0.094203
-1.286576	0.173652	-0.602392	0.661856	3.382241	0.827323	0.401718	1.261523	1.142681	0.109627
-1.307599	-1.010435	-1.827556	0.453075	2.863913	0.445704	0.472837	0.699193	0.031798	-0.103512
-1.303632	-2.714918	-3.233102	0.014077	2.152279	-0.692815	-0.112687	-0.215824	-1.589157	-0.844284
-0.749609	-2.494604	-3.247703	-0.642681	0.674311	-1.714574	0.222422	-1.036651	-2.949520	-1.519329
0.986279	-0.459111	-0.945599	-0.752083	-1.111613	-1.121408	1.562123	-0.992107	-2.384107	-0.995659
2.554062	-0.012203	-0.013980	-0.379238	-2.390603	-0.526030	1.654276	-0.502674	-0.980923	-0.563420
2.717571	-1.155400	-0.738666	-0.405837	-2.791840	-1.400618	0.591402	-0.568254	-0.753096	-1.220165
1.864593	-2.344719	-1.634929	-1.012226	-2.574162	-3.211195	-1.001055	-1.097139	-1.158256	-2.676557
0.637174	-1.504395	-0.401818	-1.888371	-2.204470	-3.228561	-2.436200	-1.029484	0.396530	-3.463368
-0.483300	0.091741	1.438594	-2.680366	-1.993171	-0.577262	-3.170682	-0.063960	2.198740	-2.221390
-1.226061	1.186120	2.578037	-3.150864	-2.011006	1.503660	-3.135098	1.143182	2.559543	0.334872
-1.233608	1.983806	3.121406	-3.062033	-2.130047	2.401877	-2.572147	2.097889	2.246477	2.054522
0.329006	3.165911	3.593596	-0.823755	-1.587003	2.988698	-0.811724	3.104051	2.767176	3.043968
2.306681	3.832485	4.080878	2.440722	-0.054980	3.308349	1.235317	3.683493	3.530108	3.622804
3.617569	4.038017	4.363295	4.458030	1.505210	3.359448	2.457486	3.715926	3.818716	3.822181
4.204273	4.029034	4.458866	5.254974	2.369888	3.147007	2.910644	3.546899	3.851922	3.579330
3.853000	3.946968	4.538463	5.252585	2.406306	2.839192	3.423856	3.402595	4.277373	3.141339
2.644934	3.861603	4.661611	4.760058	1.782119	2.663256	4.229829	3.303697	4.772470	2.968646
1.081081	3.561772	4.652969	4.089902	0.888750	2.460683	4.681737	2.980691	4.433974	3.162185
-0.342051	2.510423	4.104795	2.997491	-0.078750	1.655211	3.822645	2.199760	2.795056	2.970022
-1.292030	0.657022	2.928381	1.109520	-1.225083	-0.070022	1.664295	0.993825	-0.478790	2.186810
-1.704173	-2.220859	0.506524	-1.216646	-2.295621	-3.236177	-1.228832	-0.401320	-4.914543	0.483995
-1.732555	-4.599980	-3.177458	-2.875439	-1.887616	-5.588111	-3.434465	-1.633059	-8.002927	-1.578404
-1.594184	-4.356013	-6.155416	-2.531258	0.751898	-2.451131	-3.420134	-2.354065	-6.546833	-1.908718
-1.446884	-2.456896	-5.425869	-0.560155	3.379774	1.059369	-1.286174	-2.470032	-2.568198	0.301291
-1.348735	-1.484978	-2.853595	0.917226	4.601301	2.138607	0.756371	-2.409958	-0.371650	2.034042
-1.305731	-1.368307	-1.573156	1.452296	4.687397	2.133650	1.213804	-2.369466	0.202087	2.363484
-1.296898	-1.587920	-1.345861	1.389001	4.148999	1.511480	0.785070	-2.358040	-0.031467	1.732776
-1.300647	-1.895611	-1.623357	1.069144	3.415543	0.785590	0.057117	-2.368574	-0.608310	0.782632
-1.309063	-2.787759	-2.418378	0.425182	2.304916	0.422994	-0.826644	-2.499459	-1.533027	0.068727
-1.292908	-3.720178	-3.639243	-0.650850	0.372976	-0.302895	-1.740903	-2.810540	-2.732803	-0.702103
-0.677858	-1.223361	-3.310144	-1.593429	-1.951497	-1.452296	-2.163646	-2.823643	-3.159091	-1.743147
1.046745	0.827800	-1.358666	-1.491015	-3.529169	-1.444918	-1.726157	-1.923110	-1.809909	-2.014310
2.663695	1.065876	-0.385250	-0.612621	-3.325151	-0.804091	-0.994145	-0.783696	-0.181480	-1.614772
3.244101	0.142575	-0.573614	0.051905	-2.017485	-0.827548	-0.622629	-0.192276	0.394106	-1.448441
2.628728	-1.722868	-1.631941	-0.141167	-1.067511	-1.485509	-0.412891	-0.473748	-0.378839	-1.483696
1.389922	-2.944376	-1.878607	-0.960460	-0.971008	-0.490506	1.136125	-1.231960	-1.910289	-0.035245
0.066940	-1.716847	-0.648281	-1.964867	-1.516424	0.609677	2.793497	-2.107785	-3.525933	1.063742
-0.946302	-1.363016	0.338579	-2.758866	-2.271447	0.660781	3.714275	-2.879888	-4.536495	1.247842
-1.495775	-1.676196	0.624990	-3.161369	-2.819425	0.308066	4.017521	-3.459618	-4.655943	0.901622
-1.647339	-2.180275	0.502333	-3.209274	-2.935039	0.448477	3.968350	-3.846149	-4.182908	0.816324
-1.578117	-2.880415	-0.092659	-3.052026	-2.694651	0.707069	3.376191	-4.062454	-3.598080	0.826530
-1.440012	-4.026097	-1.679729	-2.846101	-2.355721	0.718417	1.668302	-4.166285	-3.209115	0.471323
-0.545872	-3.238350	-3.231993	-2.295023	-2.016626	0.659995	-0.500409	-3.425906	-2.118310	-0.002930
1.358880	-0.342075	-2.606763	-1.080492	-1.533594	0.969767	-1.905269	-0.673625	0.719236	-0.043823
2.938057	1.098184	-0.677696	0.384552	-0.302655	1.402839	-1.828570	1.233802	2.310663	0.297802
3.144169	1.640477	1.545652	1.394354	1.861643	1.379692	-0.995194	1.581424	2.257042	0.469826
2.264438	2.451395	3.075668	1.657711	3.590579	0.926947	-0.356507	1.061853	1.162458	0.201576
0.947161	3.148724	3.890063	1.453211	4.336992	0.422582	-0.097128	0.268021	-0.239690	-0.173223
-0.295365	3.477721	4.201707	1.082480	4.319888	0.265627	-0.113156	-0.357952	-0.892729	-0.249117
-1.152902	2.862738	3.938047	0.592197	3.627291	-0.329261	-0.383137	-0.939811	-1.355091	-0.562297
-1.549279	1.586720	3.213987	-0.175223	1.999867	-1.677756	-0.904306	-1.595667	-1.995530	-1.536990
-1.604516	0.114241	2.109379	-0.584404	0.766966	-1.957067	-1.109673	-2.098893	-2.136140	-2.061282
-1.497134	-1.462148	0.146574	-0.378837	1.229237	-1.199581	-0.931665	-2.347115	-1.737497	-1.808344
-1.366297	-1.843241	-1.206722	0.125890	2.692343	-0.376935	-0.640442	-2.422375	-1.210190	-1.302841
-1.264665	-0.928101	-0.031723	0.556236	3.795288	0.172853	-0.425840	-2.401031	-0.845806	-0.707447
-1.215114	-0.903715	1.016950	0.393994	3.546204	-0.059755	-0.630051	-2.503261	-1.135961	-0.036729
-1.205508	-1.836204	0.381209	-0.288346	1.970481	-1.098060	-1.080451	-2.761720	-1.845252	-0.380297
-1.214261	-0.925092	0.358878	-0.633585	0.706663	-1.034722	-0.361615	-2.421824	-1.666417	-0.624744
-1.223573	1.449263	2.488070	-0.420274	1.050528	0.259151	1.980968	-0.588692	0.033042	0.171404
-1.222940	2.393902	3.716007	-0.374688	1.570926	0.561251	3.158473	1.255651	1.397073	0.594042
-0.848305	2.489905	3.903205	-0.708370	1.046952	0.084631	2.520861	2.275864	1.873400	0.069855
0.628768	2.190636	3.286585	-0.692419	-0.229310	0.271602	1.132503	2.641675	2.470128	-0.339321
2.429674	2.643482	2.330374	-0.019543	-1.476110	1.517419	-0.161728	3.095697	3.997094	0.309583
3.664199	3.323953	1.714024	0.731117	-2.038396	2.411143	-0.909362	3.535653	5.079535	1.185451
4.271210	3.289972	1.204104	1.195755	-1.783143	2.612815	-0.993699	3.834253	5.175426	1.565265
4.219390	2.918027	0.757263	1.186728	-1.200680	2.529962	-0.835317	4.214630	4.943027	1.723966
3.558449	2.284476	0.199349	0.610066	-0.936131	2.096759	-0.868451	4.400954	4.144411	1.749001
3.103230	1.823648	-0.001583	0.102207	-0.970694	2.038104	-0.803592	4.495389	3.107659	1.695841
2.322972	1.040126	-0.432293	-0.534284	-1.297099	1.943269	-0.996024	4.368830	1.773620	1.472456
1.175035	0.256521	-1.068956	-1.376827	-1.846216	1.795549	-1.411062	4.114233	0.565809	1.109914
0.013775	-0.243635	-1.618856	-2.200148	-2.388586	1.405571	-1.810056	3.857444	0.007854	0.665185
-0.861674	-0.488306	-1.949894	-2.780290	-2.714180	0.226617	-2.072824	3.639276	0.133884	-0.213186
-1.341908	-1.523331	-2.516811	-3.032983	-2.758021	-2.049858	-2.164421	3.083680	-0.109292	-1.655331
-1.484708	-2.397761	-3.270622	-3.010564	-2.594135	-5.071067	-2.103226	2.277868	-0.733738	-3.394210
-1.430254	-2.750156	-3.531149	-2.850658	-2.378928	-7.073215	-1.988105	1.718733	-1.007977	-4.640822
-1.313065	-3.713232	-3.948182	-2.682763	-2.240844	-8.045505	-1.894075	0.840715	-1.691279	-5.465510
-1.211237	-3.311056	-4.020696	-2.420845	-1.877909	-7.189483	-1.741519	-0.254522	-2.448816	-5.726860
-1.158339	-0.687369	-2.494595	-1.953749	-0.873175	-5.090229	-1.502992	-1.276293	-2.795565	-5.121829
-1.147160	0.916154	-0.920024	-1.757595	-0.369452	-4.605608	-1.463995	-2.162437	-3.008228	-4.874602
-1.155271	1.498488	-0.098760	-1.904259	-0.720401	-4.404432	-1.602845	-2.874429	-3.157870	-4.902861
-1.162564	0.598932	-0.447201	-2.216982	-1.626538	-2.235739	-1.784640	-3.354135	-3.197382	-3.875351
-1.165315	-0.890231	-1.633585	-2.512513	-2.592217	-0.107195	-1.908702	-3.144508	-2.706650	-2.163518
-1.161806	-0.931035	-2.371489	-2.694019	-3.141006	1.093348	-1.944458	-2.869143	-2.344948	-0.216394
-1.148021	-0.853948	-2.362613	-2.755763	-3.108222	1.030810	-1.934750	-2.893641	-2.381238	1.010942
-1.136377	-2.043072	-2.869300	-2.729817	-2.698335	0.199806	-1.897484	-3.107901	-2.665181	1.367503
-1.092652	-3.058380	-3.439363	-2.362667	-1.574764	-0.249544	-1.666048	-3.250605	-2.634180	1.550128
-1.009545	-3.459508	-3.053399	-1.675676	0.036725	-0.395196	-1.332052	-3.207300	-2.265731	1.694512
-0.976857	-3.219639	-2.719531	-1.190979	0.990262	-0.535678	-1.152557	-2.911825	-1.133382	1.157680
-0.996351	-1.676506	-1.919455	-0.344419	2.064649	0.305126	-0.666719	-2.004173	0.880467	0.675427
-1.030850	0.565414	-0.197709	1.686651	3.465855	1.554260	0.660087	-1.029819	2.330832	0.821631
-1.057561	2.051174	1.571531	3.748797	4.630982	2.910601	2.433164	-0.185010	3.146474	1.851044
-1.078097	2.784883	2.955634	4.852895	5.040562	3.664545	4.334218	0.381950	3.349995	3.027297
-1.089482	3.165339	3.957775	5.030710	4.245257	3.835953	5.297457	0.676001	3.223984	3.515076
-1.063129	3.274950	4.174577	4.708533	2.348145	3.902609	5.013332	1.336765	4.065380	3.631960
-0.194354	3.407641	3.783382	4.401478	0.046256	4.050450	3.973651	2.392215	5.158054	3.715737
1.668259	3.442743	3.144064	4.378930	-1.287240	4.091711	2.768698	3.165967	5.349313	3.737203
3.281355	3.825212	2.796873	4.566504	-0.748341	4.205871	1.957671	3.891816	5.533142	3.802329
3.821907	3.800405	2.685614	4.711350	0.731267	4.158295	1.686908	4.200843	5.428105	3.817586
3.150961	3.085380	2.120591	4.553779	1.707925	3.740944	1.615692	3.806174	4.392039	3.422906
1.837160	2.033531	1.359453	4.177778	1.823628	2.770065	1.570818	3.043778	2.656968	2.639950
0.424346	0.582629	1.078904	3.150354	1.022942	0.438964	0.927411	1.988515	-0.029556	1.093807
-0.672991	-1.141245	1.073284	1.255209	-0.597098	-4.237596	-0.292702	0.677067	-3.426446	-1.320331
-1.269513	-3.062106	0.038891	-0.973745	-2.157310	-9.682150	-1.450053	-0.637350	-5.919732	-3.818557
-1.432480	-4.072600	-1.541105	-2.375360	-1.680937	-5.818125	-1.859639	-1.633417	-5.548208	-3.802731
-1.348888	-4.898408	-3.467771	-2.869132	-0.496247	-1.926363	-1.903523	-2.367571	-3.881011	-2.651441
-1.193752	-4.786884	-5.020632	-2.867928	-0.158172	-1.718865	-1.837919	-2.932812	-2.660704	-2.686144
-0.868867	-1.509969	-3.709877	-1.594047	-0.478373	-1.407836	-1.031960	-2.901743	-1.068226	-2.751156
-0.582287	0.829123	-0.716908	1.133463	-0.156672	0.789944	0.561220	-2.055296	1.048686	-1.002387
