X1	X2	X3	X4	X5	X6	X7	X8	X9	X10
-0.955092	-7.090592	-6.016960	-2.374675	-2.247719	-7.056421	-2.022108	-3.576480	-3.767119	-5.358607
-0.951445	-7.031854	-5.979344	-2.368364	-2.246780	-6.677866	-2.019303	-3.572711	-3.740537	-5.286917
-0.944806	-7.025391	-5.945843	-2.362669	-2.247579	-4.621032	-2.014743	-3.567718	-3.738792	-4.765549
-0.940745	-6.842225	-5.728370	-2.368523	-2.254250	-2.203131	-2.020625	-3.570104	-3.761758	-3.858210
-0.830090	-5.458795	-4.881175	-2.064365	-1.721889	-1.069492	-1.556919	-3.494159	-3.264571	-2.985609
0.498706	-2.195509	-2.380643	-0.980584	-0.509473	-0.440247	-0.140792	-2.746173	-1.319449	-1.980271
2.750879	-0.253748	-0.305068	0.270326	0.374482	0.355297	0.765001	-1.336937	0.602862	-0.757715
4.236845	0.760956	1.260582	0.990774	0.632217	1.566674	0.828885	-0.124315	1.352184	0.798374
4.079644	0.649140	2.010519	0.709432	0.206389	2.153979	0.223442	0.094497	0.472884	1.948433
2.756353	0.163546	2.042056	-0.372713	-0.666485	2.174363	-0.704336	-0.440561	-1.304356	2.473252
0.899250	0.396858	2.046646	-1.723457	-1.611320	1.682974	-1.583195	-0.469069	-1.870342	2.518765
-0.841583	0.993570	2.259166	-2.787805	-2.318392	0.713859	-2.115758	0.417812	-0.779349	2.168464
-1.911176	1.633803	2.703321	-3.214854	-2.653369	-0.562314	-1.354940	1.508958	0.876330	1.407409
-2.129683	2.145477	3.138177	-3.066730	-2.685646	-1.351288	-0.035241	2.519038	3.061743	0.461592
-1.776825	2.062717	3.032345	-2.682081	-2.564511	-1.666274	0.372172	3.194973	3.847774	-0.610338
-1.285683	0.891635	1.668886	-2.369083	-2.430392	-2.278851	-0.063054	3.131557	3.041411	-1.807836
-0.935410	-1.675709	-1.596534	-2.243568	-2.346181	-3.095875	-0.890034	2.139779	0.626661	-2.691227
-0.782638	-4.929742	-6.058536	-2.269607	-2.320749	-2.308865	-1.698030	0.549962	-3.275287	-2.028731
-0.778370	-6.126368	-9.900677	-2.361561	-2.335435	-0.709469	-2.234897	-1.166642	-7.396396	-0.679475
-0.839450	-2.973840	-7.340618	-2.450364	-2.370688	0.295639	-2.448578	-2.587454	-9.337158	0.092628
-0.902827	-1.575830	-2.775570	-2.494296	-2.400910	0.907758	-2.421775	-3.483835	-7.969037	0.609699
-0.940324	-2.061787	-1.385351	-2.489321	-2.411234	1.269632	-2.278420	-3.880280	-5.419431	1.127644
-0.953480	-1.223599	-0.858069	-2.458305	-2.405636	1.276992	-1.384363	-3.960776	-3.716909	1.302546
-0.951929	0.165442	0.197276	-2.428123	-2.399901	1.095626	0.404270	-3.905843	-3.076732	1.193896
-0.943153	0.799971	0.757043	-2.417492	-2.398776	0.251454	1.227145	-3.825656	-3.142028	0.598109
-0.927192	0.936481	0.653480	-2.420852	-2.397254	-1.557444	0.851169	-3.766703	-3.538134	-0.633377
-0.917895	0.783369	0.189237	-2.423754	-2.389465	-4.023287	-0.161472	-3.741308	-3.980036	-2.259498
-0.919876	0.190370	-0.457993	-2.185899	-2.270790	-6.166891	-0.637912	-3.589124	-3.676757	-3.628860
-0.925369	0.320134	-0.385658	-0.306514	-1.190321	-5.587864	0.088528	-3.007351	-1.283208	-3.686368
-0.931777	0.910269	0.442723	2.316019	0.632858	-2.836655	1.031260	-2.137229	1.179466	-2.640133
-0.925398	1.615804	1.371532	4.009775	2.122981	0.207681	1.626784	-1.023211	3.371030	-1.173567
-0.873931	2.191823	2.058275	4.660021	2.911128	2.305457	1.841536	0.227882	4.686976	0.272581
-0.690866	2.912816	2.719855	4.707640	3.177951	3.038408	1.822196	1.244395	5.175884	1.208966
-0.576268	3.310922	3.220036	4.464105	3.139558	2.831943	1.696462	1.617182	4.711122	1.439173
-0.601738	3.446980	3.377633	4.167601	2.996623	2.072376	1.669591	1.326015	3.452436	1.148428
-0.710642	3.808873	3.735141	4.203879	3.404283	1.620018	2.593168	1.200145	2.559583	1.019720
-0.828734	4.101888	4.276610	4.560855	4.171185	1.921188	4.037225	1.903907	2.783926	1.491761
-0.908494	4.032949	4.332697	4.671612	4.295828	2.364883	4.598938	2.442751	2.894044	1.972689
-0.837535	3.753469	3.897585	4.513669	3.892458	2.645177	4.129518	2.197277	2.562482	2.082549
0.465967	3.349030	3.409352	3.993809	3.130070	2.783269	2.998770	1.652355	1.991211	1.901693
2.742247	3.092080	3.263229	2.891318	2.003050	2.740292	1.487400	1.249575	1.237311	1.518194
4.468661	2.763518	3.398287	1.509708	0.805644	2.780359	0.718982	1.062975	0.577304	1.490321
4.755032	1.927168	3.253323	0.103775	-0.246424	2.850505	1.471463	0.738389	-0.521927	2.192738
3.685027	0.947928	2.342695	-0.836699	-0.303903	2.912679	2.689880	0.323879	-1.038242	2.990645
1.826149	1.291026	1.410978	-0.371217	1.388315	2.870318	3.055348	0.744345	0.447416	3.409577
-0.181312	2.177804	1.411168	0.921077	3.287055	2.505526	2.498686	1.689768	2.069458	3.171797
-1.676624	2.369590	1.603585	1.983444	4.379429	2.060913	1.480399	2.500734	2.912118	2.527920
-2.248151	2.220179	1.522431	2.381501	4.365982	1.668964	0.417110	2.951186	3.122525	2.049748
-1.623939	2.668724	1.959257	3.057535	3.950672	1.826399	0.046279	3.288707	3.624954	2.088318
-0.378867	3.166166	2.909709	4.187711	3.985379	2.529574	0.616795	3.672653	4.157464	2.642244
0.276271	3.252073	3.299325	4.787751	3.862318	2.805397	1.304564	3.839139	4.213037	3.059686
0.282986	2.547322	2.797719	4.514890	3.282280	2.339859	1.502178	3.491819	3.306438	2.830964
-0.051176	0.400798	0.629334	2.987975	1.953049	1.135998	0.915912	2.337513	0.768235	1.807397
-0.016152	-2.393441	-3.264828	0.705272	0.287142	0.182359	-0.046020	0.749932	-2.630864	0.381420
1.565930	-1.052250	-4.204502	0.212136	-0.180076	0.984644	-0.382385	-0.033085	-1.961401	-0.356991
3.602278	0.607412	-1.259266	1.146984	0.271757	1.934770	-0.275601	0.467582	1.710892	-0.240659
4.937782	1.693838	1.139877	1.825012	0.636642	2.317761	-0.183533	1.746476	4.183503	0.103055
5.503231	2.585680	2.575912	1.901305	0.673058	2.538222	0.464162	3.281500	5.275240	0.624547
5.343412	2.993811	3.374812	1.471884	0.415492	2.539486	1.895474	4.264444	5.418986	1.217636
4.134549	3.028950	3.719271	0.416429	-0.229109	2.093117	2.582493	4.545937	5.108519	1.385620
2.144934	3.523616	4.052407	-0.214322	-0.661508	1.583618	2.211888	4.494802	4.869832	1.093964
-0.027863	4.033380	4.587494	0.861457	-0.068991	1.724482	1.508298	4.412785	4.664526	1.232353
-1.692026	4.012955	4.663825	1.559588	0.382773	1.769066	0.510452	4.082843	4.027357	1.708246
-2.374264	3.597023	4.222244	1.386345	0.848531	1.732929	-0.530324	3.277508	2.987543	2.129645
-2.161042	2.440822	2.720474	1.264879	2.168931	1.756481	-1.067761	2.032849	1.203749	2.434298
-1.564305	0.730869	-0.201509	1.493122	3.566021	1.864037	-1.007984	0.740442	0.132478	2.386647
-1.026877	-0.042580	-3.039061	1.877855	4.429901	2.376786	-0.586573	0.316021	1.832097	2.081852
-0.730524	0.780943	-2.194064	2.056541	4.611356	2.661684	-0.114366	1.369417	3.942939	1.653968
-0.654114	0.843583	-0.131056	1.433798	3.701894	2.189397	-0.153303	2.439965	4.333209	0.921370
-0.702214	-0.082221	0.333235	0.377792	2.151179	0.869769	-0.562255	2.300411	3.146943	-0.219017
-0.785340	-2.032134	-0.732680	-0.657354	0.508061	-1.210969	-1.080710	1.221400	0.289421	-1.578087
-0.858621	-4.029636	-2.356094	-1.632275	-1.088096	-3.866894	-1.317215	-0.299724	-4.313934	-2.918179
-0.901521	-3.379374	-2.600721	-2.367754	-2.319292	-5.353566	-0.239576	-1.137710	-7.210680	-3.332572
-0.913918	-1.479371	-1.380600	-2.321456	-2.750067	-4.360935	0.880659	-0.737920	-4.806052	-2.740966
-0.901630	-0.156541	0.493416	-1.140444	-2.109396	-2.900730	1.113485	-0.418562	-1.899669	-1.995237
-0.867461	-0.072684	1.594013	-0.419313	-1.495640	-2.078889	0.474892	-0.771046	-1.315955	-1.100837
-0.830721	-1.329767	1.030421	-0.577388	-1.379122	-1.691340	-0.617520	-1.565533	-2.048355	-0.099545
-0.811882	-3.425053	-1.217919	-1.279821	-1.639091	-1.571592	-1.711277	-2.360114	-3.124001	0.703610
-0.813241	-3.532293	-3.878633	-2.070631	-2.020629	-1.139116	-2.473002	-2.011706	-2.488067	1.265945
-0.824310	-0.423993	-3.426395	-2.592119	-2.321498	-0.649746	-2.788485	-0.463215	-0.630042	1.564052
-0.834269	1.836476	0.554720	-2.735064	-2.480441	-0.533113	-2.767211	1.188632	1.531109	1.288706
-0.842627	2.256328	2.850125	-2.607472	-2.515623	-0.741778	-2.600742	2.055724	2.166333	0.616876
-0.814634	2.196907	3.461415	-2.386649	-2.464570	-0.845577	-2.423461	2.307156	1.872113	0.312806
0.147528	2.128739	3.420223	-1.685547	-1.862198	-0.073496	-2.126273	2.309407	1.391379	0.724673
1.635895	1.936263	2.822242	-0.131255	-0.020974	1.442987	-1.524783	1.959759	0.716943	1.687864
2.030784	0.455004	0.852831	0.592161	0.948925	1.433827	-1.204469	0.995023	-1.057662	1.990432
1.631362	-2.075865	-2.980040	0.289345	0.813253	0.199602	-1.276979	-0.335063	-3.213739	1.251416
1.134239	-3.060001	-6.475053	0.244035	1.288351	-0.819207	-1.251293	-1.355197	-3.381244	0.047251
0.452318	-1.333658	-4.304955	1.017059	2.725374	-0.864408	-0.911121	-1.860299	-1.867924	-0.942156
-0.268068	0.491194	0.792534	1.865901	3.858877	-0.440090	-0.507931	-2.011418	-0.639386	-1.417385
-0.826774	1.177319	2.877925	1.780363	3.721811	-0.684077	-0.449336	-1.914727	-0.371573	-1.763782
-1.114596	1.838838	3.561137	1.217953	3.161836	-0.453166	0.228520	-0.972438	0.336638	-1.369891
-0.890649	1.414149	3.044009	0.377752	2.149694	0.058290	1.702625	-0.184178	0.755293	-0.066153
-0.387180	0.503009	1.578044	-0.668482	0.654308	0.363682	2.973768	0.211006	1.769206	0.927842
-0.150800	-0.707096	-0.638930	-1.715680	-0.984884	0.373481	3.432927	0.337672	2.561448	1.276477
-0.230616	-2.356401	-3.514018	-2.422354	-2.290169	0.093127	2.715578	0.175756	2.173923	1.277212
-0.483939	-0.691572	-4.018835	-1.509741	-2.320374	0.262429	1.402673	0.350407	1.854941	1.413484
-0.734375	1.291455	-0.472124	0.350573	-1.181165	0.522224	0.099994	1.082757	1.555697	1.434709
-0.887160	0.905574	0.823797	1.053112	-0.292577	-0.092667	-1.087533	1.188124	0.537586	0.771143
-0.931363	0.011865	0.419625	1.176594	1.087044	-0.666064	-1.703378	0.584335	-0.636389	-0.254320
-0.902574	-1.325020	-0.876074	0.932349	2.023024	-1.061484	-1.778803	-0.256056	-0.775287	-1.249763
-0.846415	-2.614207	-2.662646	0.066612	1.686258	-1.363906	-1.792462	-0.702932	0.827553	-2.081251
-0.805751	-3.474919	-4.146587	-1.133376	0.495814	-1.572194	-1.911204	-0.690204	2.048357	-2.646581
-0.458336	-3.940842	-4.806175	-2.087006	-0.917061	-2.044073	-1.935239	-0.734034	1.635061	-3.006264
0.509213	-2.995849	-3.855603	-1.855990	-1.326190	-2.146828	-1.663090	-0.845365	0.478968	-3.018815
0.949460	-2.494736	-2.533456	-0.740404	-0.301292	-1.971699	-1.333335	-1.154450	-1.252436	-2.774715
0.704120	-3.341076	-2.487216	-0.206486	0.266594	-2.504928	-1.320341	-1.704493	-3.470263	-2.790269
0.101691	-4.884215	-3.581128	-0.515833	-0.044692	-3.651593	-1.604142	-2.362251	-5.414451	-3.184710
-0.519613	-6.427629	-5.158641	-1.286789	-0.850317	-4.099161	-1.988014	-2.967486	-6.223930	-3.587275
-0.856870	-7.278609	-6.458519	-2.051981	-1.708399	-2.735685	-2.311382	-3.388944	-5.730905	-3.486791
-0.041702	-5.413896	-5.947347	-2.129212	-2.126860	-0.540382	-2.365755	-3.211974	-3.634067	-2.750932
0.837559	-3.059120	-3.912079	-1.200942	-1.832037	0.413346	-2.071330	-2.702423	-1.681078	-1.980607
0.940751	0.189009	-0.779011	1.343890	0.101374	0.822902	-1.071544	-2.084242	0.563690	-1.279270
0.472264	2.260899	1.932513	4.142049	3.265106	1.689497	0.452464	-1.287088	2.429630	-0.279260
-0.184346	2.542860	2.875537	5.392702	5.016622	2.171852	1.507035	-0.639189	2.837737	0.591608
-0.211021	1.557683	1.995631	4.798035	4.747858	1.541150	1.414322	-0.520256	1.801647	0.602048
0.495552	-0.487020	-0.330810	2.862157	3.215133	0.125755	0.534651	-0.722121	-0.289094	-0.127391
0.774078	-3.692783	-3.991667	-0.004692	0.916919	-1.581977	-0.380329	-1.312205	-3.405795	-1.186905
0.493425	-6.645158	-7.628241	-2.955023	-1.483571	-2.121983	-0.979748	-2.108958	-6.473340	-1.902055
-0.064978	-4.450991	-7.411286	-4.818811	-3.222508	-2.332822	-1.519513	-2.865017	-7.875817	-2.376888
-0.611080	-0.619328	-2.720323	-4.107742	-2.829298	-2.490963	-1.853110	-3.347963	-6.243903	-2.750184
-0.963757	-0.009613	-0.028015	-1.892517	-0.911494	-1.547722	-1.846709	-3.473194	-3.724176	-2.641362
-1.071127	-0.956522	0.087539	-0.548856	0.098184	-0.156035	-0.934780	-3.484512	-2.676215	-1.883944
-1.012532	-2.365659	-0.744647	-0.423245	-0.022706	0.949971	0.902393	-3.519677	-2.761036	-0.661976
-0.913676	-2.150019	-1.193210	-0.997633	-0.747189	1.565859	2.514245	-3.577851	-3.099037	0.449965
-0.832727	0.279854	0.148423	-0.601523	-0.972305	2.325135	3.629307	-2.999425	0.043684	1.465668
-0.779836	2.037275	2.133681	1.483452	0.084241	3.166845	4.313764	-1.444903	3.347309	2.666772
-0.760591	1.914822	2.479134	2.669711	0.951256	3.369956	3.929860	-0.039295	4.310969	3.264506
-0.761714	0.725744	1.199109	2.169411	0.781378	2.937236	2.454333	0.615236	4.194945	2.920263
-0.777861	-1.122940	-1.376918	0.553415	-0.111987	1.957789	0.336954	0.719852	3.576482	1.824821
-0.798330	-2.817866	-4.447078	-1.451260	-1.228797	1.274606	-1.797773	0.617368	2.849986	0.461399
-0.808900	-2.075939	-5.285417	-3.032801	-2.135821	1.452435	-3.290598	1.061039	2.891927	-0.511552
-0.808338	0.006527	-2.491432	-3.585667	-2.605564	2.057819	-3.801507	1.846749	3.229589	-0.755439
-0.729828	1.457976	0.431875	-3.182951	-2.659854	2.459776	-3.554354	2.035897	3.251117	-0.541284
-0.586641	2.255393	1.870136	-2.198456	-2.359750	2.589875	-2.946363	1.726497	3.186955	-0.215900
-0.538787	3.141865	2.826986	-0.090287	-1.201891	2.512540	-1.915911	1.526184	3.696137	0.100535
-0.596138	3.651072	3.686411	1.643216	0.048181	2.230682	-1.001708	1.996565	4.253644	0.277664
-0.690608	3.305139	3.838946	1.860722	0.425431	1.512889	-0.748695	2.253463	4.114512	0.092560
-0.769974	2.707948	3.479299	0.819717	-0.049775	0.919524	-1.090764	2.351573	3.880043	0.051585
-0.819521	1.960238	2.803222	-0.821724	-0.928053	0.784885	-1.694398	2.333365	3.460001	0.605425
-0.829054	1.487092	1.691348	-2.345835	-1.783639	0.576213	-2.258173	1.924504	2.895288	0.995971
-0.806907	1.290299	0.494780	-3.150567	-2.332769	0.071509	-2.611296	1.313615	2.452487	0.688854
-0.775159	0.488050	-0.829924	-3.083290	-2.465257	-0.240835	-2.533263	0.750922	2.304042	0.203983
-0.770013	-0.550352	-1.734263	-2.584526	-2.371660	0.246629	-1.072147	0.362509	2.377847	0.675251
-0.736845	-1.502043	-1.651311	-2.116758	-2.243539	0.842454	1.103940	0.054781	1.981163	1.690692
0.162336	-1.797875	-1.098937	-1.510540	-1.949209	0.805938	2.406742	-0.263411	0.787029	2.073940
1.079065	-2.383491	-0.965464	-0.987677	-1.599077	0.060927	2.638183	-0.702653	-1.316718	1.662260
1.331949	-3.043664	-1.378207	-0.906443	-1.470751	-0.353625	2.492674	-1.380312	-3.819597	1.212736
1.587362	-2.604872	-1.500971	-0.896427	-1.389624	0.791317	1.801711	-1.816226	-4.741367	1.530297
1.372510	-1.730404	-0.404613	-1.064242	-1.435412	1.689296	0.519037	-2.168439	-4.744264	2.103148
0.721807	-0.915130	1.062339	-1.444126	-1.643022	1.567578	-0.543088	-2.598318	-4.446382	2.429343
0.137600	-0.267292	1.786098	-1.389261	-1.112170	1.269966	0.066582	-2.879083	-3.318120	2.663534
0.017465	-0.130919	1.428945	-0.415815	0.524122	0.958767	1.111808	-2.775379	-1.709883	2.511243
0.699417	-0.801563	-0.000035	0.408497	1.374869	0.196164	1.189284	-2.308906	-0.852394	1.689711
1.001701	-2.689961	-2.749454	0.312297	1.038365	-1.356541	0.372018	-2.145506	-1.399897	0.202421
0.701699	-4.862546	-6.177155	-0.399736	0.033034	-3.398159	-0.829841	-2.384815	-2.551003	-1.675700
0.078369	-4.428598	-7.191248	-0.463170	-0.652786	-4.628620	-1.656048	-2.641086	-2.741246	-3.250158
-0.425527	-4.095860	-5.630379	-0.319279	-1.002275	-4.629673	-2.059258	-2.786325	-2.558806	-4.026905
0.589421	-1.671951	-2.758612	-0.074459	-1.030732	-1.601821	-1.886438	-1.968495	0.602338	-2.845910
2.810493	0.974866	0.603875	0.569954	-0.584703	2.069229	-0.206073	-0.090315	3.497308	0.274599
4.581919	2.076509	2.366972	1.200710	-0.028417	3.956375	1.805184	1.591086	4.665204	2.824254
5.143142	1.993654	2.476754	1.380858	0.255916	4.266718	2.393115	2.453226	4.825768	3.646014
4.295185	1.243743	1.381635	0.889613	0.314387	3.665388	1.986249	2.417006	4.340554	3.240535
2.510916	1.719123	1.131691	0.454360	1.017435	2.847579	2.038172	1.941632	3.665167	2.466304
0.411697	2.290427	2.494111	-0.120568	1.212300	1.714584	2.546889	1.267123	2.434092	1.691094
-1.320524	1.984891	3.265650	-0.947347	0.571752	0.044463	3.053032	0.245652	-0.272828	0.946977
-2.163871	1.275136	3.292938	-1.774716	-0.516787	-1.926713	3.298589	-1.006829	-4.276141	0.290188
-2.094286	1.058754	3.108192	-2.313459	-1.582444	-3.370597	3.317879	-1.642574	-6.529370	-0.150231
-1.567456	0.913254	2.909790	-2.477984	-2.300363	-3.729044	3.289334	-1.559427	-5.759927	-0.277063
-1.036716	1.054538	2.723833	-2.059180	-1.947569	-3.104277	3.324020	-1.659336	-4.029990	-0.151327
0.055090	2.695410	3.126385	0.207177	0.824918	-0.493230	3.694973	-1.552485	-0.537044	0.539890
2.220747	4.101780	4.169298	3.673453	3.959910	2.552520	4.398694	-0.174746	3.075646	1.859603
3.665247	4.555612	4.721326	5.539560	5.203564	3.741333	4.480844	1.866127	4.565764	2.777387
3.484891	4.561405	4.669146	5.849398	5.077943	3.826496	3.739243	3.145308	4.771065	2.891087
2.247323	4.163137	4.017002	4.899506	3.980261	3.474557	2.291373	3.541840	4.018442	2.536846
0.601436	3.227420	2.504997	2.581466	2.007518	2.332596	0.310052	3.336120	2.271752	1.689502
-0.860618	1.132819	-0.252710	-0.592361	-0.350085	0.164008	-1.690070	2.456492	-1.059399	0.255786
-1.688388	-1.979938	-2.717517	-3.707308	-2.383753	-2.899661	-3.118695	0.940264	-5.761979	-1.559641
-1.799635	-5.677017	-3.929561	-5.379606	-3.457650	-5.776393	-2.967858	-0.829741	-9.771724	-2.861803
-1.475986	-7.968498	-3.954394	-4.734261	-3.422766	-6.377978	-1.665520	-2.416823	-10.262535	-2.376949
-1.069733	-5.774557	-2.020817	-3.031224	-2.682642	-5.551934	-0.851385	-3.493488	-7.317987	-1.599722
-0.785694	-2.514503	-0.057974	-1.751005	-1.994435	-4.591660	0.048154	-4.004389	-4.548025	-1.205828
-0.673230	-1.579850	0.477677	-1.287967	-1.680319	-3.725105	1.256427	-4.092199	-2.881284	-0.939813
-0.686564	-1.987707	-0.494607	-1.428278	-1.701269	-3.235895	1.527060	-3.807381	-1.672810	-1.008172
-0.756988	-1.593784	-1.674830	-1.821665	-1.880070	-3.445655	1.000832	-3.550565	-1.842459	-1.514665
-0.831066	0.378276	-0.110433	-1.521237	-1.722932	-3.257095	1.187792	-3.214032	-1.713728	-1.685954
-0.871785	2.628007	2.924276	0.757045	-0.366104	-1.085052	2.506081	-1.544545	0.936119	-0.685497
-0.865511	3.310741	4.047634	3.039704	1.302579	1.169990	3.819561	0.717851	2.913556	0.833242
-0.847571	2.972995	3.774084	3.421456	1.798841	1.853802	4.326882	2.143581	3.144789	1.739623
-0.842433	1.700647	2.313103	2.180283	1.119116	1.510079	3.988738	2.448392	2.077385	1.825014
-0.842023	-0.699969	-1.073490	0.018980	-0.151654	0.386712	2.660642	1.818825	-0.067239	1.120875
-0.844546	-2.565980	-5.449341	-2.229687	-1.443245	-1.188328	0.637401	1.318428	-1.598481	-0.170866
-0.858026	-2.536795	-7.306079	-3.658018	-2.328978	-2.575595	-1.144251	1.311821	-1.621996	-1.544156
-0.875954	-1.146516	-3.811071	-3.779602	-2.657768	-3.016630	-1.251906	1.603677	-0.559823	-2.183731
-0.887550	-0.286822	-0.670363	-3.054734	-2.577446	-2.861161	-0.885748	1.958698	0.505155	-2.296276
-0.886840	0.421049	0.600789	-1.599609	-2.000389	-2.198863	-0.766159	2.101295	1.213609	-2.027326
-0.883220	1.671749	1.949558	1.105779	-0.353147	-0.000606	-0.413812	1.715636	1.669288	-0.498800
-0.879624	2.276768	2.783230	3.473118	1.528770	2.150584	0.187394	0.984272	1.963146	1.274566
-0.824475	2.514777	2.781912	4.680629	2.790612	2.993290	0.749931	0.480691	3.038833	2.121472
-0.654929	1.991048	2.073745	4.680357	3.102691	2.913054	0.895298	0.409701	3.387717	2.119378
-0.572414	0.037915	-0.193547	3.273652	2.279642	1.656723	0.334212	-0.030662	1.980876	1.249524
-0.617015	-3.068312	-3.775812	0.776984	0.717680	-0.542337	0.018978	-0.943000	-1.039339	-0.102063
-0.737995	-6.354696	-6.901348	-2.041716	-1.003087	-3.094049	0.366087	-2.018517	-5.221766	-1.282470
-0.865094	-7.760403	-8.034665	-4.146352	-2.334108	-5.437343	0.252500	-2.702635	-8.024772	-2.293349
-0.868046	-4.159804	-5.194622	-4.517689	-2.941656	-6.160447	-0.053270	-1.863119	-5.038602	-2.898960
0.253475	0.281858	-0.414826	-2.999580	-2.628442	-4.027519	-0.229935	0.207429	0.094513	-2.699201
1.572524	2.230673	2.624813	-0.479571	-1.445053	-1.289249	-0.397795	1.819246	2.476897	-1.995693
1.779347	3.032311	3.540351	2.223479	0.404857	0.958278	-0.203265	2.659312	3.602288	-0.976228
1.126805	3.213859	3.489649	4.027945	2.053788	2.764506	0.291948	3.027031	4.099992	0.343461
0.137992	2.897532	2.779772	4.810897	3.027975	3.633187	0.783235	2.754084	3.847860	1.783539
-0.245195	2.654600	1.927497	5.016604	3.470394	3.790382	1.150535	2.055950	3.315466	2.878646
0.102330	3.062155	2.506944	4.959571	3.606363	3.819367	1.457721	1.568115	3.424298	3.392443
0.235272	3.557135	3.684491	4.713911	3.500926	3.461860	1.629603	1.176885	3.149845	3.254905
0.002000	3.587952	3.982032	4.439073	3.296161	2.698854	1.576381	0.644538	2.416541	2.633412
-0.413110	3.293808	3.704639	4.268048	3.127064	1.775955	1.403781	0.070113	1.592344	1.782885
-0.803444	2.939797	3.397800	4.204840	3.042856	0.990760	1.205090	-0.402074	0.994415	0.935211
-1.045856	2.341967	2.855745	3.660990	2.779592	0.146730	0.760908	-0.873128	0.000353	0.109810
-1.129494	2.000978	1.984593	2.533064	2.637533	-0.313046	0.066780	-1.228268	0.104899	-0.612130
-0.817846	1.855540	1.026930	0.890805	2.050869	-0.333144	-0.781994	-1.027539	1.652077	-1.127933
0.359491	1.483803	0.313569	-0.287835	1.566032	0.343042	-1.376233	-0.256387	2.835203	-1.201746
1.004925	0.720918	-0.648269	-0.943448	0.927388	0.607365	-1.770764	0.613734	3.411079	-1.162060
0.815082	0.432785	-1.060733	-1.453561	-0.062779	0.674408	-2.108370	1.795837	4.020210	-1.176648
0.151585	0.472974	-0.620421	-1.876774	-1.143522	0.714998	-2.004053	2.751412	4.292296	-1.125064
-0.588891	0.453502	0.686082	-2.151690	-1.993897	0.534168	-0.491414	2.763584	3.442563	-0.737875
-0.924764	0.014683	1.612380	-2.189389	-2.401677	-0.192319	1.351874	1.791639	1.039122	-0.300709
-0.335885	-1.106944	1.052280	-1.811444	-2.256021	-1.161247	1.958285	0.445962	-2.560736	-0.248567
0.134344	-2.617916	-0.679788	-1.494409	-1.960371	-2.327968	1.936961	-0.990953	-6.686907	-0.544413
0.100515	-3.093605	-2.565366	-1.443393	-1.685765	-3.402900	1.590999	-2.290308	-9.104985	-0.966411
-0.270546	-2.590243	-3.714055	-0.853087	-0.178849	-2.838318	0.809911	-3.110197	-6.734206	-0.920222
-0.636564	-1.528486	-3.134126	0.409527	2.036880	-0.594041	-0.031003	-3.138718	-2.436555	0.117607
-0.687271	-1.776758	-2.412834	0.995206	2.786267	0.531016	-0.872826	-2.718454	-0.683503	0.763346
-0.695393	-3.305748	-2.914604	0.484995	2.058905	0.527163	-1.688625	-2.582825	-1.018913	0.558617
-0.779865	-4.145559	-3.897004	-0.697318	0.525182	-0.491377	-2.332900	-2.326034	-1.559598	-0.364552
-0.907271	-2.832658	-3.683564	-1.957596	-1.162552	-1.834578	-2.710548	-1.108992	-0.949727	-1.606897
-1.020181	-1.716859	-2.633208	-2.779975	-2.432606	-3.033316	-2.832515	0.208863	-0.260294	-2.758949
-1.100451	-0.396469	-0.871754	-2.967888	-2.987370	-3.476010	-2.795094	1.124968	0.326149	-3.179041
-1.135895	0.740618	0.791599	-2.452009	-2.409864	-2.773809	-2.626177	1.761576	0.970303	-2.703207
-1.137770	2.276541	2.458912	-0.270890	0.255781	-0.654128	-1.902634	2.296870	2.217347	-1.651989
-1.122959	3.054847	3.588528	2.572635	2.691226	1.167506	-0.648696	2.501288	2.953686	-0.448850
-1.108349	3.315761	3.994048	4.306022	3.735688	1.865110	0.459922	2.162756	3.041688	0.350661
-1.102583	3.584813	3.943850	4.921458	3.861299	2.084443	1.107471	2.094290	3.251701	0.749646
-1.103291	3.752877	3.715021	4.783246	3.503205	2.061609	1.276185	2.440220	3.334814	0.881206
-1.114109	3.360751	2.991392	3.548108	2.465120	1.361051	0.978998	2.549472	2.412949	0.598408
-1.121344	2.239558	1.463499	1.204996	0.811866	0.146019	1.186106	2.004847	0.903586	0.161628
-1.125099	1.046529	0.023128	-1.603394	-0.973040	-0.757463	1.985924	1.659548	0.124051	0.023928
-1.128631	0.955742	0.761683	-3.739845	-2.274001	-1.196736	2.614768	1.723409	0.097749	0.106162
-1.135596	2.091919	2.580060	-2.291158	-1.838883	-0.595968	2.527035	2.121007	1.534879	0.207649
-1.145747	3.048001	3.507492	1.821980	0.958974	1.694273	2.129190	2.696637	3.293907	0.722183
-1.150981	3.623933	3.846445	4.861324	4.178943	3.690764	1.916530	3.247720	4.416738	1.737190
-1.151161	3.855295	3.873085	6.107014	5.979529	4.387025	1.960568	3.627160	4.867417	2.565349
-1.151565	3.587563	3.437110	6.060286	6.459547	4.310749	1.870850	3.746891	4.590027	2.834845
-1.164958	2.571528	2.039857	4.677986	5.702074	3.477079	1.181634	3.521247	3.381583	2.374416
-1.186242	0.098588	-1.056829	1.901411	3.724578	2.099654	-0.038934	2.696732	0.589732	1.328323
-1.206014	-4.548255	-5.545367	-1.517187	0.888935	0.139473	-1.400146	1.198371	-4.144038	-0.060113
-1.213037	-10.330001	-9.755290	-4.764698	-2.033705	-2.559328	-2.489457	-0.613077	-9.291408	-1.666204
-1.216101	-11.218060	-12.021561	-6.070251	-4.105044	-5.267692	-3.036060	-1.832295	-9.983644	-3.170349
-1.221227	-5.196274	-6.533864	-4.885479	-4.571472	-5.674100	-2.601811	-1.413474	-4.335439	-3.795906
-1.230710	-3.105004	-2.372589	-3.066477	-3.852395	-3.653829	-1.866716	-0.824545	-1.405558	-3.253045
-1.242615	-2.991993	-1.633126	-1.903690	-2.894528	-1.305615	-1.570570	-0.810923	-0.813113	-1.800854
-1.251297	-2.077462	-1.835793	-1.550328	-2.237590	0.623626	-1.711145	-0.390396	-0.179671	-0.457705
-1.254031	-1.069126	-1.872192	-1.712785	-1.964404	1.452311	-2.057814	0.552827	0.498570	0.136607
-0.768860	0.020228	-1.336641	-1.815804	-1.755588	1.266579	-2.317268	1.566464	1.273813	-0.019999
0.148887	1.179026	0.276218	-1.567982	-1.491426	0.609839	-2.349428	2.364213	1.773961	-0.565244
0.443604	2.217073	2.337018	-1.465298	-1.454223	-0.528073	-2.340713	2.673020	1.641666	-1.356021
0.109002	2.128506	3.146748	-1.645672	-1.646396	-1.984552	-2.374471	2.419754	0.665175	-2.236607
-0.515577	1.193190	2.841404	-1.990694	-1.941249	-3.747635	-2.447203	1.385860	-1.506048	-3.123811
-1.115518	-0.086591	1.987585	-2.311513	-2.200248	-5.381952	-2.209013	-0.159680	-4.315698	-3.790210
-1.501928	-1.263719	0.997697	-2.483051	-2.338201	-6.440378	-1.847614	-1.781234	-6.586245	-4.119149
-1.597010	-2.173055	0.086189	-2.494117	-2.368913	-6.883396	-1.763186	-3.088816	-7.148354	-4.296369
-0.552364	-2.440908	-1.190302	-2.041553	-2.141024	-6.006963	-1.820990	-3.484034	-4.790569	-4.221246
1.784058	-1.392487	-1.922283	-0.857177	-1.456971	-3.404026	-1.716635	-2.509826	-1.191064	-3.553905
3.784056	-0.265381	-1.496491	0.410009	-0.624493	-1.010521	-1.457120	-1.043008	0.865279	-2.534514
4.696594	0.209290	-0.619265	1.152004	-0.027893	0.429409	-1.203426	0.063717	1.707338	-1.313734
4.206352	-0.112947	-0.331157	0.943870	-0.018767	0.949668	-0.667403	0.546937	2.342338	-0.237426
3.123399	0.670617	0.392446	0.124418	-0.436384	1.215087	0.791298	0.789380	3.076373	0.575799
1.844874	2.191132	2.440791	-0.789500	-0.949094	1.356917	2.341734	0.960485	3.402014	1.163739
0.333379	2.984252	3.793689	-1.697429	-1.509788	1.155992	3.270490	0.855688	3.273564	1.409576
-1.051955	3.127245	4.215805	-2.399713	-2.004489	0.784037	3.609817	0.578802	2.930369	1.394689
-1.936205	2.585242	3.869469	-2.741957	-2.331466	0.310393	3.218390	0.291892	2.583486	1.108992
-2.199879	1.590860	2.845292	-2.752932	-2.473427	-0.304880	1.903413	0.090884	2.383132	0.398268
-2.026901	0.417400	1.424703	-2.594409	-2.483730	-0.986957	0.031132	-0.075012	1.993304	-0.601111
-1.707033	-0.709180	0.177380	-2.414714	-2.421858	-1.734848	-1.823407	-0.550859	0.393827	-1.288732
-1.449179	-0.343402	0.185492	-2.304546	-2.350754	-2.184823	-3.115890	-1.391610	-2.409805	-0.931993
-1.322137	0.798183	0.813322	-2.272768	-2.297501	-2.091810	-3.587500	-1.925394	-4.571383	0.092369
-1.315180	2.107279	1.903226	-2.301722	-2.272563	-1.415320	-3.428088	-1.167419	-3.395886	1.096846
-1.376697	2.930820	3.137182	-2.360209	-2.280126	-0.794629	-3.035626	0.227495	-0.899839	1.469990
-1.426633	3.074154	3.679296	-2.402601	-2.303205	-0.932335	-2.672970	0.924881	-0.063690	0.960668
-0.530724	3.135880	3.835243	-2.058940	-2.139346	-1.365409	-1.535914	0.728508	-0.156560	0.018271
1.481854	2.963152	3.859325	-1.044161	-1.568919	-0.899067	0.727764	0.426403	-0.085134	-0.336384
2.417262	2.397827	3.483852	-0.374557	-1.131757	-0.419743	2.590520	0.303421	-0.111715	-0.083954
1.954577	1.400551	2.434591	-0.564014	-1.181173	0.428775	3.500966	0.645519	0.711667	0.486527
0.712042	-0.548107	0.266187	-1.327866	-1.570662	1.095779	3.745203	0.581897	0.351268	1.067516
-0.710780	-2.809386	-2.823631	-1.938646	-1.904182	0.725233	3.558915	-0.191579	-1.020120	1.192169
-1.822676	-2.006042	-3.917948	-0.543105	-1.128283	0.171609	3.069200	-1.078531	-1.241199	0.949309
-2.252160	-1.103230	-2.155441	1.338204	0.097745	-0.316960	2.466472	-1.682596	-1.084911	0.603644
-1.214929	-1.135173	-1.117319	1.867565	0.554545	-1.021966	1.357352	-1.875960	-1.089359	-0.058653
-0.081844	-1.790633	-1.275822	1.130555	0.186441	-1.994012	-0.115609	-1.630457	-1.283037	-1.017254
0.178093	-3.372725	-2.581391	-0.415839	-0.697641	-3.349126	-1.600012	-1.533615	-2.151498	-2.184302
-0.233897	-3.750793	-4.032126	-1.498601	-1.349749	-4.444750	-2.472468	-1.796688	-2.566151	-3.216699
-0.912176	-0.315624	-2.188191	-0.027446	-0.612189	-3.275661	-1.993622	-1.316421	-0.123908	-3.205176
-1.520100	1.251569	0.596606	1.988297	0.642843	-1.174783	-0.939942	0.067870	1.828730	-2.263371
-1.878023	0.441960	0.793450	2.265635	0.898950	-0.761345	-0.550899	0.585073	1.394528	-1.699025
-1.979891	-1.407935	-0.764166	1.133335	0.339785	-1.649810	-0.854144	0.018869	-0.339329	-1.892801
-1.911033	-2.083193	-1.418222	-0.487059	-0.205663	-2.519645	-1.402724	-0.860237	-1.434320	-2.376022
-1.786449	-2.381036	-1.311752	-1.749465	-0.268046	-2.753183	-1.869605	-1.680267	-2.279467	-2.479006
-1.691035	-1.936513	-1.245284	-1.308200	1.174266	-0.538896	-1.841768	-2.250997	-2.157493	-0.959221
-1.658991	-1.285535	-1.176550	0.313446	3.022435	1.946061	-1.385683	-2.487727	-1.404251	1.079662
-1.675390	-0.842268	-1.120984	1.705095	4.209787	3.038335	-0.848880	-2.495291	-0.704371	2.136417
-1.710600	-0.940761	-1.216548	2.242855	4.524017	3.258676	-0.506499	-2.436365	-0.542811	2.291568
-1.741506	-1.992754	-1.816031	1.590578	3.636049	2.846811	-0.006190	-2.562431	-1.475413	1.892612
-1.766294	-3.179779	-2.349698	0.005232	1.751703	2.145763	1.156069	-2.872378	-3.041267	1.418669
-1.768308	-1.872742	-1.104495	-1.888267	-0.579262	1.585509	2.357454	-2.470846	-3.169367	1.178312
-0.965188	0.889864	1.794104	-3.048998	-2.512522	1.683531	3.157314	-0.742849	-0.849573	1.316753
0.308442	1.209875	2.693520	-2.789677	-3.214056	1.669988	3.069695	0.680731	0.432700	1.429632
0.645872	-0.240838	1.431079	-2.170803	-3.056715	0.506732	1.921278	0.672741	-0.281439	0.801055
0.142110	-2.874606	-1.838379	-1.897110	-2.692606	-1.566773	0.139401	-0.226179	-1.403723	-0.515821
-0.733605	-4.756482	-5.791292	-2.015087	-2.443544	-3.657605	-1.703620	-1.160552	-1.485820	-2.055568
-1.571745	-4.169839	-5.289829	-2.328620	-2.372201	-5.505771	-3.049632	-2.011402	-2.246717	-3.466894
-1.903838	-2.193077	-1.128146	-2.463928	-2.202191	-6.530735	-3.550304	-2.717509	-3.176979	-4.456523
-0.447773	0.161732	1.855417	-1.643881	-1.406892	-3.937745	-3.083579	-2.572640	-2.305383	-4.153861
1.965987	1.188910	2.609289	-0.121147	-0.437744	0.054547	-2.090370	-1.517326	-0.344871	-2.500823
3.487724	2.099828	2.755632	1.725995	0.666444	2.327327	-0.899801	-0.276031	1.351105	-0.520186
3.435538	2.020159	2.672629	2.216758	0.974608	2.483815	0.089622	0.130549	1.256757	0.529991
2.353685	1.883037	2.636454	1.323078	0.386256	1.709266	0.964450	0.003045	1.360593	0.731922
0.627461	1.373689	2.423890	-0.444585	-0.717401	0.397470	0.875083	-0.180006	1.758950	0.252708
-1.194064	-0.126674	1.312907	-2.391829	-1.882816	-1.460705	-0.022680	-0.544040	1.024192	-0.754443
-2.536494	-3.060160	-1.541313	-3.757864	-2.741685	-3.172961	-1.238565	-1.297625	-1.091622	-1.970409
-3.071868	-6.045410	-5.777890	-3.712032	-2.960609	-2.960137	-2.217329	-2.212939	-3.664826	-2.691520
-2.920840	-3.619146	-7.110560	-1.061285	-1.718875	-0.620978	-2.116953	-2.711974	-3.396775	-2.210674
-2.468610	-0.320165	-2.789313	2.085306	0.340702	1.305652	-1.029347	-2.529257	-0.851946	-0.938892
-1.999761	1.059951	0.642132	3.824197	1.900783	1.801240	0.135327	-1.989481	1.058207	0.033598
-0.691276	1.202594	1.572158	3.995812	2.357828	1.499938	0.637598	-1.261158	1.761951	0.339494
1.528843	0.804551	1.141217	3.036936	1.880135	0.837564	0.422749	-0.450321	1.623410	0.105159
3.299364	0.275814	0.106278	1.525320	0.973375	0.151774	-0.070239	0.200064	1.082238	-0.364670
3.781675	-0.488275	-0.827870	-0.068796	-0.024720	-0.454955	0.264434	0.389881	-0.053616	-0.626578
2.856184	-0.902107	-1.214301	-0.976693	-0.747517	-1.039056	1.488218	-0.086183	-1.374107	-0.526947
1.051296	-1.232711	-1.031308	-0.440357	-0.714544	-0.779696	2.124145	-0.837489	-2.134900	-0.230005
-0.771584	-2.229216	-1.510213	-0.091225	-0.744809	-0.031154	1.958646	-1.664636	-2.961410	0.007997
-0.633063	-2.072118	-1.885440	-0.018826	-0.847104	1.020580	1.249385	-1.845839	-2.269276	0.226556
1.332777	-1.157428	-1.595427	0.130323	-0.778108	1.896302	0.250811	-1.196687	-0.712470	0.432499
3.169036	-0.411120	-0.986061	0.360409	-0.579965	2.377822	-0.678154	-0.325694	0.415422	0.611602
4.082317	0.288229	-0.297978	0.538611	-0.391857	2.533406	-1.272432	0.307786	0.835902	0.728580
3.716294	0.603807	0.265728	0.774776	0.256269	2.452431	-0.739848	0.359366	0.617302	0.841281
2.212388	1.710067	1.621226	2.304310	2.431188	2.902328	1.537403	0.088890	1.194426	1.675843
0.097454	2.427725	2.685477	4.173264	4.570376	3.345424	3.249050	-0.093009	2.117594	2.879103
-1.956139	2.414412	2.865170	5.080877	5.488252	3.381772	3.585985	-0.176432	2.419929	3.600704
-3.290030	1.063860	1.574002	4.411203	4.858143	2.865921	2.680875	-0.589704	1.164014	3.659732
-3.565875	-1.921200	-1.749160	2.234640	2.949176	2.117610	0.923152	-1.418491	-1.534459	3.306369
-3.028379	-5.363696	-6.481286	-0.890734	0.335745	1.519160	-1.086646	-2.341682	-4.896422	2.835901
-2.374008	-5.317648	-9.252474	-3.848516	-1.951663	1.246716	-2.670644	-3.096123	-7.290498	2.472238
-1.972755	-4.513717	-7.366606	-5.320600	-3.238944	0.728328	-3.163726	-3.624823	-7.590694	2.177147
-1.717736	-2.041382	-2.668375	-4.318465	-2.753272	0.284587	-1.474345	-3.819348	-5.567246	2.159900
-0.415808	-0.731481	-0.042460	-2.152581	-1.624787	0.203754	0.354133	-3.242982	-2.500932	2.323798
1.125847	-0.748499	0.314746	-0.522210	-0.852446	0.032289	0.849942	-2.228693	-0.765247	2.193823
2.169866	-1.023572	-0.580523	0.132905	-0.633713	-0.562120	0.364539	-1.417637	-0.122181	1.398124
2.980463	-0.784006	-1.322218	0.466466	-0.518106	-0.817558	-0.392228	-0.643796	0.340943	0.331835
3.076325	-0.452028	-1.682696	0.337603	-0.601890	-1.042863	-1.146544	-0.156231	0.211356	-0.606515
3.075457	2.008475	0.993914	0.380277	-0.564699	-0.442341	-1.507294	0.757090	1.117834	-1.128605
3.262971	3.221580	3.605331	1.824824	0.436157	1.439287	-0.890329	1.681036	2.434222	-0.530026
3.518280	3.313129	4.240386	3.034872	1.443768	2.783115	-0.062795	2.227657	3.391740	0.702384
3.712435	2.835623	3.841722	2.982841	1.557323	3.192413	0.171323	2.355854	3.443698	1.600096
3.803089	2.140800	2.871211	2.063553	1.011889	2.958482	-0.113177	2.295225	3.446670	1.748070
3.787203	1.254599	1.094363	0.823389	0.228216	2.358144	-0.613592	2.313493	3.549795	1.341394
3.189619	0.127362	-1.392768	-0.178046	-0.460603	1.480734	-1.086643	2.146279	3.088593	0.786810
1.705619	-1.397093	-3.766526	-0.404207	-0.744195	0.355527	-1.327244	1.383868	1.442101	0.555676
-0.284749	-3.917186	-5.930574	-0.756220	-1.125979	-1.535247	-1.636867	0.062834	-1.874678	0.015883
-2.163821	-4.277437	-6.165136	-1.502343	-1.728326	-4.042211	-2.055433	-1.476200	-6.377933	-1.099367
-3.352089	-1.847883	-3.309906	-2.234596	-2.294523	-5.288769	-2.408214	-2.830000	-9.711447	-2.326145
-3.623452	0.949933	0.164652	-1.392682	-1.941895	-3.031776	-2.160780	-3.502740	-6.843516	-2.666488
-3.213124	2.389654	2.321258	1.037682	-0.413849	0.154640	-1.074909	-3.221844	-1.397612	-1.702337
-1.625569	2.837501	3.181088	2.729684	0.955044	1.767388	0.793445	-2.236473	1.144073	-0.067026
0.215118	2.186734	2.835676	2.719257	1.181846	1.868419	2.383037	-1.338268	1.232188	1.179763
0.892765	0.354355	0.917122	1.334932	0.440612	0.803004	2.613604	-1.213103	-0.115437	1.276798
1.574556	-0.911457	-1.823318	0.061127	0.371319	0.115921	1.868691	-1.068028	-0.706600	1.016704
2.539727	-0.851621	-2.873669	-0.158893	0.892481	0.361647	0.731174	-0.500616	-0.406881	1.242509
3.336182	0.210104	-0.467835	0.117810	0.949773	0.529871	-0.455354	0.090038	0.005932	1.406620
3.762092	1.326826	2.047915	0.398314	0.537801	0.402144	-1.279704	0.664086	0.881666	1.051202
3.875516	2.460199	3.495994	0.502904	-0.048492	0.754423	-0.868338	1.920921	3.039718	0.657180
3.420741	2.840497	3.957674	0.261215	-0.653437	1.173132	-0.190207	3.198485	4.260382	0.425824
2.023882	2.559363	3.603161	-0.608250	-1.408445	0.962220	-0.197212	3.742358	4.406919	-0.010184
0.011267	1.896750	2.421927	-1.874474	-2.223009	0.491548	0.083005	3.773872	4.147361	-0.413536
-2.010126	1.166373	0.725596	-3.029424	-2.824973	0.164583	1.108079	3.624512	3.656237	-0.380807
-3.404167	0.871293	-0.446171	-2.326249	-1.581678	0.257586	2.295887	3.121910	2.618137	0.054492
-3.837949	0.961188	-0.046913	0.792046	1.460974	1.176937	2.802107	2.167484	1.321379	0.722127
-3.514029	-0.306578	-0.363314	2.250480	2.669884	1.350931	2.156605	0.785107	-1.154040	0.897074
-2.940790	-2.227693	-1.710914	1.660359	2.030046	0.415150	0.641773	-0.710215	-2.981787	0.220287
-2.481606	-1.594503	-1.074326	0.213464	1.084514	-0.507123	-1.051017	-1.452983	-0.798254	-0.812234
-2.033092	0.366155	1.178517	-0.533899	1.363831	-0.271464	-2.050682	-1.096939	2.174382	-1.291644
-0.447942	1.689206	2.404461	0.413366	2.373156	0.917635	-1.862147	0.190015	3.946972	-0.848327
1.684309	1.921106	2.466346	1.598697	2.790040	1.746630	-1.160646	1.495014	4.360965	-0.095903
3.176261	1.807397	1.776371	1.963275	2.273566	2.127555	-0.705665	2.303387	3.903953	0.411271
3.616490	1.479570	0.843839	1.513482	1.145291	2.258874	-0.691054	2.876713	2.886123	0.649385
2.784401	0.520100	-0.579159	0.232354	-0.405363	1.946844	-1.138445	2.931188	1.080898	0.487219
1.777287	0.564672	-1.019946	-0.201165	-1.238383	1.788608	-1.324245	2.475306	-0.117777	0.263222
1.708552	1.559060	0.710284	1.603706	-0.167672	2.217983	-0.611253	2.054465	0.734927	0.565765
2.383820	1.795050	1.884517	3.157100	1.215372	2.509906	0.187538	1.796043	1.747748	1.048964
3.126919	1.688036	1.878162	3.316207	1.642039	2.299862	0.373014	1.755529	2.899497	1.115467
3.587490	2.286350	2.104848	3.538798	2.454074	2.299184	0.616074	2.084971	3.917612	1.119352
3.756519	2.907077	2.790142	4.427640	4.057493	2.620199	1.311942	2.462265	4.300688	1.435732
3.732293	3.200324	3.300232	5.144819	5.055842	2.883268	1.989729	2.814592	4.383920	1.867633
3.617690	2.827304	3.068208	4.971358	4.836793	2.776703	2.026872	2.901787	3.724355	2.233097
3.034346	1.413832	1.538294	3.557279	3.464289	2.063377	1.213539	2.340505	1.723515	2.315122
1.585472	-0.973229	-1.724310	0.888213	1.262797	0.588476	-0.178583	1.390380	-1.470642	1.839276
-0.010202	-2.254033	-5.116249	-2.302575	-1.063510	-1.296526	-1.628961	1.061176	-3.190917	0.728379
-0.182632	-0.700861	-3.845317	-4.105982	-2.370764	-2.119172	-2.014826	1.698640	-1.126589	-0.451021
0.800825	1.240828	0.276913	-2.909975	-2.296810	-1.359722	-0.316581	2.570726	1.488071	-0.844992
1.270529	2.330289	2.723987	0.270312	-0.895383	0.100112	2.110266	3.163199	2.964623	-0.193331
0.713764	2.289245	3.162228	1.944411	0.140525	0.669515	3.499593	3.257907	3.004250	0.570560
0.375471	1.801349	2.539253	1.774457	0.135037	0.622245	3.643925	3.066604	2.816901	0.842180
1.215494	1.156896	1.178779	0.844526	-0.329342	0.622848	2.690934	2.834090	3.024987	0.661266
2.469823	0.630019	-0.462669	-0.098054	-0.804130	0.705877	1.064230	2.654696	3.353162	0.226717
3.369938	0.614791	-1.280247	-0.399363	-0.697734	0.936160	-0.627134	2.571032	3.664766	-0.186600
3.782066	1.192725	-0.287975	0.574553	0.957330	1.449912	-1.531296	2.557229	3.632335	-0.206742
3.847973	1.971657	1.366318	2.010056	2.922179	1.904941	-1.373168	2.789194	3.439244	0.118105
3.736376	2.504095	2.473009	2.973256	4.106839	2.346050	-0.682741	3.307379	3.328844	0.600398
3.586010	2.682566	2.857423	3.275925	4.471875	2.727430	-0.072487	3.774730	3.249905	1.117103
3.464172	2.208943	2.403723	2.759602	3.823828	2.447156	0.025147	3.803061	2.598607	1.187003
2.935389	0.756866	0.768218	1.406908	2.223733	1.325433	-0.435147	3.079833	0.803613	0.569227
1.552816	-1.487889	-1.488468	-0.692123	-0.082618	-0.962787	-1.310548	1.589910	-2.573241	-0.746746
0.027266	-2.670447	-2.050130	-2.826907	-2.436476	-4.110261	-2.232908	-0.223152	-6.237139	-2.462370
0.075201	-0.393388	0.334203	-3.426526	-3.687468	-5.823967	-2.692469	-1.285563	-5.877650	-3.752607
1.493051	1.838778	2.719940	-2.211550	-3.340843	-3.562595	-2.585936	-1.183963	-2.517124	-3.698485
2.886294	2.706777	3.665137	-0.640631	-2.238244	-0.321604	-2.200842	-0.514670	-0.136562	-2.403623
3.666572	2.687514	3.489038	0.433924	-1.214035	1.351778	-1.787618	0.136807	0.940623	-0.636927
3.919428	2.599390	2.741498	1.583944	-0.097200	1.761970	-1.152112	0.705864	1.752617	0.457056
3.866992	2.293761	1.697605	2.116379	0.552726	1.544353	-0.710399	1.117000	2.139876	0.680095
3.694572	1.545606	0.272833	1.763590	0.471863	1.532666	-0.725539	1.457034	2.399260	0.581585
3.530705	0.765083	-1.102958	1.146045	0.214069	1.762129	-0.929816	1.549344	2.068516	0.653742
3.278588	1.478752	-0.053817	2.092206	1.607794	2.438409	-0.461558	1.623526	2.350184	1.060289
2.276200	2.074138	1.786155	3.763939	3.675125	2.955668	0.509194	1.538164	2.571972	1.623393
0.549900	1.608862	2.105398	4.228995	4.439823	2.902005	0.926293	1.005577	1.753159	1.816277
-1.395444	0.693600	1.146539	3.044578	3.579202	2.069667	0.578234	-0.074676	-0.596139	1.344184
-2.949933	0.576947	0.359241	0.745371	2.009318	0.546605	0.745979	-1.380289	-3.704308	0.510968
-3.674655	1.285666	0.840359	-1.215025	1.303339	-0.787291	1.716051	-2.377850	-5.145790	-0.031064
-3.590339	1.923325	1.822072	-1.466146	1.817860	-1.181792	2.675027	-2.792364	-3.650391	-0.057662
-3.097325	1.868242	2.146754	-0.665544	2.316348	-0.836234	2.723424	-2.436508	-0.095277	0.082678
-2.604853	0.734169	1.081466	-0.490489	1.693696	-0.617830	1.628158	-1.615051	2.027467	0.114743
-2.305795	-1.277776	-1.393257	-1.176588	0.156882	-0.900156	-0.200837	-0.861760	2.778515	-0.295998
-2.205466	-3.604723	-4.752626	-2.296310	-1.740468	-1.516362	-2.182178	-0.384137	2.841696	-1.159028
-2.228959	-4.192532	-6.892726	-2.970258	-2.713700	-1.808600	-3.590713	-0.106542	2.749992	-2.096695
-2.306827	-2.161658	-4.478969	-2.163121	-1.257184	-1.101307	-3.771833	0.150394	2.787745	-2.447332
-2.374430	-0.532842	-0.350803	-1.252649	0.027146	-0.691319	-3.299094	0.295756	2.610668	-2.416251
-2.413205	-0.154822	1.371178	-1.219984	-0.030718	-0.752743	-2.385732	0.261366	2.268310	-2.123416
-2.427669	0.252811	1.419330	-1.605486	-0.798559	-0.745754	-1.205445	-0.014362	1.337741	-1.050892
-2.416416	1.507590	1.509728	-0.604172	-0.945801	-0.506863	-0.393069	-0.479616	0.329404	0.012049
-2.263697	2.255602	1.820519	1.190901	-0.298730	-0.059525	-0.022890	-0.895320	-0.355347	0.450589
-0.859681	2.680704	2.226699	2.457496	0.500257	0.246714	0.023871	-0.794059	-0.018590	0.348260
1.404517	2.592684	2.263655	2.533721	0.705871	0.146184	-0.215435	-0.231481	0.345815	-0.139823
3.103711	2.370299	2.261940	1.733963	0.326434	-0.014805	0.202993	0.600687	0.883041	-0.542408
3.922469	2.424391	2.822369	0.598308	-0.295966	0.142419	1.340982	1.866133	1.831002	-0.424040
4.138681	2.461054	3.062431	-0.145295	-0.472453	0.577801	2.286901	3.011601	2.679034	0.048296
3.884065	2.194491	2.712161	0.277188	0.694101	1.113022	2.291535	3.558768	2.932982	0.502422
3.296533	1.574778	1.578081	1.048350	1.889411	1.161183	1.451511	3.225600	2.339719	0.618720
2.443598	1.302383	0.679466	2.156439	3.099378	1.227127	0.490251	2.454267	1.691030	0.507769
0.971368	0.696288	-0.147455	2.733225	3.833175	1.406091	-0.334804	1.452451	0.737450	0.344047
-0.804907	0.152555	-0.788152	2.525959	4.000061	1.487004	-0.985962	0.500841	0.720873	0.147000
-2.340661	0.601487	0.313090	1.889190	3.855208	1.387017	-1.388833	0.089541	1.943839	-0.099376
-3.202334	1.138152	1.931066	1.215310	3.613209	1.232346	-1.387001	-0.031683	2.233029	-0.309991
-3.308408	1.206032	2.778713	0.510359	3.039303	1.192572	-0.334992	-0.420461	1.140535	-0.180204
-2.942180	0.787906	2.837729	-0.646348	1.609278	0.973847	1.075346	-1.154918	-1.037901	0.101138
-2.489240	0.911714	2.664502	-1.659528	-0.308265	1.064058	2.114394	-1.580306	-0.951656	0.513453
-2.177412	1.159687	2.282639	-0.901428	-1.401191	1.777365	2.381895	-1.114529	1.330358	1.360201
-1.495728	0.345398	0.730139	0.040692	-1.729549	2.092875	1.565647	-0.619581	1.670535	1.994215
0.447988	-0.457985	-1.645280	0.415807	-1.673763	1.989015	0.117026	-0.189282	1.230367	2.214130
1.970743	-1.574326	-3.919410	0.204395	-1.552329	1.351202	-1.461477	0.038138	0.073104	2.060277
1.927509	-3.748870	-6.023813	-0.727246	-1.785972	-0.216648	-2.859929	-0.377843	-2.177901	1.300127
0.827366	-6.449864	-7.524235	-2.065541	-2.331257	-2.842315	-3.803040	-1.275606	-4.956535	-0.236724
-0.689732	-7.233662	-7.462031	-3.286430	-2.944516	-5.625258	-4.183137	-1.947030	-6.057436	-1.988153
-2.051743	-4.067795	-4.666109	-3.961704	-3.420568	-6.296013	-3.617537	-1.254242	-3.464748	-3.056042
-2.847091	-1.225224	-1.381301	-3.914481	-3.625943	-3.627459	-1.878791	0.196542	-0.593132	-2.841185
-2.991714	0.593735	0.838436	-2.106172	-2.851180	-1.067743	0.508393	1.076234	1.025447	-1.673358
-2.722318	1.545362	1.997287	0.830546	-1.013225	0.101734	2.045406	1.080015	1.702005	-0.545542
-2.348836	1.617886	2.507905	2.331116	0.277060	0.027860	2.290190	0.479153	1.122478	-0.157778
-2.062027	0.783137	2.231539	1.853275	0.200807	-0.999405	2.122804	-0.560591	-0.850834	-0.377001
-1.926249	-1.156014	0.704954	0.066494	-0.801432	-2.621984	1.793370	-1.737146	-3.780781	-0.922723
-1.915353	-4.394003	-2.585000	-2.267997	-2.128873	-4.685229	0.792594	-2.753507	-6.581039	-1.876644
-1.965860	-7.856041	-7.027521	-4.175215	-3.109494	-6.427997	-0.790117	-3.429506	-7.641978	-3.137059
-2.021119	-6.955944	-10.041549	-3.879903	-2.036108	-4.525395	-2.157444	-3.596106	-5.360887	-3.713397
-2.050948	-3.538193	-6.347338	-1.845726	0.142650	-0.925312	-1.788206	-3.335175	-2.562300	-2.737560
-2.047073	-1.207642	-1.511518	0.136992	2.001412	1.247162	-0.272666	-2.908488	-0.812185	-0.973984
-1.886082	-0.132623	0.758682	1.215437	2.941074	2.146073	0.382627	-2.468729	-0.141049	0.608754
-0.448674	0.557213	1.281694	1.268329	2.611360	2.219078	0.169287	-1.436620	0.549015	1.530182
1.360214	0.982183	1.383620	0.646007	1.386215	1.768819	0.320197	0.331329	1.223124	1.829007
1.759444	0.470944	0.829108	-0.408472	-0.046759	0.651147	1.014773	1.003717	0.541832	1.477654
0.999916	0.162490	0.793299	-1.275918	-0.888973	-0.698500	1.715430	0.556389	-0.981916	0.762641
-0.286536	0.909666	1.688313	-0.798550	-0.958524	-1.013199	1.753081	-0.306198	-1.601948	0.021794
-1.551474	1.477604	2.442127	1.005404	-0.184175	0.109991	1.159205	-0.919725	-0.751262	-0.151229
-2.377411	0.721613	1.742248	1.740130	0.146754	1.094489	-0.046957	-1.116689	-0.424497	0.346853
-2.618223	-1.305677	-0.648422	0.947693	-0.421627	1.167074	-1.529746	-1.242881	-1.212641	0.854373
-2.433813	-3.829745	-4.092491	-0.801255	-1.518328	0.496185	-1.897022	-1.643413	-2.786818	1.161300
-1.714966	-4.153251	-5.042698	-2.678155	-2.614185	-0.229423	-1.509085	-2.093252	-4.022440	1.290395
0.375278	-1.833986	-2.262099	-3.194513	-2.980969	0.217843	-0.856874	-1.758277	-2.603764	1.389285
2.649555	0.219519	0.484528	-2.005818	-2.493016	1.011122	-0.007373	-0.633321	-0.089309	1.417508
3.558681	1.119343	2.221996	-0.725946	-1.858711	1.325342	0.998364	0.204384	0.691816	1.582308
2.906211	0.495155	2.224958	-0.531886	-1.754132	1.096340	1.699371	0.087899	-0.270563	1.751341
1.734421	-0.509148	1.068432	-1.069890	-2.030081	0.250716	2.045259	-0.513467	-1.686841	1.530840
0.969838	-0.073434	0.389342	-1.127353	-1.530942	-0.511087	2.259954	-0.846976	-1.879694	0.987564
0.236806	1.479671	1.242879	0.800107	0.792833	-0.173858	2.669082	-0.729352	0.092376	0.642659
-0.603619	2.010076	2.085996	2.651519	2.382728	0.287084	2.991097	-0.452770	1.525924	0.556049
-1.354671	1.479390	1.860979	2.639052	2.197617	0.233474	2.867416	-0.225031	2.386242	0.364654
