X1	X2	X3	X4	X5	X6	X7	X8	X9	X10
-1.521540	-6.287187	-4.736978	-3.323975	-2.498199	-6.031390	-1.997355	-3.629979	-3.920995	-4.665831
-1.531377	-4.893730	-4.047671	-3.326854	-2.483943	-6.010917	-2.003431	-3.598693	-3.901496	-4.671001
-1.533443	-1.561154	-2.384130	-3.325692	-2.496146	-5.399359	-2.000669	-2.716550	-3.069674	-4.566494
-1.538848	0.819057	-0.994849	-3.323346	-2.501209	-4.913932	-2.002451	-1.769089	-2.164584	-4.358985
-1.547991	1.732942	-0.375273	-3.328261	-2.505453	-4.789224	-2.021386	-0.457709	-1.757592	-4.225377
-0.850772	1.407385	-0.670773	-3.275174	-2.046239	-4.231386	-1.962516	1.242077	-1.291383	-4.081957
1.634276	0.372373	-1.288547	-2.745655	-1.150334	-1.189661	-1.441224	2.070840	-0.628000	-3.175278
3.381792	-0.723789	-1.697132	-1.692271	-0.430624	1.692069	-0.714370	2.372753	0.126569	-1.172248
3.448815	-1.282363	-1.248990	-0.505248	1.488250	2.883845	-0.115339	2.025235	0.675693	0.686392
2.155576	-0.874324	0.868043	0.524613	3.217092	3.160056	0.225564	0.740360	0.797273	1.663812
0.289200	-0.554306	1.634333	1.088865	3.681021	2.993435	0.133116	-1.079814	0.461624	1.823938
-1.400944	-1.345451	0.602045	1.027304	2.216777	2.157944	-0.511422	-3.081671	-0.354452	1.318002
-2.307070	-3.209527	-1.769524	0.412014	-0.244595	0.254286	-1.400224	-4.509546	-1.516286	0.006185
-2.251495	-3.795764	-3.542449	0.250113	-0.768550	-0.307991	-1.081508	-3.378826	-1.652416	-1.212173
-1.930485	-1.736882	-2.899728	1.123316	0.307045	1.049871	0.268876	-0.914948	-0.221708	-0.874036
-1.660990	0.672939	-0.792768	2.299012	1.322027	2.527684	1.702085	1.206728	1.893910	1.185488
-1.518479	1.499287	0.750605	2.903705	0.858634	2.411055	3.190314	1.316266	2.593112	2.799216
-1.474066	0.750094	1.017036	2.525012	-0.709263	1.194431	3.848608	0.361979	2.086953	2.803806
-1.490059	-0.048910	1.025716	1.447103	-2.429702	-0.213543	3.898387	-0.075685	1.824882	1.851987
-1.540222	0.473698	1.385644	0.030231	-3.439423	-1.269896	3.638902	0.149092	1.938503	0.609998
-1.581499	1.767916	2.384976	-1.388855	-3.481603	-1.929257	2.764631	0.529961	1.673618	-0.315638
-1.605829	2.709333	3.283531	-2.537719	-3.054193	-1.575755	0.654726	0.488093	1.403116	-0.147938
-1.614094	2.884247	3.619859	-3.288282	-2.659323	-1.502663	-2.114903	-0.041071	0.850189	0.432163
-1.609328	2.712463	3.647444	-3.665281	-2.477113	-1.090205	-4.248419	0.278924	0.029164	0.925823
-1.602401	1.988422	3.296111	-3.769708	-2.440571	-0.172607	-4.608744	-0.448559	-1.053822	0.981660
-1.574858	0.109438	2.011360	-3.654376	-0.885405	0.634286	-3.491270	-1.953411	-2.250288	0.510213
-1.562407	-2.617242	-0.545611	-2.958077	2.030264	1.558686	-1.751080	-2.988435	-2.748297	0.087456
-1.565473	-3.126352	-2.416484	-1.758910	3.613124	1.720345	-0.435076	-3.033388	-2.329253	-0.046503
-1.570887	0.042928	0.152332	-0.649088	3.575966	0.982058	0.628343	-2.626720	-1.674164	-0.269632
-1.568809	1.971971	2.582931	-0.241290	1.678643	-0.738282	0.730022	-2.679424	-1.624551	-0.819661
-1.571606	1.965158	3.235064	-0.392793	-0.656707	-2.251561	-0.054480	-2.882733	-2.012147	-1.000153
-1.575045	1.514283	2.742213	0.069318	-0.731900	-1.546159	-0.178513	-1.880831	-1.394317	0.200984
-1.576320	1.884329	1.928414	1.287795	0.470281	0.060622	0.432979	-0.568338	0.023868	1.896825
-0.644836	2.425299	0.976821	2.424232	1.112553	1.018338	0.986022	0.360632	1.128138	2.883506
1.844952	2.605297	0.033606	2.824656	0.757448	2.038491	0.796541	1.278581	1.496555	2.999934
3.481285	2.475918	-0.548239	2.648991	1.024392	3.171250	0.208808	2.337863	1.523801	3.213438
4.230150	2.229612	-0.417147	2.446446	2.876484	4.027188	-0.008211	3.378620	1.875315	3.791213
4.467955	1.847837	-0.005101	2.489995	4.161294	4.442128	0.250113	3.520746	2.231897	4.382384
4.449307	1.526104	0.580610	2.693491	4.712238	4.585446	1.240536	3.225028	2.420201	4.722228
4.329453	1.587009	1.295270	2.909938	4.709460	4.605062	2.559977	3.181849	2.537486	4.894036
4.210229	1.799917	1.352749	2.944375	3.425334	4.117366	2.452320	3.394459	2.626220	4.630688
4.142034	1.419466	0.550174	2.641216	1.049880	2.936961	1.300579	2.966747	2.287100	3.439086
4.123864	0.622156	-0.695794	2.134929	-1.360900	1.335304	-0.230355	2.272826	1.703333	1.426391
4.133466	-0.183003	-1.787183	1.607279	-2.341938	-0.029591	-1.376878	1.687188	1.143299	-0.779845
4.128226	0.258374	-1.607941	1.187165	-1.864288	-0.535706	-1.651165	1.430122	0.773699	-2.201217
3.262082	1.543410	-0.575426	0.823632	-1.314862	-0.761366	-1.431983	0.805692	0.394938	-2.439407
1.440294	2.608048	0.572038	0.792857	0.151716	-0.777386	-0.613093	-0.205494	0.128770	-1.996128
-0.624711	3.170579	1.405113	1.499798	1.401016	-0.559214	0.603861	-0.148594	0.573725	-1.275080
-2.120502	3.223351	1.709846	2.456294	1.998964	-0.111345	1.502707	1.892819	1.613815	-0.602465
-2.642805	3.175756	2.126375	3.203970	2.127319	0.463270	2.868572	3.479798	2.577437	0.087274
-2.453544	3.667407	3.310831	3.650439	2.006009	0.945393	4.142459	4.075573	3.130938	0.885148
-1.809636	4.072970	4.315599	3.849364	1.652247	0.915336	4.096580	3.438469	3.132996	1.279676
-1.089340	3.507970	4.330663	3.575248	0.203261	0.701000	2.558745	1.526414	2.373654	0.954822
-0.976024	1.675824	3.614580	2.622067	-1.858178	0.608336	-0.319745	-1.874072	0.749199	0.165113
-1.144966	-1.453931	2.716769	1.176083	-3.449046	0.725396	-2.274221	-5.785698	-1.374349	-0.527980
-1.363127	-5.088493	1.567607	-0.451206	-3.852843	1.036348	-0.417208	-7.914829	-3.397896	-0.426304
-1.537620	-7.463511	-0.051360	-1.932657	-3.432495	1.196870	2.168651	-5.099118	-4.493263	0.262816
-1.628524	-5.515846	-1.337054	-3.023116	-2.851568	0.495454	3.240800	0.114948	-3.802717	0.651200
-1.646464	-2.383350	-2.582436	-3.643171	-2.490423	-1.086959	2.373757	2.071851	-2.408398	0.116433
-1.625749	-1.249409	-3.804400	-3.710583	-0.000536	-2.788182	0.316171	1.624385	-1.576095	-1.203928
-1.592253	-0.912780	-3.820312	-2.873921	2.704917	-2.838898	-1.673471	0.288210	-0.918687	-2.394569
-1.567980	0.058004	-2.095434	-1.239845	3.377976	-1.628828	-2.131775	0.051674	-0.119162	-2.609366
-1.547804	0.549319	-1.045795	-0.198907	1.907249	-1.438062	-2.045161	1.231892	0.379032	-2.339110
-1.548849	0.297078	-1.003833	-0.155650	-0.822593	-2.117671	-2.055047	2.265943	0.376126	-2.381292
-1.551612	-0.403388	-1.452988	-0.743850	-3.577601	-2.923911	-2.158617	2.096768	-0.057595	-2.790701
-1.555438	-1.068208	-0.666629	-1.577356	-4.712859	-2.063483	-2.264714	0.353295	-1.070122	-2.964332
-1.565781	-2.303420	-0.548049	-2.383063	-4.184182	-0.501114	-2.323406	-2.431773	-2.378160	-2.470848
-1.553175	-4.261956	-1.724237	-3.003962	-3.228324	-0.139937	-2.336321	-5.188156	-3.578023	-1.857821
-1.535182	-5.943531	-3.321989	-3.188667	-1.677774	-1.071473	-2.052296	-5.930487	-4.038227	-1.895040
-1.549486	-4.206304	-3.324875	-2.222204	-0.429456	-1.252328	-1.052666	-2.341622	-1.663062	-2.018720
-0.663118	-1.672746	-2.721450	-1.255539	-0.508105	-1.516243	-0.694166	-0.082553	0.435757	-2.069318
1.832455	1.129104	-0.837956	-0.310286	0.453117	-0.681824	-0.150549	1.490437	1.302602	-1.848059
3.500068	3.011341	1.286039	1.380592	1.950004	1.129544	1.085098	2.836994	2.230428	-0.719190
3.699813	3.839576	3.168425	2.997506	2.402388	2.033548	1.947763	3.218728	2.908861	0.629307
3.402139	3.539162	3.870595	3.508891	1.409645	1.592521	1.489905	2.427124	2.598927	0.971824
3.588061	2.515381	3.514397	3.194829	0.068208	0.974661	0.353122	1.621069	1.819551	0.472217
3.894962	0.908523	2.199582	2.538284	-0.906654	0.662185	0.231216	1.223406	1.055203	-0.109599
4.126254	-0.728533	0.088548	1.837215	-0.824388	0.626645	0.590022	1.261409	0.549081	-0.298934
4.241884	-1.338795	-2.097911	1.404777	0.754801	1.205229	0.534641	1.617372	0.500997	0.161553
4.274238	-0.365891	-2.926692	1.236353	0.911613	1.853131	0.110702	1.920995	0.655518	1.475320
4.262879	1.709079	-1.516073	1.130686	0.460308	2.755752	-0.460904	2.935887	0.979662	2.818287
4.227262	3.444336	0.688803	1.153418	1.779163	3.728600	-0.687659	4.114546	1.659131	3.841938
3.439621	4.134988	1.912513	1.430916	2.737823	4.200011	-0.439893	4.345712	2.270368	4.451114
1.648734	3.197308	1.171231	1.317483	1.562013	3.898608	-0.736683	2.845353	1.762985	4.419730
-0.447674	0.323560	-1.104936	0.608992	-0.767509	3.188939	-1.526423	-0.461117	0.273601	3.879677
-0.676794	-4.533206	-3.677478	-0.190471	-1.628903	2.312632	-1.467346	-4.002989	-1.319873	3.164267
1.612382	-4.825924	-1.516019	0.446467	0.490909	2.297239	0.670152	-1.754417	-0.653023	2.981275
3.351594	0.939054	2.695175	2.181383	2.270577	2.936465	2.218864	1.853189	1.389511	3.413889
4.193752	4.228551	4.761312	3.664508	3.011201	3.894372	2.861149	4.121647	3.010122	4.122502
3.713604	5.085134	5.420929	4.199689	2.105065	4.162354	3.264860	4.791787	3.570753	4.665571
2.083517	5.038122	5.317529	3.749928	1.839155	3.629295	3.482369	4.438037	3.109359	4.621892
-0.014717	4.578100	4.495072	2.871096	2.635055	2.734135	3.652181	3.704990	2.328310	4.119113
-1.739638	3.870756	3.097932	1.950270	3.405457	1.616101	3.744284	2.979286	1.620795	3.074953
-2.511807	2.573305	1.131841	1.215655	3.458097	0.597068	3.726178	2.127125	1.086910	1.736826
-2.453804	0.425616	-1.229801	0.903757	2.531000	-0.453935	3.102840	0.501616	0.563229	0.363741
-2.070697	-1.789768	-3.022244	1.210369	1.286364	-1.066767	1.734683	-1.172112	0.320374	-0.683588
-1.714713	-3.309837	-3.724184	1.569734	1.120774	-0.980625	-0.110282	-2.506740	0.049310	-0.550925
-1.483004	-3.863102	-3.572625	1.574647	1.594190	-0.968321	-1.767056	-3.175132	-0.458293	-0.224828
-0.922130	-3.824311	-2.666302	1.105088	0.660479	-1.800601	-2.849482	-3.392299	-1.297288	-0.624600
1.090373	-2.590863	-1.567251	0.568463	0.898658	-1.500011	-2.569934	-1.542690	-1.634961	-1.364417
1.509413	-1.497887	-1.337998	0.160046	0.008187	-1.415695	-1.793140	-0.578100	-1.563419	-1.891643
2.528197	-0.918474	-1.541755	-0.214120	-0.815314	-1.176099	-1.216158	0.729245	-1.296533	-2.254321
2.671543	0.837501	-0.890147	-0.379084	-1.546996	-0.587283	-0.907001	2.643347	-0.352112	-2.080727
1.567780	2.412378	-0.079933	-0.702857	-2.379237	-1.065464	-1.219640	3.282504	0.193521	-1.990731
0.011946	2.608211	-0.123784	-1.289762	-2.908353	-2.176865	-1.858184	3.228216	0.190357	-2.351560
-1.340125	1.696236	-0.971321	-1.994085	-3.033422	-3.359767	-2.450256	2.878351	-0.073253	-3.000478
-2.039036	-0.090796	-2.246164	-2.646369	-2.891293	-4.236654	-2.759878	2.095918	-0.466058	-3.644060
-2.129460	-3.104262	-3.895868	-3.135857	-2.680755	-5.044511	-2.749481	-0.026014	-1.306323	-4.150674
-1.923411	-6.823667	-5.304263	-3.382588	-1.225331	-5.512034	-2.523536	-3.082182	-2.432767	-4.488772
-1.687785	-8.669719	-5.169698	-2.988235	1.816556	-4.182796	-1.833626	-5.189173	-3.034863	-4.261608
-1.531555	-6.379157	-3.709155	-1.947333	3.514744	-1.901303	-1.016714	-4.860142	-2.727247	-3.278812
-1.450299	-2.282940	-0.980042	-0.797040	4.149811	0.133728	-0.490445	-2.138681	-1.129550	-1.862720
-1.440495	0.603698	1.884708	0.074446	4.089275	0.724906	-0.343789	-0.508277	0.262425	-0.827120
-1.452102	1.436652	3.012553	0.412151	2.457266	-0.020173	-0.706812	-0.661834	0.306089	-0.706810
-1.466594	0.607328	2.241130	0.069810	-0.655621	-1.902727	-1.550725	-1.884372	-0.700285	-1.552518
-1.472680	-1.692924	-0.234314	-0.717394	-3.973129	-4.314404	-2.407096	-3.446988	-2.187832	-2.941196
-1.470518	-5.131395	-4.350599	-1.651179	-5.154007	-6.374646	-2.885885	-4.629446	-3.633133	-4.307305
-1.458536	-8.154800	-8.416379	-2.292461	-0.822494	-5.260461	-2.639500	-4.641189	-4.378667	-4.856313
-1.447650	-7.004102	-6.869349	-2.084010	2.568454	-0.597466	-1.488373	-2.705121	-3.729346	-3.371984
-1.451053	-1.610196	0.529497	-1.252228	3.903719	1.642229	1.055385	-0.326624	-2.167881	-0.795131
-1.461175	1.235655	3.410128	-0.523270	3.142114	1.700538	2.435305	-0.152095	-1.311618	1.014820
-1.469876	1.306457	3.448654	-0.454073	0.727871	0.915957	2.707546	-1.348015	-1.588848	1.970293
-1.479370	-0.123026	2.217834	-0.933982	-2.530759	-0.151412	2.907099	-3.093135	-2.493479	2.445513
-1.494607	-2.569848	0.041580	-1.674131	-4.798022	-1.673079	3.022056	-4.605860	-3.543399	2.108230
-1.497526	-5.262436	-2.394961	-2.415961	-4.154921	-3.213312	3.046313	-5.240484	-4.376373	1.015047
-1.487805	-6.154054	-3.246897	-2.678260	0.420481	-3.198373	3.189034	-4.516318	-4.432322	-0.197821
-1.475909	-3.910600	-1.828484	-2.131837	2.567725	-1.747024	3.422777	-2.466818	-3.464592	-0.680059
-1.090748	-1.128993	-0.131593	-1.526945	1.972299	-1.005515	3.428306	0.079556	-2.218345	-0.515701
-0.177124	0.070326	0.688497	-1.258505	0.207015	-0.868476	3.309282	0.651369	-1.583100	-0.215141
-0.223174	-0.067528	0.594175	-1.179291	-1.557383	-1.272310	2.882959	-0.230697	-1.618359	-0.083338
-0.672064	-1.364147	-0.769665	-1.252202	-2.961254	-1.100624	1.226597	-1.944281	-2.112029	0.235609
-1.155099	-2.962356	-2.569593	-1.192219	-1.834696	0.136628	-0.896174	-3.250698	-2.474764	0.787030
-1.475172	-2.303474	-2.736315	-0.109003	0.354224	0.686869	-1.518446	-2.522484	-1.540174	0.930167
-1.602172	-0.331356	-1.598862	1.390704	1.379781	0.495850	-0.659975	-1.176067	-0.182547	0.534829
-1.583352	0.193330	-1.339769	2.040569	0.561413	-0.528512	-0.355309	-0.883042	0.245957	-0.406228
-1.524156	-0.606653	-2.022358	1.635305	-1.159166	-1.502422	-0.962198	-0.555591	0.503996	-1.639900
-1.473363	-1.546522	-2.747042	0.586989	-2.810989	-2.828765	-1.914028	-1.062287	0.237103	-2.835742
-1.053284	-0.980555	-1.799559	-0.705232	-3.445441	-3.908217	-2.667712	-2.203841	-0.807421	-3.460760
1.159489	0.431698	-0.174266	-1.637949	-2.460069	-2.211247	-2.557338	-0.583995	-0.711142	-2.676267
2.523366	1.396187	0.378818	-1.857998	-1.480829	0.494345	-1.883141	2.366055	1.062313	-0.530214
3.438507	2.335240	0.849375	-1.472212	-0.739116	2.157304	-0.387849	4.487026	2.910616	1.546894
3.852049	2.827464	1.131496	-0.883994	-0.462774	2.797347	1.112079	5.108493	3.868188	2.573843
4.078896	2.709531	0.944188	-0.297923	-0.390320	3.286462	1.659547	4.835654	4.133885	3.260844
3.113829	1.751632	-0.119151	-0.030508	-1.049395	3.330667	0.826761	3.688776	3.916141	3.674180
1.280644	-0.312750	-2.051162	-0.337889	-2.027465	2.624913	-0.899420	1.653293	3.331512	3.514762
-0.698978	-2.977289	-3.371632	-1.040595	-2.790559	1.546198	-2.719295	-0.570063	2.655923	2.947943
-2.029070	-4.132456	-1.157534	-1.875992	-3.072838	0.134334	-3.792789	-1.660525	2.122558	1.904481
-2.414312	-3.013170	1.437323	-2.634628	-2.975674	-1.670589	-3.775380	-1.892035	1.492024	0.153429
-0.779865	-1.189972	2.408616	-3.096351	-2.227813	-1.554436	-2.979569	-0.703318	1.112556	-1.727040
2.102836	0.746269	2.122639	-2.564228	1.161946	0.886257	-1.482739	1.933776	1.884265	-2.003224
3.561039	2.248396	1.376797	-0.907597	3.601304	2.622026	0.042319	3.546234	3.077777	-0.479222
3.054970	2.621130	0.163881	0.636825	4.413306	3.399808	0.648089	3.665469	3.675995	1.201695
1.537750	2.109839	-1.274636	1.397964	4.421323	3.368255	0.416209	2.729643	3.471760	2.003684
-0.259699	1.584202	-1.913668	1.478324	3.185938	2.251764	-0.342997	0.650642	2.422918	1.624720
-1.635232	0.977887	-1.052003	1.240776	2.504258	0.437456	-0.915137	-2.061885	0.850169	0.274618
-2.207163	0.734518	1.672411	1.204362	1.590759	-0.993048	0.314044	-3.874436	-0.495930	-0.983852
-2.133438	0.567350	3.229229	1.013076	1.881761	-0.486893	2.280612	-3.985512	-1.600331	-1.025812
-1.822173	-0.249627	2.762585	0.644709	1.018578	-0.491928	2.524016	-3.436604	-2.357741	-0.468443
-1.541728	-2.160293	0.882486	-0.071704	-0.896504	-1.645829	1.925342	-3.350068	-3.155672	-0.604098
-1.368293	-4.438692	-1.669435	-1.026545	-2.850945	-3.012489	1.959165	-3.481150	-3.938954	-1.076442
-1.304216	-5.461232	-3.992745	-1.999217	-3.833431	-3.992675	1.600803	-1.835752	-4.128269	-1.582812
-1.324300	-3.695696	-4.919280	-2.803252	-3.719777	-4.216150	0.090309	-0.725456	-3.804862	-1.914261
-1.367452	0.051697	-3.188973	-3.347737	-3.161781	-3.012932	-1.959327	0.768368	-3.116088	-1.095667
-1.393320	2.419950	-0.930571	-3.644769	-2.693657	-1.619349	-3.611696	2.009737	-2.186677	0.379215
-1.413146	2.956329	0.570280	-3.750174	-2.083832	-1.249307	-4.087015	2.498160	-1.447736	1.111861
-1.421296	2.237979	1.611681	-3.654171	-1.623745	-1.949452	-3.432680	1.519706	-1.353254	0.500543
-1.400907	-0.018468	0.889153	-3.514382	-1.842778	-3.431444	-2.617433	-0.815410	-2.029844	-1.134054
-1.358859	-3.911563	-1.266206	-3.444481	-2.296855	-4.691793	-2.149343	-3.153157	-2.598036	-3.161455
-1.335452	-7.879300	-4.109469	-3.449989	-2.671644	-4.280577	-2.037800	-2.892194	-1.504042	-4.584025
-1.348350	-9.064550	-6.285933	-3.497692	-2.843590	-3.041705	-2.148326	-1.099204	0.230292	-4.691644
-1.363910	-6.511001	-6.543969	-3.555681	-2.834243	-2.055804	-2.327523	0.270412	1.422356	-3.890876
-0.101981	-3.100508	-4.701170	-3.495501	-2.310139	-0.452688	-1.818242	1.266723	2.069487	-2.686928
2.165457	0.144942	-0.761296	-2.862215	-1.316198	1.551459	0.929542	2.565654	2.676492	-0.662211
3.407212	2.418524	2.611539	-1.878894	-0.717945	2.356537	2.545665	3.917120	3.239957	1.031226
3.390618	3.489625	3.877269	-0.986978	0.239644	2.422787	2.933798	4.592447	3.537929	1.735355
2.094206	3.482860	3.750108	-0.291030	2.317774	1.972995	3.380692	4.361568	3.151530	1.740840
0.288502	3.212994	3.148214	0.776826	3.019393	1.546586	4.021688	3.756839	2.670362	1.605931
-1.290553	2.636385	2.242027	1.983366	2.753152	1.545071	4.478741	2.274134	2.142382	1.620302
-2.099978	1.414479	0.832920	2.625667	1.233563	1.906976	4.173299	-0.155044	1.377659	1.839521
-2.174881	-0.570894	-1.342532	2.281125	-1.291123	2.113670	2.563166	-2.105835	0.821114	1.718064
-1.902490	-0.969430	-1.881714	1.226198	-3.596552	2.314549	1.303098	-2.062114	0.896477	1.504920
-0.988187	0.667062	-0.395687	-0.140488	-4.191554	2.042947	1.390624	-0.567858	1.338512	1.351334
-0.587733	2.326941	1.236268	-1.398386	-2.137615	1.336480	2.287772	0.679982	1.814131	1.094409
-0.700321	3.297520	2.281874	-1.987997	1.612651	0.979085	3.233618	1.323680	2.233479	0.922135
-0.975434	3.601609	2.596828	-1.693522	3.044342	0.678624	3.611899	0.914575	2.115162	0.917081
-0.941967	2.920317	1.780200	-1.277991	2.111062	-0.454159	2.830719	-0.626223	1.051150	0.504370
-0.878031	0.910742	-0.290587	-1.003516	0.656536	-2.014526	0.938994	-2.353019	-0.473678	-0.594168
-1.023265	-1.064144	-1.146209	-0.045645	0.366661	-2.401812	-0.553120	-2.568021	-1.112446	-1.670981
-1.197115	-0.786637	0.985726	1.363002	0.852475	-1.691430	-0.700574	-1.558733	-0.615278	-1.984547
-1.334163	0.940098	2.948241	2.498470	1.149313	-0.934977	0.026116	-0.620554	0.170531	-1.598612
-1.394788	1.605318	3.537891	2.745109	0.081386	-1.208680	0.032542	-0.907456	0.128656	-1.263220
-1.399053	1.621905	3.484803	2.066833	-1.624965	-1.919226	-0.853141	-2.197130	-0.902608	-0.878505
-1.389771	1.739946	3.243634	0.935629	-2.123165	-2.943644	-1.765083	-3.481042	-2.250055	-0.877478
-1.372823	1.844455	3.048916	0.405401	-0.986850	-2.471179	-1.392554	-3.143063	-2.463635	-1.171739
-1.358353	1.303885	2.649804	0.244131	-0.594470	-0.695243	-1.006212	-2.767942	-2.291128	-1.223992
-1.353372	0.765255	1.938589	0.579125	0.553533	1.410814	-0.234485	-1.856689	-1.626944	-0.267032
-1.362624	0.564483	0.705325	1.510755	1.476846	2.374366	0.746300	-0.770900	-0.468005	1.654594
-0.407213	0.814973	-0.087175	2.443141	1.707479	2.583708	2.271632	0.260407	0.603334	3.119435
2.084588	1.384706	0.148452	2.794888	0.985376	2.651671	3.565963	1.266665	1.128159	3.930731
3.717030	1.744792	0.852717	2.571793	-0.038058	2.614889	4.119669	1.771445	1.035218	4.216236
4.444592	1.908395	2.320327	2.055566	-0.812539	2.619005	4.164685	1.875344	0.663237	4.201673
3.851201	2.256649	3.657089	1.387903	-1.420090	2.886706	3.875177	1.290629	0.189817	4.151129
2.151999	2.840125	4.380681	0.957840	-0.418976	3.255555	3.528375	0.430577	0.102220	4.164911
0.036517	2.953044	4.000317	1.324442	0.773917	3.307794	2.598147	0.064398	0.843818	4.011695
-1.645053	2.122509	2.834455	1.675838	0.343040	2.267938	0.743497	-0.932513	0.833063	2.968552
-2.371885	0.681454	1.648662	1.337878	-0.689216	0.167273	-1.736828	-2.561468	-0.192985	0.845992
-2.279672	1.099041	2.011218	1.093526	-0.145758	-1.821879	-2.596422	-2.954123	-0.982510	-1.746010
-1.636414	2.914378	3.296169	1.555996	0.960834	-1.920406	-0.946034	-1.809657	-0.719516	-3.206151
0.376386	4.276993	4.317696	2.461659	1.948619	0.851639	1.009454	0.310951	0.336879	-1.907590
0.707892	4.670428	4.610332	3.058080	1.445760	2.436192	1.612639	0.838602	0.940174	0.770230
0.164919	4.270174	4.258608	2.721973	-0.349202	2.384080	0.669097	0.361093	0.369604	1.861894
-0.587198	3.045783	3.203205	1.648074	-2.472583	1.636681	-1.109615	0.870176	-0.528996	1.403767
0.480180	1.167788	1.896946	0.277778	-3.129523	1.483424	-2.670384	2.208767	-0.971136	0.397626
1.588564	-0.185680	0.348720	-0.595721	-1.683056	1.770822	-2.662324	3.427131	-0.351261	-0.113401
2.315847	0.249624	-0.705476	-0.207160	0.326951	1.702085	-1.015462	4.096487	0.864262	-0.150651
2.814677	1.852789	-0.408957	1.120360	1.804614	1.747800	0.772078	4.198103	1.972269	0.205864
3.210656	2.982490	0.890257	2.632974	3.762678	1.999654	2.033043	3.631328	2.548157	0.722645
3.830836	3.790130	2.380220	3.972138	5.205418	2.792134	2.893968	3.220659	3.044099	1.552931
3.599636	4.133384	3.670807	4.746279	5.502331	3.105240	3.006358	2.647610	3.228148	2.267778
2.173900	3.467728	3.663914	4.667633	4.967259	2.477404	1.969724	0.947717	2.556868	2.180575
0.277408	2.001120	2.557582	4.209177	4.494918	1.644577	0.777749	-0.946908	1.577315	1.602074
-1.321845	0.081737	1.267750	3.633690	3.867970	0.665398	-0.227771	-2.126700	0.612086	0.737639
-2.121712	-1.540739	0.876866	2.767127	2.122817	-0.704899	-1.206430	-2.315356	-0.446749	-0.420289
-2.015281	-2.751102	1.087911	1.492900	-0.982537	-2.848515	-2.190989	-2.919524	-1.855575	-1.926246
0.512753	-2.913445	0.886070	0.117466	-3.265661	-3.866132	-2.524022	-2.224534	-2.947657	-3.291237
2.962980	-1.639579	0.018136	-0.713951	-3.051746	-2.197358	-1.900290	0.299720	-2.611586	-3.412878
4.144216	0.684343	0.356411	-0.819906	-1.756367	-0.055557	-1.015281	2.951953	-1.016541	-2.237801
3.671353	2.033890	1.306260	-0.672858	-1.339568	0.451089	-0.684829	3.475256	0.132071	-1.052665
3.188720	1.603404	0.707829	-0.725479	-1.165795	0.342421	-0.917290	2.531481	0.033018	-0.235295
3.480594	0.637404	-0.492919	-0.612015	0.277370	1.384795	-0.960644	1.585638	-0.222699	0.620681
3.384935	0.116253	-1.374442	-0.050912	1.833710	2.330177	-0.580195	1.298286	0.004093	1.649558
3.284404	-0.651277	-2.327462	0.351504	1.433596	2.139778	-0.540419	0.667239	-0.092245	2.163554
3.313891	-1.148950	-2.735178	0.486907	0.244326	1.694476	-0.665670	0.435776	-0.300117	2.264761
2.189251	-2.115329	-3.306873	0.216019	-1.603896	0.153761	-1.177804	-0.714001	-0.967579	1.467594
1.187379	-3.735411	-4.081842	-0.457574	-2.907815	-2.150051	-1.851664	-2.188534	-2.034265	-0.328257
0.899569	-4.440356	-4.113072	-1.097129	-3.028290	-3.433773	-2.093991	-2.245282	-2.514470	-2.315517
0.073409	-4.360117	-3.944387	-1.697540	-2.948192	-3.298830	-2.209301	-1.528969	-1.908366	-3.683340
-0.798080	-3.789526	-3.683090	-2.203911	-2.170899	-1.021600	-2.143424	-0.966871	-0.853102	-3.475491
-1.398134	-1.979039	-2.351048	-1.590091	-0.059369	1.188539	-0.890451	-0.525263	-0.137079	-1.744768
-1.637864	0.801018	0.125427	0.142351	1.379363	2.581675	1.782848	1.330311	0.729805	0.473195
-1.619798	2.584975	1.764644	1.709623	1.660811	3.168174	3.451403	2.885837	1.501470	2.120356
-1.491020	3.158863	2.066998	2.557756	1.598424	3.245001	3.286230	3.589566	1.893968	2.641871
-1.369175	3.459887	1.983751	3.053214	2.058389	3.212762	2.369571	3.841392	2.172741	2.499705
-1.300252	3.466898	1.794215	3.491750	3.198713	3.006562	1.797952	3.590491	2.419582	2.175080
-1.268148	2.891432	1.238266	3.791098	3.079291	2.156983	1.640251	2.338646	2.287867	1.634326
-1.266811	2.057403	0.539723	3.869825	2.399129	0.935104	1.384632	0.560493	1.922145	0.762575
-1.271345	2.175082	0.836777	3.818886	1.658592	0.337480	1.449491	0.042078	2.157633	0.020220
-1.279317	2.343632	1.526651	3.558325	0.416971	0.329920	1.915383	0.580806	2.663676	-0.061965
-1.280139	1.526976	0.893818	2.816573	0.883361	0.228976	1.216185	0.902523	2.755617	-0.121452
-1.280351	0.197774	0.084334	1.890151	1.981651	0.104711	0.651654	0.384110	2.241855	-0.267404
-1.274319	-1.001539	-1.020737	0.855888	1.141202	-0.907974	-0.116402	-1.210620	0.885272	-0.711140
-1.277533	-2.740108	-2.898788	-0.353594	-0.833691	-1.764936	-1.378476	-3.407926	-1.177002	-1.573647
-1.284835	-5.130419	-5.117205	-1.589833	-2.933559	-1.205068	-2.560899	-5.225046	-3.436983	-2.011070
-1.292469	-7.372569	-6.613269	-2.650523	-4.046366	-1.074621	-2.983440	-5.869779	-5.242396	-1.425052
-1.254626	-8.208941	-6.363745	-3.399523	-3.943560	-1.395944	-2.627450	-5.412163	-6.153250	-1.001505
0.568904	-5.605082	-2.532779	-3.619216	-2.647269	-0.352172	-2.007878	-3.268553	-5.765108	-0.825277
2.862801	-1.264426	0.231776	-2.953365	-1.216250	0.879430	-1.165417	0.392691	-3.045175	-0.518837
3.978941	1.853250	1.328869	-1.791077	-0.466882	1.698210	-0.536292	2.707190	0.439027	-0.076382
3.349356	2.568099	0.961137	-0.968326	-0.853835	1.516795	-0.575673	3.090812	2.199180	0.089984
1.722286	2.589052	0.128929	-0.897525	-1.829170	0.658319	-1.244758	3.161452	2.740958	-0.364990
-0.178920	2.869447	0.496132	-1.341431	-1.613461	-0.164554	-2.018753	3.473544	2.936670	-1.126473
-1.597018	3.122898	2.166308	-1.638854	1.215891	0.129181	-2.066178	3.864986	3.133295	-1.461695
-2.148107	3.165508	3.397477	-1.371489	3.097726	1.232177	-1.413273	4.057184	3.335262	-0.546667
-2.044097	3.086512	3.952764	-0.767131	3.867867	1.835071	-0.720426	4.158547	3.480537	0.560764
-1.704705	2.893842	3.973357	-0.165359	4.010921	1.855249	-0.332829	3.981679	3.360571	0.990225
-1.411505	2.320318	3.142365	0.245773	3.406341	2.041059	-0.292443	3.429299	2.706578	1.098302
-1.245800	1.417449	2.138877	0.173570	1.140887	2.409234	-0.834519	2.653435	1.575542	1.802743
-1.189636	0.524712	1.595383	-0.434669	-2.238269	2.208249	-1.723369	2.006315	0.216812	2.516658
-1.179403	0.367272	1.862028	-1.275407	-2.668094	1.335267	-2.378945	2.327755	-0.141252	2.222762
-1.173559	1.456432	2.729551	-1.669311	0.815421	0.935377	-2.089881	3.252366	1.168243	1.229263
-1.187225	2.612430	2.932088	-1.514232	1.681941	0.606558	-1.442833	3.136194	2.273051	0.095256
-1.228039	2.696768	1.847897	-1.498399	0.538081	-0.590738	-1.358649	1.700961	2.151679	-1.212704
-1.269318	1.290404	-0.808287	-1.826112	-1.460607	-2.392890	-1.706014	-0.982999	1.085584	-2.550514
-1.291658	-1.923628	-5.024459	-2.353094	-3.268524	-3.527372	-2.139949	-4.505677	-0.766808	-2.665935
-1.264670	-6.653268	-9.305479	-2.898119	-4.005781	-3.366275	-2.422133	-7.156457	-2.943996	-1.084610
-1.183417	-11.228607	-10.766235	-3.330147	-3.692467	-2.587603	-2.492595	-7.342939	-4.797057	0.681798
0.737115	-10.846222	-4.701636	-3.399366	-2.436473	-0.902792	-2.170022	-3.056061	-4.348752	1.666824
2.985825	-2.134759	1.624807	-2.715613	-1.125210	1.634717	-1.340768	1.638091	-0.816189	1.968415
4.215432	2.368431	3.818456	-1.608167	-0.390514	2.797809	-0.297044	3.485856	1.911580	1.933273
4.292461	3.375004	4.022146	-0.644768	-0.421476	2.813309	1.205604	3.713416	2.911712	1.657072
2.972237	2.630973	2.926434	-0.361301	-1.347404	1.611540	2.597966	2.204645	2.320693	1.058622
0.962567	1.503044	1.686073	-0.567604	-1.787175	-0.588150	2.455710	-0.767882	0.773013	-0.055902
-0.960115	1.304170	1.788351	-0.411113	-0.592113	-2.059771	1.500933	-3.681731	-0.735221	-0.870956
-2.051201	1.496213	2.524723	0.373749	-0.020053	-1.458399	0.403849	-4.086283	-1.328789	0.033636
-2.208183	1.157865	2.480082	0.626365	-0.812661	-0.807509	-1.147295	-1.602116	-1.578991	1.416920
-1.892483	-0.134785	0.953796	0.148471	-1.867754	-0.358548	-2.589761	0.107797	-1.178713	2.169907
-1.522378	-1.020187	-1.049231	-0.160895	-0.881676	0.208764	-2.319736	1.377287	0.499681	2.008492
-1.246433	0.467234	-0.698649	0.547139	0.643055	0.965292	-0.157790	2.267879	2.323370	1.373813
-1.119287	3.218648	2.819545	1.720677	1.777135	1.498441	2.794217	2.414658	3.207901	0.983692
-1.095120	4.517233	4.503558	2.777568	3.412180	1.694878	4.132557	1.734367	3.143519	1.043455
-1.131385	4.391132	4.631252	3.222354	4.048424	1.338123	3.542396	0.227656	2.351797	0.983417
-1.170111	3.071305	3.447156	2.986899	3.815960	0.688734	1.712432	-1.754287	0.978678	0.743733
-0.301490	0.634375	0.773903	2.241515	2.422473	-0.495917	-0.917491	-3.267974	-0.741242	0.058557
2.173767	-0.542488	-2.121338	1.453115	1.070678	-0.520570	-2.709610	-1.644607	-1.713907	-0.701559
3.836808	0.697532	-3.097306	0.909937	-0.493786	0.073714	-2.720794	0.582499	-1.562013	-0.990674
4.612419	1.709734	-2.395784	0.602203	-1.437797	0.584964	-1.643308	1.771113	-0.939848	-0.876777
4.869738	1.840010	-1.394243	0.476851	-1.485704	1.120266	-0.629976	2.560200	0.153126	-0.543170
4.687091	1.714072	-0.468826	0.562186	0.889303	1.789627	0.015747	3.045652	1.544278	-0.001284
3.347049	1.424796	0.127544	1.087345	3.307697	1.939812	0.642918	2.458233	2.035916	0.486491
1.592859	1.399811	0.749718	2.091470	3.775554	1.739017	1.371394	1.394153	2.040924	0.767810
0.117957	1.980880	2.284752	3.053803	3.954075	1.860589	1.869631	0.554268	1.936778	1.445946
-1.095477	2.906974	3.339183	3.651788	3.185379	1.999883	2.022121	0.480795	2.121381	2.324500
-1.705690	3.317200	3.275229	3.386353	0.736655	1.527594	2.282362	0.582157	2.259025	2.442408
-1.757795	3.284385	2.651825	2.338308	-2.657305	1.046981	2.779126	1.267229	2.265465	2.311262
-1.534435	2.450011	1.353696	0.806170	-5.088193	0.425097	2.996451	1.705005	2.238302	1.858268
-1.297327	0.424401	-1.064986	-0.874483	-5.198703	-0.415025	1.904469	1.452415	2.095696	0.859109
-1.149392	-2.698124	-4.218642	-2.377029	-4.063697	-0.728632	-0.266045	0.917401	1.921106	-0.073678
-0.573820	-5.585892	-5.715458	-3.437907	-2.875195	-0.147563	-1.288714	0.533596	1.788401	0.303421
1.159713	-5.327560	-4.327875	-3.640812	-1.746642	0.450888	-1.042315	0.734417	1.638319	1.045976
1.196244	-3.778203	-2.830447	-3.290524	-1.660443	-0.298376	-0.538976	-0.261855	0.703395	0.857568
0.439382	-3.319337	-2.572899	-3.019557	-2.102280	-2.127010	-0.709479	-2.212413	-0.984748	-0.380762
-0.461273	-3.872992	-3.182943	-2.985985	-2.601277	-4.389139	-1.422054	-4.274136	-2.956557	-2.247155
-1.133845	-4.686947	-3.851225	-2.988529	-0.560031	-5.640913	-1.807973	-5.297561	-4.508984	-4.011485
-1.440279	-4.278798	-2.830887	-2.602930	0.827884	-4.110673	0.272204	-4.663589	-4.812833	-4.074626
-1.448160	-3.508568	-1.489087	-2.275733	0.149682	-2.439907	2.279912	-3.930445	-4.603641	-1.968574
-1.334411	-3.464989	-1.490339	-2.287759	-1.369774	-2.430776	2.119787	-3.636240	-4.511596	-0.508641
-1.201809	-2.891818	-1.762821	-2.560480	-2.882975	-3.435281	0.528834	-3.648692	-4.584202	-0.671174
-1.108324	-1.067055	-0.891463	-2.849118	-3.068109	-3.656965	-1.588482	-2.583097	-3.694051	-1.590796
-1.073132	1.074924	0.198203	-2.069657	-0.793368	-0.612105	-2.095491	1.280923	-0.298883	-0.847181
-1.058146	2.458389	0.890588	-0.373060	0.284392	1.470386	-0.912549	3.164311	2.427256	1.150607
-0.936718	2.382519	0.543706	0.728587	0.564667	1.651206	0.010701	3.171316	3.246229	1.890077
1.168497	1.817537	-0.024785	1.442931	0.541898	1.442414	0.595639	2.577922	3.079864	1.530993
2.754825	0.770912	-0.899227	1.656197	-0.165364	0.960605	0.438256	1.620717	2.228027	0.637988
3.188297	-1.081167	-2.246895	1.291717	-1.164666	-0.031593	-0.367489	0.081669	0.752430	-0.610805
3.712699	-2.306928	-2.818140	0.818224	0.052975	0.535863	-0.936316	-0.265711	-0.518798	-1.297343
2.922117	-1.935021	-2.285847	0.726714	1.214791	0.857628	-0.783687	-0.316756	-0.999195	-1.029952
1.325830	-1.463763	-1.979266	0.673323	0.489113	0.122766	-0.738721	-0.663080	-0.942312	-0.848065
-0.375670	-1.730186	-2.321576	0.198587	0.088094	-1.324306	-1.167824	-0.745853	-1.049126	-1.310455
-1.522787	-1.148034	-2.074444	-0.262052	1.737597	-1.721192	-1.297386	1.014546	-0.831318	-1.880167
-1.899077	0.177137	-1.191618	-0.344847	3.116097	-0.991841	-1.004204	2.530528	-0.207911	-1.915656
-1.732147	1.101342	0.415329	-0.128562	3.767001	-0.323783	-0.623396	2.423012	0.125994	-1.526805
-1.412869	1.172138	1.866872	0.095267	3.058231	-0.350090	-0.186495	0.914612	-0.206928	-1.190288
-1.167597	0.620918	3.062961	-0.117278	0.757995	-1.228134	1.295846	-1.780713	-1.248157	-1.069686
-1.039410	-0.209386	3.557921	-0.730373	-1.407151	-2.309131	2.654914	-4.737960	-2.631931	-1.018097
-0.988993	-1.229555	2.675770	-1.200041	0.370017	-2.397490	2.535756	-5.658957	-3.420090	-1.045754
-0.989493	-0.962243	0.948227	-1.046662	2.698572	0.112580	1.446946	-1.807607	-1.801976	-0.731877
-1.025785	2.203981	0.259952	-0.064995	4.043963	2.725212	0.400378	2.741501	1.289221	0.532536
-1.061103	4.119234	1.112008	0.864553	4.303072	3.232207	-0.507242	4.199858	2.841341	1.537200
-1.083786	4.215060	1.388868	1.184325	3.092543	2.598553	-1.216708	3.824728	3.135821	1.547168
-1.078149	2.773724	0.140282	0.766789	0.223142	0.811740	-1.923914	2.299071	2.265938	0.518260
-1.062481	0.334930	-1.540437	-0.141197	-2.478169	-0.929448	-2.404828	1.824845	1.491860	-0.702257
-0.458085	0.034667	-1.123363	-0.508752	1.035649	-0.931701	-1.463315	2.474266	1.357082	-1.362695
2.015558	2.538954	1.222736	1.063309	4.324259	1.543190	1.084319	3.353534	2.117532	-0.385020
3.832623	4.110803	2.656635	3.031126	5.047630	3.050640	2.617392	3.677998	2.826211	1.391248
4.699296	4.525748	2.842737	3.761371	3.860275	3.114636	2.383235	3.227704	2.670215	2.245076
5.003600	4.401539	2.410893	3.600772	2.739188	2.942376	1.287287	2.491922	2.017609	2.568627
4.498214	4.083659	1.837736	3.199875	2.801098	2.673136	0.210485	1.796294	1.464673	2.548220
2.823353	3.020404	0.629397	2.653905	3.103664	1.843976	-0.665305	0.473572	0.905676	1.872100
0.625946	0.596343	-0.878860	1.893153	2.008418	0.227267	-1.350572	-1.550420	-0.079989	0.522346
-1.259374	-3.385763	-2.320443	0.843821	-0.049601	-2.208385	-1.917846	-3.294053	-1.440456	-1.371301
-2.132169	-6.207943	-2.657148	0.362998	-0.490797	-2.213104	-1.176139	-3.011845	-1.896243	-2.736927
-2.067486	-3.833991	-1.404253	0.983264	0.174676	0.488556	0.303476	-1.436164	-1.026815	-1.929282
-1.633588	-0.611059	0.664080	1.553495	-0.310100	1.110370	0.687451	-0.885186	-0.466111	-0.504264
-1.223893	0.730873	2.096967	1.289279	-1.524076	0.433871	-0.139018	-0.560666	-0.162864	-0.192366
-0.976656	0.702184	2.438745	0.388910	-2.677660	-0.965781	-1.473482	-0.712582	-0.039231	-0.838027
-0.878124	-0.100067	2.509228	-0.792420	-3.250988	-3.037683	-2.614177	-1.844862	-0.816245	-2.068119
-0.873011	-1.490415	1.784834	-1.953710	-3.269318	-5.161659	-3.091000	-3.298013	-2.158561	-3.450943
-0.907697	-3.487344	-0.289332	-2.777008	-2.367195	-6.338567	-2.554706	-4.189835	-3.466173	-4.477396
-0.949789	-2.747718	-1.453453	-2.169406	-0.232740	-4.087162	0.332602	-1.181322	-2.884259	-3.946106
0.052033	0.592086	-0.920711	-0.315193	1.363184	-0.932158	2.024256	2.337531	-0.560477	-2.060710
2.520125	3.022812	0.657538	1.840636	2.527502	1.547998	2.691994	3.766629	1.568836	-0.007282
4.110879	4.036600	1.906018	3.454732	3.055918	2.765350	2.804732	4.118231	2.741957	1.475292
4.765467	4.269865	2.456044	4.347670	2.970662	3.215344	2.575619	4.009490	3.262037	2.208856
3.994220	3.506789	1.786661	4.397867	1.422829	2.560357	1.480784	2.845752	2.996384	2.065117
2.209709	2.093352	0.724681	3.687518	-0.642248	0.852072	0.670317	0.292259	1.790777	0.949895
0.125290	0.936174	0.170821	2.513881	-0.774905	-1.291607	1.035988	-3.235051	-0.026891	-0.411251
-1.439048	0.807345	-0.067223	1.306468	1.625849	-2.447726	0.853323	-5.623526	-1.742006	-1.500744
-2.004242	1.485638	-0.065436	0.483852	3.280327	-2.092799	0.208245	-5.041496	-2.545141	-1.954488
-1.831499	2.504257	0.291699	0.155109	3.982889	-0.497319	-0.469454	-0.748026	-1.151144	-1.646019
-1.420743	3.057104	0.554125	0.190642	4.116944	1.178976	-0.862723	3.164766	1.475312	-0.750017
-1.090258	3.038206	0.521653	0.384957	3.969406	2.684514	-0.901789	4.511286	3.141803	0.413297
-0.920824	2.306699	0.074218	0.585992	3.709236	3.531961	-0.484917	4.206005	3.632158	1.513389
-0.875664	0.717407	-0.289942	0.600276	2.267587	3.550483	1.323050	2.432469	3.022285	2.216758
-0.872642	-1.890664	-0.324934	0.144278	-0.547458	2.463971	2.926135	-1.088691	1.372707	2.160840
0.745996	-3.717359	1.066780	-0.562958	-2.923544	0.703717	3.386314	-4.450956	-0.800110	1.363344
2.947369	-2.781429	1.458506	-0.895865	-2.987229	-0.413153	2.441421	-3.010875	-2.092724	0.295214
3.032435	-0.766944	0.879967	-0.928807	-2.549060	-1.313050	0.431015	-1.165019	-2.438134	-0.710757
1.922130	0.891693	-0.095105	-1.162655	-2.371052	-2.007814	-2.118711	-1.223979	-2.878910	-0.953609
0.490764	0.827634	-1.892127	-1.642627	-2.356262	-2.099049	-3.978358	-2.167386	-3.503849	-0.052596
-0.713104	-0.777753	-4.026654	-2.208259	-2.432352	-2.307807	-3.771697	-3.284060	-4.085157	0.770237
-1.367512	-3.560083	-5.773788	-2.732613	-2.500115	-3.279405	-2.696857	-4.115009	-4.513850	0.372858
-1.495440	-6.423772	-6.113213	-2.978795	-2.216981	-4.287688	-1.743971	-4.193448	-4.560604	-1.002203
-1.348229	-8.050914	-5.374978	-3.008320	-2.245070	-5.011777	-1.395705	-3.802156	-4.308479	-2.737880
-1.120505	-6.626640	-3.726270	-2.824986	-1.599209	-4.038347	-1.294720	-1.684327	-2.485451	-3.994638
-0.952255	-2.317382	-1.079263	-2.194925	-1.322102	-2.043018	-1.110029	0.863771	0.160909	-3.799494
-0.881504	0.361451	-0.061137	-1.826558	-1.710043	-1.024132	-1.362060	2.863559	1.698323	-2.886727
-0.862599	1.547483	-0.025987	-1.900348	-2.266233	-0.413890	-1.840245	4.091448	2.660245	-2.034306
-0.888058	1.897888	-0.323960	-2.221656	-2.382490	-0.074654	-1.757198	4.578981	3.179762	-1.481157
-0.906583	2.407023	1.026611	-1.885570	-0.919510	0.452942	1.099561	4.509332	3.298031	-0.682972
-0.930108	2.489003	2.761931	-1.120500	-0.788570	0.784793	3.352745	3.222283	2.663195	0.316089
-0.938350	1.459562	2.725653	-0.884369	-1.414032	0.917617	3.840959	0.847805	1.656348	1.248436
-0.928142	-0.235078	1.782573	-0.768139	-0.698683	0.420679	3.646392	-2.166110	0.431099	1.613509
-0.903641	-0.693126	0.906699	0.230758	0.802803	0.184846	3.413429	-3.303841	-0.078017	1.516952
-0.886688	0.294332	0.628507	1.661285	1.789501	0.111635	2.545251	-2.123258	0.200712	1.057031
-0.888614	1.660229	1.084978	2.820037	2.705137	0.620440	1.496337	-0.522266	0.756541	1.021146
-0.899041	3.024280	1.675369	3.677680	4.275949	1.455811	1.073169	0.704246	1.429603	1.502089
-0.902171	4.091960	2.225864	4.198911	4.921463	1.866819	1.140250	1.135884	1.875238	1.769718
-0.901616	4.302833	2.355910	4.083905	4.834480	1.615445	1.792741	0.490559	1.539662	1.538385
-0.907744	4.303242	2.750895	3.844329	4.948524	1.692789	3.433104	0.038137	1.216355	1.448401
-0.924455	3.928038	2.683825	3.961108	4.807619	2.159869	4.008410	0.276361	1.471667	1.948762
-0.932815	2.672217	1.571779	3.962832	3.097058	2.048151	3.128887	0.039350	1.459010	2.708196
-0.918176	-0.377242	-1.065303	3.274523	-0.286268	0.701435	0.829283	-1.273666	0.466990	2.575382
-0.893966	-5.340563	-4.924760	1.976693	-4.139915	-1.749108	-2.274041	-3.033580	-1.207749	1.155220
-0.883141	-10.046836	-8.470349	0.347707	-5.811981	-4.149649	-4.707460	-4.437622	-3.044764	-0.846491
-0.889593	-14.027589	-9.373022	-1.280038	-4.860634	-5.432407	-5.084435	-4.406117	-4.140529	-2.501153
-0.898273	-10.809012	-6.107577	-2.610342	-3.353572	-4.612707	-3.834464	-1.998146	-2.701933	-3.436521
-0.911623	-4.192594	-1.541246	-3.473067	-2.377947	-3.659898	-2.464213	-0.753758	-1.051871	-3.627632
-0.913079	-1.568426	-0.420010	-3.864145	-2.009792	-3.688800	-1.707848	-1.024780	-0.838179	-3.626317
-0.915607	-1.414934	-1.063678	-3.920378	-2.042606	-3.880879	-1.538853	-1.569820	-1.078299	-3.640586
-0.914102	-2.441752	-2.086501	-3.816007	-2.222987	-4.026352	-0.449346	-2.608172	-1.845841	-3.397709
-0.895074	-3.809015	-2.756987	-3.658449	-2.283617	-3.842896	0.886386	-3.628694	-2.899579	-2.562711
-0.887408	-3.900443	-2.336635	-2.878129	-0.615754	-1.910977	1.124415	-3.346055	-3.220567	-1.643966
-0.898717	-1.531002	-0.981279	-1.003168	2.114680	1.074715	1.064649	-1.774610	-2.015633	0.191918
-0.910526	0.231894	0.015958	0.549410	3.623822	2.989405	0.508369	-0.385113	-0.898666	2.432687
-0.918427	1.484652	1.615767	1.140270	2.949982	3.539180	-0.475881	1.584629	-0.206042	3.795409
-0.915591	1.705668	1.695320	0.807046	0.765094	2.710126	-1.717170	2.759269	-0.033699	3.727722
-0.865992	1.692484	1.043046	0.396100	-0.411841	1.205795	-1.884165	3.493860	0.307668	2.363996
0.982989	2.528079	0.915182	1.022359	0.471550	0.624109	-0.300653	4.335023	1.468087	0.618465
3.283475	3.291259	1.688373	1.992487	0.785115	0.994174	0.884862	4.477095	2.353682	-0.392650
4.548492	3.458393	2.889415	2.376371	0.510420	1.184234	0.931417	3.736966	2.282599	-0.615711
4.585951	3.573567	3.413276	2.214916	-0.211791	1.243189	0.290745	2.301382	1.628455	-0.043155
3.244071	3.060004	2.550791	1.513417	-1.466389	0.451186	-0.915641	-0.471607	0.295451	0.766306
1.241924	1.224136	0.126460	0.399077	-2.522483	-0.670303	-2.178014	-4.123467	-1.537775	1.294347
-0.643942	-2.424590	-3.991021	-0.858831	-2.963494	-1.142461	-2.931641	-6.873364	-3.375319	1.690700
-1.709765	-7.251260	-8.600946	-1.999473	-2.858741	-0.384591	-3.006028	-7.105251	-4.718365	2.144364
-1.871469	-11.374215	-10.615203	-2.840454	-2.536602	-0.268803	-2.640579	-5.555840	-5.319894	2.364488
-1.573137	-8.798743	-6.845432	-2.876355	-0.839506	-0.365678	-1.684081	-3.419745	-4.776695	2.264919
-1.204131	-1.724232	-1.665810	-1.225254	1.381202	0.557362	0.041000	-1.066440	-2.502556	1.864467
-0.843165	1.745170	0.732042	0.941985	3.450519	2.106651	1.241411	0.224386	-0.309797	1.577462
0.342550	2.539698	1.628035	2.211506	4.435857	3.094159	1.366345	0.700857	0.642838	1.562076
0.473863	2.412436	2.582455	2.572941	4.625417	3.137750	0.768978	0.250539	0.648184	1.566128
0.056909	1.753912	3.169448	2.355351	3.905882	2.169347	-0.171315	-0.821365	0.083618	1.050580
-0.473566	0.484189	3.189134	1.632685	1.495013	0.006742	-1.361914	-2.378107	-0.992026	-0.183729
-0.848797	-1.172282	2.839394	0.503324	-1.989617	-3.209151	-2.419084	-3.858905	-2.388329	-1.956549
-1.032101	-2.551915	2.368287	-0.777891	-4.593154	-6.419908	-2.931210	-4.657047	-3.699765	-3.742317
-1.063601	-2.410249	1.817086	-1.505034	-2.728177	-5.604565	-2.197760	-3.863139	-4.005289	-4.492554
-1.025497	-0.945071	0.711338	-0.918299	-0.736680	-2.848298	-0.670422	-2.125062	-2.744040	-3.512316
-0.978571	-0.012230	0.334634	-0.389175	-0.595627	-2.229008	-0.320861	-0.452407	-1.856940	-2.502146
-0.940155	0.857888	1.181075	-0.500825	-1.233269	-2.561274	-0.880556	1.600036	-1.307483	-2.272965
-0.902290	1.103903	1.068681	-1.060850	-1.713516	-3.099835	-1.731150	2.776253	-0.923549	-2.622315
-0.875970	0.895862	0.100751	-1.595350	-0.102130	-2.878145	-2.079484	3.284865	-0.526380	-2.998401
-0.876328	0.652906	-0.252126	-1.902227	-0.103269	-2.313757	-0.405174	3.312868	-0.225013	-2.763983
-0.893174	0.943047	1.648399	-2.198093	-0.953827	-1.826983	2.069045	3.103150	-0.169244	-1.860652
-0.919241	1.596959	2.977902	-2.527546	-1.933262	-0.740221	3.471253	3.331821	0.538608	-0.640678
-0.945743	1.894150	2.982446	-2.841419	-2.572882	0.089395	3.917421	3.543253	1.796124	0.373716
-0.945905	1.795017	2.357747	-3.096124	-2.703705	0.579251	3.822495	3.717156	2.695385	0.907511
-0.933315	1.764831	1.909275	-3.270589	-2.518006	1.033423	3.500179	3.974487	3.219880	1.177777
-0.947782	1.501049	1.515133	-3.366347	-2.283485	0.856931	3.185349	3.424127	3.269949	1.170165
-0.964973	0.238154	0.531963	-3.401174	-2.109883	-0.177113	3.019421	1.409935	2.397108	0.788981
-0.979697	-1.778372	-0.794885	-3.209484	-1.242875	-1.272691	2.683206	-1.714910	0.785882	0.115707
-0.975403	-2.313377	-1.643763	-2.040436	-0.093177	0.267060	1.693096	-2.320219	0.425744	-0.091230
-0.959938	-1.951457	-2.524316	-1.021513	-0.407610	1.760828	-0.185617	-0.863810	1.144791	0.270516
-0.939050	-1.755324	-3.385633	-0.792006	-1.207646	2.424963	-2.334818	0.490885	1.842750	0.641588
-0.935320	-0.953252	-2.996779	-0.617140	0.045462	2.884633	-2.882413	1.582246	2.529726	0.958957
-0.946414	1.179924	-0.762605	0.693498	3.461830	3.496118	-0.712153	2.401054	3.309226	1.632248
-0.962343	2.784299	1.111204	2.570537	5.323301	3.852220	1.621340	2.358082	3.526783	2.447219
-0.971261	3.013511	1.511508	3.690098	5.320688	3.659853	2.309428	1.381948	3.052379	2.825715
-0.969711	1.663770	0.349828	3.597352	3.362362	2.251094	1.362687	-0.742265	1.674436	2.135854
-0.980449	-1.369476	-2.071348	2.651695	-0.006858	-0.506998	-0.495401	-3.238830	-0.338341	0.309308
-0.996612	-4.263200	-3.619471	1.579058	-2.757795	-2.776895	-1.006198	-2.767642	-0.929789	-1.739298
-1.027927	-5.489491	-3.091705	0.474045	-4.137711	-3.246319	0.930035	-1.987861	-0.836942	-2.514725
-1.032524	-5.258813	-1.742670	-0.696681	-3.791061	-2.567032	2.815202	-2.252558	-1.428280	-1.788952
-1.016530	-4.314844	-0.698235	-1.779833	-2.826067	-0.917019	3.713357	-2.992868	-2.491963	-0.485540
-1.006820	-3.490010	-0.326460	-2.619889	-1.981620	0.615918	3.758781	-3.730928	-3.599875	0.693058
-1.022136	-2.734262	-0.779525	-2.950778	0.998683	1.603446	2.536404	-2.551255	-3.991354	1.227729
-1.034565	-0.928891	-1.169652	-2.365127	3.420359	2.414674	0.503065	0.719813	-2.617251	1.369655
-1.042582	0.090897	-1.743905	-1.348331	3.601146	2.227135	-1.577841	1.420752	-1.243916	1.184137
-1.058588	-0.600807	-2.996957	-0.832542	1.892229	0.628296	-3.146107	0.241266	-1.160425	0.206165
-1.071391	-2.141714	-4.223526	-0.960578	-0.861154	-2.131171	-3.622856	-1.957236	-1.965032	-1.472913
-1.091880	-2.919532	-4.377076	-1.479581	-3.329317	-3.994549	-3.186377	-4.303318	-3.093714	-3.164814
-1.092356	-1.639864	-3.143331	-2.122378	-4.103675	-2.654053	-2.475428	-5.644371	-4.106163	-3.626202
-1.080714	0.329198	-1.678732	-2.689629	-3.446468	-0.580389	-1.951688	-5.478332	-4.688904	-2.710725
-0.525621	1.643369	-0.700556	-3.057537	-2.302759	1.024600	-1.712786	-2.896133	-3.525702	-1.309868
1.915930	2.220031	0.718597	-2.816437	-0.799635	2.025727	-1.295258	0.866150	-0.683577	0.098592
3.608875	2.902641	2.684977	-1.873936	0.144249	2.339238	-0.725532	3.120925	1.902676	0.974046
3.320219	3.698755	3.969633	-0.868262	1.878123	2.157642	-0.180563	3.535947	3.125527	1.157439
1.995749	4.113865	4.498625	-0.081630	3.604902	1.791378	0.628970	3.040337	3.486801	0.981846
1.980860	4.069432	4.509817	0.803697	4.623979	1.885107	1.108483	2.826396	3.671022	0.802200
3.133070	4.071001	4.436377	2.276039	4.604640	2.300543	1.833586	3.043067	3.775398	1.101474
3.729804	4.050756	4.304530	3.650305	4.022545	2.738021	2.365873	3.125693	3.652902	1.720699
2.816262	3.619154	3.918744	4.302330	2.546851	3.135135	2.158382	2.410329	3.223417	2.689679
2.355001	2.475631	3.192169	4.023098	0.282555	2.891500	0.926031	1.303578	2.435297	3.220618
1.842317	0.815910	2.409393	3.144238	-1.801057	1.671787	-0.723835	-0.083277	1.193203	2.590247
0.652112	-0.674191	1.987631	2.153801	-1.101534	0.341424	-1.603782	-1.604059	-0.161329	1.019669
-0.585767	-0.589178	1.436463	1.926658	0.940556	0.648584	-0.685269	-1.842873	-0.509123	-0.190993
-1.421825	0.343018	0.438496	2.323346	1.808096	1.563680	0.577045	-0.591659	-0.003681	-0.195412
-1.721968	0.786726	-0.923694	2.305238	0.906977	1.917078	0.962653	1.345672	0.319333	0.363256
-1.650413	0.671984	-0.904088	1.575821	-0.740486	1.415683	0.376420	1.999084	0.065017	0.565153
-1.461312	-0.073316	0.335773	0.398359	-2.232639	-0.384666	-0.906543	0.819438	-0.897685	-0.191461
-1.294435	-1.799351	0.143372	-0.910381	-2.884981	-3.181302	-2.230954	-1.565786	-2.286012	-1.731825
-1.227938	-4.149835	-1.288854	-1.912427	-1.792260	-5.863065	-2.715084	-4.064489	-3.469556	-3.455690
-1.136913	-3.776811	-2.040233	-1.361557	0.742709	-5.350789	-1.216069	-3.916656	-2.876172	-4.148678
0.877959	0.782855	-0.498714	0.646582	2.634303	-1.867605	0.894455	-0.720474	-0.697780	-2.937968
2.802182	3.659305	1.305738	2.443639	2.765475	0.575514	1.903635	1.728485	1.127761	-0.826159
2.600174	4.167925	1.598916	2.888745	1.312275	0.787907	1.290682	2.033858	1.481247	0.419559
1.366831	3.977608	1.216144	2.251135	-0.899926	0.728321	-0.348686	2.769069	1.812720	1.237114
1.256576	3.442759	0.735562	1.096990	-2.104910	0.676161	-1.313076	3.610939	2.225599	1.696951
2.629630	2.499524	0.143427	0.175320	-1.460862	1.226264	-0.974645	4.060160	2.674571	1.882370
3.762516	1.153846	-0.654047	-0.155413	-0.379434	1.794258	-0.474242	3.764989	2.896312	2.312539
3.916975	-0.552013	-1.642020	-0.069159	0.082118	1.465279	-0.259505	2.611066	2.377384	2.201786
