X1	X2	X3	X4	X5	X6	X7	X8	X9	X10
-1.971875	-6.771560	-5.719321	-2.920111	-1.937135	-7.016436	-2.264471	-5.833191	-4.546983	-6.559935
-1.964728	-6.523493	-5.563852	-2.939362	-1.950002	-5.840060	-2.270858	-4.315989	-4.244314	-5.891987
-1.969184	-5.376723	-4.818430	-2.872682	-1.941740	-4.036127	-2.243019	-1.323421	-3.055137	-4.621527
-1.970424	-3.673176	-3.701458	-2.536220	-1.594112	-1.488925	-2.125727	0.653096	-1.488816	-2.102281
-1.956825	-2.274031	-2.800641	-2.206933	-1.029059	-0.315458	-1.977381	1.368158	-0.330615	0.057879
-1.926639	-1.603875	-2.201635	-2.039658	-0.593712	-0.172321	-1.360255	1.307623	0.038170	0.861838
-1.896906	-1.222125	-1.496155	-2.178135	-0.562439	-0.267650	-0.354883	1.359868	0.032899	0.947352
-1.392892	-0.940985	-0.746712	-2.453620	-0.897826	0.451135	-0.075912	1.529506	-0.043105	0.727010
1.285860	-0.021034	0.927310	-1.973048	-1.166476	1.688037	-0.181713	2.050795	0.207631	1.008295
2.728197	1.253735	2.686723	-1.088821	-1.116979	2.291256	0.468543	1.821259	0.487009	1.495801
3.748928	2.480828	3.842929	-0.253014	-0.847239	2.634925	1.828724	1.077099	0.348435	2.021727
4.253569	3.167729	4.042418	0.433422	-0.459020	2.733288	2.718947	0.383066	0.047271	2.321629
3.560128	3.200014	3.621062	0.619807	-0.171324	2.745064	2.521931	0.647048	-0.023508	2.549424
1.278950	2.713574	2.781565	-0.082384	-0.286511	2.540633	1.525080	1.192725	0.067955	2.647689
-1.952746	1.601034	1.155985	-1.288977	-0.766686	2.259257	0.184641	1.427642	0.055743	2.606605
-4.131823	-0.293718	-1.542774	-2.457507	-1.360016	2.101284	-1.072476	1.585802	-0.077627	2.525823
-0.918130	-1.998097	-3.971140	-2.534465	-1.664273	2.166127	-1.764092	1.744495	-0.030243	2.383600
1.081325	-1.454469	-3.398732	-1.837628	-1.532104	1.875895	-1.837305	1.450276	0.020681	1.812341
0.897773	0.162939	-0.635578	-1.706342	-1.410518	1.133040	-1.853833	0.266250	-0.430384	0.728153
0.441004	0.947454	1.371179	-1.973998	-1.468775	-0.016859	-1.952078	-1.511326	-1.469938	-0.635178
1.963451	1.155191	2.287455	-1.548458	-1.398363	-0.210769	-1.794888	-2.064321	-2.252982	-1.577410
3.551208	1.376449	2.333318	-0.519537	-1.015131	0.938141	-1.323395	0.039852	-1.615644	-0.559810
4.378779	2.014022	2.065875	0.367884	-0.511055	1.291853	-0.815672	2.089099	0.014185	0.576994
4.473287	2.620516	1.772686	1.275975	0.019002	1.366559	-0.291003	3.157723	1.476315	0.854911
3.140939	2.862849	1.612350	2.661415	0.878677	1.534883	0.576271	3.400786	2.460334	1.310246
0.340201	2.606554	1.297309	3.538571	1.722256	1.090792	1.352698	2.595638	2.619275	1.338702
-3.032529	1.930368	0.811349	3.883871	2.249690	0.381191	1.814435	1.095686	2.125727	0.943238
-4.951850	1.064001	0.378592	3.926652	2.461626	-0.164834	2.017803	-0.468965	1.349590	0.452927
-1.604710	0.479633	0.246514	3.634957	2.396497	-0.079243	1.982253	-0.175476	0.905509	0.144173
2.563636	0.062234	-0.061035	2.777017	1.936158	-0.145005	1.564338	0.341199	0.693601	-0.223106
3.340812	-0.560064	-0.847401	1.376356	1.125666	-1.011678	0.828026	0.389252	0.295518	-0.949703
2.125199	-1.030550	-0.990925	-0.563372	0.038233	-2.515116	-0.159966	0.842518	-0.172305	-2.179546
-0.207050	-0.738978	0.226010	-2.512389	-1.072839	-4.012074	-1.159983	1.364304	-0.454861	-3.528521
-2.650348	-0.182660	1.432235	-3.853081	-1.932896	-5.510950	-1.952284	0.897860	-0.819951	-4.731605
-1.752873	0.057772	1.872389	-3.961000	-2.331489	-5.435016	-2.349023	-0.256155	-1.534509	-5.449439
1.970530	0.284572	1.544439	-2.401648	-2.037738	-0.658013	-2.111762	-0.862931	-1.923648	-3.362091
4.125342	0.621399	0.954430	-0.605988	-1.293050	2.073987	-1.503417	-0.321476	-1.552503	0.330572
4.105637	0.660178	0.191138	0.235945	-0.636077	2.563363	-1.018477	0.003759	-0.864390	1.713364
2.313234	-0.222295	-1.475096	-0.175828	-0.520008	1.713885	-1.030177	-0.651113	-0.670676	1.299614
1.085273	-1.566167	-3.310849	-0.440970	-0.214251	1.141980	-1.129714	-0.468235	0.176563	0.378782
2.079602	-1.722176	-2.997403	0.798987	1.509743	1.638305	-0.587115	0.597023	1.726630	0.458061
3.521919	-0.580121	-1.025219	2.251529	3.512880	2.371304	0.285454	1.118001	2.499415	1.548762
4.380306	1.202071	1.047842	3.220265	4.613840	2.820196	1.050940	1.253042	2.516741	2.706240
3.771781	2.707895	2.528576	3.798941	4.643133	2.811666	1.653073	1.374895	2.464798	3.222602
1.567828	3.440764	3.391458	3.802024	3.913437	2.128390	1.856870	1.349939	2.586621	2.837666
-1.597249	3.487347	3.548763	3.669404	2.952908	1.045165	1.885089	0.928469	2.364501	1.931406
-4.144401	2.980266	2.832873	3.229079	2.359976	0.285507	1.702680	1.303848	2.004430	0.859551
-4.494154	2.337226	1.864532	3.244944	2.835166	0.749784	1.657552	2.093821	1.895274	0.466924
-2.912921	2.221477	1.475890	3.438344	3.344123	0.835858	1.772291	2.055457	1.891255	0.491636
1.086011	2.366187	1.420827	3.148050	3.174468	0.561433	1.664982	1.411713	1.542332	0.348282
2.808413	2.001569	0.773263	2.124299	2.301018	0.265923	1.167631	0.404665	0.767167	0.550830
2.180991	0.769718	-0.520950	0.326018	0.903984	-0.032810	0.913758	-1.248910	-0.579099	1.245750
0.381333	-1.319865	-2.035647	-1.782136	-0.643907	-0.672013	0.728987	-3.156474	-2.320332	1.644317
-1.744237	-3.970518	-3.326740	-3.513418	-1.918893	-2.156632	0.071426	-4.772574	-4.016179	1.006061
-3.090626	-6.573568	-4.431299	-4.311414	-2.642654	-2.144366	-0.829559	-4.972066	-4.481374	0.409888
-3.096692	-7.286603	-4.431773	-2.606846	-2.403642	-0.338760	-1.234767	-3.649927	-2.723741	0.850345
-2.349235	-4.362386	-2.167773	0.721111	-0.992081	1.191640	-0.212305	-2.535318	-0.723907	1.961409
-1.616423	-0.759470	0.519672	2.823282	0.633657	1.561914	1.562791	-1.947086	0.441962	2.470369
-1.223521	1.091261	1.640884	3.684758	1.745142	1.192313	2.440625	-1.735361	0.862920	2.107050
-1.164288	1.637107	1.651086	3.905456	2.262980	0.544378	2.559626	-1.737532	0.842679	1.339979
-1.290372	1.574028	1.161577	3.846054	2.378761	0.311019	2.362778	-1.456693	0.896591	0.624446
-1.435361	1.358032	0.706616	3.696251	2.308552	0.639776	2.112848	-0.592496	1.656781	0.407775
-1.527805	1.169997	0.943566	3.087662	2.018763	0.107987	1.712464	-0.616184	1.959444	0.166704
-1.556166	0.718068	1.343643	1.472495	1.175068	-1.091597	0.819349	-1.519522	1.224170	-0.230285
-1.527001	0.100481	1.579676	-0.796600	-0.073249	-2.185051	-0.359492	-1.852809	0.424977	-1.024322
-1.471743	-0.196519	1.762096	-3.018007	-1.339387	-2.165269	-1.474107	-0.145551	0.740847	-1.927574
-1.424795	0.126812	1.871069	-3.960123	-2.187833	-1.389275	-2.170248	1.925382	1.856768	-2.411311
-1.413773	0.598919	1.444861	-2.488972	-2.079394	-0.891139	-2.012803	2.854159	2.496907	-2.186064
-1.422634	0.506706	0.098658	-1.578544	-1.686262	-1.258853	-1.799228	3.145926	2.489167	-2.242517
-1.433030	0.062132	-1.288868	-1.659448	-1.558986	-2.449357	-1.862413	2.722686	1.882532	-2.801862
-1.443643	0.037077	-0.697729	-1.978172	-1.663978	-4.157155	-2.033788	1.261865	0.528015	-3.748888
-1.442861	0.554312	1.265883	-0.479364	-1.272342	-3.256363	-1.521157	-0.551370	-0.933471	-3.609832
-1.434977	1.310042	2.596847	1.683360	-0.163800	-1.395426	-0.373927	-2.018413	-1.576563	-2.111925
-1.428029	1.381697	2.427465	2.341849	0.930298	-0.769287	0.319274	-2.938906	-1.629094	-1.175739
-1.409206	1.059981	1.642955	2.121972	2.151339	0.169352	0.419357	-1.469147	-1.189178	-0.653539
-1.388392	0.581787	0.393024	1.431176	3.021516	1.001194	0.322843	0.544635	-0.346628	0.538719
-1.390720	-0.279699	-1.046606	0.028394	2.705804	1.125605	0.579704	0.701778	0.006869	1.737897
-1.401775	-1.620812	-2.677312	-1.709806	1.433310	0.515650	0.480694	0.384399	0.475557	1.772123
-0.614540	-3.018920	-4.040295	-2.418055	-0.120421	0.312855	-0.018548	0.329799	1.366463	0.940809
2.247439	-2.534921	-2.980506	-0.357805	-0.719531	2.101270	-0.008510	1.246380	2.621059	1.039143
4.230021	-1.025767	-1.182824	1.108946	-0.479993	2.904125	0.102797	1.801466	3.276979	1.528816
5.021415	-0.132184	-0.404280	1.481901	-0.125951	2.658752	0.033609	1.665293	2.950267	1.517965
4.219590	-0.102148	-0.673058	1.041465	-0.040639	1.433657	-0.248076	0.955646	1.907549	0.735179
1.768088	-0.999162	-1.965328	-0.210104	-0.426379	0.333083	-0.836017	-0.159390	0.602088	-0.338908
-1.727925	-2.586588	-3.839494	-1.795331	-1.118583	-0.184744	-1.544323	-0.715531	-0.824472	-1.136816
-3.446437	-3.913121	-5.043091	-3.048209	-1.808453	-0.781810	-1.957630	0.348406	-1.654526	-1.678530
0.458234	-3.485691	-3.478198	-2.760278	-2.041295	-0.320717	-0.879649	1.268091	-1.473827	-1.058729
3.684932	-1.671236	-1.001768	-1.292505	-1.652795	0.193789	0.367391	1.392352	-0.876838	-0.239379
5.020243	0.739754	1.008990	0.976529	-0.668588	1.848450	1.057420	1.362088	-0.113113	0.698192
4.666198	2.496993	2.256818	2.433935	0.512413	2.568745	1.380789	1.044088	0.594876	1.630736
2.545316	2.919633	2.118596	1.949537	0.785050	1.514106	0.899798	-0.205357	0.350838	1.167990
-0.876727	2.294522	0.675737	0.364250	0.175611	-0.636346	-0.110071	-0.888127	-0.591733	-0.406963
-4.114905	0.682859	-1.868386	-1.417139	-0.804518	-2.090668	-1.166801	-0.903121	-1.513144	-1.963050
-4.985745	-1.435090	-3.978979	-0.906428	-1.158820	-2.001619	-1.325644	-1.232987	-1.908519	-2.396002
-3.574039	-2.840623	-3.797568	0.656917	-0.601707	-1.725951	-0.709693	-1.716391	-1.648843	-1.882081
-1.867599	-3.535998	-2.924032	1.242756	-0.105347	-2.019193	-0.341991	-2.409829	-1.503891	-1.854911
-0.888362	-2.756767	-1.519710	2.115983	0.456123	-1.212570	0.168427	-2.612170	-1.178763	-1.414461
-0.625595	-0.378905	0.384921	2.954101	1.109566	-0.142477	0.972564	-2.386266	-0.597865	-0.485793
-0.784605	2.009816	2.279219	3.457080	1.650130	0.758815	2.189920	-2.048974	-0.027107	0.774059
-1.108397	3.180432	3.115149	3.656413	1.966633	0.914886	2.783595	-1.793366	0.342384	1.289320
-1.374306	3.618816	3.461395	3.732695	2.182092	0.927808	2.800679	-1.613810	0.520206	1.269703
-1.497981	3.845006	3.882923	3.809370	2.546428	0.900116	2.613995	-1.457916	0.626433	1.164964
-1.492726	3.843241	3.880037	3.742475	2.671507	0.625532	2.320942	-1.425998	0.627328	0.897104
-1.415844	3.504275	3.322663	3.072523	2.323594	0.421253	2.247784	-1.645424	0.401496	0.733436
-1.341547	2.781328	2.638486	1.383098	1.294851	1.159030	2.175406	-1.520753	0.349482	0.904463
-1.292530	2.145180	2.319489	-0.940224	-0.148967	1.057416	1.437250	-1.258760	0.660084	0.687589
-1.280891	1.840113	2.253477	-3.174949	-1.562597	-0.560576	0.212373	-1.179100	0.397421	-0.525151
-1.293505	1.699852	1.748468	-4.332746	-2.527933	-2.983548	-1.040337	-0.923881	-0.339434	-2.311777
-1.023308	1.435877	0.912833	-2.107113	-2.283473	-3.199412	-1.374892	-1.116937	-1.031848	-3.155219
1.594175	1.552800	1.324595	1.624350	-0.658963	-0.392494	-0.412709	-0.559646	-0.791425	-1.717238
3.903889	2.265205	2.810596	3.873209	1.257862	2.006958	0.987580	0.706505	0.501036	0.557022
4.964873	3.173276	4.007785	4.719889	2.553657	3.523845	2.009007	2.104329	2.354253	2.377293
5.214364	3.718359	4.366837	4.393661	2.849879	3.747856	2.198313	2.492703	3.267730	2.990352
4.814981	3.453841	3.567482	3.233450	2.255554	3.028803	1.741456	2.102354	2.987424	2.576378
2.891456	2.309803	1.486199	1.290703	1.081280	1.012975	1.198609	0.877728	1.779032	1.423446
-0.397096	-0.209276	-2.352377	-1.214525	-0.381962	-3.088028	0.313670	-1.046019	-0.293454	-0.663503
-3.741608	-3.576783	-6.231713	-3.514530	-1.732807	-8.299330	-0.777845	-3.147816	-2.850812	-2.993630
-4.966007	-5.185460	-10.408935	-4.809405	-2.630718	-11.693400	-1.781743	-4.810562	-5.203962	-5.010130
-3.274491	-8.741705	-12.077870	-4.823452	-2.936211	-9.656221	-2.467469	-5.560176	-6.563298	-6.211816
0.146110	-9.979749	-6.073013	-3.634098	-2.706822	-2.214142	-2.645137	-4.678044	-6.225576	-4.993478
1.023176	-5.374218	-0.253776	-2.672073	-2.328846	0.040939	-2.585279	-3.924929	-5.011668	-2.858821
0.548390	-1.485605	1.961526	-2.457756	-2.150476	-0.603635	-2.529304	-3.826968	-4.117303	-2.267745
0.032367	0.721992	2.864381	-2.564518	-2.160394	-0.772578	-1.623317	-3.856522	-3.742220	-1.911035
-0.444196	1.750869	3.297293	-2.626927	-2.200735	1.010057	0.154745	-3.772445	-3.618915	0.266921
-1.090861	1.855030	3.055306	-2.814522	-2.277976	2.427987	1.620879	-2.877725	-3.552663	2.487760
-1.549230	1.346810	2.085049	-3.049928	-2.382125	3.162656	2.439608	-0.336944	-2.841155	3.614905
-1.693299	0.515794	0.635038	-3.138224	-2.466435	3.369044	2.668570	1.556059	-1.666462	3.980391
-1.586089	-0.100484	-0.676672	-1.412324	-2.019206	3.312463	2.344931	2.680559	-0.262935	3.718288
-1.413412	0.608962	0.338946	1.329742	-0.580568	3.483905	1.961723	3.575283	1.576163	3.289602
-1.188879	1.965137	2.424159	2.674462	1.548282	3.481369	1.570805	4.101381	3.247468	2.909957
1.103959	2.781092	3.516661	2.956979	3.288929	3.263401	1.141409	4.324271	4.077516	2.414699
3.535161	3.281782	4.039860	3.459579	4.437027	3.320114	1.140053	4.552293	4.262355	2.369481
3.658557	3.764410	4.405982	3.998670	5.109738	3.375794	1.599299	4.529502	4.086640	3.099814
2.071313	3.716909	4.123841	3.186418	4.666422	2.279377	1.385262	4.083520	3.331374	2.873096
-0.478776	3.100131	3.261944	1.271939	3.105939	-0.010986	0.614187	3.476830	2.022695	1.557044
-2.833308	1.908014	1.761646	-1.236177	0.861718	-3.108265	-0.095059	2.917120	0.480398	-0.319420
-3.698738	-0.244895	-1.012816	-3.526464	-1.435941	-5.244538	-0.903076	1.831380	-1.045412	-2.475312
-3.019925	-3.311175	-4.615461	-3.571607	-2.870098	-1.865278	-1.416027	0.100824	-2.381476	-3.110736
-1.894563	-5.118242	-5.810031	-0.399880	-2.289298	1.149992	-0.860290	-1.432717	-2.584605	-0.667998
-1.118536	-3.421903	-2.488966	2.138609	-0.542207	1.977126	0.842587	-2.319399	-1.732509	1.355221
-0.842162	-1.044911	0.476433	2.371196	0.513598	1.694694	2.318891	-3.007014	-1.142971	2.047448
0.985177	0.049611	1.432841	1.384675	0.455708	1.249404	3.011485	-2.315597	-0.778317	1.942202
3.367145	0.738030	1.657382	0.442027	-0.040415	1.634884	3.196623	1.192925	0.876526	1.944656
3.612250	1.129916	1.202366	-0.335281	-0.568989	1.852472	2.593435	3.305055	2.753371	1.653886
2.107081	0.935474	0.065761	-0.322303	-0.879955	2.060513	1.563336	3.462369	3.637459	1.255996
-0.382045	0.751665	-0.630182	1.199390	-0.404825	2.250064	0.944582	3.025505	3.936786	1.161738
-2.753895	0.915369	-0.262818	2.861484	0.933460	2.728966	0.974221	2.479281	4.006893	1.634407
-3.683891	1.263577	0.567896	3.719862	2.154960	2.613712	1.288464	1.962541	3.954338	1.934539
-3.052435	1.512089	1.335253	3.934045	2.619591	1.911957	1.520000	1.132535	3.507645	1.729833
-1.949597	1.840997	2.349136	3.705626	2.499390	1.135976	1.562132	0.493943	2.859647	1.279139
-1.183178	1.845645	2.768023	2.479510	1.728228	-0.717183	1.039623	-0.401135	1.968922	0.229980
-0.903923	1.262280	2.462931	0.350186	0.397759	-3.884343	0.008444	-1.835809	0.327231	-1.656875
-0.921708	0.067334	1.354747	-2.092683	-1.083664	-7.368831	-1.147789	-3.321701	-1.905423	-3.909314
-0.307913	-1.908746	-0.971747	-3.795953	-2.238108	-8.167648	-1.985334	-4.119366	-4.079726	-5.589599
-0.339082	-3.962371	-3.353152	-3.803702	-2.701542	-5.050379	-1.365330	-4.302032	-5.338547	-4.845576
-0.800268	-4.301907	-2.908415	-2.557965	-2.431788	-1.543334	0.470924	-4.198005	-5.267299	-1.751564
-1.314440	-2.627116	0.020730	-2.043633	-2.111380	0.901748	1.615896	-3.702104	-4.599809	0.980330
-1.633737	-0.836927	1.854987	-2.228431	-2.053409	1.843116	1.398164	-2.850153	-3.873864	1.868442
-1.708550	0.276441	2.439520	-2.692340	-2.199264	2.397514	0.369816	-0.837034	-2.961827	2.323657
-1.626031	0.811952	2.443861	-2.445091	-2.260762	2.167925	-0.740623	-0.023802	-2.002275	2.248605
-1.476256	1.332112	2.545650	-0.590070	-1.646901	1.687913	-1.053295	0.461161	-0.212620	1.702596
-1.373881	1.360336	2.050583	0.000749	-1.100278	0.830005	-1.196176	0.615707	1.473539	0.737588
-1.334309	0.441361	0.256675	-0.630762	-1.112230	-0.935027	-1.565315	0.216075	2.147810	-0.753580
-1.344774	-1.370952	-2.689209	-1.273401	-0.941095	-2.514696	-1.887629	-0.887574	1.610468	-2.389816
-1.381926	-3.361642	-5.416083	-1.090194	0.241606	-2.703432	-1.810894	-2.125871	0.329268	-3.023822
-1.408951	-4.708351	-6.554618	-1.256051	0.852902	-2.479554	-1.797333	-2.967618	-1.422937	-3.179085
-1.420518	-3.280088	-4.573538	-1.898988	0.445068	-2.308792	-2.027681	-1.348066	-2.740942	-3.277991
-1.405452	-0.344524	-1.495739	-2.658857	-0.553579	-2.590850	-2.358040	0.838331	-2.766759	-3.488340
0.399105	1.677395	0.497898	-2.790413	-1.569746	-2.132319	-2.518804	2.392508	-1.684563	-3.536346
1.786718	2.637278	1.429431	-2.054417	-2.045290	-1.632513	-2.313518	2.757714	-0.390717	-2.944439
1.287511	2.718411	1.286165	-1.658218	-1.964453	-2.208606	-2.158029	1.690356	-0.180860	-2.931989
-0.088751	2.444525	0.802937	-0.836883	-0.468300	-1.506651	-1.829572	-0.011371	-0.715098	-2.631434
-1.580152	2.129199	0.484064	0.069734	1.588509	-0.761513	-1.344772	-1.575687	-1.370001	-1.875391
-2.460916	1.322768	-0.342394	-0.037771	2.314174	-1.694344	-1.215132	-3.036971	-2.131532	-1.919311
-2.478650	-0.533030	-2.208926	-0.990266	1.641211	-3.720675	-1.531698	-4.245202	-3.071847	-2.919825
-2.023426	-3.368248	-4.648861	-2.215729	0.205665	-4.685942	-2.036444	-3.797035	-3.183818	-4.079035
-1.540276	-6.262850	-6.476602	-3.245060	-1.387686	-3.564877	-2.499884	-1.823549	-1.372848	-4.428866
-1.245666	-7.962781	-6.833267	-3.796128	-2.624988	-2.288780	-2.813856	-0.456232	0.711787	-4.071213
-1.193675	-7.686230	-6.032484	-3.909291	-3.244909	-1.755762	-2.986517	0.141596	1.913703	-3.593760
-1.272766	-6.066666	-4.920801	-3.728439	-3.275803	-2.072167	-3.043926	0.835024	2.027974	-3.508739
-0.091143	-3.546029	-3.316324	-2.402767	-1.938819	0.343789	-2.692485	2.277579	1.973738	-2.502532
2.384687	-0.526129	-0.567514	0.183406	0.843251	2.388012	-1.609572	3.296924	2.645542	-0.035632
2.515830	1.180048	1.051666	1.746983	3.097046	2.772633	-0.557233	3.167501	3.221143	1.348504
1.157200	1.320022	0.897793	1.831657	3.888245	1.954371	-0.157685	1.966506	2.875035	1.363288
0.422637	0.247593	-0.676121	0.851522	3.211372	0.213622	-0.447400	0.174803	1.521423	0.667060
2.138592	-1.329726	-2.621473	0.153539	1.895125	-0.864186	-0.784273	-0.817551	-0.230802	-0.223319
3.831358	-2.071932	-3.073543	0.796909	1.568332	0.303746	-0.575017	-0.548991	-1.297583	-0.218068
4.535286	-1.335741	-1.688918	1.939638	2.563970	1.555240	0.013870	0.181137	-1.134942	0.492114
4.650250	0.206459	0.086526	2.714055	3.739687	2.374524	0.555379	0.729293	-0.341324	1.175459
4.052770	1.343737	1.194121	3.036846	4.468047	3.397471	1.126712	0.955662	0.413852	2.471431
1.906155	1.661444	1.529628	2.728321	4.652962	3.842161	1.805593	0.329047	0.556812	3.609901
-1.291543	1.630573	1.269222	2.063983	4.480700	3.819758	1.811106	-0.798105	0.075216	3.961574
-4.062431	1.621801	0.841596	1.282550	4.107521	3.179767	1.280652	-2.034871	-0.755560	3.781845
-4.610987	1.323384	0.650313	0.006175	3.104998	1.666227	0.546787	-3.113475	-1.755059	3.114328
-3.318042	1.286275	1.211473	-1.627805	1.390485	-0.716242	-0.409336	-2.795330	-1.691773	1.678524
-1.849471	1.478613	1.404098	-3.092620	-0.614587	-2.992973	-1.431055	-1.462243	-0.283687	-0.430276
-1.029861	1.718102	1.055614	-3.965952	-2.350657	-3.212707	-2.284190	0.885043	1.424144	-2.505856
-0.783484	1.954365	0.898817	-4.180777	-3.377230	-1.984328	-2.838742	2.728511	2.698161	-3.609611
1.108042	1.912677	1.289126	-3.460917	-3.494059	-1.130936	-2.952833	3.031532	2.997203	-3.605208
3.387786	1.813786	2.030661	-1.718650	-2.732563	-0.172034	-2.471830	2.531905	2.392454	-2.662051
4.574541	1.855898	2.747447	0.550889	-1.382566	0.767055	-1.434192	1.898628	1.430228	-1.124579
4.183531	1.839309	3.002305	1.438738	-0.315636	0.384187	-0.663290	0.960648	0.336986	-0.410057
2.092071	1.308641	2.508623	0.761083	-0.180618	-1.528543	-0.710183	-0.690900	-1.151332	-1.128076
-1.142154	0.012902	0.990634	-0.727394	-0.765065	-4.536413	-1.281997	-2.657090	-2.913410	-2.724547
-4.066250	-2.160407	-1.804349	-2.165095	-1.589663	-7.168436	-1.927150	-4.306133	-4.475532	-4.489443
-4.788706	-3.942574	-4.050378	-1.437163	-1.773436	-5.271172	-1.840559	-4.657219	-4.760913	-4.706350
-3.518739	-3.545108	-2.568403	-0.636019	-1.460609	-4.153745	-1.521395	-4.437115	-4.064669	-4.074558
-2.006836	-2.176715	-0.097559	-0.947398	-1.403507	-4.208449	-1.611949	-4.399064	-3.601587	-3.925621
-1.140265	-1.590112	0.452686	-1.858600	-1.695503	-3.280711	-1.987106	-4.425686	-3.633802	-2.747057
-0.896314	-1.972755	-0.656061	-2.831462	-2.139136	-2.779711	-2.408317	-2.592645	-3.578084	-1.688568
-1.040714	-2.618617	-2.550108	-3.504700	-2.532827	-3.027430	-2.744456	-0.126679	-2.840317	-1.874615
-1.349037	-3.495730	-4.719619	-3.775600	-2.770137	-4.151468	-2.959039	0.131438	-2.298523	-2.912504
-1.484768	-4.714362	-6.601002	-3.758452	-2.854292	-5.627977	-3.065614	-0.890605	-2.488124	-4.330890
-0.420624	-5.678656	-6.899493	-3.304597	-2.769954	-5.252548	-2.646890	-1.986476	-3.019778	-4.951641
0.643449	-5.821236	-5.611508	-2.771433	-2.587568	-4.049863	-2.090041	-2.452602	-3.453758	-4.468034
2.793301	-4.159334	-3.328438	-1.161457	-2.064808	0.411469	-1.509275	0.150730	-2.506770	-1.574704
4.211101	-0.798785	-0.298489	1.782843	-0.639795	2.857255	-0.309761	2.051274	-0.260199	1.409316
4.767194	1.788032	1.762327	3.267008	0.839201	3.317214	0.741861	2.437163	1.292269	2.544896
4.776574	2.816291	2.336394	3.138414	1.393985	2.771655	0.933268	2.082408	1.601443	2.389107
4.515397	3.107364	2.270081	2.738786	1.874173	2.157060	0.827374	1.614185	1.280399	1.823295
4.206200	3.332695	2.491732	3.102935	3.044022	2.338242	1.251481	2.141894	1.231907	1.802045
4.008822	3.526274	2.792832	3.437859	4.166818	2.703865	1.645647	3.377236	1.902830	2.031812
3.958739	3.413768	2.744657	3.331241	4.607986	3.022202	1.628657	4.404213	3.061291	2.183199
4.007678	3.197658	2.928340	3.110863	4.644752	3.261606	1.418021	4.928447	4.005116	2.316125
3.361219	2.971812	3.021801	2.809376	4.529576	3.144680	1.235987	4.698482	4.381814	2.328963
1.245420	2.519055	2.563655	1.740658	3.833698	2.335520	1.371380	3.739363	4.148699	2.018097
-1.305684	1.416149	1.333860	-0.118245	2.267469	0.862407	1.271522	2.229254	3.404915	1.309248
-0.065485	0.032588	0.340341	-1.602043	0.300470	-0.061524	0.634633	0.618186	2.039861	0.996202
2.708416	-0.893384	-0.004364	-1.284048	-1.171414	0.466781	0.013512	-0.272728	0.338949	1.435949
4.274082	-0.595402	0.279402	1.316707	-0.980652	1.958165	0.196361	0.041192	-0.580437	2.425105
3.932530	0.748619	1.146108	3.603893	1.140509	3.116134	1.065067	1.004447	0.375946	3.308424
2.309089	1.795923	1.776614	4.295365	3.383654	3.352943	1.867179	1.621341	2.117397	3.463556
0.877029	2.015567	1.650029	3.904486	4.424195	2.855459	2.095746	1.571564	2.883437	2.977308
-1.076533	1.276861	0.399124	2.454722	4.059364	1.335482	1.531360	0.442462	2.341283	1.948827
-2.662528	-0.467401	-1.641705	0.096150	2.540727	-0.934613	0.363397	-1.370022	0.700204	0.907239
-3.132733	-2.487087	-2.318442	-2.566782	0.372754	-1.595355	-0.993940	-3.271042	-1.722431	0.463447
-2.660750	-3.627588	-1.204063	-4.486454	-1.799220	0.623577	-2.032320	-3.743563	-3.422999	1.092443
-1.965678	-2.963018	0.024677	-3.072187	-2.856169	2.339620	-1.730238	-2.108424	-1.976124	1.986163
-1.495587	-1.217113	0.617106	-0.025748	-2.097737	2.539345	-0.729235	-0.672924	0.554058	2.128840
-1.342574	-0.566144	-0.130357	0.731676	-1.164302	1.956144	-0.438571	-0.784419	1.347518	1.407808
-1.418537	-1.169825	-2.081081	-0.078521	-0.994993	0.640970	-0.905353	-0.947245	1.311265	0.103457
-0.672164	-2.576080	-4.616857	-1.426246	-1.407931	-1.692270	-1.654491	-1.265459	0.848436	-1.725970
2.013588	-3.905529	-6.188902	-1.917983	-1.782437	-3.006738	-2.072276	-1.102221	-0.007500	-3.142205
2.745423	-4.376159	-5.730710	-1.751033	-1.853984	-3.665062	-2.114385	-1.105402	-0.991965	-3.669453
1.929207	-4.552844	-4.795885	-1.851972	-1.905608	-4.467044	-2.184507	-1.716379	-2.146698	-4.121116
0.039536	-4.825430	-4.409100	-2.342169	-2.096707	-4.348027	-2.388700	-2.068519	-2.616019	-4.525857
-2.072168	-4.769847	-3.900884	-2.956323	-2.386595	-2.545526	-2.009079	-1.576094	-1.381044	-3.802586
-3.312720	-3.750919	-2.320041	-2.996831	-2.571036	-0.503125	-0.462337	-0.777194	0.444878	-1.745458
-3.269013	-1.507580	0.072809	-0.780282	-1.945986	1.190284	1.565454	0.059724	1.940087	0.549442
-2.506807	0.565282	1.817477	1.672336	-0.600552	1.730512	3.075512	0.092559	2.412720	1.849491
-1.759394	1.675197	2.493009	2.993242	0.664722	1.711841	3.724129	0.387946	2.140659	2.226835
-1.022136	2.145361	2.532852	3.712482	1.854258	1.727202	3.573977	0.980579	1.743608	2.072274
0.158559	2.376948	2.687559	3.819760	2.838873	1.285399	3.001880	0.848119	1.276374	1.656376
0.121370	2.202054	2.564242	2.638023	2.594055	-0.249663	1.809646	-0.274246	0.224529	0.351048
-0.622517	1.975595	2.350643	0.456783	1.315356	-1.127679	0.202827	-1.966212	-1.481539	-1.236014
-1.515514	1.676140	1.711850	-1.950960	-0.416025	-0.646646	-1.209086	-3.624439	-3.425614	-2.128080
-2.119004	1.331510	1.099631	-1.765397	-1.492169	1.186464	-0.584848	-4.183822	-4.364196	-0.663445
-2.243258	1.145856	1.143661	0.517368	-1.146189	1.804806	1.465349	-3.655604	-3.510220	1.211071
-2.051318	1.035467	1.738737	1.345042	-0.461965	1.139254	2.788078	-3.327643	-2.367398	1.722115
-1.786172	0.717846	1.949392	1.257799	-0.234676	0.203531	3.284341	-3.298487	-1.893451	1.480275
-1.607014	0.608820	1.954399	1.805198	0.091071	0.756779	3.591450	-2.903956	-1.453686	1.574890
-1.560907	0.660253	1.591373	2.548776	0.619459	1.753728	3.430204	-2.370428	-0.883116	1.789539
-1.592538	0.713623	0.902484	3.061190	1.121125	2.584616	2.852253	-1.243170	0.235135	1.939791
-1.647561	0.613658	-0.005894	2.869491	1.281179	2.674192	2.005402	-0.432808	1.399856	1.977155
-1.691942	-0.257606	-1.721807	1.505505	0.692783	1.976249	0.724300	-0.397758	1.689645	1.732871
-1.710447	-1.826822	-3.969546	-0.644791	-0.455106	0.694087	-0.757251	0.024900	1.775330	1.123082
-0.408226	-3.414520	-5.321459	-2.627963	-1.676322	-0.432798	-1.565141	0.564078	1.904349	0.187155
2.436678	-2.946376	-3.048658	-1.231785	-1.847070	0.251273	-0.504133	1.070913	1.928580	0.229656
4.144626	-0.544632	0.212057	1.992987	-0.469677	1.314352	0.973372	1.482222	1.897170	0.879724
4.777507	1.393051	1.999995	3.846727	1.220346	2.130212	2.135821	1.739069	1.864489	1.637265
4.783495	2.431939	2.856519	4.550146	2.332170	2.840787	3.171983	2.122498	1.915821	2.766741
4.480189	2.773104	2.923555	4.715432	2.815152	2.880402	3.510336	2.221463	1.983412	3.128053
4.121385	2.710506	2.567368	4.648152	2.899823	2.677307	3.484619	2.123174	1.987986	2.951624
3.887366	2.505797	2.202962	4.510096	2.808013	2.400563	3.471740	1.970898	1.946994	2.671864
3.831983	2.210495	1.777429	4.387646	2.679971	2.099710	3.226520	1.841835	1.893482	2.252529
3.895922	1.922867	1.425007	4.315317	2.584702	1.900433	2.876093	1.760604	1.850081	1.862176
3.998503	1.715579	1.229185	4.203189	2.511073	1.732846	2.535949	1.695687	1.804006	1.581826
4.076562	1.273610	0.680093	3.465014	2.115783	1.046488	1.931173	1.465466	1.478196	0.992320
4.103069	0.536467	-0.256227	2.194112	1.282225	0.393941	1.137814	1.983059	1.007356	0.184220
4.090088	0.259766	-0.258307	1.143429	0.399358	0.735047	1.190228	2.986828	0.934033	0.272201
4.065349	0.633408	0.694623	0.442618	-0.250307	1.194544	1.947275	3.651225	1.187512	0.963951
3.753170	1.174276	1.549750	-0.000363	-0.667126	1.367352	2.635486	3.917659	1.425519	1.472907
1.998677	1.790444	2.073631	-0.749393	-1.072657	0.768292	2.915705	3.718229	1.336657	1.427702
-0.850904	2.282275	2.411885	-1.901735	-1.637915	-0.460743	2.752251	3.268353	0.838249	0.836324
-3.561014	2.331470	2.468637	-3.030014	-2.243993	-2.382738	1.859184	2.803956	0.158227	-0.506154
-4.508893	1.906968	2.173152	-3.803131	-2.734957	-3.929371	0.419169	2.575317	-0.290768	-2.347765
-3.624916	1.278179	1.797071	-4.123763	-3.031711	-2.848299	-1.130138	2.776222	0.273158	-3.158127
-2.289707	0.645032	1.505933	-4.106392	-3.145768	-1.231204	-2.236621	2.815791	0.825648	-1.955152
-1.311599	0.154689	1.201241	-3.924548	-3.138995	0.979379	-1.719738	2.999860	1.242247	-0.146182
1.113416	0.060307	0.931864	-3.205557	-2.952736	2.556258	-0.002572	3.606272	2.106283	1.492388
3.427630	0.933040	1.338204	-1.740118	-2.411149	3.065937	1.643538	4.281087	3.120816	2.423233
4.474312	2.265315	2.262588	-0.470026	-1.719527	3.243911	2.648798	4.704151	3.814872	3.033794
3.704588	2.994441	2.789152	-0.140443	-1.275598	3.067961	3.049898	4.745471	4.078804	3.406038
1.327286	2.883763	2.411590	-0.565644	-1.304425	2.627514	2.889513	4.533114	3.983694	3.394882
-1.990330	2.400322	1.520327	-0.248124	-1.234747	2.096109	2.234130	4.222726	3.734742	3.164586
-4.523575	1.866001	0.436151	-0.503096	-1.249585	0.703974	1.062171	3.640597	2.963117	2.371967
-2.265286	1.482000	-0.420219	-1.174374	-1.525869	-1.147767	-0.332049	3.200548	1.720186	0.745721
2.142880	1.608478	-0.260660	-1.199562	-1.681312	-0.494704	-1.313792	3.294233	0.700711	-0.448750
4.289399	1.823225	0.364274	-0.675503	-1.549777	2.159513	-1.426398	3.627750	0.891432	0.852235
4.986369	1.725374	0.933144	-0.104874	-1.259403	3.482669	-0.152832	3.541316	1.940051	2.822911
4.939493	1.405313	1.383164	0.254152	-0.985990	3.903504	1.467487	3.088918	2.674261	3.808815
4.495396	1.307440	2.274226	0.877202	-0.680218	3.975555	2.665439	2.301308	2.562838	4.158978
2.885171	1.900120	3.420562	2.189105	0.051257	3.810408	3.553212	1.322518	2.013123	4.210758
-0.139120	2.494213	4.014920	3.041224	0.836266	3.377433	4.024136	0.040804	1.182599	3.888307
-3.508273	2.897632	4.131074	3.373479	1.336988	2.746503	3.889768	-1.123333	0.333710	3.232129
-5.135822	3.250961	4.042363	3.412757	1.539558	1.964707	3.241100	-0.499279	0.449972	2.284558
-4.294512	3.464292	3.841219	3.191735	1.502312	0.945386	2.379734	1.442628	1.450150	1.181212
-2.616551	3.284077	3.322942	2.579769	1.174464	-0.328167	1.435466	2.579141	2.016233	-0.039684
-1.465346	2.490139	1.947180	1.121691	0.397139	-2.246118	0.282924	2.935029	1.861051	-1.570328
-1.041144	1.016347	0.084479	-0.999169	-0.763264	-2.161541	-1.002478	2.910049	1.166363	-2.585566
-0.915047	-0.682013	-0.834434	-3.111617	-1.963018	-0.242307	-2.130930	2.486594	0.198381	-1.190046
1.230742	-1.784627	-0.205913	-3.858676	-2.731688	0.817186	-2.717364	1.685206	-0.653943	0.550556
3.152122	-1.133874	1.333882	-2.133534	-2.556267	1.467584	-2.398654	0.951229	-0.989001	1.702581
2.778241	1.161449	2.939750	0.832154	-1.314604	1.503129	-1.195155	0.138410	-0.723077	2.088132
0.963225	2.809217	3.809615	2.640958	0.114571	1.894053	0.035639	-0.764130	-0.305654	2.296971
-1.509590	3.352843	3.984260	3.350795	1.075006	2.189995	0.894468	-1.518659	-0.025821	2.679321
-3.395236	3.197081	3.657412	2.946803	1.265143	1.529182	1.420168	-2.275470	-0.170468	2.636643
-3.732668	2.291809	2.519385	1.360425	0.544403	-0.720998	1.007489	-3.267495	-1.056973	1.395216
-2.895973	0.284281	-0.061985	-0.950555	-0.721133	-4.693817	-0.054485	-4.211748	-2.475643	-0.965245
-1.963448	-2.190045	-3.560215	-3.286411	-2.055811	-9.330620	-1.293575	-4.885341	-4.007142	-4.027006
-1.412909	-3.710004	-6.212237	-4.849568	-3.064981	-9.887148	-2.361983	-5.234875	-5.218831	-6.079627
-1.247552	-4.322231	-6.720141	-4.787109	-3.103438	-4.546401	-2.943526	-5.171553	-5.710565	-4.332547
-1.356208	-3.383552	-3.253764	-2.665390	-1.143139	-1.114389	-2.676934	-4.595591	-5.091247	-1.815295
-1.561105	-1.669155	-0.100829	-0.329268	1.395684	0.313320	-1.849119	-3.839568	-3.748566	-0.569366
-1.699919	-0.740143	0.629530	0.925063	3.033150	0.819336	-1.085055	-3.297532	-2.528759	-0.121496
-1.745063	-0.362123	0.326490	2.024674	3.869620	1.186917	-0.319734	-2.723439	-1.547782	0.126780
-0.117971	0.381184	0.459252	3.490721	4.467435	2.164678	0.803320	-1.465728	-0.318020	1.163593
2.704016	1.478454	1.325936	4.607073	4.906988	2.931893	1.952261	0.332665	1.090244	2.514302
4.284917	2.201831	1.993477	4.958032	4.751855	2.918280	2.589121	1.454857	2.028467	2.851887
4.828847	2.439146	2.165740	4.899117	4.096151	2.809547	2.766280	1.943174	2.395295	2.795433
4.688732	2.427779	2.216101	4.647072	3.245370	3.158754	2.703838	2.051128	2.390999	3.140840
3.089494	2.067736	1.914862	3.674912	2.173925	3.067009	2.200111	1.345704	1.862758	3.330474
0.001165	0.700256	0.235415	1.585205	0.630726	2.185348	1.042262	-0.229159	0.494689	2.955160
-3.532076	-1.934764	-2.860766	-1.286241	-1.123193	-0.012828	-0.429417	-2.125425	-1.418104	1.837471
-5.225065	-5.446114	-6.625403	-3.851849	-2.599341	-3.989217	-1.756748	-3.889164	-3.496982	-0.333538
-1.374162	-7.649942	-7.151867	-2.256204	-2.364565	-3.309838	-1.831366	-3.561034	-4.193060	-1.970283
2.499650	-3.574283	-1.120879	1.169786	0.301412	0.679518	-0.672198	-1.363467	-2.429011	-0.518528
2.867745	0.508883	2.484452	2.605719	2.701677	2.121270	0.247903	0.218360	0.098739	1.229889
1.510376	2.306337	3.616711	3.119733	3.969543	2.744443	0.795575	1.903348	2.263621	1.943790
-0.721584	2.866158	3.747185	2.774034	4.304885	3.138758	0.827903	3.269936	3.519484	2.175735
-2.808903	2.793685	3.255861	1.636857	3.788618	3.088073	0.356370	3.935404	3.996265	2.066946
-3.647020	2.057414	1.687729	-0.282124	2.297140	2.707594	-0.548546	4.149637	3.993144	1.550464
-3.156888	0.553311	-1.198096	-2.439690	0.168889	2.165649	-1.571205	3.775435	3.686585	0.871178
-2.228829	-1.886188	-5.055933	-4.129977	-2.018118	1.559437	-2.427399	2.768529	3.089107	0.191356
-1.544922	-4.949213	-8.689674	-4.883867	-3.648475	0.090352	-2.981215	1.261913	2.217167	-0.725921
-1.277328	-7.973600	-10.327734	-4.789617	-4.345718	-2.930781	-3.238058	-0.916056	0.645360	-2.326454
-1.318838	-9.811141	-8.755493	-4.330466	-4.257843	-7.075258	-3.294429	-3.298830	-1.621981	-4.304264
-1.522741	-7.716973	-5.342566	-3.904604	-3.837573	-10.338850	-3.262287	-5.180680	-4.097039	-6.076140
-1.699534	-3.290681	-2.343536	-3.655146	-3.448540	-10.535950	-3.126749	-6.094152	-6.066767	-7.091807
-1.784769	-0.109843	-0.254542	-3.556843	-3.221160	-7.109128	-2.004967	-6.128020	-6.926667	-6.049663
-1.766107	1.441782	1.119362	-3.226056	-3.081107	-3.772258	-0.083349	-5.652510	-6.603915	-3.449412
-1.706104	2.102840	1.932510	-0.995295	-2.379686	-1.045285	1.658560	-4.451929	-4.927052	-0.912916
-1.674485	2.075045	1.915941	1.478036	-1.050382	0.286804	2.346599	-2.726824	-2.281300	0.325945
-1.656290	1.703461	1.735717	2.379573	-0.030416	0.930054	2.121870	-0.882515	0.461249	0.587746
-1.635884	1.400928	1.844681	2.751453	0.508460	2.056391	1.631178	0.471065	2.340342	0.965429
-1.639074	1.436301	2.282350	3.004967	0.835689	2.810245	1.305494	1.299489	3.326304	1.608290
-1.633439	1.673315	2.687673	2.509403	0.773250	2.956487	0.883755	2.323771	3.728699	1.886714
-1.651437	1.630009	2.594305	0.939389	0.025048	2.508673	0.007286	2.669829	3.680479	1.534236
-1.672292	0.983971	1.732333	-1.118100	-1.135396	0.816181	-1.051780	1.774180	2.899370	0.361713
-0.772097	-0.129288	0.110395	-1.163070	-1.784623	-1.020308	-1.380830	0.422344	1.438795	-0.961544
2.095121	-0.516237	-0.830266	1.321206	-1.034468	-0.266070	-0.455789	0.076592	0.261305	-0.799380
3.998140	0.097712	-0.516227	2.887417	0.408018	1.399312	0.591172	1.404547	0.163430	0.416039
4.190209	0.994542	0.294773	3.231242	1.968374	2.212548	1.066575	2.894253	0.932308	1.368321
3.636635	1.503547	0.813874	2.948279	3.102902	2.592580	1.058535	3.561572	1.648582	2.136575
3.509320	1.862849	1.720920	2.869620	3.794219	2.751786	1.047316	3.454706	2.005879	2.541384
3.632755	2.209716	2.751614	2.979037	4.168715	2.630823	1.168948	2.872461	1.984429	2.597108
2.583086	2.455060	3.189667	2.590906	4.056632	1.680085	1.057644	1.697850	1.491714	2.003859
0.996084	2.302676	2.575366	1.254601	2.990870	-0.643540	0.388289	-0.108467	0.270414	0.407041
-0.023831	1.864857	1.180089	-0.390791	1.194760	-3.723013	-0.496177	-1.707321	-1.301514	-1.699379
-1.323595	0.759306	-1.256883	-2.108863	-0.869614	-5.891537	-1.407652	-3.254765	-2.963267	-3.323793
-2.310092	-1.185041	-4.327817	-2.614354	-1.749078	-3.536522	-1.921332	-3.731678	-4.072256	-2.804341
-2.605513	-3.227099	-6.038722	-2.124106	-1.027651	-1.857393	-1.973321	-2.533814	-3.846953	-1.834259
-2.339569	-4.486229	-4.276634	-2.127961	-0.636096	-1.547905	-2.088733	-2.370222	-3.390285	-1.717921
-1.907932	-4.069502	-0.923607	-2.442741	-0.994366	-1.356902	-2.307907	-2.606708	-3.025073	-1.361241
-1.606029	-1.812934	1.474777	-0.672790	-0.801180	0.267599	-1.783987	-1.715083	-1.330679	-0.325447
-0.086697	0.613716	2.471126	2.431887	1.231285	1.922448	-0.166017	-0.304904	0.867551	1.082980
2.501566	1.926514	2.543431	3.857766	3.204549	2.463041	1.228326	1.168967	2.162868	1.942397
2.723825	2.299261	1.838791	3.368174	3.466737	1.623756	1.383826	2.303596	2.406775	1.544672
1.357154	2.014792	0.373827	1.621275	2.303504	-0.433440	0.573816	2.772027	1.890026	0.066229
1.106955	1.476011	-1.180791	-0.547223	0.386539	-2.398849	-0.518169	3.049731	1.093530	-1.768147
2.560376	0.808837	-2.064047	-1.719406	-1.416763	-2.590395	-1.223833	2.766419	0.376710	-2.733221
3.545484	0.122182	-2.074684	-1.605377	-2.421066	-1.949530	-1.432009	2.001422	-0.258989	-2.694616
2.622648	-0.362676	-1.527954	-1.200249	-2.642730	-2.044101	-1.477049	0.569065	-1.002188	-2.535803
0.384986	0.630125	0.849277	0.300671	-2.014325	-0.061505	-1.024332	-0.975402	-1.490554	-0.764511
-2.295051	2.195775	2.919818	2.115237	-0.549462	2.020341	-0.077523	-1.970067	-1.262651	1.499034
-3.963690	2.789708	3.390264	2.971782	1.435767	2.842135	0.769093	-2.393908	-0.678746	2.460442
-2.126227	2.613178	3.095525	2.846581	2.838847	3.072863	1.057895	-2.359363	-0.410832	2.536161
1.063235	2.146802	2.629815	2.562811	3.566980	3.148963	1.043584	-1.427320	-0.190926	2.448141
1.422780	1.540932	2.222487	2.005996	3.745898	2.878160	0.783286	-1.213963	-0.218343	2.143031
0.439087	0.662019	1.519022	1.063532	3.328476	2.266443	0.261740	-1.737529	-0.704722	1.538608
-1.066667	-0.609172	0.087903	0.347742	2.808910	1.379277	-0.152800	-2.420510	-1.410302	0.843417
-2.323514	-1.005935	-0.752491	0.167865	2.615000	0.383432	0.016623	-2.912159	-1.964085	0.314556
-2.785768	0.223617	0.355317	-0.060255	2.368719	-1.292144	0.029360	-3.305853	-2.349587	-0.483196
-2.520826	1.332676	1.474917	-0.964192	1.368575	-3.329784	-0.440896	-3.821860	-2.887371	-1.850729
-2.008757	1.278996	1.180069	-2.195980	-0.239748	-4.809466	-0.784522	-4.312130	-3.582868	-2.939398
-1.634007	0.524958	0.054137	-3.226521	-1.929848	-5.293583	-1.191391	-4.653123	-4.243702	-3.845212
-1.482310	-0.016564	-0.781564	-3.661992	-3.032275	-2.038356	-1.690364	-4.240097	-4.562608	-2.594199
-1.513760	0.588726	0.259956	-3.712063	-3.460682	-1.105876	-2.192360	-1.488215	-3.897179	-1.348157
-1.636537	1.912020	2.205199	-2.668409	-2.372514	-0.339946	-2.303051	1.130474	-2.181202	-0.979154
-1.747279	2.860469	3.379731	-1.178246	-0.262542	0.207225	-1.947915	2.579706	-0.131006	-0.727657
-1.798458	2.916688	3.399251	-0.885605	0.618597	0.534311	-1.789098	2.743093	1.545786	-0.778320
-1.801239	2.079132	2.178516	-1.527868	0.135679	1.109233	-1.978904	2.157885	2.399244	-0.672823
-1.785801	0.144244	-0.614324	-2.503263	-1.075755	1.504323	-2.332712	1.311766	2.656262	-0.423723
-1.789188	-2.920109	-4.666178	-3.375479	-2.430165	1.651293	-2.678770	0.526914	2.596383	-0.204163
-1.789835	-6.173905	-8.379810	-2.715457	-3.006025	1.599106	-2.576796	0.218171	2.536402	-0.016196
-1.787156	-6.649100	-7.522990	-0.909784	-2.150694	1.043512	-1.847310	0.352369	2.691082	0.132238
-1.784152	-5.005654	-4.402586	-0.641850	-1.552211	-0.244698	-1.565879	0.370806	2.702358	-0.506858
-1.772514	-2.850884	-1.183811	-1.398576	-1.699481	-1.736606	-1.784002	0.300565	2.557932	-1.588251
0.147088	-0.993182	1.012642	-2.142960	-2.228902	-2.068183	-2.109111	0.515975	2.394319	-2.445990
2.845255	0.388533	2.159277	-1.792371	-2.507703	-0.811124	-2.055925	0.901446	2.085796	-2.280644
4.278223	1.005540	2.115088	-0.859731	-2.353348	1.443642	-1.693704	1.598515	2.040537	-0.819064
4.742447	0.948162	1.119919	-0.085267	-1.989153	2.641791	-1.286262	2.275028	2.483975	0.765276
4.666055	0.537837	-0.365854	0.328216	-1.655541	3.115988	-0.985304	2.816809	3.043020	1.674133
4.333837	0.105137	-1.689033	0.453589	-1.459455	2.985588	-0.825847	3.326339	3.519351	1.938739
3.982359	-0.280523	-2.336497	0.450845	-1.356000	2.255296	-0.755404	3.283191	3.655979	1.560935
3.334885	-0.423373	-1.750449	0.856770	-0.519259	1.574095	-0.156503	2.656395	3.182107	1.224001
1.287454	-0.318167	-0.453949	1.214989	1.054471	0.912347	0.932501	1.319170	2.062970	1.154088
-1.626957	-0.123239	0.618467	1.248651	2.323224	1.223377	2.014584	0.374525	0.564922	1.429459
-4.005205	0.271286	1.272341	1.075344	2.951968	1.758596	2.337874	0.988150	-0.399459	1.745620
-4.443975	0.875315	2.050780	0.308483	2.634415	1.271326	2.305174	1.908081	-0.566419	1.589157
-3.358123	1.056794	2.091071	-1.115193	1.290237	-0.080558	2.196656	2.185748	-0.483610	0.968214
-2.124712	0.288885	0.781280	-2.687341	-0.661573	-2.508966	1.494046	1.337938	-0.701839	-0.456276
-1.414620	-1.410475	-1.874484	-3.860082	-2.627731	-4.238855	0.261685	0.374962	-0.422045	-2.241057
-1.245209	-3.799839	-5.319562	-4.387413	-4.051765	-4.961240	-1.099204	-0.906625	-0.160948	-3.862950
-1.403240	-5.984675	-8.108297	-4.367135	-4.653239	-3.367986	-2.214600	-2.512630	-0.717564	-4.443072
-1.685862	-5.051783	-6.667955	-3.844920	-4.296521	-2.613710	-2.582564	-3.922093	-1.875950	-4.095623
-1.906773	-1.643675	-2.484077	-2.392021	-2.398994	-1.834126	-2.250738	-4.508550	-2.927445	-3.174573
-0.579002	0.724443	0.017355	-1.466148	-0.898894	-2.130470	-1.923441	-4.211547	-3.527885	-2.792773
1.738070	1.492313	0.614611	-0.878174	-0.525693	-2.054839	-1.686323	-2.674514	-3.290007	-2.580242
1.696469	0.930026	-0.329843	-1.045738	-0.992200	-3.105704	-1.694347	-2.115010	-2.837948	-2.842070
0.357887	-0.799359	-2.502172	-1.864091	-1.938807	-4.741811	-2.005124	-1.892306	-2.735437	-3.750498
-1.476431	-3.168776	-4.953176	-2.861003	-2.957166	-5.511919	-2.431649	-0.193594	-2.367668	-4.667019
-2.893445	-5.283445	-6.452198	-3.565380	-3.643274	-5.217184	-2.785492	0.822809	-1.748946	-5.126668
-3.274081	-6.303592	-6.229365	-3.088223	-2.979434	-2.517638	-2.737685	0.317255	-1.491628	-3.367332
-2.803894	-6.294106	-5.275463	-2.585242	-2.020422	-1.753371	-2.584116	-1.023868	-1.823441	-1.246795
-2.133927	-6.098094	-4.833814	-2.658558	-1.828868	-2.795196	-2.612061	-2.399811	-2.605038	-1.192504
-1.688969	-5.683092	-4.738899	-3.059351	-2.286188	-4.054189	-2.757691	-1.993370	-3.075175	-2.282113
-1.539086	-4.919949	-4.207318	-3.481054	-2.991811	-2.231987	-2.226828	-1.027903	-3.043269	-2.613060
-1.618542	-3.441660	-2.497965	-3.738813	-3.610724	0.282333	-0.713703	0.477869	-2.378886	-1.017461
-1.801769	-2.020391	-1.152493	-2.891496	-3.743306	1.394298	0.291373	0.991967	-1.523279	0.316638
-1.961240	-1.440999	-0.934888	-2.045435	-3.446826	1.004692	0.260640	0.296660	-1.168062	0.461212
-2.043839	-1.931727	-1.765798	-2.117528	-3.288014	-1.005160	-0.506357	-1.202577	-1.645405	-0.710250
-2.032242	-2.705201	-2.037265	-2.574149	-3.359782	-4.280239	-1.491880	-2.914139	-2.633204	-2.678911
-1.969384	-2.086586	-0.228315	-1.140342	-2.714194	-2.268895	-1.699917	-3.700143	-3.098411	-3.192408
-1.909751	0.043597	1.866554	1.658678	-0.234291	1.194916	-0.628736	-2.868472	-1.900098	-0.635286
-1.879062	1.202063	2.197705	2.647477	1.968558	1.915862	0.245977	-1.470085	0.140735	0.939555
-1.875048	1.135737	1.206556	2.417080	2.950241	1.871745	0.414208	-1.134647	1.105262	1.152686
-1.349289	0.319600	-0.642591	1.768479	3.148267	2.157983	0.193891	-1.411045	0.944953	1.316570
1.362130	-0.028090	-1.583134	1.398664	2.998018	2.767309	0.028816	-1.000634	0.430836	2.284153
2.259604	0.765502	0.158214	0.732809	2.195746	2.160471	-0.021109	-0.754563	-0.175461	2.532677
1.269830	1.135602	1.585582	-0.669140	0.586764	0.292619	-0.463172	-1.105680	-1.163147	1.423255
-0.434328	1.062611	2.041500	-2.365267	-1.462937	-0.998045	-1.274148	-0.079098	-1.891623	-0.175474
0.387932	1.269715	1.948613	-3.140163	-3.243948	-0.867452	-1.958719	1.838417	-1.497773	-1.260982
2.464466	2.027108	2.113796	-2.342621	-3.941266	0.006719	-2.104322	3.283207	-0.114300	-1.017397
3.138353	2.605873	2.197309	-1.385734	-3.659073	-0.056759	-1.975300	3.470524	0.957350	-0.533022
3.602101	2.794672	2.231154	-0.276547	-2.347477	0.273860	-1.624067	2.914823	1.197365	-0.401403
3.874036	2.532671	1.790269	1.154206	0.011231	1.111006	-0.875195	2.295147	1.200358	0.204187
3.941275	2.107274	1.239404	2.150776	1.968699	1.755626	-0.108120	2.248551	1.278527	0.878365
3.440924	1.704296	0.918088	2.552870	2.983073	1.954403	0.391456	2.464621	1.561132	1.310191
1.420523	1.621120	1.186358	2.257101	3.224301	1.375080	0.437389	1.645003	1.373473	1.087078
-1.436178	1.620188	1.227275	1.611262	3.014441	0.428354	0.161143	0.191226	0.608766	0.405398
-0.917017	1.616164	0.959179	0.976588	2.354230	-0.435520	-0.181184	-0.815827	-0.291426	-0.342743
1.882590	1.385162	0.534046	0.931118	1.715161	0.265827	-0.003833	-0.625750	-0.675475	-0.257634
3.667209	1.331113	0.932620	1.940126	1.813721	1.761225	1.406381	0.347712	-0.109608	1.228486
4.023125	1.685143	1.849786	3.130826	2.080968	2.338382	2.739738	1.357293	1.230346	2.394923
2.531417	1.604356	1.753818	3.107642	1.749365	1.560231	2.799455	1.074488	1.817088	2.156101
0.034620	1.012826	0.860548	2.914407	1.460039	0.946113	2.235875	0.280799	1.582387	1.405013
0.107279	0.535719	0.060785	2.864649	1.899232	1.035366	1.693411	0.092098	1.244102	1.041062
2.058275	0.257888	-0.448722	2.693575	2.496115	1.344735	1.202209	0.430829	1.009179	0.959427
3.526597	0.214042	-0.546445	2.484026	2.866490	1.723932	0.835586	1.093631	1.148280	1.068584
4.161316	0.265271	-0.486012	1.941256	2.572653	1.753621	0.497384	1.949167	2.011480	1.113246
4.235313	0.271528	-0.302737	1.049626	1.453341	1.608500	0.506834	2.529472	2.924319	1.147184
4.005786	0.140102	-0.380306	0.165741	-0.130831	1.264646	0.369646	2.811818	3.481843	0.923928
3.694341	-0.152742	-0.833419	-0.426039	-1.665684	0.887003	-0.077293	2.883586	3.695181	0.498824
3.466516	-0.573376	-1.488742	-0.652290	-2.694148	0.212844	-0.619947	2.525261	3.397247	-0.078009
3.071797	-1.077326	-2.113467	-0.489820	-2.822993	-0.371049	-1.024786	1.797054	2.460736	-0.686790
1.287090	-1.183028	-1.774370	0.454201	-1.281179	0.101584	-0.503088	0.686519	1.163724	-0.397867
-0.307985	-0.555305	-0.207763	1.469860	0.813879	1.049046	1.037712	-0.392203	-0.075395	0.788397
0.921739	0.961801	2.035409	2.877405	2.466443	2.402241	2.700205	-0.079214	-0.179334	2.372650
2.743504	2.301909	3.506909	3.419169	3.275104	3.036882	3.613596	0.665722	0.587943	3.489175
3.098486	2.813169	3.888341	3.154070	3.361605	3.094527	3.827143	0.897190	1.144976	3.907278
1.619053	2.671582	3.560089	2.264210	2.995991	2.560034	3.337762	0.189172	0.986134	3.736823
-0.992756	1.991759	2.645143	0.888737	2.127085	1.003980	2.163826	-1.067032	0.164401	2.842711
-3.645892	0.765621	1.251535	-0.962486	0.533477	-2.391231	0.525418	-2.551123	-1.167130	0.854485
-3.931660	-0.703812	-0.017699	-2.564963	-1.509064	-6.300331	-1.159211	-2.222646	-2.400562	-2.098726
-2.143367	-0.698860	0.388825	-1.348995	-2.805636	-4.024340	-1.746592	0.644064	-1.691049	-3.553221
-1.370141	0.373831	1.119846	0.816757	-2.639851	-1.274289	-1.217999	2.232831	0.177774	-2.598255
-1.367674	1.353923	1.396939	2.011488	-1.726877	-0.372950	-0.459358	2.108438	1.300122	-1.273007
-1.756161	2.047450	1.649069	1.848853	-0.893249	-0.309851	-0.260873	1.946337	1.478921	-0.859791
-2.217201	2.370814	1.983937	1.151243	0.098601	0.203282	-0.021375	2.225050	1.333153	-0.381540
-2.540821	2.185274	1.879339	0.415927	1.018180	0.767297	0.829582	2.444715	1.152774	0.537196
-2.627900	1.530434	1.352857	-0.093521	1.596973	0.923105	1.712197	1.704278	0.716072	1.195256
-2.529698	0.557063	0.839332	-0.295110	1.839599	0.836204	2.281164	0.242736	-0.082242	1.460028
-2.378309	-0.049693	1.227862	-0.270366	1.869047	0.595606	2.479533	-1.455492	-1.000458	1.440312
-2.274300	-0.309597	1.391791	-0.163411	1.799626	0.109817	2.067325	-2.879308	-1.750645	0.942470
-2.234155	-0.582501	0.924116	-0.065217	1.708486	-0.012233	1.721772	-3.649839	-2.141789	0.596763
-1.911167	-0.751988	0.313631	0.000418	1.635191	0.440442	1.791157	-3.747961	-2.179050	0.901936
0.661351	-0.644601	-0.158969	0.426013	1.678492	1.212535	1.836174	-2.482003	-1.673759	1.633248
1.744824	-0.414786	-0.635148	0.915776	1.827365	1.249195	1.426801	-1.141922	-0.778907	1.644352
0.873501	-0.574886	-1.436702	0.872106	1.861553	1.129190	0.626527	-1.060589	-0.350300	1.083882
