X1	X2	X3	X4	X5	X6	X7	X8	X9	X10
-0.169473	-6.159623	-4.478525	-1.686858	-1.433394	-4.758308	-1.458249	-3.021547	-3.669404	-4.303434
-0.173726	-3.956693	-2.023345	0.177307	-0.446761	-2.640633	0.023394	-2.575037	-2.881527	-2.457053
-0.186306	-0.504545	0.936408	3.214026	1.613426	0.103470	2.322306	-1.471389	-0.982596	-0.291345
-0.200237	1.225886	1.963239	4.706265	2.985229	2.293025	3.474021	-0.108298	1.201667	1.600831
-0.224876	1.230133	1.228119	4.276912	2.773144	3.494882	2.902139	1.015287	2.811000	3.072866
-0.247902	0.269010	-0.492698	2.691446	1.569468	3.336670	1.211444	1.382301	3.339218	3.432256
-0.263108	-1.156632	-2.430549	0.489163	0.024094	2.454174	-0.924959	1.225222	3.215431	3.257776
-0.260096	-2.937745	-4.111150	-1.675016	-1.314926	0.651244	-2.702957	0.452658	2.313762	2.299919
-0.244817	-4.595436	-4.967662	-3.118242	-2.110487	-2.026297	-3.467703	-0.630818	0.899398	0.173955
-0.256033	-4.393776	-4.109887	-3.549776	-2.342472	-5.146662	-3.215425	-1.874414	-0.967906	-2.743145
-0.278659	-1.973188	-2.086175	-3.262177	-2.237773	-7.259713	-2.539593	-2.963176	-2.908517	-5.333562
-0.297606	-0.182696	-0.867165	-2.751459	-2.040340	-6.990443	-1.957046	-3.589691	-4.370104	-6.262596
-0.328306	-0.300863	-1.316046	-2.341008	-1.879348	-2.729858	-1.653211	-3.663763	-4.885624	-4.238079
-0.344029	-1.267223	-2.249486	-2.118106	-1.787459	0.103873	-1.486745	-2.547218	-3.033692	-2.036129
-0.343227	-1.670553	-1.572236	-2.060274	-1.763849	1.813214	-0.069755	-0.560766	0.305930	0.019156
-0.332381	-1.038315	-0.472183	-2.113308	-1.803245	2.581533	1.221393	1.614533	2.705196	0.907872
-0.334896	-0.212982	-0.170814	-2.203812	-1.864324	1.763407	1.083478	3.231902	3.437900	0.186469
-0.357071	0.233896	-0.414714	-2.280105	-1.911058	0.183277	0.018643	3.918336	3.094332	-1.115163
-0.389002	0.358425	-0.813500	-2.333966	-1.937980	-1.095630	-1.349469	4.010592	2.283075	-2.085489
-0.408902	0.217801	-1.233442	-2.381040	-1.967734	-2.239732	-2.465991	3.727394	1.386197	-2.884629
-0.407346	-0.756497	-2.268829	-2.410466	-1.997035	-3.611581	-2.985891	2.486831	0.164786	-3.457492
-0.392012	-2.633912	-3.720733	-2.403082	-2.000177	-3.830919	-2.911824	0.221811	-1.469787	-1.563749
-0.375738	-3.540135	-2.795170	-2.211526	-1.908057	-2.663277	-2.421786	-1.568744	-2.687292	-0.036556
-0.383565	-2.072261	-0.943747	-1.862990	-1.713555	-1.665079	-1.838881	-0.349272	-2.081896	-0.296296
-0.403375	-0.609149	-0.348534	-1.784111	-1.669985	-1.040275	-1.607235	2.008960	-0.474986	-0.394724
-0.427571	0.398350	-0.034058	-1.331262	-1.480553	0.135502	-1.326244	3.512332	0.965781	1.043023
-0.436559	1.711139	1.544227	1.156655	0.000712	1.709809	0.309122	4.189550	2.265703	2.685977
-0.451139	2.437926	2.869113	3.345345	1.728643	1.877348	2.000674	3.662708	2.732807	2.759121
-0.471132	1.795989	2.075547	3.471811	2.010379	0.232326	2.053484	1.828615	1.882300	1.089152
-0.487695	0.028110	-0.150755	2.234319	1.113567	-2.527235	0.835587	-0.639052	0.100271	-1.652346
-0.506208	-1.788446	-2.542343	0.267100	-0.280901	-4.482165	-0.987879	-1.204698	-1.326276	-4.093805
-0.519215	-2.900443	-4.048020	-1.822488	-1.611381	-4.463116	-2.708961	-0.752383	-2.129605	-5.032585
-0.508141	-2.144811	-3.382067	-3.368035	-2.487088	-1.627920	-3.673961	-1.005648	-2.838534	-3.547859
-0.501510	-0.464219	-1.210440	-3.991493	-2.814284	0.443302	-3.706965	-1.857814	-3.498719	-1.876002
-0.490841	1.169301	1.476250	-3.840288	-2.761262	1.551786	-3.177049	-2.829723	-3.994914	0.064519
-0.503642	2.214330	3.032251	-2.882420	-1.876500	1.891592	-2.320098	-3.454808	-4.113469	1.743263
-0.409239	3.000196	3.989942	-0.312106	1.136824	1.948093	-0.593322	-3.129695	-3.169507	2.143141
0.102083	3.509714	4.486287	2.284738	3.965433	2.629787	1.252232	-1.914408	-1.426961	2.205142
0.100781	3.540412	4.280739	3.133885	4.677492	2.631901	1.858371	-1.081544	-0.352030	1.552747
-0.161626	3.074294	3.123980	2.378342	3.653773	2.492872	1.055354	-0.721638	0.219774	0.739406
-0.426680	2.382409	1.336677	0.710917	1.658635	2.546184	-0.555706	-0.062389	1.263354	0.326107
-0.606794	1.615886	-0.524286	-1.303394	-0.668564	2.303538	-2.323880	0.323304	1.883679	-0.019798
-0.681791	0.831709	-1.817282	-3.028198	-2.601576	1.665481	-3.559645	-0.300626	1.191020	-0.513377
-0.684370	0.260522	-2.122186	-3.989261	-3.622712	0.994088	-3.912625	-1.607863	-0.509546	-0.943368
-0.660006	-0.230067	-2.055760	-4.142333	-3.731975	0.599301	-3.595664	-2.991275	-2.635829	-1.166587
-0.660632	-1.556602	-2.863052	-3.805302	-3.335211	0.042459	-3.048437	-3.924006	-4.488788	-1.516225
-0.649227	-3.703797	-4.220012	-3.375574	-2.879820	-1.796281	-2.625234	-4.215293	-5.511240	-2.725667
-0.622919	-5.891690	-4.828891	-3.059787	-2.570691	-4.191160	-1.862446	-4.031538	-5.594513	-3.703081
-0.607596	-6.283549	-3.014465	-2.901264	-2.431428	-5.633112	0.352173	-3.709976	-5.137020	-3.271225
-0.601139	-4.871195	-1.020102	-2.866661	-2.420260	-5.506371	2.431436	-3.440966	-4.566208	-2.343308
-0.604218	-2.563755	-0.147486	-2.904826	-2.470710	-3.270520	2.863107	-2.628052	-2.976069	-1.310036
-0.613576	-0.169701	0.165986	-2.970960	-2.527918	-0.458530	1.721491	-0.992194	-0.178357	0.606598
-0.616177	1.152935	0.191763	-3.001702	-2.548079	1.039859	-0.354500	0.463250	1.997497	1.863167
-0.625493	1.659329	0.166148	-2.580325	-2.345775	2.096395	-2.434733	1.192689	2.983805	2.690189
-0.645399	1.742440	0.856482	-0.034914	-0.883011	2.395832	-2.096970	1.106616	2.948652	2.921625
-0.671561	2.085160	2.597413	2.905327	1.565385	2.042461	0.476887	0.587943	2.396237	2.317371
-0.692226	2.329717	3.484532	4.248342	3.597060	1.151578	2.334861	-0.075682	1.596799	1.102846
-0.648862	1.934923	3.082133	4.198616	4.047576	-0.382606	2.599963	-0.943825	0.440706	-0.569197
1.296454	1.178034	1.894148	3.682323	3.503581	-0.958988	2.138256	-1.222807	-0.459923	-1.457547
3.682213	0.661181	0.872639	3.071673	2.564704	0.153137	1.808758	-0.240100	-0.468407	-0.495703
4.934909	0.851476	1.132712	2.617315	1.684521	1.627426	2.286356	1.069229	0.183836	1.585833
5.385968	1.767637	2.459305	2.411569	1.133720	2.151127	2.363391	1.907720	0.877323	1.925286
5.402910	2.453384	3.353416	2.410934	0.961797	2.105980	1.994284	2.218460	1.306289	1.492360
5.207616	2.789051	3.917548	2.499630	1.035479	1.942682	2.232038	2.189016	1.452684	1.252925
4.057033	2.867253	4.051026	2.274451	0.985014	1.127343	3.128298	1.681165	1.173427	0.836139
1.839501	2.595643	3.590430	1.848050	1.399998	0.121933	3.919724	0.406544	0.309656	0.510228
-0.597154	2.473843	3.385093	2.907623	3.380340	0.797460	4.956644	-0.678232	0.021159	1.375725
-2.127573	2.562946	3.355884	4.216723	4.691909	1.313277	5.626456	-0.908321	0.593822	1.835026
-2.315647	2.487972	2.817318	4.266781	4.439473	0.868168	5.129376	-0.872253	0.944036	1.298415
-1.736479	2.616203	2.743362	4.050993	3.637029	1.498536	4.418365	0.236429	2.054088	1.682772
-1.084555	3.004502	3.221017	4.041029	2.964703	2.589223	4.203003	2.762341	3.797062	2.264089
-0.695446	3.232038	3.351620	4.023535	2.536819	3.551628	3.729770	4.642176	4.949293	2.574175
-0.559831	3.123218	3.189686	3.151308	1.645359	3.862806	2.217130	5.284180	5.222273	2.660156
-0.572130	2.961852	3.296610	2.178084	1.154082	4.061870	0.367388	5.095778	4.749424	3.312657
-0.641438	3.155195	3.773027	2.965345	2.615854	4.313925	0.484659	4.595916	4.100057	4.056331
-0.714993	2.926344	3.382669	3.959980	3.642062	3.871412	1.632891	3.331166	3.115231	4.031473
-0.768625	2.327918	2.461783	4.477038	3.846037	2.564533	2.541381	1.341312	1.870344	3.053716
-0.810821	1.546617	1.356498	4.568114	3.584695	0.606018	2.878726	-0.730440	0.751346	1.466961
-0.826352	0.617319	-0.091527	3.776069	2.611335	-1.532850	2.141995	-1.752383	-0.207866	0.300032
-0.818653	0.513879	-0.798344	2.030911	1.062677	-2.652679	0.381568	-0.286918	-0.576689	-0.746879
-0.799810	0.575815	-0.730266	0.626294	0.961251	-1.467615	-1.059757	1.203671	-0.319047	-0.645905
-0.786478	0.200193	-0.796803	0.258584	1.988700	0.860714	-1.380256	1.177577	-0.190461	1.190650
-0.790901	-1.191248	-2.060592	-0.336817	1.864564	0.994056	-1.666456	-0.074281	-0.834053	1.696280
-0.692513	-3.206515	-3.593550	-0.992182	1.198065	0.040438	-1.963156	-1.860270	-1.981152	0.825116
1.399876	-2.771449	-2.105913	0.338940	2.172553	1.843866	-0.786468	-2.328443	-2.038606	1.668648
3.697293	-0.082914	0.530855	2.559076	3.673818	3.585410	1.202015	-0.471334	-0.338510	3.198356
4.527688	1.471674	1.733448	3.813738	4.073243	3.727539	2.399618	1.410754	1.293188	3.262307
3.517409	2.153921	2.273586	4.554381	4.145812	3.090202	3.094385	2.034730	2.167216	2.570972
1.533111	2.503902	2.645160	4.813689	4.077725	2.906781	3.610709	1.949380	2.753400	2.247055
-0.591954	2.681039	2.767309	4.060672	3.139247	2.919368	3.807526	1.682633	3.166153	2.089759
-1.940182	2.273322	2.231195	2.202123	1.306521	2.563651	3.562079	1.267565	3.188628	1.853578
-2.131376	1.371518	1.336577	-0.522875	-0.929390	1.539870	3.124381	0.897661	2.982044	1.152715
-1.665057	0.189792	0.501954	-3.297400	-2.839944	-0.069830	2.771599	0.472294	2.421913	0.248558
-1.129718	0.245720	1.106775	-2.903003	-2.745652	-0.574328	3.079561	0.845422	1.771765	0.206679
-0.783425	1.102716	1.531232	-0.307820	-1.068746	-0.416174	2.905131	2.277409	1.660149	-0.096303
0.949044	1.523042	1.195385	0.872320	-0.146178	0.413144	1.657048	3.653615	2.094795	-0.362098
3.368669	2.328556	1.573651	1.532314	0.397555	1.680963	0.265470	4.644851	2.812023	0.130005
4.093549	2.803920	1.876713	1.888007	0.778550	1.996686	-0.633227	4.868771	3.157699	0.301293
3.014699	2.141912	0.698185	1.340407	0.514247	0.993138	-1.476272	3.744471	2.511680	0.026199
1.092936	0.557432	-1.495843	-0.062311	-0.450111	0.260982	-2.473981	1.797492	1.723584	0.802730
-0.835626	-1.013864	-3.125375	-1.823388	-1.595341	0.610646	-3.333297	-0.246522	1.233259	1.793834
-1.944182	-0.896201	-2.225596	-2.421927	-1.215075	1.877702	-3.099801	-2.049201	0.455318	2.653477
-2.025266	-0.008817	-1.009303	-2.171542	-0.432166	1.908316	-2.387428	-3.299674	-0.797278	2.067243
-1.569509	0.456927	-0.703926	-2.222168	-0.545446	1.128004	-2.193920	-3.969437	-2.438718	0.536729
-1.087502	-0.044500	-1.510086	-2.622375	-1.284849	0.090766	-2.472634	-4.123867	-4.028473	-1.269126
-0.803016	-1.597357	-3.200299	-3.136728	-2.174495	-1.401963	-2.932584	-3.986547	-5.122911	-3.012488
-0.724712	-1.799203	-2.403351	-2.616180	-2.199712	-2.635342	-2.187600	-3.582706	-5.131317	-3.307452
0.529811	1.315908	2.318075	0.356815	-0.491236	-0.837776	1.373182	-2.246379	-3.087389	-0.593963
3.014642	3.445770	4.442067	3.480381	1.960960	2.172795	3.880242	0.489417	0.549009	1.786158
4.528527	4.138764	4.923250	5.067637	3.668019	3.926722	4.713305	3.126634	3.677338	3.469069
5.136589	4.327735	4.884309	5.693515	4.579164	4.714353	4.783228	4.513655	5.168407	4.449458
5.235311	4.362735	4.885673	5.774967	4.998305	4.922820	4.557648	5.120589	5.688556	4.758103
4.923298	4.352318	4.706771	5.139935	4.452957	4.460737	3.716561	5.446062	5.624970	4.122209
3.384099	4.040237	3.937033	4.005157	3.260794	3.141810	2.217866	5.210316	4.917900	2.626565
0.963741	3.389203	2.702850	3.041941	2.172122	1.274555	0.908409	4.588594	3.810503	0.813800
-1.360575	1.883529	0.306233	1.723214	0.927310	-1.841430	-0.503069	3.146639	2.055222	-1.738355
-2.524769	-1.371948	-3.697957	-0.264798	-0.656635	-5.639685	-2.197595	0.476583	-0.638824	-3.563584
-2.361719	-6.426817	-7.901667	-2.335018	-1.928130	-6.129899	-3.565532	-2.846017	-3.709225	-1.750712
-1.663188	-10.993023	-8.900988	-3.312058	-1.931495	-4.127559	-3.774070	-5.450311	-5.905010	-0.597275
-1.070092	-12.862644	-7.706252	-3.622043	-1.833081	-2.996306	-3.485147	-6.285730	-6.555708	-0.034136
-0.763008	-11.455237	-6.409632	-3.718058	-2.074356	-2.342661	-3.228864	-5.568520	-6.070140	0.478611
-0.157395	-8.894334	-5.599396	-3.662503	-2.480634	-2.540866	-3.100681	-4.329059	-5.207826	-0.340933
2.274781	-4.977266	-3.536089	-2.395634	-2.243988	-1.148792	-2.349485	-2.293462	-3.614595	-0.831271
4.128651	-1.331559	-1.114586	-0.251839	-1.150053	0.748124	-0.950142	0.085398	-1.293473	-0.303102
4.416219	0.566305	0.186534	1.186605	-0.110898	2.169586	0.085909	1.958332	1.294959	1.255938
3.075834	0.736881	-0.179931	1.101672	-0.053924	2.008906	-0.073740	2.532262	2.806429	1.158825
0.902063	0.027676	-1.207302	-0.069448	-0.823640	1.407744	-1.170549	2.163750	3.238873	1.284957
-1.184047	-0.474582	-0.694894	-1.737336	-1.892564	0.908342	-2.620511	1.418956	3.121729	1.717425
-2.271282	0.058476	1.120388	-2.314494	-2.204534	1.192022	-3.148469	0.875989	2.924291	2.412337
-2.210159	1.726444	2.878237	0.213821	0.370645	2.048801	-1.056933	1.516400	2.950963	2.829440
-1.638410	2.305248	2.953278	1.642627	2.079233	1.570300	1.070901	2.572858	2.672026	2.014171
-1.124323	1.845761	2.176432	1.213210	1.758593	-0.197384	2.371052	2.326028	1.509541	0.462094
-0.848991	1.018286	1.711786	-0.240168	0.343669	-2.830020	2.930237	0.694307	-0.586174	-1.222129
-0.748660	0.579746	1.486733	-2.105814	-1.447091	-5.236180	3.010170	-1.716332	-3.127144	-2.326606
0.579921	0.729554	1.459300	-3.374109	-2.825858	-4.610414	2.970097	-3.658575	-5.075170	-1.921004
1.195497	0.675725	1.225818	-3.277702	-3.148547	-2.760420	2.984899	-3.820935	-5.187971	-1.114602
0.702295	0.046802	0.439332	-2.979706	-3.043741	-2.176503	2.632040	-2.788374	-4.256677	-0.993519
-0.152048	0.104401	0.099994	-1.596912	-2.183526	0.260567	1.777362	0.047518	-1.974280	0.782474
-0.897459	0.326259	-0.291893	-0.087751	-1.032586	2.045285	0.527817	2.018029	0.273383	1.540928
-1.281413	-0.105049	-1.244491	0.292020	-0.659024	2.921333	-1.113837	2.331764	1.699310	1.607899
-1.311608	0.234165	-0.619906	1.285719	0.061824	3.636251	-1.318669	2.211186	2.929228	2.051544
-1.177009	1.098391	0.689357	2.599967	1.173749	4.008902	0.057470	2.154620	3.820116	2.467400
-0.739544	1.208929	0.717307	2.871646	1.549217	3.707059	0.858249	1.786871	3.855580	2.122932
0.346679	0.653452	-0.181901	2.084710	0.951638	2.960533	0.467017	1.320498	3.351367	1.354366
1.622574	0.412973	-0.753103	0.774663	-0.092199	1.482038	-0.552745	0.949075	2.533422	0.099154
1.672131	0.418337	-1.017904	-0.623263	-1.109133	-0.088854	-1.676630	0.201127	1.058669	-1.094210
0.767935	-0.521334	-2.189834	-2.179835	-2.115371	-0.496502	-2.772168	-0.949807	-0.759753	-1.513973
-0.358132	-1.281479	-2.125041	-3.575280	-2.941464	-0.344560	-2.117171	-1.259779	-1.044012	-1.060624
-1.191307	-0.054763	0.030467	-4.463891	-3.444192	-0.333065	0.203358	-0.169531	0.087369	-0.522760
-1.508000	1.607435	1.736774	-4.713427	-3.566395	-0.656731	2.065559	1.591658	0.946889	-0.326584
-1.371693	2.469309	2.375271	-3.421797	-1.953383	-0.190789	2.737998	2.890973	1.380935	-0.079036
0.664465	3.008544	2.741697	-0.192462	1.506429	1.308799	2.712927	3.320032	1.735504	0.718785
1.674258	3.242028	3.134905	2.666967	4.060610	2.437550	3.278992	2.989177	2.071905	1.811424
1.188983	3.162257	3.211839	3.829414	4.664601	2.563791	4.085836	2.577172	2.586900	2.181223
0.159476	2.353209	2.339389	3.289801	3.665200	1.089417	4.069770	1.282616	2.026873	1.241225
-0.813558	0.505578	0.201392	1.577982	1.585269	-1.905402	2.864149	-0.898065	0.300296	-0.846889
-1.360178	-2.871874	-3.426509	-0.944904	-1.036993	-5.852303	0.375205	-3.287674	-2.154991	-3.559307
-1.458855	-7.358616	-7.519680	-3.619045	-3.423671	-8.773879	-2.941847	-4.986161	-4.617394	-5.791232
-1.303163	-11.401686	-9.945820	-5.560924	-4.831563	-8.994637	-5.937540	-5.442905	-6.272012	-6.653642
-1.101030	-12.293457	-8.418615	-5.964440	-4.756089	-7.055492	-7.070544	-4.901340	-6.581309	-6.092972
-0.962619	-8.372629	-4.767082	-3.894921	-3.266891	-4.142807	-5.132364	-3.841402	-5.405699	-4.170096
-0.914373	-2.766936	-1.096155	-0.040189	-0.780941	-1.287809	-1.246186	-2.396222	-2.924581	-1.623240
-0.934182	-0.268258	0.219267	2.161654	0.901977	0.077424	1.084146	-1.385651	-0.973945	0.465340
-0.963387	0.897060	1.069194	3.084479	1.727537	0.927491	1.991867	-0.303779	0.505910	1.183118
-0.983931	1.367537	1.658231	2.623561	1.393228	0.294445	1.432883	0.833274	1.334349	0.263618
-0.981349	0.836649	1.203222	1.051349	0.131138	-1.790841	-0.266511	0.474806	0.701664	-1.781917
-0.978482	-0.829320	-0.732734	-1.216125	-1.505732	-4.636047	-2.515753	-0.968536	-0.975045	-4.131436
-0.981424	-3.477726	-3.650357	-3.408327	-2.719382	-6.546076	-4.397315	-2.763636	-3.067047	-5.512745
-0.988888	-4.135050	-3.011307	-3.184686	-1.165346	-4.053550	-4.043586	-3.806961	-4.249485	-3.845147
-0.972952	-1.120415	0.806703	-0.665336	1.898642	-0.883310	-1.519221	-3.453084	-3.556327	-1.446389
-0.962873	1.210713	2.861380	1.491189	3.868532	1.481732	1.342716	-2.403821	-1.983875	0.625672
-0.960906	1.875550	3.003580	2.486399	4.572951	1.947126	2.466113	-1.547814	-0.765194	1.022563
-0.983413	1.408251	1.809020	2.307147	4.133999	1.460159	2.007763	-0.918819	0.149141	0.428526
-0.992274	0.563110	-0.059682	1.574647	3.055445	0.973157	0.742461	0.043171	1.449174	-0.149857
-0.979132	0.131914	-1.046798	1.484785	1.910247	0.694887	-0.089879	0.831800	2.428630	-0.190529
-0.954875	0.291234	-0.572770	2.300024	1.422055	0.384524	0.290133	0.850600	2.491612	-0.069035
-0.952671	0.663043	0.308783	3.174316	1.576472	0.174999	1.246689	0.346519	1.961925	0.057977
-0.982940	0.942123	0.865442	3.685174	1.956383	0.058878	2.001550	-0.303543	1.220166	0.104780
-1.015412	1.066341	1.052873	3.860715	2.259579	0.024426	2.333409	-0.793539	0.583053	0.074948
-1.035782	0.472019	0.156829	3.242525	1.887888	0.116286	1.740348	-1.324802	-0.212970	-0.321528
-1.024951	-1.229152	-2.008304	1.614164	0.634104	0.489363	0.075806	-2.199864	-1.555696	-0.713402
-1.011477	-1.560978	-1.602737	0.420016	-0.334168	1.563535	-1.224375	-2.769853	-2.557300	0.013286
-1.022161	1.013507	1.685467	1.079330	0.060957	2.576786	-0.675526	-2.371243	-2.083331	1.144723
-1.033544	2.225109	2.627585	2.454505	1.153292	2.834872	0.820546	-1.472216	-0.755730	1.651946
-1.023232	2.329911	2.407144	3.428053	2.060880	2.155010	1.978195	-0.723936	0.371333	1.345513
-0.999993	1.999006	1.762844	3.889639	2.542504	1.054078	2.513440	-0.348784	0.959256	0.771204
-0.976854	1.512388	1.089882	4.017537	2.689651	0.063768	2.604547	-0.285198	1.113973	0.280181
0.749991	1.454243	1.427091	4.134448	2.795346	0.650964	3.114838	-0.013490	1.234496	0.975961
3.072944	2.185526	2.546622	4.528627	3.206800	2.294491	4.075214	1.154387	1.888342	2.180699
3.160947	2.566853	2.928340	4.726512	3.486773	2.600655	4.246072	1.924334	2.409632	2.244732
1.875791	2.659872	3.152333	4.547036	3.341148	1.963455	3.704443	1.617008	2.265435	1.598186
0.101859	2.269164	2.588124	3.796778	2.637463	0.382709	2.719272	0.504546	1.441190	0.357855
-1.344560	0.861358	0.586020	2.026727	1.098836	-2.358165	0.747446	-0.995755	-0.165705	-1.743695
-1.960353	-0.682649	-1.347987	-0.658643	-0.922985	-4.079393	-0.970465	-0.744702	-1.511259	-2.693813
-1.837602	-0.968712	-1.261566	-3.637719	-2.831486	-3.588602	-0.626630	1.071210	-1.671924	-2.061429
-1.434400	0.564734	0.538869	-5.926482	-4.087737	-1.812243	0.962731	2.686342	-0.636611	-0.921578
-0.746874	2.147298	2.048047	-6.670335	-4.481192	-0.010049	2.283159	3.689019	1.228890	0.121004
1.806251	2.929141	3.028768	-4.779268	-3.676161	1.345114	3.164125	3.578847	2.062438	1.042440
3.888517	3.058462	3.150259	-1.410631	-1.891951	2.847782	3.398151	2.818049	2.002287	1.991780
4.854590	2.682586	2.606585	1.076174	-0.158150	3.735313	3.193352	1.936696	1.589417	2.662002
5.140912	2.189186	2.153687	2.315787	1.061446	4.129508	3.324318	1.357972	1.188836	3.142077
5.074652	1.611837	1.520529	2.661172	1.492359	4.120971	3.175390	1.191299	0.902605	3.094932
4.883601	0.969641	0.622319	2.553638	1.402486	3.572604	2.325051	1.299003	0.757279	2.475658
4.707768	0.608858	-0.016955	2.280720	1.113097	2.836089	1.123333	1.749711	1.180966	1.707672
3.860947	0.595938	-0.319321	1.806411	0.687103	2.233710	-0.124260	2.446160	2.370867	1.060154
1.891233	0.023993	-1.337741	0.607655	-0.236826	2.010857	-1.645608	2.438965	3.073350	0.554929
-0.433291	-0.984961	-2.654858	-1.048290	-1.439660	2.444531	-3.091857	1.865824	3.178171	1.286971
-2.088923	-1.019889	-2.126004	-1.204768	-1.661813	2.896794	-2.795005	1.407734	3.250541	2.473778
-2.506327	-0.979139	-1.804081	-0.824779	-1.391294	1.905660	-1.842037	0.918118	2.955751	1.722681
-2.045228	-2.039361	-2.854730	-1.196180	-1.597361	-0.746546	-1.682976	-0.330195	1.565011	-0.431754
-1.412025	-3.928115	-4.540716	-2.089804	-2.159247	-4.731095	-2.160185	-2.089254	-0.803077	-3.285143
-0.995620	-5.479074	-5.226816	-2.561492	-1.980585	-6.899919	-2.369334	-3.593864	-3.404020	-4.695224
-0.831655	-5.824978	-4.806393	-2.483675	-1.336892	-6.565076	-2.086359	-4.238327	-5.198220	-4.792101
-0.825929	-6.098681	-4.950918	-2.646880	-1.361577	-5.726766	-2.183850	-4.260392	-5.902092	-4.385647
-0.912071	-6.381656	-5.114072	-3.061489	-1.921854	-5.224950	-2.628607	-4.011666	-5.752941	-4.309007
-1.007018	-4.145009	-2.003895	-3.313559	-2.535671	-4.029285	-2.743778	-2.470582	-4.560704	-3.694441
-1.053576	-0.599554	1.071932	-3.458662	-2.999430	-2.308829	-1.069494	0.413802	-2.377274	-2.025693
-1.044584	1.122751	2.076403	-2.973570	-2.319491	-0.082371	1.459647	2.398564	-0.416667	0.906789
-1.033022	2.090441	2.651530	-0.982384	0.453066	2.031402	3.299660	3.488397	1.291108	2.954504
0.153103	2.464688	2.840530	0.431117	2.009951	2.660504	3.316302	3.865448	2.700279	3.031413
2.735895	2.477247	2.869735	1.198883	2.106865	2.531839	2.305173	3.446181	3.067842	2.270539
4.011907	2.421920	2.947844	1.865919	2.023688	2.223166	1.087520	2.564982	2.648564	1.426823
3.268250	2.567792	3.208556	2.616278	2.889553	1.733031	0.505023	1.280341	1.826316	0.799924
1.460620	2.791664	3.524689	3.689534	4.174778	1.631807	1.329441	0.056583	1.222139	0.970151
-0.600437	2.579269	3.034610	4.172448	4.441792	0.991505	2.200692	-0.754557	0.885639	0.686488
-1.992947	1.393901	1.133108	3.443575	3.406076	-0.978782	1.741234	-1.594572	0.041128	-0.811068
-2.301140	-1.026848	-2.183993	1.598434	1.350878	-3.982101	0.095949	-2.609189	-1.490397	-2.982347
-1.860931	-4.755734	-6.446827	-1.070257	-1.191367	-6.793329	-2.170007	-3.527182	-3.308556	-4.908591
0.101315	-7.041690	-7.284237	-2.457852	-2.756210	-4.636860	-3.272322	-3.370650	-4.126374	-3.741767
0.841566	-3.440352	-2.367158	-0.149732	-1.489553	-0.817128	-1.286131	-1.772476	-2.482882	-1.067176
0.454442	-0.873757	-0.368267	1.686735	0.136934	-0.124123	0.544925	-0.747934	-0.793640	-0.578578
-0.306143	-0.421787	-0.360760	2.134087	0.706025	-0.223588	1.038683	-0.808434	-0.336474	-0.669623
-0.974881	-0.182475	-0.336213	2.415516	1.047519	-0.325746	1.238684	-1.132153	-0.265788	-0.330126
-1.335356	-0.789523	-1.009138	1.734531	0.595901	-1.750429	0.512024	-1.797833	-0.857378	-1.352314
-1.389766	-1.777803	-1.410364	0.123397	-0.584514	-3.978376	-1.051052	-2.748477	-2.119153	-3.065109
-1.284477	-3.378030	-2.750281	-1.970147	-2.004296	-5.867088	-2.879643	-3.572952	-3.531864	-4.573237
-1.144860	-4.694934	-4.101507	-3.909441	-3.180178	-4.601979	-4.281288	-3.168485	-3.218767	-4.410183
-1.054942	-2.631255	-1.871300	-5.000155	-3.792693	-2.183132	-4.736649	-1.495637	-0.841283	-3.245091
-1.020063	0.947223	1.719174	-3.189327	-2.924638	-0.668122	-3.128646	-0.280213	0.901829	-1.737392
-1.014969	2.760310	3.456212	0.542678	-0.611333	0.250541	-0.095635	0.097933	1.510388	-0.367890
-1.033102	3.386763	4.128941	2.791593	1.268931	0.838245	2.575745	0.290999	1.524006	0.816161
-1.050231	3.388652	4.126940	2.919455	1.543903	1.738723	3.801561	1.314722	1.401610	1.608805
-1.059341	3.274648	4.067248	2.437677	1.109183	2.944794	4.297425	2.467774	2.000313	2.536173
-1.073479	3.343449	3.875764	1.979553	0.733175	3.227061	4.291562	3.605941	3.255251	2.648176
-1.075826	2.999548	2.766189	0.752660	-0.164074	3.164294	2.969869	4.353969	4.042629	2.111695
-1.067782	2.071861	0.581097	-1.096999	-1.435430	2.406066	0.339092	4.373567	3.864959	0.980466
-1.065518	0.318463	-2.612744	-3.052590	-2.662955	0.218294	-3.086152	3.419511	2.672992	-1.099969
-0.704890	-2.745099	-6.409847	-4.435120	-3.420236	-3.204203	-6.031512	1.238421	0.402631	-3.459918
1.047292	-3.425463	-4.826708	-2.681358	-1.415256	-1.666662	-5.252561	0.092388	-1.236021	-1.722604
1.211233	-0.475127	-0.507575	0.532027	2.017431	1.510022	-1.484491	1.604352	-0.129504	1.593246
0.465396	1.670568	1.564563	2.467629	4.022410	3.166189	1.179435	3.703782	2.561622	2.812073
-0.495107	2.714152	2.510250	3.542052	4.597532	4.096953	2.537748	4.975150	4.498123	3.303652
-1.216908	2.866481	2.306474	3.427342	3.873088	4.292478	2.429725	5.346655	5.157349	3.102688
-1.494345	2.398653	1.155078	2.132069	2.062420	3.847012	0.999068	5.093080	4.951934	2.302934
-1.446980	1.419210	-0.619398	-0.068538	-0.421313	2.540063	-1.225695	4.363746	4.004622	1.312005
-1.282952	0.649124	-1.135496	-2.673029	-2.890575	1.382673	-2.158949	3.822797	3.139210	1.245478
-1.134420	1.263296	0.676246	-4.319800	-3.731563	2.104344	-0.230598	3.790226	3.025373	2.010978
-1.070316	2.353148	2.372648	-3.034288	-1.254485	3.296180	2.401039	3.593097	3.386329	2.800098
0.270244	2.825749	2.995606	-1.356063	0.469428	3.731770	2.972107	2.879301	3.480176	2.743936
2.809200	3.093679	3.340640	0.125871	0.978555	3.699146	2.339706	2.136384	3.122500	2.414538
4.326805	3.119167	3.201367	1.249414	0.984579	3.516150	1.291790	1.700145	2.499043	2.334384
4.931090	2.710061	2.364928	1.991550	1.059684	3.708617	0.425335	1.777792	1.846624	3.259804
5.029471	2.500016	1.855890	2.817260	2.094697	4.077508	0.570039	3.238742	2.309381	4.134503
4.709543	2.471178	1.607914	3.129960	2.661031	4.227346	0.983818	4.760025	3.537275	4.465877
3.715680	2.381774	1.354934	2.860263	2.689773	4.526900	1.014890	5.392691	4.451365	4.679857
3.520779	2.527826	1.782955	3.104964	3.494732	4.997706	1.544130	5.305143	4.919576	5.028403
3.861361	2.902493	2.517990	3.773006	4.572611	5.114566	2.430741	4.566028	4.735108	5.147033
3.276298	3.012823	2.612746	3.965325	4.870893	4.328155	2.732155	3.114040	3.831805	4.439215
1.577503	2.271116	1.292248	2.970221	3.795927	1.755307	1.686992	0.554617	1.808332	2.206857
-0.442617	0.268459	-1.622120	0.915980	1.627776	-3.827396	-0.420322	-2.707542	-1.295888	-1.759588
-1.905919	-2.502265	-4.834581	-1.803194	-1.121998	-11.564322	-2.939590	-5.534595	-4.718939	-6.391736
-2.355087	-3.632080	-4.838280	-3.092259	-3.018956	-13.079287	-3.997539	-6.337414	-6.878501	-7.111024
-2.024719	-2.219198	-2.229707	-1.374717	-2.518788	-5.248347	-2.304805	-3.767488	-5.205324	-3.902042
-1.504315	-1.016722	-1.282147	-0.378596	-1.737443	-1.870495	-1.073982	-0.084744	-2.002726	-2.495015
-1.126240	-1.171601	-1.962554	-0.716195	-1.708827	-0.004690	-1.098075	1.339541	-0.021071	-1.568027
-0.971355	-1.719677	-2.638071	-1.031819	-1.771928	0.694059	-1.345231	1.140094	0.766361	-0.855500
-0.992803	-2.077796	-2.744539	-0.610935	-1.365659	-0.123017	-1.120884	0.015668	0.526704	-1.165815
-1.064591	-3.230697	-3.753508	-0.868163	-1.437355	-2.292007	-1.406699	-1.719860	-0.715293	-2.506263
-1.128918	-4.827046	-4.990472	-1.591438	-1.712755	-3.133392	-2.032034	-3.425913	-2.471506	-3.046778
-1.170572	-6.257568	-5.880864	-2.396172	-1.995169	-1.812022	-2.649753	-4.465287	-4.101405	-2.465331
-1.178161	-7.372832	-6.481381	-3.214534	-2.458896	-2.089608	-3.190167	-4.715227	-5.206940	-2.824879
-1.169546	-7.986726	-6.732570	-3.858887	-2.969606	-3.452090	-3.516877	-4.451252	-5.625611	-3.712754
-1.154705	-7.728083	-6.060562	-4.192661	-3.342674	-4.998538	-3.436975	-4.062678	-5.508022	-4.430014
-1.141796	-3.496213	-1.052635	-4.202617	-3.494356	-5.517209	-1.628179	-3.756076	-5.128866	-3.679660
-1.136052	-0.072144	1.731188	-4.080767	-3.509981	-5.328510	0.416552	-3.629613	-4.789438	-3.010661
-1.135086	0.626509	2.085795	-3.985866	-3.493409	-5.305534	0.637731	-3.640666	-4.624454	-3.407339
-1.143027	0.487860	1.787173	-3.947708	-3.475676	-4.803831	-0.423590	-2.973268	-4.127883	-3.890086
-1.156011	0.023556	1.286444	-3.733253	-3.357411	-4.449273	-1.959533	-2.247154	-3.511508	-4.209195
-1.169215	0.005509	1.376050	-2.043961	-1.661423	-2.638414	-2.357275	-1.912099	-2.776274	-2.947483
-1.170995	0.541499	1.886715	0.323500	1.388619	0.202787	-1.144248	-1.685993	-1.792686	-0.770841
-1.173097	0.920828	2.120333	1.618026	3.077735	1.881247	0.099738	-1.617040	-1.082805	0.575092
-1.184665	0.595832	1.725888	1.290098	2.713592	1.833454	0.054171	-2.052156	-1.312991	0.424256
-1.187728	-0.146266	1.116843	0.009147	1.161495	0.875109	-0.908878	-2.830551	-2.290034	-0.481659
-0.852718	-0.659875	0.849952	-1.197721	-0.646901	0.583922	-1.850681	-3.361460	-3.247280	-0.734108
0.696927	-0.241252	1.440606	-1.605147	-1.790826	1.623109	-1.558229	-2.745006	-3.223965	0.371422
0.800004	1.493533	2.721152	-0.615876	-0.480680	2.833556	0.437797	-0.889299	-0.922805	1.710662
0.118590	2.634046	3.352651	0.701942	1.697930	2.874611	1.585111	0.880399	1.806797	1.777258
-0.723843	2.936980	3.326755	0.855325	2.073747	1.942418	1.220006	1.631066	3.099580	0.830526
-1.340396	3.082686	3.367445	1.259770	1.955328	1.190278	0.757502	1.729689	3.481032	0.370698
-1.580072	2.847718	3.024984	1.482947	1.762047	0.613212	0.304024	1.438710	3.330135	-0.091804
-1.535866	2.089820	2.214649	0.619134	0.698563	-0.077100	-0.526535	0.994451	2.914124	-0.716097
-1.380342	0.677275	0.586611	-0.984722	-0.926050	-0.522964	-0.981865	0.497958	2.322560	-1.087663
-1.247648	-1.956151	-2.465337	-2.802242	-2.573952	-1.070655	-1.693043	-0.554169	0.967901	-0.925919
-1.197083	-5.807731	-6.307148	-4.281275	-3.767733	-2.693920	-2.467241	-2.111116	-1.209813	-1.751679
-1.192541	-8.090422	-6.745412	-4.024762	-3.815522	-3.140864	-1.767098	-3.227056	-3.084028	-1.896840
-1.202454	-4.117707	-1.982329	-0.779132	-1.853088	-1.477413	0.213289	-2.654906	-2.488250	-0.954023
-1.221611	0.768226	2.053339	2.120708	0.468253	0.619262	1.933426	-1.466738	-0.764126	0.325035
-1.227289	2.529130	3.425968	2.962390	1.436390	2.012184	3.001342	-0.888439	0.141639	1.851900
-1.236881	2.708599	3.191409	2.135833	0.862799	2.145708	2.649182	-1.342237	-0.352795	1.849312
-1.232443	2.288175	2.038174	0.673433	-0.322651	2.017870	1.208666	-2.195591	-1.446273	1.280734
0.366911	2.063605	1.273537	0.812815	-0.378351	2.690011	0.463441	-1.167325	-0.291963	1.658851
2.727963	1.926024	1.026708	1.929117	0.512580	2.859073	1.057365	1.234176	2.011134	1.859855
2.856908	1.083477	-0.126100	2.044031	0.728535	1.677037	1.082319	1.959319	2.521995	1.135702
2.549402	-0.717934	-2.212887	1.152569	0.048334	0.115019	0.157574	1.115757	1.510714	1.127175
3.082645	-1.584260	-2.593224	0.517393	-0.508540	0.198230	-0.600534	0.311533	0.208351	2.019201
2.456831	-0.833180	-1.653702	-0.001604	-0.893172	-0.080151	-1.129259	-0.349157	-0.971642	1.549442
0.880252	-0.889190	-1.977232	-1.054629	-1.600242	-0.155808	-1.945289	-1.503618	-2.376343	0.343697
-0.839655	-1.227564	-2.626536	-2.428268	-2.490087	0.102718	-2.878628	-2.903163	-3.838553	-0.824974
-1.972798	-1.341917	-2.976715	-3.687673	-3.257584	0.406942	-3.602177	-4.015863	-4.928202	-1.478743
-2.256946	-0.771964	-2.502972	-4.504928	-3.728572	0.372213	-3.927718	-3.797771	-4.159685	-1.744059
-1.970095	-0.005869	-1.763279	-4.788704	-3.895962	-0.713926	-3.891461	-2.419801	-1.923270	-2.401526
-1.574667	0.281455	-1.528493	-4.693624	-3.877837	-3.008051	-3.674725	-1.841834	-1.055754	-3.622689
-1.303861	-0.114042	-1.906093	-4.032845	-3.614283	-5.208367	-3.210543	-2.152864	-1.488234	-4.369079
-1.182891	-0.419270	-1.419512	-1.232958	-2.066580	-2.449845	-1.339333	-2.325548	-1.757781	-2.135540
-1.185448	-0.197223	-0.362011	1.686448	0.077817	1.157975	0.903481	-1.901305	-1.165961	0.418869
-1.258480	0.172824	0.295139	3.156931	1.516722	2.637162	2.193087	-1.236068	-0.207045	1.602040
-1.332430	0.323124	0.062973	2.985351	1.541581	2.723028	1.949384	-0.863845	0.338218	1.451117
-1.369667	0.251362	-0.725435	1.558399	0.397560	1.509586	0.449231	-1.325367	-0.268846	0.163904
-1.356657	0.330301	-1.228470	-0.491879	-0.883160	-0.616473	-1.610208	-1.690533	-1.433222	-1.377418
-1.342468	0.861302	-0.550780	-1.255838	-0.027327	-0.634864	-2.441446	-0.127975	-1.342016	0.233306
-1.335728	1.154906	-0.108935	-0.974737	1.179604	0.159244	-2.039760	1.113356	-0.153275	1.752075
0.266359	1.377451	0.195648	-0.613573	1.418594	1.471650	-1.454542	1.683869	1.419805	2.588663
1.475392	1.548791	0.700964	0.920784	2.428732	2.218802	0.031434	1.971290	2.520036	2.518588
1.031687	1.280844	0.696199	2.337701	3.614796	1.966586	1.372948	1.374684	2.478298	1.741157
-0.057127	0.884771	0.918435	2.943353	4.264278	1.308844	1.924129	0.161506	1.658400	1.143602
-1.151373	0.494758	1.259781	2.626289	3.970928	-0.212302	1.514068	-1.325037	0.266162	-0.050557
-1.801908	-0.254226	1.082113	1.241789	2.486151	-3.049634	0.035216	-2.896961	-1.711010	-2.239625
-1.948441	-1.181911	0.669147	-0.941451	0.125886	-6.402180	-2.081308	-4.153121	-3.871105	-4.635289
-1.790295	-1.963019	0.285881	-3.376905	-2.504404	-8.622435	-4.109586	-4.769168	-5.592107	-6.248440
-1.560069	-2.347560	0.080472	-5.294542	-4.599993	-8.369563	-5.264838	-4.766876	-6.391987	-5.880072
-1.402306	-2.359632	0.046880	-6.125109	-5.558592	-7.012818	-5.262066	-4.471435	-6.305666	-5.202390
-1.181706	-2.254486	-0.120220	-5.880867	-5.398767	-5.903081	-4.529812	-4.128395	-5.750856	-4.933198
-1.098229	-2.870351	-1.504103	-5.105009	-4.689510	-5.363701	-3.706385	-3.847430	-5.140725	-4.906393
-1.188543	-3.786591	-3.204462	-3.699184	-3.687408	-4.534324	-2.632938	-3.618547	-4.516273	-4.216613
-1.320046	-3.624754	-3.167783	-1.933536	-2.478062	-2.455718	-1.189420	-3.192829	-3.645613	-2.770730
-1.414178	-2.232567	-1.184744	-1.459573	-2.076495	-0.084254	-0.929870	-1.749179	-2.734690	-1.436561
-1.461290	-0.343067	0.707720	-1.982014	-2.376742	1.459323	-1.619675	0.786826	-1.224351	-0.423244
-1.463696	0.602747	1.129831	-2.933765	-2.966064	1.939437	-2.700418	2.540794	0.124787	0.014218
-1.455177	0.549699	0.228296	-3.876318	-3.540129	1.426920	-3.666585	3.184563	0.711752	0.611648
-1.457367	0.012915	-1.349476	-4.532890	-3.926435	0.341992	-4.196246	3.206127	0.743443	1.036176
-1.264284	-0.724989	-2.996379	-4.791458	-4.079637	-0.966750	-4.241649	2.896794	0.479196	0.922301
1.009117	-1.355292	-3.603741	-3.771422	-3.529507	-0.586975	-3.377557	2.128115	0.049806	1.603736
3.220202	-0.870221	-1.962409	-0.927765	-1.301720	1.220588	-1.241973	1.419167	0.059828	2.638506
4.301365	-0.153150	-0.609506	1.165999	0.468418	2.011830	0.445399	1.036006	0.361417	2.806900
4.650511	0.246058	-0.015210	1.988594	1.063443	1.973537	1.268635	0.948638	0.590670	2.134253
4.623799	0.629281	0.737345	2.118485	0.972822	2.227532	2.325201	1.052369	0.678032	1.839056
4.447589	0.963664	1.337287	1.953364	0.630595	2.797610	3.356646	1.194408	0.658654	2.103797
4.257301	1.145529	1.615573	1.709659	0.294987	3.159110	3.701762	1.284098	0.591478	2.290423
3.260561	0.964353	1.252939	1.241562	-0.096859	2.744333	2.913971	1.011115	0.306894	1.687482
1.179897	0.636431	0.435907	0.693489	-0.531721	2.049588	1.326494	-0.010665	-0.388201	0.893304
-1.172554	0.576399	-0.383490	0.044178	-0.959164	1.589363	-0.710688	-0.913067	-0.484441	0.291236
-2.722772	-0.189984	-1.527173	-1.222127	-1.794521	0.824060	-3.065812	-1.769289	-0.696024	-0.560372
-2.987973	-1.285714	-1.511486	-2.796168	-2.803863	-1.124971	-4.972094	-2.841127	-1.679042	-2.137977
-2.456432	-2.517993	-1.655964	-4.200854	-3.658083	-4.080967	-5.723525	-3.557592	-3.051504	-4.029741
-1.839529	-2.939842	-1.971938	-4.990946	-4.127645	-5.132994	-4.793836	-1.798450	-3.230235	-4.312833
-1.456313	-0.697350	-0.155571	-3.163731	-2.633886	0.141240	-1.050204	1.687504	-0.271904	-0.499523
-1.071677	0.969300	1.132343	-0.294644	0.174194	2.399154	1.424545	3.267411	2.135527	1.263629
-1.047526	1.002787	1.269901	0.407987	0.896430	2.139578	1.411280	2.529379	2.092711	0.800088
-1.246186	0.457289	1.038370	-0.396155	0.057444	0.134378	-0.046068	0.322365	0.506271	-1.079377
-1.452929	0.225333	0.633825	-1.932078	-1.494516	-2.839687	-2.232579	-2.398291	-1.564389	-3.282383
-1.576292	0.323549	-0.124732	-3.491791	-2.937691	-3.989700	-4.275692	-3.475624	-1.854624	-4.017218
-1.600155	1.047740	0.284641	-3.168001	-1.914529	-1.264326	-3.311178	-2.013582	0.072235	-1.629805
-0.149253	1.962686	1.420713	-0.663141	1.113330	1.544193	0.109169	0.400433	2.273049	0.768476
1.876573	2.458796	2.076917	1.966121	3.483961	3.000714	2.300891	2.449832	3.741807	2.056151
2.051138	2.262831	1.754573	3.088515	4.429634	2.935355	2.845363	2.918419	3.977833	1.953940
2.260405	1.839752	1.320845	3.579677	4.681188	2.590796	2.784069	2.407415	3.369520	1.920694
2.522610	1.786437	1.461183	3.935700	4.394708	2.375619	2.718559	1.647207	2.486625	2.590695
3.146162	2.017048	2.078908	4.107818	3.750553	2.440253	2.678834	1.306538	1.812662	3.224986
2.742945	2.173568	2.578094	4.116996	3.130746	2.386823	2.619415	1.086857	1.427654	3.475769
2.974556	2.489982	2.959445	4.511498	3.710201	3.333293	3.147590	1.710757	2.266261	4.031276
3.455854	2.914402	3.307962	5.084665	4.897214	4.089035	4.019331	3.179972	3.958219	4.207770
2.675664	3.077520	3.312564	5.352372	5.589062	4.160953	4.476398	3.987536	4.903305	3.874342
0.860888	3.024409	3.235051	5.298534	5.746809	3.824775	4.436421	3.906978	5.090234	3.281640
-1.170306	2.925681	3.343338	4.947169	5.420449	3.046565	4.304078	3.272983	4.809179	2.544910
-2.526598	2.158199	2.349708	3.697543	4.047467	0.691404	3.128350	1.623404	3.539926	0.506217
-2.834568	0.088214	-0.361106	1.190711	1.500052	-4.043145	0.558312	-1.096948	0.884435	-2.794167
-2.445527	-3.953377	-5.150112	-2.444003	-1.812984	-10.204866	-3.073454	-4.152367	-2.886010	-6.213079
-1.891402	-8.592948	-9.051054	-5.154850	-3.387396	-10.065871	-5.814158	-6.103199	-6.599450	-6.203373
0.274471	-7.116867	-5.610105	-3.210601	-0.704423	-2.061268	-4.393799	-4.937903	-7.005878	-1.401324
2.749839	-0.756929	0.060375	0.883773	2.655528	1.983147	-0.386497	-1.082706	-2.812335	1.767532
4.025593	1.947644	2.198422	3.181122	4.349568	3.222654	2.210074	2.590609	1.321691	2.639577
4.477346	2.719999	2.771297	4.025227	4.933196	3.567440	3.187036	4.427733	3.333944	2.786013
4.473979	2.922032	2.797774	4.229296	5.008411	3.517767	3.314499	5.030373	3.999617	2.640456
3.460715	2.851484	2.508933	4.102623	4.569703	2.956349	2.978271	4.978836	4.009338	2.112482
1.278726	2.529196	2.065422	3.594193	3.638092	1.768675	2.182457	4.400264	3.512321	1.091451
-1.285416	2.173025	2.041386	2.746057	2.920219	0.539170	1.058441	3.560202	2.685613	0.110638
-2.736948	2.000628	2.227164	1.798335	2.601644	0.406199	0.418410	3.076335	2.299430	-0.019409
-0.166514	1.669449	1.683634	0.824372	1.885717	1.080577	-0.071014	3.009482	2.653310	0.201150
2.482870	1.226377	0.758092	0.286636	0.891720	1.684917	-0.397818	2.966351	3.142334	0.479273
2.546447	0.785870	-0.174660	0.215167	-0.054603	1.096339	-0.560241	2.237954	2.885331	-0.039895
1.229401	1.007142	0.064119	1.046135	-0.201861	0.053072	-0.018092	0.738576	1.917022	-0.564637
-0.557976	1.495630	0.760728	2.000991	0.304443	-0.992699	0.783517	-0.955430	0.671527	-0.945841
-1.557248	1.227275	0.267266	1.870836	0.257362	-2.629483	0.643859	-2.509348	-0.883867	-2.046736
0.625694	0.351103	-0.838757	1.137642	-0.301865	-2.396172	-0.136026	-2.829794	-2.198130	-2.041544
2.908999	-0.377441	-1.437949	0.614788	-0.676983	-0.707290	-0.731638	-1.402409	-2.208507	-1.220148
4.043959	-0.566126	-1.333163	0.490191	-0.718346	1.267623	-0.869726	0.216842	-1.253614	0.002159
4.423514	-0.432811	-0.995637	0.677899	-0.536333	2.407443	-0.625864	1.141868	-0.253639	0.950213
4.404884	0.573643	0.337851	1.725796	0.285126	2.874410	0.438673	2.100090	0.935308	1.634257
4.174468	2.116881	2.086254	3.152095	1.637388	3.220301	1.981799	3.680889	2.728529	2.248319
2.930901	2.990011	2.979286	3.876732	2.503848	3.225236	2.843804	4.787332	4.195795	2.481238
0.670769	3.113616	2.988211	3.719475	2.432127	2.886704	3.048573	5.034085	4.724403	2.788801
-1.735544	2.671726	2.236661	2.468396	1.246323	1.844322	2.804889	4.433385	4.465700	2.285186
-3.002164	1.562788	0.857109	0.115115	-0.740346	0.208703	2.301109	2.890739	3.585474	1.192153
-0.467074	0.230767	-0.085745	-2.380330	-2.600596	0.019041	2.056924	1.202944	2.533182	1.328904
2.138921	0.320692	0.635242	-3.014033	-3.099922	1.113256	2.361770	1.173066	1.760399	2.334350
2.111702	1.248033	1.325927	-2.701334	-2.891595	1.131483	2.271135	2.075962	1.122537	2.399726
1.938595	1.658277	1.234420	-1.975934	-1.973206	0.926246	1.292648	2.823777	0.696294	1.638448
2.302942	1.846530	1.100388	-0.459823	-0.404899	0.995189	0.193727	3.552585	1.092406	0.739596
1.374373	1.508139	0.683147	-0.109383	-0.102550	-0.190549	-1.333817	3.416424	1.202265	-1.066717
-0.223296	0.517562	0.159652	-0.978061	-0.968059	-2.758009	-2.913694	1.857276	0.192259	-3.425245
-1.718774	-0.783981	0.030898	-2.478172	-2.352949	-5.680369	-2.439021	-0.940440	-1.739105	-4.486053
-2.522829	-1.253257	0.533801	-4.069775	-3.703359	-6.556835	-1.312738	-3.914136	-3.448240	-4.506891
-2.584962	-1.139125	0.763011	-5.268794	-4.633354	-4.794571	-1.360037	-4.755720	-2.923893	-4.092568
-2.291822	-1.379414	0.118191	-5.850836	-5.034559	-4.354220	-2.311902	-3.989679	-2.059806	-4.419985
-1.941773	-1.749986	-1.029332	-5.876131	-5.030222	-3.949616	-2.871630	-1.946662	-1.669908	-4.094052
-1.713163	-1.301171	-1.192436	-5.584379	-4.828211	-3.091780	-1.427624	0.508709	-1.236013	-2.797802
-1.645113	-0.989102	-0.964875	-5.109592	-4.558737	-2.671354	0.589340	1.300468	-1.193181	-1.876518
-1.673679	-0.429524	-0.134983	-2.869456	-3.340930	-1.805559	2.089072	0.579688	-1.426373	-0.987832
-1.726013	0.745042	0.822855	0.190251	-1.239021	0.315482	2.513415	-0.573099	-1.231936	0.469484
-1.779789	1.532120	1.398730	2.173918	0.760660	2.256838	2.347518	-0.473803	-0.253582	2.319256
-1.815951	1.988158	2.092941	3.246324	2.614463	3.082576	2.166687	0.369583	0.924677	3.108960
-1.829416	1.676979	1.943793	2.875069	2.690401	2.691897	1.074350	0.105082	0.839238	2.680493
-1.823540	0.533563	0.840171	1.275573	1.305729	1.286040	-1.115393	-1.282822	-0.535466	1.847022
-1.825397	-1.019430	-0.298172	-0.826054	-0.686185	-0.533356	-3.436670	-2.791134	-2.128555	1.246008
-1.825553	-0.562205	0.573408	-1.159992	-1.628037	-0.915052	-3.393520	-2.870194	-1.998896	1.484937
-1.809226	0.474755	0.889560	-0.577886	-1.398636	-0.865396	-2.043184	-2.466413	-1.459156	1.576229
-1.795044	0.701547	0.405117	0.085284	0.126633	0.701036	-0.880369	-2.291257	-1.319634	2.098528
-1.801972	0.057778	-0.922647	0.281430	1.190213	1.436452	-0.482070	-2.395598	-1.573240	2.267533
-1.816256	-1.503019	-2.824487	-0.512421	0.692946	0.782922	-1.191669	-2.875345	-2.311339	1.817624
-1.810870	-2.014387	-2.528988	-0.692901	-0.126217	0.666831	-1.595583	-2.271773	-1.452455	1.864611
-1.816133	-0.417679	-0.463422	0.473817	-0.208281	0.913984	-0.770317	-0.487835	0.911390	1.755156
-1.836101	1.245289	1.089573	1.723142	0.264297	0.524641	0.398598	0.512806	2.113797	0.930199
-1.835275	2.121718	1.923982	2.460732	0.810906	0.356971	1.188827	0.794232	2.487602	0.173612
-0.460923	2.711219	2.829802	2.874558	1.276116	1.413708	1.621482	1.265715	2.905191	0.518959
2.083630	3.079789	3.465189	3.364750	1.893192	3.002721	2.115025	2.329759	3.557447	1.893732
3.240728	3.064945	3.330265	3.623776	2.320740	3.402381	2.379903	3.140471	3.974533	2.376205
2.426094	2.369952	1.991898	2.875039	1.684462	2.361089	1.480116	2.528621	3.281102	1.738493
0.592363	0.426494	-1.211808	0.983830	0.015201	0.698679	-0.652058	0.481284	1.258910	1.237978
-1.446722	-3.592884	-6.568963	-1.907723	-2.180581	-0.686465	-3.534654	-2.512663	-1.976625	0.767533
-2.789444	-8.789180	-12.069555	-5.141786	-4.250204	-1.433560	-6.200102	-5.480684	-5.629334	-0.362632
-3.077744	-13.558049	-13.559903	-7.610304	-5.586513	-1.334072	-6.954186	-7.216292	-8.676557	-1.371900
-2.613143	-14.762021	-7.559600	-8.388576	-5.973735	-0.806805	-3.788094	-7.123114	-9.712881	-1.421068
-0.034543	-7.826710	-2.117955	-6.780433	-5.312829	-0.436028	0.094588	-5.219417	-7.984603	-0.898875
2.567034	-1.703418	0.551892	-3.344353	-3.587078	0.137378	2.389891	-2.149550	-4.384149	-0.046021
3.839971	0.956360	1.927624	0.119681	-1.313234	1.034019	3.567088	0.289433	-1.091219	0.991444
4.075736	2.177152	2.627841	2.548837	0.916410	2.039861	3.950362	2.139762	1.572522	1.802393
2.794912	2.442815	2.464035	3.430745	2.034812	2.084554	3.468869	2.883168	2.852930	2.180448
0.944801	2.227953	1.936215	3.677211	2.717893	1.965612	2.609372	2.304802	2.805062	2.580963
-0.982918	2.054996	1.737285	3.925733	3.699878	2.051727	2.137636	1.287338	2.392718	2.976359
-2.458813	1.929631	1.747101	4.082129	4.411629	2.112337	2.145606	0.257773	1.918260	3.156778
-2.970606	1.880218	1.850688	4.141036	4.748757	2.071253	2.409429	-0.317462	1.587028	3.015428
-2.722588	2.062244	2.116943	4.139156	4.842354	1.989441	2.684240	0.484529	1.725252	2.462297
-2.262895	2.392771	2.434579	4.106506	4.808535	1.980649	2.848975	2.253172	2.344848	1.881229
-1.922362	2.608205	2.593771	4.067216	4.731694	1.946418	2.887249	3.342115	2.885056	1.474252
-1.475967	2.500261	2.425198	3.910827	4.579418	1.613690	2.890213	3.084169	2.820268	1.149822
0.873344	2.223317	2.267151	3.514142	4.280962	1.531905	3.142250	2.084425	2.217165	1.296337
1.863059	1.894758	2.010556	3.018941	3.966524	1.331070	3.263229	0.963139	1.459582	1.242438
1.093126	1.144506	1.068484	2.326058	3.571815	0.523676	2.550512	-0.455533	0.440951	0.471583
-0.324695	0.160053	-0.197626	1.645723	2.903290	-0.802923	1.256773	-1.808711	-0.595229	-0.715063
0.124586	-1.250899	-1.991064	0.524842	1.450725	-2.148248	-0.761202	-2.533942	-1.664591	-2.078870
1.779681	-1.229454	-2.040730	-0.184449	0.073872	-1.194027	-2.378357	-0.673723	-1.459490	-1.803294
1.594572	-0.398153	-1.070557	0.039514	0.361607	-0.347477	-2.442126	0.989545	-0.462117	-1.217206
0.330352	-0.150976	-0.692735	0.560574	1.608669	-0.288341	-1.528541	0.883271	-0.102661	-1.092091
-1.202875	-0.198210	-0.638310	0.971342	2.614789	-0.467007	-0.603309	-0.020918	-0.272241	-1.129288
-2.328163	0.054380	-0.471343	1.019557	2.901403	-0.604180	-0.225805	0.146582	-0.185732	-1.234495
-2.707430	0.376186	-0.216722	0.324000	2.192781	-0.613273	-0.171920	1.438312	0.454052	-1.172011
-2.536728	1.101835	0.832962	-0.439914	1.401687	0.283845	0.725530	2.815210	1.833125	-0.158468
-2.196029	1.176135	1.043076	-1.477427	0.182789	0.219951	1.521071	2.928763	2.577499	0.003665
-1.939495	0.353928	0.097154	-2.959921	-1.624456	-1.190068	1.357528	1.717424	2.097179	-1.034982
-1.824233	-1.637789	-2.258939	-4.519460	-3.561181	-3.420073	-0.114857	-0.701112	0.342709	-2.898688
-1.827274	-4.622104	-5.014500	-5.711815	-5.067308	-3.677924	-2.547879	-3.718410	-2.394490	-3.827986
-1.391628	-6.612362	-4.842588	-6.190558	-5.755095	-3.720549	-5.163933	-6.176476	-5.379192	-4.404486
1.073959	-5.162112	-2.964515	-4.838767	-5.047153	-2.264376	-6.044935	-5.202666	-6.492073	-3.389182
3.029039	-0.945910	-0.095970	-2.071503	-3.147889	0.043224	-3.197504	-0.193993	-3.328968	-0.962343
3.932588	2.121987	2.511507	1.019057	-0.568332	1.833556	1.412383	3.334260	0.802212	1.293594
4.190370	3.106476	3.497578	2.991607	2.040084	2.680500	3.836404	4.430517	2.940618	2.379222
4.110594	3.110307	3.251104	3.505271	3.241661	2.521668	4.100619	4.067184	3.273459	2.176004
3.107086	2.575004	2.079693	2.927781	2.802631	1.207350	2.958912	2.659063	2.450384	0.810612
1.544998	1.533719	-0.012419	1.316012	1.183384	-1.600769	0.353967	0.061731	0.499638	-1.666797
1.654369	0.778091	-1.334984	-0.529882	-0.764205	-2.976542	-3.000654	-2.186481	-1.546402	-2.923634
2.649141	1.100917	-0.544351	-1.491136	-2.048137	-0.795311	-5.167261	-1.415902	-1.072505	-1.222022
3.463406	1.774607	0.706577	-1.217924	-2.148544	1.135700	-4.631004	1.007197	1.189769	0.359633
3.616506	1.959565	1.085258	-0.367293	-1.389048	1.833632	-2.570520	2.600206	2.818950	0.824577
2.319911	1.396451	0.377695	-0.379879	-1.229298	1.638662	-1.592508	2.697798	3.152246	0.367653
0.114712	-0.201708	-1.523820	-1.445904	-1.973525	0.783922	-2.039304	1.323860	2.120070	-0.681198
-2.098240	-3.051868	-4.368874	-3.096869	-3.158984	-0.906194	-3.164131	-1.086717	-0.138282	-2.141627
-3.319548	-5.799970	-5.041489	-4.287698	-4.064646	-3.253535	-2.721770	-3.783775	-3.138620	-2.933174
-3.326380	-3.788270	-1.467628	-2.599058	-3.213357	-3.349167	-0.058785	-4.822231	-4.585879	-1.830836
-2.767525	0.287800	1.512851	0.124834	-1.262250	-2.092140	2.237591	-3.756433	-3.407398	-0.529784
-2.205687	2.006533	2.577699	1.757486	0.262827	-1.065048	3.329632	-2.235438	-1.531105	0.154654
