X1	X2	X3	X4	X5	X6	X7	X8	X9	X10
-0.254813	-4.159564	-4.382387	-1.546489	-1.972340	-4.642807	-2.276264	-2.813693	-2.911428	-5.007365
1.398417	-1.101146	-1.880988	-1.148900	-1.401217	-3.225634	-1.029045	-0.407652	-1.300902	-3.456534
2.726138	1.278669	1.315959	-0.287306	-0.380476	-0.859206	1.489530	2.311311	0.847233	-1.112342
2.525795	3.024310	3.428422	1.041234	2.013204	1.205236	3.453512	4.154589	3.042658	0.629159
1.450303	3.178925	3.770072	2.280771	2.788957	2.004389	3.788752	4.790149	3.795913	0.964760
0.166852	2.589055	2.797002	2.525251	2.140133	1.330942	2.767275	4.802696	3.427089	0.124075
-0.792812	1.904737	1.646752	1.820999	0.967739	-0.054877	1.654226	4.405818	2.491639	-0.836179
-1.165853	0.763652	0.874744	0.580179	-0.240024	-1.420978	1.604922	2.797362	0.792671	-1.278275
-1.034594	-0.617500	0.527988	-0.745196	-1.178149	-2.049916	2.417824	-0.186752	-1.634983	-0.489847
-0.716846	-1.795084	0.531100	-1.739095	-1.784900	-1.491834	3.297719	-3.981584	-4.029285	0.941577
-0.454402	-3.143770	-0.066203	-2.169558	-2.103329	-1.185151	3.382393	-6.711711	-5.386737	0.956980
-0.319376	-4.434958	-1.648443	-2.116661	-2.218082	-1.819587	2.352699	-6.821563	-5.270355	-0.265494
-0.296441	-5.240834	-3.693226	-1.843877	-2.214958	-3.029514	0.583623	-5.373636	-4.326243	-2.149175
-0.335819	-4.608145	-5.175785	-1.514073	-2.049093	-4.168280	-1.297445	-2.959633	-3.071804	-4.002164
-0.390855	-2.358204	-4.954701	-1.241180	-1.927587	-4.558194	-2.681070	1.003184	-1.144464	-5.098451
-0.431945	-0.628103	-3.261123	-0.975867	-1.569888	-3.522390	-3.077640	2.422093	0.586818	-4.149197
-0.456735	0.648812	-0.854458	0.104298	-0.231016	-0.809030	-1.814651	2.266144	1.848916	-0.511826
-0.453791	1.579517	1.008774	2.030177	2.096244	1.663492	0.333620	1.573972	2.734500	2.122500
-0.439305	2.075227	2.064667	3.939310	4.029129	2.934742	2.143069	0.794876	3.273892	2.898870
-0.431037	1.856306	2.219036	5.071582	4.355978	2.910129	3.004963	-0.092813	3.166804	2.515011
-0.427305	0.399778	1.108512	5.062933	3.558143	1.841148	2.706396	-1.512853	1.865429	1.613795
-0.429377	-1.928361	-1.195860	3.938990	2.154193	0.261660	1.447206	-2.785787	-0.514175	0.930600
-0.430355	-2.638825	-3.617370	2.109487	0.592368	-1.492169	-0.235562	-0.480822	-2.390509	-0.151920
-0.426445	-0.959358	-2.855144	0.029527	-0.119626	-2.547346	-0.766966	2.051558	-1.913094	-1.050766
-0.420398	0.130862	-0.008525	-1.548607	1.220005	-1.714234	0.885146	2.344256	-0.450372	-0.827410
-0.423607	-0.038038	1.050152	-1.791222	2.076425	-0.297034	2.389659	1.680332	1.189522	-0.475006
-0.431985	-1.367863	0.244900	-1.287663	1.613984	-0.204160	2.375960	-0.098986	1.060641	-1.092224
-0.324966	-3.085992	-1.610894	-0.813152	0.643034	-1.304723	1.290445	-2.271825	-0.223845	-2.343688
-0.201360	-4.715928	-3.920127	-0.663307	-0.391965	-2.919610	-0.279986	-4.126394	-2.043367	-3.730922
-0.205810	-5.706617	-5.890363	-0.827108	-1.245729	-4.456320	-1.795245	-4.943717	-3.769151	-4.875824
-0.136627	-5.417819	-6.634221	-1.135875	-1.774040	-4.657529	-2.759842	-4.263153	-4.581810	-5.002901
1.413540	-2.336559	-4.453693	-1.086683	-1.500309	-1.750560	-2.410041	-1.170419	-2.788642	-2.844306
3.664242	-0.067492	-0.951646	-0.231943	-0.672856	1.096372	-0.533917	1.218410	0.050273	-0.529692
5.098537	1.023704	0.695508	1.034530	0.092475	2.144959	1.016982	2.561321	1.817679	0.433683
5.346196	1.183710	1.040297	2.027209	0.421771	2.257543	1.581622	2.972676	2.453675	1.168320
4.165487	1.394616	0.461593	2.183145	0.063480	1.755512	1.144074	2.140033	2.140837	1.736841
2.049854	2.037874	0.083313	1.510322	-0.620717	1.434606	0.059803	1.012308	2.220481	2.249521
-0.255049	2.733333	1.093650	0.359115	-1.294848	1.857229	-1.193456	-0.656561	1.584012	2.711119
-1.851254	2.918081	2.612159	-0.866608	-1.797823	2.435560	-2.179052	-2.589690	0.052719	2.972518
-2.223923	2.185762	3.208221	-1.790614	-2.101022	2.748864	-2.662921	-4.026085	-2.112728	3.051789
-1.673795	1.524456	3.287646	-2.197592	-2.239481	2.847464	-2.673761	-1.415709	-3.315709	3.056105
-0.919630	1.426739	3.263333	-2.153366	-2.268463	2.801512	-2.409373	1.971839	-1.974667	3.003201
-0.405889	1.848541	3.250534	-1.902310	-2.254714	2.364970	-2.107834	4.098278	1.430402	2.729245
-0.209358	2.012168	2.757009	-1.666313	-2.242258	1.852405	-1.911804	5.148810	4.084891	2.360888
-0.225806	1.863882	1.446184	-1.543792	-2.228739	2.145297	-1.835158	5.544220	5.223274	2.424578
-0.343665	1.682262	-0.199501	-1.537283	-2.223308	2.737633	-1.738891	5.577990	5.562642	2.235639
-0.460863	1.434791	-0.552672	-1.603391	-2.226525	3.080431	-0.537062	4.970285	5.186475	1.983584
-0.532103	0.407364	-0.082320	-1.687342	-2.234523	2.920975	1.475383	2.890481	3.398632	1.638928
-0.556236	-0.662177	0.717525	-1.749910	-2.240929	2.282102	2.341035	-0.909917	-0.102556	0.936582
-0.536766	-1.279127	1.669808	-1.775101	-2.249797	1.151540	1.839810	-5.756834	-4.977249	-0.195632
-0.510929	-1.408310	2.289330	-1.771726	-2.265140	-0.537011	0.537677	-8.850857	-9.173574	-1.009378
-0.508297	-1.382996	2.472406	-1.756806	-2.277957	-1.849488	-0.991266	-8.176342	-9.960256	-0.441942
-0.524113	-1.802927	1.591564	-1.678500	-1.355435	-1.935098	-2.159811	-5.533234	-7.024689	0.719043
-0.532802	-0.679941	0.486910	-0.801112	1.587764	-0.199802	-1.911045	-2.305966	-1.962680	2.064507
-0.550588	0.055888	-0.061540	1.093534	3.762319	1.848788	-0.165341	-0.437145	1.200387	2.995784
-0.553306	0.660538	-0.476536	2.500898	4.535318	2.565355	1.218466	2.011006	2.490782	2.857157
-0.537990	1.219163	-0.040252	2.808413	4.232732	2.153857	1.466944	3.595463	2.908227	1.854606
-0.524086	1.779508	0.586435	2.120395	3.045880	0.697022	0.775779	3.632733	2.276747	0.040825
-0.509399	2.483420	1.713594	0.825963	1.447481	-1.364800	-0.394575	2.110737	0.443640	-1.532696
-0.508439	2.903438	2.931719	-0.631714	-0.154532	-2.939936	-1.564879	-0.636783	-2.220139	-1.741539
-0.521173	2.343612	3.328246	-1.816182	-1.354936	-3.960457	-2.361219	-3.914805	-4.798128	-2.181382
-0.537473	1.067520	2.764346	-2.259972	-0.558478	-3.645467	-2.245441	-5.727164	-5.624592	-1.641369
-0.546998	-0.486216	1.442673	-1.706745	1.604298	-1.424224	-0.820661	-4.437650	-3.328998	0.040997
-0.558095	-1.060478	-0.297912	-0.435364	3.356655	0.493247	0.523812	-1.958458	0.251908	0.740220
-0.563373	-0.033291	-0.765065	1.536845	4.646517	1.816751	1.723315	-0.157645	2.418398	1.202578
-0.560654	0.269621	-0.409964	3.348347	5.205976	2.877615	2.485242	0.348387	2.928539	1.692885
-0.556172	0.363889	-0.492499	4.016319	5.202491	3.299060	2.348286	1.500033	2.438098	1.778996
-0.557905	0.384609	-0.616027	3.621074	4.987555	3.137013	1.560943	2.526826	1.817065	1.469717
-0.562688	-0.702112	-1.315860	2.532327	4.208003	2.066829	0.452772	1.776972	0.452197	0.502788
-0.570576	-1.308302	-2.171307	1.155795	3.019386	0.314664	-0.545254	0.267569	-1.034893	-0.029922
-0.587704	0.803199	-1.002484	0.701503	2.243028	-0.450548	-0.432249	-0.899907	-0.750610	0.986294
-0.604540	2.290655	0.888802	1.520882	1.707291	0.108105	0.476863	-1.746390	0.113050	2.113094
-0.602673	2.683730	1.416182	2.165635	0.782932	0.485869	0.821221	-2.784578	-0.287385	2.468441
-0.597932	2.714781	1.129676	1.923958	-0.317085	0.329272	0.355355	-2.751669	-0.681495	2.382398
-0.608247	2.767079	0.646250	0.962900	-1.289740	0.027074	-0.561789	-0.765353	0.913121	1.803375
-0.631856	2.636440	0.291882	-0.317529	-1.969808	-0.352904	-1.517331	2.450643	3.120270	0.603694
-0.642585	1.731695	-0.094678	-1.506284	-2.346604	-0.650954	-2.195008	3.430539	4.250717	-0.852447
-0.631449	0.434500	-1.076398	-2.251573	-2.493497	-0.790191	-2.475695	3.677218	4.524021	-1.645287
-0.568904	-0.024904	-1.832282	-2.436515	-2.503456	-0.129175	-2.421474	4.317263	4.675243	-0.345478
-0.527113	-0.141919	-2.094119	-2.244800	-2.472114	0.748865	-2.209295	4.510562	4.228798	1.265982
-0.539612	-1.058482	-2.486140	-1.961688	-2.445491	0.957065	-2.006815	3.455973	2.624186	2.038460
-0.577780	-2.765968	-3.408009	-1.769344	-2.431795	0.486607	-1.891651	0.965553	-0.416669	2.200430
-0.619718	-4.130807	-4.199584	-1.723321	-2.435233	-0.276829	-1.875833	-2.546815	-4.267289	2.092057
-0.644466	-3.021077	-2.261497	-1.781954	-2.446767	-0.630623	-1.918435	-3.822302	-4.106060	2.023782
-0.654286	-2.213772	-0.788434	-1.877547	-2.458127	-0.203989	-1.962280	-2.218911	0.091035	2.101469
-0.562979	-1.404495	-0.188277	-1.946938	-2.424748	0.462350	-1.283680	-0.518178	2.544251	2.201138
0.946156	-0.038681	0.580373	-1.651508	-1.896438	1.070034	0.600256	1.455380	3.496468	2.024607
3.285016	1.033784	0.933357	-0.631359	-0.970249	2.273255	1.917314	3.129252	4.419397	1.989277
4.404479	1.007201	0.659730	0.599317	-0.387686	3.201118	2.153222	3.376668	4.594613	1.966721
3.746063	0.724446	-0.429849	1.149778	-0.565970	2.906218	1.409862	2.007282	3.239124	1.614217
2.030320	0.805865	-1.312223	0.839623	-1.107605	1.313546	0.076716	-0.562707	0.340744	0.481799
0.012304	0.283645	-1.179440	-0.029495	-1.684484	-1.351781	-1.339490	-3.653843	-3.845700	-1.354730
-1.524385	-0.389880	0.270618	-1.065381	-2.125076	-3.348598	-2.377483	-5.829186	-7.754685	-2.738666
-2.089837	-0.942498	1.569303	-1.918998	-2.398523	-2.770980	-2.813469	-6.122435	-9.125466	-2.887481
-1.799151	-1.209769	2.257058	-2.373341	-2.522211	-0.940233	-2.729126	-5.149555	-7.478974	-2.239890
-1.185477	-1.244312	2.462799	-2.419109	-2.546179	0.409625	-2.397917	-4.057933	-5.060329	-1.515210
-0.685745	-1.151057	2.402173	-2.235166	-2.549488	0.960911	-2.078272	-3.376605	-3.522044	-1.066783
-0.456099	-0.580194	2.281923	-2.022751	-2.550040	0.666042	-1.893208	-1.681074	-1.928750	-1.183078
-0.455304	0.282242	2.116621	-1.895948	-2.548866	-0.162156	-1.843598	1.401424	-0.051871	-1.628150
-0.568797	0.526153	1.120408	-1.872879	-2.546348	-0.573762	-1.841928	3.230998	1.017440	-1.777431
-0.690855	0.427311	-0.525170	-1.916068	-2.536063	-1.108282	-1.840393	4.035270	1.375372	-2.179295
-0.766903	0.248063	-2.284764	-1.972744	-2.508894	-1.940571	-1.862928	4.271655	1.326779	-2.812898
-0.792982	1.334252	-2.328597	-1.570713	-1.764026	-2.242451	-1.481427	4.537666	2.328453	-2.824313
-0.781235	1.721986	-0.748994	-0.399217	-0.880005	-1.259375	-0.595177	4.066184	3.720403	-1.917900
-0.752713	0.900338	-0.573174	0.434775	-0.860770	-0.406261	-0.202818	2.846614	4.133183	-1.416821
-0.732069	0.234016	-0.989403	0.456857	-1.280349	0.097778	-0.452202	1.314570	4.010063	-1.221042
-0.729976	0.460435	0.092471	-0.147198	-1.774895	-0.063233	-1.034781	0.091697	3.647805	-1.464156
-0.756097	-0.277307	0.369447	-1.016038	-1.881851	-0.713586	-1.300204	-1.111373	2.667896	-1.842532
-0.789170	-1.459674	-0.405679	-1.617985	-0.080668	-1.352287	-1.114542	-2.349609	0.715424	-2.076780
-0.812043	-1.658589	-1.336162	-1.319100	2.216091	-1.295203	-0.608397	-2.675063	-1.223311	-1.824723
-0.813607	-0.417181	-0.880948	0.385497	3.704950	-0.257761	0.534115	-1.653845	-0.906419	-0.808453
-0.811208	0.027883	-0.128292	2.411139	3.766479	0.478351	1.661187	-0.973398	0.238597	-0.166074
-0.812877	-0.501654	-0.118677	3.280271	2.811116	0.082224	2.149676	-1.048581	0.361206	-0.392377
-0.812113	-1.029257	-0.525239	2.800253	1.340204	-0.970747	2.154271	0.107178	0.536576	-0.990734
-0.811605	-0.912570	-1.331898	1.427473	-0.044489	-2.229986	1.361815	2.125546	0.655065	-1.949074
-0.815870	-0.211280	-1.770428	-0.228319	0.413377	-2.108551	0.179593	3.471993	1.045542	-2.129092
-0.813913	0.066485	-1.719631	-1.333889	1.947532	0.272387	-0.788564	3.634375	2.156080	-0.796627
-0.811722	-0.058632	-1.652815	-1.369018	3.124475	2.409089	-1.220958	3.039931	3.292228	0.703153
-0.822836	0.991483	-1.124288	-0.675379	3.767003	3.385111	-1.156026	2.477113	4.009729	1.601836
-0.846823	2.034575	-0.080924	0.038880	3.634693	3.576787	-0.921971	1.680981	4.175064	1.886857
-0.861096	2.156120	0.343937	0.216160	2.579578	2.852902	-0.928281	0.038414	3.167914	1.281887
-0.847060	0.908376	-0.446744	-0.185740	1.081347	0.974897	-1.216652	-2.241108	0.717883	0.223591
0.103162	-0.376765	-1.725174	-0.764703	0.264874	-0.929241	-1.424992	-2.474603	-2.128823	-0.329231
1.871580	-0.535340	-1.743972	-0.487364	1.659761	0.080045	-0.824062	-0.984273	-2.393915	0.429372
2.203674	-1.051325	-1.302774	0.658743	2.755890	1.957089	0.169396	-0.644167	-1.319822	1.222527
1.392879	-1.335069	-0.638500	1.344110	2.299199	2.285105	0.445538	-0.734477	-0.325785	0.984314
0.148108	-0.631430	0.837438	1.110162	1.133097	1.456348	-0.044659	0.105910	0.777059	0.733716
-0.938274	0.761159	2.148579	0.208480	-0.217543	0.691608	-0.915263	2.684211	2.751543	1.276028
-1.502572	1.096494	2.071915	-0.952072	-1.409782	0.399290	-1.775952	3.952922	3.438130	1.912809
-1.533718	0.833590	0.889784	-1.982526	-2.249327	0.214197	-2.357565	4.326093	2.948866	2.215024
-1.275819	0.335436	-0.790897	-2.595219	-2.707370	0.047838	-2.419734	4.069651	1.816409	2.310890
-1.007447	-0.580039	-1.564105	-2.741996	-2.889545	0.093700	-0.924280	2.454363	-0.219663	2.471804
-0.864350	-1.386510	-1.154498	-2.513383	-2.749816	0.459939	1.357012	-0.423686	-2.762974	2.274529
-0.340137	-1.127205	0.324545	-1.878283	-2.254843	0.807014	2.408580	-3.073590	-4.173859	1.592148
0.285573	-1.383259	1.251046	-1.197256	-1.968900	0.767752	2.061954	-4.784036	-4.279841	0.473918
0.274203	-2.336185	0.614085	-0.917590	-2.042470	-0.376384	0.946847	-5.294253	-4.076865	-1.231007
-0.161356	-3.051265	-0.327471	-1.080281	-2.243602	-2.160511	0.419859	-4.855384	-3.861763	-2.606957
-0.677596	-2.177772	-1.196840	-1.099271	-1.707487	-3.571454	0.517929	-3.202067	-2.462129	-3.163209
-1.048441	-1.263463	-1.263109	-0.104816	-0.565736	-3.354501	0.992521	-1.731268	-0.405539	-2.602170
-1.115796	-1.735707	-1.920663	0.909389	-0.338618	-2.832917	0.997010	-1.460300	-0.093471	-2.403108
0.377977	-0.560468	-1.630633	1.272268	-0.417779	-2.359382	0.524895	-0.290962	-0.121492	-2.326599
2.659459	2.237317	1.567056	1.445750	-0.064799	-1.170782	0.271768	0.970541	0.595008	-1.553694
3.188885	3.594267	3.849620	2.034931	0.700500	-0.038133	0.713657	1.159198	1.471007	-0.632878
2.249220	3.605883	4.353145	2.896270	1.333354	0.391684	1.473348	0.749228	1.923513	-0.139832
0.647069	2.467720	3.507749	3.430854	1.326204	0.088828	1.853643	-0.368977	1.485214	-0.273161
-0.825097	0.134447	1.124564	3.047479	0.568844	-1.156165	1.340921	-1.597735	-0.089782	-1.265705
-0.706639	-1.405096	-2.338337	1.931981	-0.231637	-2.382608	0.326673	0.684692	-0.845337	-2.222039
-0.161586	-1.403020	-4.715960	0.494068	-1.054408	-2.707805	-0.369782	2.185721	0.291812	-2.500617
-0.079016	0.444402	-2.508313	-0.975299	-1.819827	-2.221059	0.464667	1.929680	1.328794	-1.835748
-0.361293	1.281379	0.599704	-2.149287	-2.390195	-1.969525	2.137601	0.335898	0.639591	-1.174767
-0.750908	0.619724	1.532565	-2.773591	-2.719528	-2.277747	3.295785	-2.056208	-1.159336	-0.978945
-1.053489	-1.212005	0.624437	-2.865517	-2.857051	-2.801351	3.099060	-4.375469	-3.421374	-1.419371
-1.188662	-3.749593	-1.548571	-2.665491	-2.889172	-2.673470	1.789500	-5.551261	-5.256382	-1.941756
-1.189625	-6.121201	-4.489077	-2.426955	-2.891848	-2.849307	-0.107130	-5.444731	-5.964211	-2.830611
-1.125561	-6.689922	-6.966716	-2.238889	-2.071007	-3.427872	-1.933221	-4.543724	-5.375924	-3.721825
-1.057640	-4.147991	-6.859773	-1.842248	0.269534	-3.073052	-2.820923	-3.007858	-3.227438	-3.286599
-1.014141	-1.386914	-3.503532	-1.150296	1.270999	-0.839789	-2.494184	-1.231382	-0.042554	-0.565717
-1.012349	-0.029536	0.134884	-0.626950	1.379698	1.095254	-1.795685	-0.880980	0.953849	0.996544
-1.037804	1.494447	2.679265	0.226667	2.654879	1.915512	-0.565673	-0.466607	1.497359	1.460990
-1.038722	2.409828	3.676384	1.794425	3.583419	2.057533	1.050493	1.250804	2.258876	1.502679
0.089922	3.171041	3.737356	3.356521	3.688075	1.934481	2.329355	3.809935	3.434638	1.451729
2.415370	3.643254	3.550633	4.544576	3.614538	2.182185	3.204716	5.168090	4.466024	1.721678
3.477019	3.331329	2.934926	5.176115	3.357773	2.323497	3.572394	4.882190	4.518349	1.802362
2.808469	1.997918	1.438316	5.056482	2.645073	1.645408	3.213055	3.236597	3.390678	1.164033
1.207499	-0.032193	-0.501685	3.992209	1.837180	-0.013558	1.999347	0.007810	0.848570	-0.239053
-0.580437	-1.349871	-0.551849	2.258754	2.101659	-1.669925	0.402742	-4.151666	-2.555677	-1.565035
-0.904974	0.123336	1.266395	0.483008	2.941900	-1.811798	-0.795436	-2.169854	-3.765333	-1.831262
1.324772	1.848466	3.022539	-0.227774	3.267991	-0.090013	-0.791373	2.312077	-0.435991	-0.741890
3.012824	1.761254	2.981405	0.176206	2.703666	1.007915	-0.239097	3.085599	1.417551	-0.099839
3.623228	1.177228	1.894319	0.881871	2.558073	1.667305	0.211459	2.772977	1.795376	0.464260
3.058129	0.112219	0.233473	1.417827	3.002253	2.340114	0.420103	1.315454	1.210146	1.073433
1.525404	-0.668182	-0.340721	1.421441	2.901478	2.390735	0.197664	-0.797694	-0.234198	1.069383
-0.319854	-0.299242	0.589608	0.787334	1.891429	1.476873	-0.448825	-0.494633	-1.525113	0.280304
-1.765631	0.094259	1.818590	-0.290395	0.475654	0.288691	-1.065159	0.053645	-2.179836	-0.584938
-2.342354	1.023887	2.607847	-1.479031	-0.931911	-0.259162	-1.580601	2.288105	0.003410	-0.998030
-2.137722	1.714751	2.981026	-2.432684	-1.956060	0.339304	-2.002505	3.887841	2.884433	-0.759008
-1.621441	1.655994	2.441174	-2.698217	-0.900351	0.904502	-2.072938	4.035184	4.232880	-0.419930
-1.194049	1.760685	1.674516	-1.278184	1.935867	1.805324	-0.977704	3.550810	4.870961	1.171264
-0.713923	1.875480	1.158115	1.338111	3.767388	2.565007	0.893228	2.564732	4.675684	2.345164
1.155807	2.327213	1.340807	3.651751	4.421158	2.829827	2.537661	2.180271	4.207394	2.673718
3.290318	2.787405	2.049437	5.111105	4.846338	3.046162	3.626707	2.444611	3.871492	2.807972
4.483866	2.749455	2.426849	5.732574	4.625049	3.032625	4.036229	2.617234	3.494803	2.663404
4.209186	1.605262	1.737278	5.393702	3.621813	2.227316	3.470091	1.500885	2.093581	1.766558
2.630121	-0.054716	1.002302	3.983329	2.030078	0.201461	1.923526	-0.762183	-0.668901	-0.069017
0.376224	-1.573116	0.832885	1.875507	0.219477	-2.491266	-0.196690	-3.532630	-4.331884	-2.254376
-1.714796	-2.327177	1.093109	-0.451587	-1.405508	-3.583858	-2.270810	-5.623328	-7.424773	-3.354791
-2.827073	-2.279201	1.458562	-2.843252	-2.546565	-2.399391	-3.636299	-6.165672	-8.313546	-3.078244
-2.769856	-2.441695	1.356607	-4.226464	-3.136885	-0.769101	-3.960039	-5.508277	-7.024423	-2.231939
-2.066050	-3.375101	-0.061201	-4.187706	-3.306903	-0.075494	-3.512888	-4.502158	-5.202419	-1.771951
-0.290291	-2.907501	-2.084236	-3.175838	-2.889388	-0.444472	-2.639017	-1.987218	-2.982645	-1.836491
2.341659	-1.182384	-2.986684	-1.559426	-1.879297	-0.604017	-1.434214	0.927501	-0.360670	-1.484926
4.115984	0.651328	-2.059286	0.044013	-0.933490	-0.149922	-0.319106	3.409848	1.707094	-0.814031
4.854465	1.670335	-0.454361	1.181383	-0.294449	0.560751	0.407542	4.509518	2.888792	-0.175685
4.827654	2.086242	1.117931	2.025028	0.438544	1.198354	1.362181	4.266877	3.223411	0.610481
3.625283	1.381450	1.827816	2.376925	0.399627	1.372008	2.717403	2.570973	2.175746	1.674160
1.457853	-0.072164	1.655867	1.838497	-0.332583	1.112728	3.592453	-0.652634	-0.233225	2.315800
-0.965344	-2.350260	0.514181	0.603834	-1.254452	0.790639	3.372530	-4.919284	-3.606819	2.032655
-2.692715	-2.760921	-1.458504	-0.923448	-2.061264	0.474783	2.044438	-8.045607	-6.751713	1.122888
-3.132077	-2.334328	-3.194341	-2.320060	-2.613912	0.253314	0.043481	-8.097375	-8.046007	0.061430
-2.257980	-2.559321	-4.729001	-3.144998	-2.834059	0.315756	-1.985970	-5.493834	-6.827899	0.096733
0.495408	-1.713413	-4.471352	-2.819334	-2.296933	1.439500	-2.993390	-1.418458	-3.123035	1.678895
2.314802	-1.883694	-3.385296	-1.642427	-1.763135	2.570885	-2.665869	-0.185996	-0.836677	2.921807
2.169650	-2.843632	-3.174292	-0.791738	-1.814603	2.677702	-1.984583	-0.596907	-0.626816	3.203320
0.972786	-3.284505	-2.356668	-0.691933	-2.142797	1.621429	-0.630189	-1.835608	-1.581363	2.601743
-0.518850	-2.882738	-0.870595	-1.148251	-2.431574	-0.390831	1.374689	-3.210747	-2.974210	1.399824
-1.689544	-1.348089	0.798375	-1.384464	-1.921584	-2.057634	3.229677	-3.430057	-2.966173	0.460872
-2.175812	-0.987267	1.522070	-1.103863	-1.591266	-1.529305	4.252246	-3.530996	-2.681041	0.354186
-2.064036	-1.270856	1.442792	-0.931294	-1.773961	-0.032101	4.462921	-3.707591	-2.963678	0.716162
-1.700173	-2.071366	0.745251	-1.135573	-2.152954	0.973688	4.094899	-3.840300	-3.547244	1.555706
-1.371751	-3.452303	-1.067089	-1.624816	-2.523222	0.906704	2.850431	-3.709847	-4.092041	2.013230
-1.205193	-3.266022	-3.396767	-2.183996	-2.616428	0.210492	0.830297	-0.758748	-3.436859	2.081676
-1.186425	-2.630769	-4.758778	-2.455384	-0.905434	-0.442427	-1.323795	0.632631	-1.814176	1.612369
-1.236846	-2.407225	-4.621802	-2.137583	1.045941	-0.903163	-2.728038	0.260004	-1.094094	0.577561
-1.303117	-0.711629	-1.726749	-1.591392	1.271809	-1.643925	-3.094871	0.725370	-0.858563	-0.984819
-1.351003	2.320400	2.166750	-0.677394	1.179910	-1.977182	-2.151386	2.450317	0.772273	-1.982959
-1.370382	3.045883	3.816983	0.588199	0.954959	-1.562948	-0.583756	2.690026	1.785279	-2.037285
-1.374237	2.453016	3.859607	1.169001	0.154429	-1.790563	0.093085	1.308355	0.969699	-2.450523
-1.367549	1.120527	3.219628	0.788218	-0.878792	-2.874096	-0.211038	-1.220844	-1.040980	-3.324742
-1.367868	-1.034916	1.831631	-0.245633	-1.827275	-4.341859	-1.054680	-4.112652	-3.594659	-4.308904
-1.379465	-3.479767	-0.918696	-1.510775	-2.502233	-5.257457	-1.993497	-4.301003	-3.356793	-4.826976
-1.389704	-4.962482	-4.650356	-2.584783	-2.656750	-4.647114	-2.672271	-2.517787	-0.337865	-4.445379
-1.391672	-5.480660	-8.097033	-3.150904	-2.700091	-3.768191	-2.960349	-1.485192	0.583741	-4.036115
-1.351985	-3.324730	-6.720842	-3.132900	-2.621548	-3.551292	-2.860564	-0.936021	0.170346	-3.953734
-0.093831	0.437552	-0.091704	-1.736865	-1.205860	-1.986279	-1.639373	0.759198	0.997635	-2.265330
1.887292	1.474396	2.302868	0.556450	0.031123	1.305898	0.100277	2.125214	2.909424	0.908092
2.235202	1.045400	1.981336	1.812581	0.305707	2.582030	0.747261	2.224128	3.688088	1.842790
1.304527	1.129311	0.855468	1.807490	0.998381	2.340323	0.443467	1.833819	3.870677	1.499834
-0.152666	1.834129	0.280926	1.274087	1.319637	1.595189	-0.002676	1.579533	4.032414	1.200735
-1.471603	1.992450	0.303253	1.236766	1.514572	1.117252	0.174227	1.634487	4.308825	1.216097
-2.191652	1.533426	0.296423	1.806640	1.452925	0.870405	0.715473	1.629141	4.389899	1.006199
-2.008120	0.395525	-0.570774	2.024714	0.749653	0.357658	0.700099	1.434373	3.992226	0.269328
-0.050191	-0.359512	-1.478067	1.649762	0.042996	0.102159	0.230537	1.165849	3.021140	0.260964
1.152665	0.798849	-1.162350	1.146327	-0.044909	0.299095	-0.138359	0.276743	1.425800	1.219465
0.956449	2.366490	0.851124	1.330811	0.996292	0.986225	0.498733	-0.542678	0.281370	2.431332
0.036651	3.133570	2.661195	2.170996	1.642320	1.668738	2.292407	-1.114684	-0.008870	3.284828
-0.257028	2.752684	2.839323	2.890762	1.620031	1.936516	3.393075	-0.835888	0.084123	3.469824
1.396911	1.802079	1.955356	2.997908	1.221216	2.106359	3.210535	0.251337	0.388948	3.067453
3.302143	1.247492	0.647661	2.633149	1.296969	2.474378	2.284831	1.234234	0.827437	2.604182
3.917135	0.872070	-0.265605	2.151440	2.076351	3.054679	1.159699	1.143234	0.939602	2.685134
2.937867	-0.724404	-1.876740	1.416193	1.889059	2.931609	-0.142891	-0.252058	-0.158594	2.213355
1.022989	-2.904821	-3.977087	0.355368	1.498869	1.915984	-1.438622	-2.244235	-1.964484	1.042883
-1.076429	-4.358012	-5.279415	-0.648894	2.002279	0.300028	-2.197448	-3.754674	-3.345289	-0.414548
-2.552222	-3.261062	-4.827634	-1.152213	2.750010	-1.121023	-2.203433	-1.493021	-2.935089	-1.544633
-2.945176	-1.271774	-3.001273	-1.074040	3.296750	-1.484169	-1.744595	1.596200	-0.821741	-1.901491
-2.276290	0.246131	-1.239565	-0.706574	3.270109	-1.007020	-1.256866	3.384477	1.233811	-1.726202
0.228844	1.561570	1.126965	-0.257028	2.579000	-0.040097	-0.850928	4.124357	3.258255	-1.053549
2.416055	1.698167	2.221891	0.224268	1.649547	0.870950	-0.514093	3.886325	4.208571	-0.327729
2.519407	0.919223	1.654095	0.397503	1.465956	1.090324	-0.511079	2.832664	4.258803	-0.140234
1.346611	-0.862981	-0.089236	0.179879	1.283108	0.593223	-0.806631	0.613621	3.167180	-0.531092
-0.310874	-3.574918	-3.016491	-0.448307	0.406829	-0.959041	-1.385254	-2.795143	0.529701	-1.714972
-1.750627	-4.637285	-5.780315	-1.201418	-0.450625	-3.075031	-1.887687	-5.257331	-2.838965	-3.074763
-2.457924	-1.722746	-4.668611	-0.952285	-0.284117	-3.474738	-1.387873	-1.804404	-1.078017	-2.877757
-2.367542	0.730512	-1.114850	0.546996	0.402407	-1.390256	-0.069634	2.022697	3.014405	-1.190065
-0.717841	1.574365	0.757054	2.114456	0.823637	0.823910	1.038328	3.431016	4.655317	0.594956
1.434635	1.487951	1.173063	2.790309	0.628822	1.772426	1.300045	3.536547	4.948970	1.159659
1.804274	1.026795	1.461782	2.343068	-0.161594	1.285725	0.633560	2.337003	4.106817	0.513144
0.949639	-0.215167	0.896837	1.053873	-1.020293	-0.432933	-0.555986	-0.023172	1.881591	-0.971911
-0.365144	-0.375256	0.120217	-0.112622	-0.839119	-2.140044	-1.184988	-0.607304	-0.064308	-2.011392
-1.531724	-0.235527	-0.680755	-0.376423	-0.649534	-2.707336	-1.109972	1.265533	-0.437986	-2.350357
-1.625260	0.061111	-1.508010	-0.363476	-0.937600	-2.239499	-1.104599	2.883635	1.484789	-2.325943
0.639097	0.610099	-1.401002	-0.182775	-0.920477	-0.676219	-0.988226	3.603567	3.436705	-1.434159
2.965295	0.861269	-0.593395	0.249994	-0.679935	0.943041	-0.650977	3.696032	4.394466	0.080761
3.330108	0.135792	-0.702018	0.511062	-0.835290	1.750976	-0.542472	2.918596	4.411324	1.527825
2.171271	-0.635583	-1.510863	0.271581	-1.162263	1.718674	-0.834331	1.752517	4.003935	2.224018
0.317642	0.019695	-1.294812	0.249211	-0.687888	1.426319	-0.719778	1.864307	3.968442	2.207805
-0.322704	1.175724	-0.331224	0.712728	-0.228481	1.247908	-0.258396	3.550544	4.267876	1.733640
1.366259	1.887789	0.502029	1.240116	0.004812	1.241709	0.121603	4.617920	4.131217	1.110407
3.299660	2.099303	0.875574	1.577307	0.100108	1.200654	0.297803	4.944539	3.595233	0.506725
4.353812	1.654911	0.642747	1.681586	0.119516	1.010914	0.297158	4.322173	2.540543	-0.003598
4.391002	0.710656	0.167554	1.564733	-0.037204	0.542653	0.131314	2.678051	0.898964	-0.530228
3.102175	-0.547218	0.304620	1.011917	-0.655779	-0.724776	-0.433031	-0.560197	-1.755571	-1.616588
0.904975	-1.638680	0.828145	-0.004211	-1.466089	-2.758298	-1.325152	-5.103032	-4.904154	-3.138676
-1.432713	-1.979584	1.430529	-1.234205	-2.180426	-4.931241	-2.080763	-8.704637	-7.207739	-4.505214
-2.984966	-1.592716	2.201873	-2.346047	-2.683769	-6.198412	-1.457268	-8.976475	-7.571724	-4.630294
-3.263969	-1.913277	1.750194	-3.037359	-2.589165	-6.191304	-0.499096	-6.128447	-6.216165	-4.266244
-2.641305	-0.182750	0.649698	-2.986511	-0.540705	-4.596849	-0.179355	-0.899987	-2.971785	-3.479962
-1.870656	0.415347	-0.512747	-2.212521	1.621184	-2.370959	-0.343248	0.435788	-0.801000	-2.453440
-1.374479	0.008491	-1.530982	-1.215537	2.870095	-0.504870	-0.712749	0.052120	-0.333642	-1.410935
-0.668771	-0.242622	-2.049731	-0.432431	3.106005	0.560371	-1.051158	0.687123	-0.061863	-0.698936
0.933739	0.263536	-1.598995	0.080379	2.461465	1.042209	-1.148185	2.761552	1.654409	-0.230283
1.379200	0.180584	-1.443888	0.104258	1.214279	0.820238	-1.322097	3.576237	2.112592	-0.414714
0.934807	0.262529	-1.523404	-0.405049	-0.178061	-0.227007	-1.593697	3.916260	1.822521	-1.184838
1.498470	1.840409	0.524872	-0.499232	-0.326948	0.040458	-0.170854	4.534405	2.449220	-0.307382
2.659628	2.644865	2.342644	0.976700	0.742825	1.519410	2.202849	4.559846	3.419915	1.215648
2.568254	2.406921	2.565184	2.823273	1.498795	2.400972	3.331992	3.396306	3.362323	1.863592
1.347326	1.678861	1.960137	3.907070	1.788236	2.381799	3.332850	1.258100	2.642932	1.740913
-0.326719	0.985146	1.200494	4.208656	1.860691	1.902712	2.943606	-1.301839	1.672012	1.646491
-1.769519	1.230886	1.380417	4.035781	1.845395	1.803885	3.188501	-0.845705	1.226578	2.454801
-2.474721	1.705439	2.274906	3.680115	1.795732	2.087496	3.955582	0.514544	1.490104	3.308618
-2.425523	1.310258	2.807483	3.107098	1.277876	2.381229	4.450642	0.132200	0.867219	3.711770
-2.001058	-0.301755	1.949311	1.977181	0.212723	2.330885	4.015575	-1.316554	-0.941373	3.615852
-1.576505	-2.979717	-0.380292	0.382179	-0.980869	1.625812	2.473626	-3.199021	-3.402640	2.711361
-1.322507	-4.284014	-3.617955	-1.335680	-1.986684	-0.123957	0.145826	-4.749348	-5.590243	1.001587
-1.253320	-1.847166	-3.251099	-2.751650	-2.669442	-2.152928	-2.342814	-5.410336	-6.558633	-0.304084
-1.306435	-0.938756	-0.913209	-3.481507	-3.043751	-3.120845	-4.216649	-5.283193	-6.213903	-0.859434
-1.404063	-0.936648	0.702253	-3.522582	-3.190454	-1.666283	-4.886073	-4.813960	-5.292112	0.165057
-1.480751	-0.585207	0.691729	-3.200614	-3.205807	0.412436	-4.471070	-4.361810	-4.490703	1.518177
-1.504834	0.503829	0.382920	-2.848107	-3.167103	1.535641	-3.627466	-4.076422	-4.061050	2.087188
-1.498245	1.429429	0.815865	-2.636442	-3.125474	1.585608	-2.918512	-3.990052	-3.970470	1.633689
-1.480026	1.520706	0.610880	-2.587389	-3.086117	1.052009	-2.562751	-4.030532	-4.090047	0.630674
-1.462058	0.486332	-0.648811	-2.646503	-3.058967	0.344851	-2.505141	-3.097771	-4.100529	-0.528302
-1.452933	-0.611154	-2.418972	-2.742823	-3.048896	-0.696941	-2.610756	0.171894	-2.773053	-1.850345
-1.330532	-1.593825	-3.950018	-2.808120	-3.013056	-2.066785	-2.753241	1.772240	-0.728860	-3.155402
0.258755	-1.170145	-3.947825	-2.486386	-2.454147	-2.287693	-2.538414	2.764075	2.045946	-3.175932
2.587905	0.020019	-2.095998	-1.420986	-1.490375	-0.696948	-1.726128	3.346496	3.887526	-1.726749
4.074947	1.183306	0.629162	-0.014524	-0.665107	0.941295	-0.736500	3.558368	4.662158	-0.297269
4.660307	1.988857	2.210645	1.099151	-0.190522	1.669929	0.155559	3.195388	4.441576	0.458418
4.719444	2.743690	3.072935	1.742240	0.166670	1.704585	1.637205	2.505878	3.441696	0.960659
4.536546	3.127237	3.580954	2.472662	1.075280	1.796204	3.545433	2.159983	2.623597	1.666851
4.302670	3.263408	3.813944	3.529413	2.041745	2.158037	4.976782	2.195667	2.484624	2.333077
3.668946	2.780122	3.621416	4.359740	2.368573	2.306331	5.579469	1.609361	2.264474	2.538205
2.063562	2.072221	2.973065	4.216996	2.306061	1.680938	5.273165	0.362358	1.535871	2.038930
-0.092233	1.816089	2.509578	3.088061	1.793886	0.577583	3.907990	-1.616317	0.114938	1.401040
-1.998566	1.071672	2.065778	1.271749	0.678477	-0.854831	1.479668	-3.887478	-2.233242	0.774891
-1.932650	0.530935	1.779441	-0.811370	-0.377734	-2.329386	-1.439766	-3.614431	-3.972653	-0.328431
0.870347	1.099823	2.063360	-2.036623	-0.491128	-2.301506	-3.478149	0.680703	-2.162281	-1.041056
3.369228	1.869899	2.279764	-1.451786	-0.096557	-0.704675	-2.863901	3.596874	1.083670	-0.737864
4.533852	2.448309	2.545914	0.023445	0.131453	0.834068	0.262093	4.811135	2.855011	0.266123
4.352199	2.377366	2.625249	1.130469	-0.035549	1.427552	2.880285	4.854011	3.176760	0.918818
2.826833	1.340756	2.057582	1.224333	-0.688225	0.788663	3.964005	3.467659	2.014254	0.723492
0.509874	-0.414460	1.038834	0.442958	-1.477604	-0.783193	4.095412	0.398917	-0.517251	0.034027
-1.772706	-1.987059	0.049475	-0.779445	-2.046935	-2.666501	3.814675	-4.250272	-3.823484	-0.721224
-3.108809	0.043128	0.637954	-1.301433	-0.597923	-3.118502	3.766704	-6.615906	-4.316912	-0.585957
-3.147924	2.392422	2.461609	0.097024	1.903560	-1.133099	4.207021	-4.680381	-1.250463	0.535671
-2.418698	3.507596	3.873832	2.152431	2.745821	0.540077	4.624502	-1.489465	1.135695	1.260469
-1.662138	3.780621	4.387321	3.541641	2.745464	1.058133	4.379082	1.937218	2.613503	1.242855
-1.221081	3.455990	4.314131	4.055515	2.371075	0.834512	3.437170	3.053150	3.068391	0.728348
-1.094863	2.650768	3.691521	3.591873	1.388859	-0.191411	1.729141	3.379503	2.429279	-0.445701
-1.159716	2.251320	2.893552	2.212032	0.059576	-1.816052	-0.560479	3.436321	1.273347	-2.068963
-1.283738	2.492502	2.516355	0.315760	-1.230407	-3.386724	-2.838556	3.339628	0.064363	-3.592887
-1.381419	2.262754	2.347488	-1.682305	-2.216258	-3.289708	-4.391093	2.988406	-0.750645	-3.849475
-1.432696	1.295413	2.032336	-3.246968	-2.771935	-1.697833	-4.783116	1.377733	-1.801230	-2.950677
-1.451744	0.022907	1.232693	-3.816272	-2.625077	-0.857950	-4.238144	0.228255	-2.599535	-2.212655
-1.442511	-0.889147	-0.284465	-3.516046	-2.494131	-1.034180	-3.319520	0.970889	-1.956892	-1.825592
-1.417374	-0.597276	-1.031057	-2.935022	-2.475037	-1.672834	-1.500722	2.322644	-0.338913	-1.608108
-1.391102	0.358508	-0.203459	-2.357524	-1.016219	-1.588201	0.936681	3.251259	1.104708	-0.867884
-1.368043	0.989642	0.790371	-1.692286	1.236410	-0.447251	2.590803	3.724954	1.870865	0.038535
-1.153132	0.678841	0.673261	-1.019801	2.292498	0.350920	2.690905	3.287309	2.128180	0.171192
-0.841077	-0.451590	-0.630740	-0.668080	1.842749	0.127781	1.588934	2.130142	1.175718	-0.507769
-0.687447	-0.997782	-2.333470	-0.813082	0.727617	-0.056906	-0.232796	1.971228	0.107501	-0.880524
0.420446	-0.233398	-2.860399	-1.081168	-0.219647	0.811070	-1.955656	2.954862	0.254878	0.312666
1.879881	1.018747	-1.823174	-1.027052	-0.717490	1.342726	-2.737357	3.895058	1.161521	0.857597
3.344145	1.673041	0.263509	-0.385888	-0.116770	1.483446	-1.381523	3.960326	1.998094	1.055412
4.276414	1.776146	1.197324	0.671173	0.534853	1.364024	0.593333	3.385433	2.258900	0.941324
4.654475	2.065668	1.765701	2.150236	1.466341	1.388517	1.973616	2.810812	2.771198	0.942814
4.334891	1.465664	1.574397	3.401601	1.766111	1.368539	2.452743	1.615203	2.600093	0.770016
2.903541	0.144612	0.674471	3.483885	1.078922	0.315933	1.748976	-0.647842	1.035119	-0.332400
1.796297	-0.645050	0.072926	2.571850	0.306802	-0.878013	0.387932	-1.605338	-0.752679	-1.377711
2.118110	-0.924274	-0.576321	1.398815	0.029880	-0.374731	-0.808675	-0.921030	-1.368622	-1.169903
2.155272	-1.717317	-1.612052	0.433265	0.134600	0.100503	-1.557463	-0.837859	-1.639736	-1.101805
1.459711	-1.817348	-2.388622	-0.378338	-0.253057	-0.542996	-2.082339	0.109067	-1.660628	-1.787140
1.770670	-0.879586	-2.215075	-0.762766	-0.466445	-1.165723	-2.018353	1.308780	-0.263413	-2.078454
3.008848	0.680005	-0.221423	-0.358050	-0.192512	-0.067396	-0.340231	2.558462	2.426607	-0.662578
4.021864	1.422479	1.622504	0.558482	0.347984	1.927085	2.072523	2.804684	3.417539	1.244008
3.783424	0.682213	1.701903	1.191714	0.207513	2.715981	3.173654	1.632770	2.649869	1.830430
2.305751	-1.041692	0.211219	1.014492	-0.507100	2.337625	2.596940	-0.258475	0.512723	1.321253
0.205903	-2.022352	-2.084274	0.152949	-1.359278	1.453360	0.918871	0.128153	-1.724963	0.388452
-1.707796	-1.098914	-3.655815	-1.022998	-2.064133	0.720175	-1.258419	1.694147	-2.472359	-0.256467
-2.719071	1.283762	-0.491891	-2.123074	-2.461515	0.867152	-2.691536	2.730009	-1.680802	0.648355
-2.644072	1.746493	2.059624	-2.695386	-1.142072	1.614725	-2.595413	2.231540	-0.948614	1.676986
-0.819843	1.571524	2.466401	-2.120301	1.416766	2.338091	-1.653406	1.474764	-0.163396	2.001878
1.136670	0.911828	2.099090	-0.601937	3.120104	2.860070	-0.032065	0.177855	0.356914	2.121902
1.424524	-0.433567	0.861831	0.659339	3.830690	2.692565	1.169104	-1.640865	-0.034670	2.008149
0.667335	-2.056805	-1.234265	1.175762	4.085234	1.820301	1.235114	-3.243270	-0.889394	1.395729
-0.332139	-3.037715	-3.532300	1.090160	4.159936	0.497460	0.550382	-3.715930	-1.691900	0.320061
0.094069	-0.334072	-3.556820	0.905064	4.300994	0.301646	-0.208417	-1.693523	-1.227275	-0.078083
1.780775	1.851827	-0.868694	1.121155	4.243010	1.616354	-0.497112	0.022979	0.050578	0.514092
2.172199	2.500904	0.560557	1.231882	3.284808	2.201580	-0.797482	-0.189811	-0.047669	0.597448
1.340754	3.000090	1.780998	0.786631	2.081038	2.020135	-1.380772	-0.306581	0.327767	0.274220
-0.006034	3.460916	2.995684	0.065462	2.057365	2.040546	-1.871273	0.200437	1.949818	0.369705
-1.237120	3.718725	3.510597	-0.016525	3.123809	2.694295	-1.528445	1.236521	3.722383	1.595909
-1.911902	3.235138	3.192028	1.211977	3.784231	3.500202	-0.231368	1.591826	4.434183	2.973815
-1.979099	1.543473	1.663039	2.388715	3.219937	3.543257	0.575216	0.532044	3.515730	3.239558
-1.697075	-1.668524	-1.451512	2.443771	1.912856	2.757770	0.277766	-1.483751	1.054815	2.601561
-1.356567	-4.022331	-5.107940	1.639729	0.703341	1.665674	-0.491619	-3.084845	-2.178880	1.851943
-1.126927	-2.130355	-3.881611	1.136089	0.497628	1.203876	0.133893	-2.940289	-3.152848	1.468394
-1.051510	-0.253269	-0.394248	1.621278	0.902212	1.548140	1.774125	-1.928399	-1.384770	1.424751
-1.039073	-0.039299	0.747605	2.465441	1.038071	1.894295	2.462595	-1.439154	0.041187	1.192434
-0.441785	-0.684404	0.153973	2.643951	0.551318	1.801425	1.888611	-1.162137	0.083407	0.624394
1.269639	-0.864944	-0.905546	2.147426	0.089722	1.422536	0.654238	-0.151171	-0.000101	-0.000820
2.454948	-1.230385	-1.944426	1.374475	-0.335730	0.638811	-0.633193	0.447358	0.500325	-0.768209
2.093826	-0.917938	-1.610208	0.374839	-0.982981	-0.410348	-0.971874	0.744301	1.731031	-1.224990
0.851458	0.227270	1.144464	-0.734162	-1.651325	-0.779240	0.265309	0.825986	2.741976	-0.160094
-0.590415	1.381720	3.225911	-1.676196	-2.025682	-0.490814	1.917936	0.896927	3.353826	0.750485
-1.649180	2.378494	4.209320	-1.479275	-1.216279	0.128560	3.039714	1.260453	3.920422	1.187322
-2.034651	3.041988	4.463353	0.258584	0.136482	0.910088	3.205876	2.371771	3.938043	1.797112
-1.870333	3.253379	4.062015	2.294255	1.162674	1.558856	2.733279	3.616903	3.766921	2.393407
-1.492960	3.203643	3.107446	3.684979	2.206750	1.999728	2.038909	4.369598	3.597338	2.811927
-1.174395	2.330291	1.416774	4.178694	3.114848	2.231869	1.234149	3.900931	2.870613	2.970733
-1.013520	0.756487	-0.903328	3.680212	3.508296	1.959357	0.162770	2.076242	1.091749	2.798048
-0.984397	-0.924525	-1.578964	2.427101	2.997646	1.205141	-1.043350	-1.082219	-1.638295	2.385121
-1.017497	-2.178549	-0.633412	0.720649	1.768929	-0.022250	-2.219870	-4.898873	-4.735741	1.739776
-1.070629	-3.401652	-0.371109	-1.065535	0.602595	-1.619091	-3.087707	-7.238467	-6.767515	0.595610
-1.108319	-3.187806	-0.600688	-2.252437	1.120074	-2.045328	-2.787526	-6.463167	-6.046197	0.419868
-1.122068	-2.293498	-0.207160	-2.229529	1.892099	-0.596942	-0.606986	-4.298651	-3.624306	1.289185
-1.123091	-1.972621	-0.560152	-1.631539	1.481110	0.237148	0.926511	-1.518092	-0.101623	1.137831
-1.111290	-2.019540	-1.725513	-1.212705	0.462289	0.093461	0.893943	0.230014	2.347119	0.396675
-1.102410	-2.771827	-3.350950	-1.197801	-0.669657	-0.763724	-0.154445	0.220737	2.589428	-0.833735
-1.094880	-3.928857	-5.072059	-1.483113	-1.614800	-2.388219	-1.613673	-0.868210	1.179708	-2.623768
-1.084041	-3.453385	-5.901727	-1.875094	-2.242118	-4.242348	-2.945442	-0.146075	-0.814664	-4.445112
-1.070626	-2.371313	-5.143468	-2.201529	-2.555846	-5.391534	-3.746195	1.196400	-2.070143	-5.584699
-1.060435	-0.885300	-3.697056	-2.366371	-2.644684	-5.302472	-3.905160	2.901725	-1.004316	-5.712184
-1.057900	0.118460	-2.279407	-2.376078	-2.630510	-4.047056	-3.635611	3.956161	1.316286	-4.934504
-1.060465	0.454734	-1.597291	-2.304072	-2.590513	-3.075235	-3.263003	4.266357	2.062360	-4.289635
-1.067553	-0.148992	-1.688996	-2.225747	-2.555029	-2.898924	-2.985155	3.500034	1.598046	-4.096112
-1.068674	-1.780043	-2.656558	-2.178217	-2.536905	-2.955303	-2.856059	1.300111	-0.092394	-3.964949
-1.052193	-2.608800	-2.502007	-2.162578	-2.525537	-1.995618	-2.262505	-2.150612	-2.568160	-2.908995
-1.032104	-2.502902	-0.486912	-2.159830	-2.496267	-0.698724	-0.365843	-5.683042	-4.945462	-1.408912
-1.026741	-0.963996	0.955630	-2.161209	-2.465853	-0.513581	1.676039	-7.243256	-6.203658	-0.750854
-1.029713	1.504832	2.321737	-2.162281	-2.442344	-1.297212	2.943330	-6.437896	-5.986095	-0.748159
-1.032054	2.890249	3.442837	-2.160097	-2.434047	-2.471597	3.460110	-4.935238	-5.004866	-1.024409
-1.029801	3.489468	3.673982	-2.155909	-2.434445	-3.473354	3.512816	-2.754264	-3.918105	-1.320969
-1.014078	3.767985	3.556115	-2.141817	-2.419998	-3.723922	3.352300	1.000729	-1.970731	-1.409017
-0.990700	3.480668	3.146079	-1.984680	-2.176717	-2.803352	3.213042	3.229388	0.148436	-0.613018
-0.979306	2.704874	2.472902	-1.681083	-1.996723	-1.035874	3.133260	3.977035	1.226830	1.014989
-0.980652	0.838554	0.977445	-1.490365	-2.029025	0.667588	2.627986	3.048148	0.816345	2.156942
-0.990188	-2.224113	-1.789582	-1.511951	-2.085711	1.455103	1.279400	0.766725	-0.736792	2.491672
-0.995637	-4.841844	-4.962830	-1.562725	-0.652197	1.341185	-0.543282	-2.273697	-2.465372	2.402420
-0.983637	-5.223065	-6.532295	-1.273014	1.691183	1.130813	-2.085248	-4.616411	-3.265785	2.307991
-0.956818	-3.305346	-5.268984	-0.590368	3.283236	1.109988	-2.716806	-4.838997	-2.797806	2.288629
-0.939082	-0.130419	-0.722343	0.676067	3.846600	1.231571	-1.924037	-2.904271	-0.735264	2.206833
-0.933114	1.830417	2.490788	2.278353	3.710457	1.254860	-0.319819	-1.048772	1.171928	2.127361
-0.938578	2.451466	3.686846	3.568018	3.302178	1.320788	0.989249	-0.100725	2.088662	2.270971
-0.946207	1.699423	3.221977	3.953234	2.389288	1.081543	1.265267	-0.462188	1.528149	2.228675
-0.940409	0.947284	2.488500	3.267785	1.204930	0.366072	0.540831	-1.344935	-0.036709	1.962376
-0.932870	1.384120	2.593749	2.290612	0.828518	0.013998	-0.160868	-1.452938	-0.675795	1.966843
-0.932013	2.303950	3.333504	2.106362	1.766220	0.568074	-0.069493	-0.876886	0.204746	2.299338
-0.927902	2.501990	3.791679	2.837250	3.160179	1.588042	0.577388	-0.509374	1.220730	2.696804
-0.927397	1.231504	2.796314	3.213480	2.955311	1.712755	0.610571	-1.159852	0.679901	2.587849
-0.805241	-0.811993	0.320142	2.658004	1.907876	0.853756	-0.160780	-1.610159	-0.819589	1.942335
0.787671	0.017314	-2.169942	1.572770	0.955958	-0.103316	-1.086337	2.336182	0.443867	0.881077
3.123786	1.758700	-2.136601	0.791772	0.527130	0.057251	-1.448344	4.803346	2.846521	0.059849
4.165519	2.328094	-0.003703	0.673764	0.268966	0.865257	-1.309685	5.085032	3.687668	-0.330924
3.452172	2.189714	1.766119	0.645738	-0.297499	1.436449	-1.306219	4.231732	3.821596	-0.556790
1.720947	1.992375	3.128192	0.291575	-0.968340	1.255859	-0.814264	2.708390	3.707823	-0.710176
-0.044462	1.708214	3.466834	-0.329719	-1.441004	1.107900	0.703457	1.378521	3.608133	-0.213181
0.503631	2.359360	3.509704	-0.568322	-1.014012	1.433885	2.510476	2.001813	4.135121	0.694348
2.362601	3.360742	3.857597	0.705771	0.573035	2.260980	4.083741	3.212554	5.085287	1.751560
2.721471	3.731445	4.020136	2.751879	1.809323	2.751469	4.958070	3.600841	5.548465	2.356799
1.818020	3.702002	3.816918	4.253268	2.432199	2.911637	5.062871	3.533647	5.631548	2.904552
0.386910	3.086190	3.008001	4.848584	3.094165	2.958729	4.415017	3.101229	5.380318	3.243724
-0.923748	1.814561	1.285342	4.473306	3.532077	2.723188	2.877339	2.359154	4.756545	2.989035
-1.647106	-0.055800	-1.250038	3.243093	2.907949	1.779338	0.680479	1.420472	3.816373	1.883662
-1.707029	-2.577902	-4.307731	1.476216	1.677916	-0.036926	-1.767953	-0.286303	1.853574	-0.105812
-1.377049	-4.077552	-5.770991	-0.427429	0.312518	-2.520754	-3.253792	-2.406130	-1.447753	-2.505472
-0.994434	-3.564883	-3.244524	-1.986530	-0.838344	-4.098487	-1.858861	-4.041333	-5.265441	-3.499503
-0.755034	-2.422461	-0.245817	-2.697228	-1.606071	-2.708403	0.850084	-4.630386	-7.776024	-2.244137
-0.678049	-1.536358	1.317162	-2.592782	-2.002970	-0.315452	2.751715	-4.331216	-7.631177	-0.554102
-0.704913	-1.235685	1.747748	-2.122093	-2.140616	1.105933	3.522433	-3.735335	-5.784556	0.423219
-0.756255	-1.835204	0.846860	-1.663570	-1.914016	1.540230	3.060617	-3.196449	-3.990485	0.534067
-0.790866	-2.910710	-1.182730	-1.384163	-1.688099	1.394789	1.533432	-2.886250	-3.000565	0.117368
-0.814115	-3.201504	-3.082600	-1.321480	-1.656290	1.102519	-0.609865	-2.819972	-2.764659	0.184186
-0.497848	-1.865485	-1.974349	-1.364872	-1.612215	0.935923	-2.690237	-2.176491	-2.691309	0.932545
1.461548	-0.020305	-0.308327	-0.983485	-0.988433	1.173202	-3.593017	0.229339	-1.068289	1.752120
3.566000	1.375108	0.758760	0.066357	-0.153319	1.840069	-2.865341	2.518773	2.173712	2.430315
3.877179	1.611356	1.453540	1.015551	0.055332	2.178838	-1.785049	2.952481	3.788757	2.535612
2.730577	0.473877	0.836902	1.204743	-0.309560	1.302638	-1.357681	1.815260	3.239521	1.497771
0.983516	-1.330087	-0.930126	0.697803	-0.805002	-0.739943	-1.547192	-0.179381	1.271939	-0.507423
-0.241133	-2.910847	-2.985651	-0.070738	-1.085962	-3.103536	-1.934612	-2.088161	-1.442461	-2.839626
-0.929682	-3.540265	-4.614052	-0.754153	-0.996961	-4.823792	-2.265903	-2.792655	-3.308957	-4.749169
-1.179030	-2.157631	-3.318449	-1.160921	-0.715492	-4.409559	-1.522824	-1.578124	-1.264306	-4.562659
-1.129254	-1.463011	-0.991851	-1.325327	-0.809676	-2.865481	0.147453	-1.030044	-0.057665	-3.122351
-0.954547	-0.628891	-0.144584	-1.363087	-1.074977	-1.180772	0.919080	0.721752	0.186429	-1.903051
-0.789758	-0.267771	0.595515	-1.364444	-1.341130	-0.191872	1.401673	0.752015	-0.386150	-1.042695
-0.695750	-0.292495	1.227868	-1.368184	-1.537094	-0.004582	2.125828	-0.325987	-1.679386	-0.226887
-0.675867	-0.485569	1.578047	-1.380787	-1.649652	0.789553	2.823558	-1.844444	-3.128903	1.411235
-0.701516	-0.690509	1.677636	-1.401647	-1.714964	1.704036	3.267926	-3.189881	-4.194423	2.234532
-0.738238	-0.680255	1.640817	-1.422176	-1.736942	2.049507	3.448766	-3.475949	-4.508964	2.187207
-0.583166	0.735337	1.844545	-1.416230	-1.687170	2.068224	3.458742	0.385469	-2.919776	1.848820
0.386738	2.263118	2.532500	-1.159313	-1.336470	1.990317	3.489928	3.558702	0.135272	1.502475
0.818748	2.928737	2.951522	-0.802166	-1.182632	1.279193	3.481751	4.517571	1.638459	0.854751
0.532907	2.769004	2.938301	-0.636792	-1.238534	-0.097974	3.340388	3.634131	1.326435	-0.050059
-0.063409	1.277477	1.689102	-0.716779	-1.370509	-2.005202	2.542905	1.379718	-0.209021	-1.430449
-0.603225	-1.169797	-0.818646	-0.948367	-1.496570	-3.798368	0.931784	-1.842944	-2.349405	-2.398951
0.155974	-1.842191	-3.209679	-1.013293	-1.228624	-3.432798	-0.854914	-2.669693	-3.254414	-1.226723
2.496386	-0.413872	-2.787747	-0.334801	-0.389263	-0.418655	-1.538265	-0.433681	-1.456790	0.442740
3.720015	-0.159271	-1.596421	0.733259	0.148576	1.932794	-1.369275	0.478841	0.024465	1.147886
3.157716	-1.063542	-1.584585	1.274737	0.008551	2.306891	-1.299725	-0.061938	-0.177452	0.709769
1.620084	-1.853764	-1.828441	1.070438	-0.432226	1.043435	-1.583343	-1.248679	-1.329296	-0.719217
-0.151311	-1.318462	-0.080798	0.362380	-0.896649	-1.364402	-2.074217	-2.538042	-2.806887	-2.718826
-1.451165	-1.061309	1.437003	-0.499638	-1.226684	-4.152611	-2.544187	-3.387217	-3.993544	-4.666240
-1.876655	-1.705090	1.039019	-1.184959	-1.269129	-6.278666	-2.825165	-3.587960	-4.431230	-5.908568
-1.593672	-2.599475	-0.579141	-1.510515	-1.273237	-5.786639	-2.896691	-3.182763	-4.016714	-4.940299
-0.778286	-1.934456	-2.467104	-1.471522	-1.224343	-1.516329	-2.792087	-0.626984	-0.728135	-0.851767
1.285163	0.013541	-2.600002	-0.843693	-0.684743	2.459424	-2.269026	2.062256	2.917068	2.305066
2.304034	-0.009698	-2.227844	0.015096	-0.387353	3.721522	-1.709525	2.139770	3.383511	3.285476
1.903962	-0.259534	-2.186249	0.495364	-0.401862	3.234325	-1.521571	1.714249	3.084265	3.032516
0.813767	-0.638857	-2.118025	0.582215	-0.481332	1.807564	-1.583008	1.208757	2.799125	2.117329
-0.345892	-0.889044	-2.202695	0.307078	-0.717507	0.393266	-1.869200	1.114745	2.942774	1.541174
-1.120559	-1.560291	-2.475566	-0.184487	-0.981839	-0.348356	-2.241644	0.372908	2.388329	1.365242
-1.354283	-2.441964	-2.956455	-0.696242	-1.201087	-1.125058	-2.501897	-1.037001	0.584211	0.573699
-1.029329	-2.009234	-1.905762	-1.043988	-1.284268	-2.138422	-1.587116	-2.254633	-1.902857	-0.590687
-0.555678	-1.361114	0.088773	-1.138624	-1.284132	-2.818787	0.511964	-3.045407	-4.215166	-1.421143
-0.324970	-0.908854	0.580479	-1.078644	-1.268957	-2.637542	1.604645	-2.423420	-4.879838	-1.960026
-0.332247	0.328231	0.288610	-0.888980	-0.026621	-1.568715	1.324476	0.701012	-0.493639	-2.096572
-0.457078	2.533713	0.489617	-0.379726	2.417884	0.095628	0.401889	2.752479	3.350524	-1.480313
-0.598016	3.180251	0.939304	0.374654	4.143352	1.419215	-0.586421	3.647060	4.928798	-0.659396
-0.700155	2.934914	1.003688	1.069862	4.813797	2.001135	-1.097444	3.581746	5.297296	-0.089589
-0.732969	2.331507	1.441137	1.332739	4.221053	1.825776	-0.189490	2.963710	5.010749	0.223025
-0.706573	1.558677	1.309079	1.052746	2.950930	0.981069	0.883857	2.755399	4.166998	-0.061648
