X1	X2	X3	X4	X5	X6	X7	X8	X9	X10
-1.416272	-5.912778	-5.302449	-2.757337	-2.320620	-5.839004	-2.061058	-4.066127	-4.538931	-4.112801
-1.422916	-5.822476	-5.155009	-2.759177	-2.272799	-5.673557	-1.587513	-4.083802	-4.523878	-4.040216
-1.429804	-5.238920	-4.763273	-2.530310	-1.513094	-4.568413	-1.186102	-3.996462	-4.082399	-3.710305
-1.439355	-4.764270	-4.499570	-2.241046	-0.851781	-3.836804	-1.216215	-3.769273	-3.381847	-3.418278
-1.449652	-2.558342	-3.154859	-1.343362	-0.434532	-1.355003	-0.629424	-2.703889	-0.427679	-2.691189
-1.463886	0.558310	0.003277	0.462834	0.261130	0.435558	0.369890	-1.085258	1.450788	-1.496161
-1.478641	1.441967	1.589592	1.532531	0.501641	0.616147	0.363774	-0.040552	1.790997	-0.858708
-1.491281	0.644370	1.507909	1.288650	-0.174444	-0.290186	-0.427757	0.257478	1.216648	-0.979950
-1.503053	-0.883117	0.975397	0.413794	-0.681905	-1.873809	-1.111238	-0.304616	-0.399700	-1.607367
-1.511779	-2.245527	0.033811	-0.092867	0.773544	-2.126628	-1.059971	-1.257885	-1.810110	-1.901753
-1.513082	-2.396818	-0.435303	0.041908	2.853037	-1.223582	-0.664454	-2.030248	-2.269559	-1.684185
-1.514565	-1.407453	0.342748	0.311193	3.686893	-0.906493	-0.566367	-2.401092	-2.279049	-1.440181
-1.518689	-0.760200	1.228913	0.043982	2.696052	-1.391487	-1.037147	-2.464062	-1.686191	-1.629257
-1.530297	-0.217320	1.835398	-0.706723	0.396054	-1.056631	-1.667241	-1.662467	0.485771	-1.785945
-1.514783	-0.329243	1.596630	-1.604558	-2.349369	-0.939155	-2.145758	-0.534447	1.422115	-1.830188
-0.599361	0.501505	1.106519	-1.759329	-3.273211	-0.290287	-0.969331	0.090448	1.303870	-1.695937
1.475103	2.426162	1.515360	-0.208098	0.217394	1.955074	2.048148	0.787884	1.648525	0.082480
3.124004	3.010581	1.757440	1.714088	3.710681	3.207612	2.968843	1.528594	1.962107	2.341711
3.305519	2.811084	1.511589	2.639026	5.029205	3.192285	2.480520	1.630174	1.464255	3.245039
2.598965	2.255948	1.099496	2.739534	5.016532	2.329717	1.496393	1.084023	0.581874	2.848683
1.315060	0.393081	0.015195	2.079663	3.683243	-0.167928	0.048428	-0.059935	-1.153126	1.459404
-0.136719	-2.765116	-1.643536	0.829482	1.095408	-4.755046	-1.374836	-1.594723	-3.190371	-0.606416
-1.337059	-4.337944	-2.711624	-0.220143	-0.657424	-6.205926	-1.836589	-1.873902	-2.673294	-2.170090
-2.025767	-3.541948	-3.015285	-0.849841	-0.849167	-5.116364	-1.949997	-1.229724	-2.022753	-2.842827
-2.212931	-1.422917	-2.685235	-1.450688	-0.975350	-4.868295	-2.145172	-1.178494	-2.558072	-3.365703
-2.092619	0.169498	-2.076423	-2.079315	-1.459543	-5.019942	-2.323221	-1.877743	-3.325842	-3.866209
-1.873557	1.248171	-1.339651	-2.625843	-2.093334	-3.107152	-2.436558	-2.234499	-1.336214	-3.812378
-1.686744	2.229616	-0.426819	-3.008051	-2.593545	-0.313092	-2.490839	-0.596782	1.828991	-2.902588
-1.586720	2.902860	0.405794	-3.219106	-2.799806	1.294676	-2.498338	1.940731	3.525239	-1.703247
-1.569424	3.181723	0.942752	-3.303186	-2.742935	1.805836	-2.334818	3.564234	4.024591	-0.832133
-1.597051	3.021722	1.087179	-3.317818	-2.570051	1.107091	-2.191349	4.038459	3.368551	-0.675761
-1.633768	2.569966	0.910802	-3.316841	-2.437537	-0.636362	-2.234577	3.699643	1.784886	-1.204230
-1.590569	1.813694	0.525691	-3.294569	-2.388905	-3.421328	-1.780147	2.622925	-0.884582	-2.044750
-0.477282	1.510541	0.932432	-2.726812	-2.037063	-3.277528	0.840123	1.198444	-2.299542	-2.069938
1.643312	2.121404	2.360318	-1.191133	-0.505610	0.291934	3.142058	1.005281	-0.410936	-0.634586
3.393728	3.181806	3.577435	0.762814	2.036479	2.366883	4.316065	1.584412	1.469547	1.005960
4.192075	3.646592	4.057017	2.071539	3.525318	3.293548	4.192287	2.044314	2.353252	1.977349
3.721190	2.799648	3.500381	2.098771	3.110388	3.391130	2.816694	2.075126	2.662973	2.128269
2.317350	0.731475	2.094836	1.095655	1.163757	2.744071	0.926088	1.716656	2.615142	1.616399
0.937650	-1.617619	0.428051	-0.218886	-1.448217	1.743664	0.459101	1.345378	2.699701	0.940253
1.107083	-1.959217	-0.768494	-0.760886	-3.097862	1.186787	0.283150	1.575868	2.937289	0.635441
2.403718	-0.996966	-1.336097	-0.331486	-2.678345	0.995070	0.260516	1.884666	2.448008	0.812403
3.251065	-0.197273	-1.114246	0.376417	-1.194860	1.035595	1.450197	1.764908	1.250267	1.676162
2.843628	-0.497670	-0.815779	0.338169	-0.503079	0.565236	2.540758	1.013297	-0.826564	2.352113
1.590168	-1.670108	-0.779369	-0.420472	-0.843770	-0.021556	3.035037	-0.253519	-3.537685	2.618704
0.037310	-3.477883	-1.311063	-1.412521	-1.399641	0.534562	2.352448	-1.982091	-5.908886	2.695532
-1.318569	-4.418331	-2.033290	-1.757846	-0.115591	1.940347	1.100210	-3.520126	-5.522440	2.839293
-2.141676	-3.862839	-2.512291	-1.230339	2.189901	2.857672	-0.108666	-4.045488	-3.265457	3.052582
-2.392714	-3.387285	-2.971134	-0.703448	3.059479	2.820503	-1.250989	-3.729014	-2.099740	2.915120
-2.276976	-3.658028	-3.091624	-0.850667	2.045806	2.059159	-2.266368	-3.452708	-2.488730	2.146752
-2.032824	-3.090728	-1.509583	-1.301657	-0.069354	1.396257	-2.532623	-3.486973	-3.164273	1.698352
-1.814515	-0.673920	0.804830	-0.727535	-1.633170	1.806098	-1.290294	-3.153955	-1.899375	2.088218
-1.686336	1.274518	2.315625	0.733075	-1.380283	2.557273	0.051434	-2.171877	-0.079708	2.787610
-1.642471	1.607297	2.814774	1.580416	-0.450613	2.337786	0.205406	-1.337093	0.210424	2.951767
-1.659369	0.555123	2.532950	1.192128	-0.357351	0.491726	-0.595267	-1.416601	-1.106008	2.074003
-1.702908	-1.268467	1.475927	0.348120	-0.803099	-2.831026	-1.119772	-2.150921	-2.337899	0.323351
-1.646870	-1.368700	0.429500	0.437942	-0.603759	-2.689463	-0.492402	-1.917401	0.269112	-0.989997
-0.746601	0.501377	0.111789	1.486869	0.358617	1.211515	0.414919	0.151278	3.181024	-0.601375
0.516190	1.214210	-0.193909	1.955998	0.759120	2.942581	0.329294	1.952769	3.897350	0.462670
2.117570	1.116160	-0.522358	1.852581	0.519638	3.227688	0.026248	2.629531	3.407622	1.090082
3.452714	1.181778	-0.540861	1.581709	0.072638	2.662683	-0.206651	2.568367	2.381396	0.961063
4.221520	2.574834	0.505098	1.679175	0.013612	2.094677	0.192697	2.745002	2.152957	0.691640
4.532448	3.910422	1.972571	2.610414	0.909237	2.193883	1.181925	3.429021	3.002302	0.931215
4.341655	4.130684	2.576635	3.287554	1.678044	1.791684	1.329666	3.774507	2.974198	1.085792
3.261009	3.313371	2.125174	2.768236	1.155129	-0.336963	0.319195	2.982351	1.292958	0.223289
1.588459	1.692340	1.095343	1.365457	-0.296412	-4.521102	-1.053265	0.920079	-1.882663	-1.410865
0.739671	0.569704	0.338208	0.300869	-0.311329	-4.612681	-1.239694	-1.628667	-3.388110	-2.428621
1.545664	0.202896	-0.003428	0.473136	1.407217	-0.703230	-0.562874	-2.425417	-1.438096	-1.854531
2.521363	0.321136	-0.129420	1.355028	2.363187	1.083717	0.256626	-1.208995	0.677449	-0.906402
2.348688	0.622718	-0.092097	2.338343	2.655158	1.566097	0.939250	0.101841	1.684162	-0.329062
1.310780	1.550410	0.435663	3.229725	3.387365	2.392307	1.817257	1.210973	2.562769	0.632837
-0.056068	2.224110	1.192472	3.571953	3.513773	2.959210	2.881133	2.313252	2.879469	1.712067
-1.279968	1.740642	1.118833	2.884483	2.238615	2.738190	2.426062	2.839264	2.166966	1.894429
-2.048231	0.383757	0.260220	1.359699	-0.157884	2.003784	0.844520	2.760661	0.801692	1.280769
-2.312247	-1.361518	-0.969833	-0.551200	-2.843088	1.086738	-1.151596	2.355066	-0.646492	0.381462
-2.235930	-2.727523	-2.169383	-2.346669	-4.677014	0.435689	-2.827363	1.892603	-1.514171	-0.393397
-1.942704	-2.993139	-2.970652	-3.581789	-4.797690	0.434293	-3.617321	1.589401	-1.452758	-0.819904
-0.540622	-1.466942	-2.732428	-3.533081	-3.311319	1.353034	-2.953963	1.640508	-0.319958	-0.623007
1.699611	-0.117582	-1.856952	-2.131209	-1.332383	1.665260	-1.240395	1.676684	0.568045	-0.189544
3.428025	0.825908	-0.899584	-0.477032	0.028914	1.402446	0.295173	1.481165	0.956749	-0.054781
4.315552	2.474373	0.818609	1.089982	0.879578	1.517233	2.467916	1.461065	1.689999	0.327421
4.621043	3.282461	1.983391	1.957581	1.097910	1.814966	3.198637	2.170081	2.360557	0.996516
4.622299	3.095568	2.068903	2.086116	0.731061	2.143476	2.552779	3.032756	2.605579	1.811199
4.410093	2.125894	1.488683	1.855741	0.153398	2.100349	1.380718	3.265183	2.149244	2.375363
3.507183	0.634488	0.616543	1.743041	-0.103929	1.658504	0.417333	2.620078	1.229967	2.555847
2.149525	-1.534541	-0.593361	1.453360	-0.297090	1.286473	-0.582643	1.137052	-0.355445	2.482473
1.678555	-2.904346	-1.547159	1.031664	-0.517891	1.958389	-0.539780	-0.554579	-1.359821	2.609151
2.380518	-1.700964	-1.188648	0.804276	-0.539465	2.756486	1.359631	-0.970813	-0.564163	3.040089
3.202625	0.763045	0.118086	0.704452	-0.464514	3.205125	2.844326	0.907583	2.047284	3.440836
2.975805	1.565672	0.868165	0.196933	-0.788364	3.026541	3.336623	2.719131	3.235203	3.537284
1.836427	1.003991	0.836726	-0.788635	-1.556673	2.328137	3.292914	3.121487	3.232238	3.327327
0.294370	0.354364	0.495898	-1.938323	-2.401790	0.995967	2.270926	2.555880	2.738205	2.631756
-1.135019	0.735998	0.856561	-2.932231	-2.960011	-1.127643	0.350808	1.448427	1.827950	1.212688
-2.072528	1.036947	1.079111	-3.588524	-3.080227	-4.341885	-1.797649	-0.225546	-0.380247	-0.795200
-2.419619	1.189724	0.786027	-3.512766	-2.231478	-3.539248	-2.893542	-2.265352	-3.035977	-2.224315
-2.336487	2.050685	0.879711	-1.853018	-0.473126	1.154982	-1.914925	-2.413142	-1.930911	-0.752490
-2.086103	2.579872	1.576791	0.368600	0.969624	3.106037	-0.308551	-0.220856	0.726007	1.690185
-1.856667	2.608385	2.475145	1.940281	1.622925	3.615439	1.437205	1.298721	1.719935	3.061548
-1.713737	2.802785	3.191191	2.729513	1.661751	3.633482	2.955657	1.542078	1.794340	3.622997
-1.656180	3.027196	3.295492	3.016502	1.398143	3.432964	3.204367	1.329904	1.714501	3.774328
-1.657304	2.527895	2.729251	3.050677	1.099512	2.903138	2.587611	0.872634	1.348784	3.537315
-1.681042	1.479868	1.725488	2.992798	0.931240	1.562268	1.710818	0.217739	0.909972	2.620123
-1.709292	0.318361	0.593687	2.922844	0.916817	-0.521620	0.960936	-0.409710	0.589394	1.173057
-1.732347	-0.215207	-0.287520	2.713448	0.838279	-2.921029	0.234888	-0.884696	0.102282	-0.406277
-1.743441	0.007991	-0.377086	1.830970	0.079387	-6.233126	-0.973802	-1.598544	-1.504192	-2.122624
-1.743572	1.007070	0.766944	0.481389	-1.120410	-8.041660	-1.930635	-2.577878	-2.887258	-3.662760
-1.733876	2.380622	2.268676	0.145102	-0.702130	-2.678820	-1.165887	-2.618249	-1.163009	-3.526418
-1.034646	2.955997	3.012297	0.993963	0.888367	1.327347	-0.137296	-0.918060	1.155940	-1.740735
0.497352	2.637471	2.756120	1.511904	1.466433	2.085222	-0.077407	1.419435	2.144072	-0.455723
1.109679	1.318183	1.668982	1.031516	0.662143	1.254929	-0.887984	2.630257	1.783464	-0.505650
0.738109	-0.658556	0.041460	-0.088666	-0.713400	-0.578367	-1.836376	2.818222	0.808228	-1.308340
0.170006	-3.009876	-1.856647	-1.285312	-1.922249	-3.243173	-2.413932	2.198377	-0.739219	-2.306006
0.873412	-3.187805	-2.858107	-1.567441	-1.935856	-3.294490	-1.934345	1.070741	-1.399217	-2.627836
2.309338	-0.101596	-1.569968	-0.866907	-0.890992	-0.853900	-1.248017	0.112434	-1.000190	-1.379098
2.729248	1.418793	-0.442026	-0.467417	-0.355100	-0.018483	-1.344236	-0.803161	-1.451946	0.170704
2.009997	1.157575	-0.425064	-0.843208	-0.771869	-0.448869	-1.944121	-2.066927	-2.916875	0.920613
0.856919	-0.618766	-1.362702	-1.624502	-1.684997	-0.889041	-2.473037	-3.478873	-4.483050	1.147083
0.669214	-2.338020	-2.219660	-1.867587	-2.122209	0.866016	-2.171707	-3.830148	-3.721765	1.656075
0.774631	-1.470929	-1.831042	-1.010030	-1.475094	2.348615	-0.409849	-2.847519	-1.569458	2.360336
0.410142	1.308763	0.066697	0.549702	-0.104423	2.961156	2.215654	-1.561151	0.181006	2.750397
-0.287156	2.892492	1.655055	1.882308	1.082689	3.044150	3.714485	-0.658994	1.026019	2.651085
-1.019024	3.599411	2.581894	2.847473	2.467564	2.931613	4.459013	-0.158033	1.547689	2.423376
-1.568049	3.688542	2.957194	3.326039	3.339834	2.109986	4.580022	0.067732	1.482755	2.017973
-1.859591	2.688201	2.572710	2.767939	2.581381	-0.292246	4.103856	-0.396283	-0.015582	1.063977
-1.932042	0.110864	1.516010	1.327853	0.485195	-4.977501	3.422663	-1.652480	-2.768384	-0.290272
-1.880337	-3.956509	0.145829	-0.436779	-1.734046	-9.773767	2.862518	-3.298156	-5.648900	-1.504271
-1.779996	-7.071266	-1.152016	-1.502883	-1.076420	-7.395002	1.886415	-4.477708	-5.930476	-2.046106
-1.684502	-6.644567	-2.204487	-1.432353	1.678806	-2.621856	0.548367	-4.504327	-3.892222	-2.115139
-1.627585	-3.554488	-2.586500	-0.488579	3.748181	-0.076526	-0.299570	-3.597212	-1.542352	-1.889074
-1.614740	-0.030495	-1.607549	1.297587	4.866729	1.487566	0.180857	-2.045572	0.760313	-1.091561
-1.626408	1.753065	-0.239204	2.928854	5.299621	2.167059	0.995125	-0.509741	2.003599	-0.139993
-1.633313	2.180644	0.810614	3.516779	5.092609	2.027255	1.005364	0.575483	2.152828	0.288121
-1.628524	2.118595	1.217031	3.290687	4.484058	1.671925	0.737304	1.498697	2.101758	0.230604
-1.626672	2.089857	1.373670	3.223599	4.077197	1.976911	0.961193	2.147443	2.179728	0.467961
-1.629396	1.747775	1.193038	3.272448	3.343183	2.528274	1.052525	2.116621	1.932921	1.380652
-1.640980	1.485402	0.925426	3.280997	2.407745	2.717242	1.083787	1.804667	1.778931	2.305728
-1.602370	1.971707	1.036071	3.498759	2.755206	3.017879	1.376961	1.884311	2.473528	2.945621
-0.725846	3.103091	1.684283	3.941370	3.840809	3.671282	1.790906	2.906597	3.986336	3.530507
0.177767	3.817687	2.268747	4.054796	3.896291	3.749590	1.598671	3.921323	4.450739	3.780935
0.292267	3.514184	2.097298	3.319065	2.539322	2.589273	0.460431	3.910670	3.522982	2.995117
-0.158333	2.557898	1.395792	1.925121	0.774349	-0.246640	-0.856174	2.704618	1.245463	1.245361
-0.803141	1.040010	0.480795	0.629120	0.706714	-4.395860	-1.550930	0.397160	-2.191755	-0.798821
-1.363327	-1.479858	-0.809524	-0.261536	1.647958	-7.696014	-1.849955	-2.462224	-5.641153	-2.484037
-1.625339	-4.012848	-2.093510	-0.602080	2.693515	-5.933062	-1.658388	-5.025247	-6.392477	-3.298231
-0.524358	-2.880436	-2.185957	0.000857	3.647635	-0.529846	-0.802069	-4.288177	-2.114629	-2.596393
1.684588	0.824837	-0.790873	1.306288	3.807981	2.143238	0.282522	-0.177191	1.947205	-0.941773
3.273912	2.768926	0.747057	2.750478	3.290712	2.990373	1.230392	2.757769	3.398443	0.478091
3.357796	2.889442	1.243964	3.515555	2.313274	3.055400	1.491188	3.423407	3.238743	1.083196
3.108793	2.644662	1.367104	3.887836	1.523659	3.167405	1.704440	2.965253	2.807945	1.432058
3.188537	2.457959	1.495649	4.177809	1.480184	3.290841	1.872715	2.266191	2.491270	1.827359
2.749122	1.888806	1.321996	4.150065	1.669208	3.025405	1.821211	1.425957	1.821060	1.884921
1.617873	0.752441	0.953018	3.616773	1.426489	2.258344	2.297943	0.282318	0.455104	1.641499
0.197856	-1.371175	0.354398	2.315293	0.308953	0.009640	2.582238	-1.342005	-2.137972	0.876106
-0.413259	-2.580790	0.467446	0.657515	-1.170558	-3.196121	1.987025	-2.812133	-4.071941	-0.317562
0.809325	-1.495987	0.706649	-0.378025	-1.892043	-2.160425	0.890478	-2.234156	-2.653369	-0.946532
1.868390	-1.275237	0.084404	-0.861757	-1.848984	-1.172895	-0.599081	-1.073946	-1.738809	-1.226303
1.739487	-2.532785	-1.368595	-1.422833	-1.811841	-2.172238	-2.140701	-0.943966	-2.328604	-2.067628
1.357420	-2.866497	-2.528229	-1.863163	-1.808523	-2.317705	-2.053983	-0.894248	-1.806915	-2.833807
1.946225	-0.263765	-1.504563	-1.473605	-1.348084	0.209892	0.669025	0.723100	0.889924	-1.883764
2.507098	1.283515	-0.028886	-0.837237	-0.799570	1.176413	2.474973	2.345756	1.871785	-0.476978
2.374731	1.643638	0.711370	-0.394481	0.350361	1.468096	3.069286	2.874940	1.876500	0.195722
2.637035	2.194155	1.198208	0.570470	2.481424	2.130957	2.674898	3.140366	2.319807	0.672199
3.356639	2.387039	1.308356	1.469280	3.384357	2.213056	1.638107	3.335095	2.434383	0.818206
3.890412	1.709174	0.851233	1.749746	2.722785	1.421334	0.319551	2.973360	1.662395	0.397331
3.430513	-0.201233	-0.299900	1.296569	1.266699	-0.630891	-1.089319	1.679177	-0.264328	-0.652239
2.122270	-2.849323	-1.745072	0.527578	0.382188	-2.473935	-2.038914	-0.502422	-2.795390	-1.706850
0.458214	-4.620113	-2.994970	-0.514396	-0.511869	-2.537709	-2.752047	-3.120809	-5.565124	-2.264583
-1.048054	-5.378150	-3.965459	-1.665360	-1.576224	-2.071382	-3.146423	-5.575289	-7.452366	-2.475856
-2.005994	-5.846800	-4.787682	-2.661700	-2.484807	-2.903283	-3.236723	-6.837006	-7.351242	-2.957572
-2.327135	-3.666996	-4.408092	-2.818194	-2.593645	-1.883151	-2.501579	-4.700148	-1.993038	-3.152444
-2.206130	0.519459	-2.057970	-1.260970	-1.263731	0.774221	-0.977953	-0.144122	2.514450	-1.985347
-1.922209	1.937215	-0.444839	0.294875	0.059957	1.344393	-0.440617	2.557053	3.198219	-0.966704
-1.664740	1.534135	-0.268556	0.504543	0.129270	0.464154	-0.867676	3.240332	2.405362	-1.043544
-1.503925	0.289829	-0.075976	-0.262132	-0.761642	-1.669158	-0.892036	2.722493	0.356154	-1.720944
-1.441091	-1.314979	0.550899	-1.349560	-1.652442	-4.964935	-1.279975	1.015000	-3.042831	-2.714840
-1.443543	-2.259634	1.175401	-2.017104	-1.108387	-6.795067	-1.683255	-1.542639	-6.027456	-3.462243
-1.473965	-2.816339	0.884555	-2.409023	-0.603679	-5.170867	-2.232773	-3.916180	-4.450186	-3.720255
-1.509538	-1.815299	0.096801	-2.758712	-0.851491	-2.063999	-2.733325	-3.979485	-0.439791	-3.379040
-1.531599	-0.262606	-0.660429	-3.071920	-1.575457	-0.327192	-3.031939	-2.121118	1.651830	-2.807020
-1.539266	-0.170559	-1.621846	-3.313459	-2.331768	0.252302	-3.139893	-0.319931	2.324998	-2.360647
-1.533271	-0.664947	-2.506486	-3.470258	-2.786231	0.219972	-3.124527	0.639881	2.352277	-2.129405
-1.518321	-0.173301	-2.472038	-3.550855	-2.855584	-0.114960	-3.066560	0.902136	2.098783	-2.058063
-1.506113	0.034329	-2.093529	-3.579568	-2.686001	-0.506798	-3.023219	0.774729	1.789543	-2.078457
-1.500553	-0.205672	-1.101046	-3.577646	-2.461994	-0.750274	-2.987577	0.517013	1.586309	-2.123760
-1.494355	-0.498833	0.082560	-3.555624	-2.304123	-0.868544	-2.972296	0.290570	1.429127	-2.162071
-1.487407	-1.717348	-0.079463	-3.531142	-2.256930	-2.022699	-2.980810	-0.210755	0.215701	-2.488991
-1.484378	-3.900728	-1.282734	-3.521641	-2.299582	-4.464348	-2.995162	-1.385161	-2.300924	-3.282381
-1.255292	-5.110223	-2.657440	-3.423938	-2.310620	-6.612651	-2.851509	-2.957048	-5.064139	-4.087577
-0.106987	-3.486781	-3.124196	-2.772223	-1.916424	-1.240638	-2.098923	-3.280166	-3.053874	-2.515505
0.609141	-2.174067	-3.170777	-2.206329	-1.569136	1.954392	-1.822314	-2.080950	-0.541104	0.379060
0.487702	-2.615275	-3.617885	-2.133725	-1.569761	2.612120	-2.072204	-1.417974	-0.691394	1.899411
-0.085599	-2.682467	-3.629507	-2.052426	-0.635912	2.775897	-1.370217	-1.255344	-1.104401	2.500216
0.112942	0.459888	-1.369438	-1.256489	1.226748	2.776783	1.082168	-0.088471	-0.012420	2.914612
1.674900	2.654247	0.725547	-0.116741	2.007115	2.425178	1.894069	1.245471	0.816849	3.002709
3.340981	3.368459	1.586751	0.782517	1.684894	1.735865	1.487490	1.797770	1.035961	2.430182
4.369482	3.783008	2.359843	1.285241	0.817735	1.033118	0.675216	2.155553	1.427979	1.383885
4.804226	3.933641	3.138850	1.480032	-0.038238	0.429282	-0.098907	2.407416	1.467716	0.263961
4.872271	3.779693	3.524136	1.494604	-0.488884	-0.048528	-0.590485	2.142285	1.000435	-0.673593
4.345714	2.686220	3.049995	1.181937	-0.698121	-1.170638	-1.157831	1.281455	-0.246590	-1.486842
3.060737	-0.009980	1.743799	0.337639	-1.111076	-3.435843	-1.308378	-0.362682	-2.495650	-2.482040
1.309482	-3.483921	0.917453	-0.830958	-1.713211	-5.959115	0.104096	-2.552768	-5.195633	-3.131057
-0.443330	-4.170903	1.126827	-1.571974	-1.950793	-6.375472	0.709676	-4.608065	-5.918457	-3.296589
-1.724194	-0.178185	2.050381	-1.458309	-1.542424	-3.307795	0.453398	-4.770151	-2.368984	-2.942902
-2.282459	2.256836	2.629909	-1.456316	-1.347908	-0.602884	0.965626	-2.833430	0.771593	-2.134372
-2.089541	2.839921	2.575629	-1.747675	-1.527375	1.393982	1.873104	-0.682104	2.116096	-0.858575
-1.648774	2.129389	1.982033	-2.216011	-1.910053	2.667123	2.058396	0.576905	2.431172	0.900696
-1.331037	0.578804	1.119437	-2.712486	-2.277759	3.137947	2.339057	0.984914	2.277445	2.358372
-1.104456	-1.224736	0.272756	-3.059549	-2.445370	2.883305	2.659722	0.917289	2.013492	2.959942
-0.691022	-2.134666	-0.205022	-3.051873	-2.299056	2.036879	2.899858	0.797377	1.892779	2.713050
-0.532006	-2.218629	-0.437171	-2.982242	-2.128187	0.845116	2.951674	0.655048	1.740512	2.049679
-0.691104	-2.101660	-0.575745	-3.022542	-2.096687	-0.102477	2.920971	0.338523	1.032349	1.761879
-0.993422	-2.601756	-0.855583	-3.133694	-2.167577	-1.983836	2.762990	-0.611947	-1.037286	1.163125
-1.282103	-3.773845	-1.614177	-3.252749	-2.266846	-5.035516	1.642007	-2.194180	-4.109585	-0.183577
-1.475102	-4.685645	-2.701882	-3.287266	-2.095646	-6.048782	-0.146858	-3.597197	-4.545026	-1.869278
-1.558045	-2.953236	-2.964955	-2.680859	-0.137182	-1.458026	-1.476261	-2.770529	-0.249354	-2.473452
-1.552226	0.252897	-1.844455	-1.406030	2.525438	1.809026	-1.767416	0.271936	2.905454	-1.536667
-1.504022	2.574431	0.639160	0.417464	4.103088	3.016803	-0.763624	2.688760	4.125098	-0.079401
-1.458408	3.418433	2.510767	2.021803	4.079517	3.149199	0.294708	3.519439	4.332727	0.788311
-1.437116	3.590311	3.471758	2.941373	3.029260	2.855511	1.878622	3.407848	4.119378	1.145252
-1.342621	3.388109	3.832778	3.337462	1.633371	2.244518	3.056740	2.801730	3.499001	1.317425
-0.651853	2.797442	3.483233	3.584143	0.770187	1.347232	3.027507	1.857027	2.409296	1.134805
-0.162160	2.154630	2.721482	3.706470	1.039063	0.728471	2.443806	0.688884	1.049106	1.077677
-0.200120	1.735361	1.863906	3.924565	2.914760	1.357469	1.967983	-0.267551	0.431282	1.725976
-0.559039	0.805564	0.754882	3.775436	4.044850	1.165144	1.015842	-0.834234	-0.296159	1.942850
-0.986605	-1.407171	-0.818172	2.719935	3.205104	-0.677211	0.453549	-1.655766	-2.152316	0.967728
-1.325142	-4.242155	-2.072283	0.999765	0.919166	-3.942846	1.206301	-2.880276	-4.645722	-0.520854
-1.515713	-6.216939	-2.532013	-0.922001	-1.981908	-7.564713	2.134462	-4.207877	-6.756180	-1.861447
-1.574852	-6.089082	-2.260307	-2.484158	-4.276177	-8.846125	2.780879	-5.224563	-7.332239	-2.605700
-1.554605	-4.606857	-1.681743	-3.169232	-4.614951	-6.075808	3.107469	-5.540879	-6.221041	-2.572560
-1.505018	-2.238452	-0.777424	-2.740677	-3.076972	-2.158596	2.950340	-5.126694	-4.132966	-1.966695
-1.461124	1.230811	0.615359	-0.833159	-0.626417	-0.147129	2.259321	-3.790068	-1.284876	-1.383351
-1.434293	2.974743	1.500234	1.258546	1.227290	0.833531	1.468225	-1.560133	0.935665	-0.974288
-1.423244	3.352149	1.766393	2.607075	2.031869	1.313698	0.878619	0.873305	2.214695	-0.625802
-1.426875	3.256440	1.739060	3.234640	2.075274	1.790933	0.594606	2.548728	3.178900	-0.256763
-1.434548	3.087517	1.697273	3.432676	1.754152	2.272190	0.570764	3.528908	3.803113	0.319142
-1.440874	2.757713	1.565634	3.428412	1.393086	2.396872	0.660783	3.823260	3.630282	1.169961
-1.444462	2.405876	1.382462	3.358077	1.190478	2.322077	0.773863	3.632810	3.043396	2.004280
-1.367710	2.213118	1.237419	3.304628	1.194500	2.068897	0.891043	3.226271	2.413314	2.350100
-0.364809	2.624840	1.495597	3.500621	1.538901	2.084063	1.797024	3.021840	2.427869	2.159138
0.581071	2.985199	1.964199	3.713177	1.890873	1.977245	2.909346	3.074082	2.532675	1.836279
0.653445	2.702436	1.924299	3.671844	1.882383	1.548056	2.754134	2.908956	2.152344	1.564648
0.132726	1.132943	1.015624	3.002191	1.144594	-0.103109	1.465350	1.932167	0.627414	0.748933
-0.503028	-1.870701	-0.660448	1.608917	-0.337010	-1.933712	-0.448276	0.058410	-1.606031	-0.603025
0.046947	-3.897941	-2.103156	0.229820	-1.658760	0.168109	-1.728634	-1.585088	-1.168703	-1.006762
1.891678	-2.026059	-2.148199	-0.250455	-1.789346	2.499718	-1.725417	-0.847490	1.598983	0.590524
3.304777	0.350594	-1.115890	-0.041833	-1.046551	3.233523	0.098224	1.034109	3.029327	2.218192
3.241662	0.897702	-0.302238	-0.157456	-0.675517	3.036131	1.687991	2.017115	3.137008	2.926233
2.203309	0.870538	0.210573	-0.778964	-0.977509	2.453316	1.455015	2.284198	2.978391	2.954166
1.511451	1.803821	1.488942	-1.209862	-1.327128	2.204554	0.510987	2.783275	3.253701	2.753756
1.136541	2.493900	2.496102	-1.352880	-1.490417	1.877261	-0.810806	3.376477	3.409007	2.226123
0.707609	2.474483	2.582114	-1.550591	-1.660630	1.628972	-1.973070	3.658980	3.404174	1.647910
0.226671	2.358522	2.589459	-1.189875	-1.371274	1.649744	-1.897374	3.559499	3.346927	1.189817
-0.377366	2.339049	2.606471	0.190541	-0.261504	1.934692	-0.786343	3.062474	3.347396	1.137590
-0.954738	1.803043	1.996585	1.156431	0.498346	2.173983	-0.505159	2.280247	3.003284	0.985953
-1.361145	1.636134	1.164566	0.925823	0.148063	2.376185	-1.092916	1.534147	2.576017	0.701855
-1.043682	2.109434	0.639346	0.078750	-0.813692	2.371828	-1.656355	1.437174	2.376215	0.466683
0.807179	2.697869	0.624094	-0.318562	-1.325698	1.827900	-1.484482	1.596705	1.868325	0.158369
2.441017	2.650244	0.612724	-0.243700	-1.198359	0.286125	-1.316426	1.337791	0.506325	-0.483472
2.932767	1.417067	-0.010177	-0.261797	-1.007389	-2.382921	-1.425246	0.387821	-1.619828	-1.470879
2.337176	-1.049930	-0.697835	-0.681198	-1.161765	-5.359232	-1.755979	-1.227819	-4.433924	-1.900631
1.102700	-3.250224	-0.245485	-1.432977	-1.646606	-5.448327	-0.983308	-3.010726	-6.355591	-1.001594
-0.269801	-3.732492	-0.132486	-2.252743	-2.191436	-2.972836	-0.932247	-3.028092	-4.925064	0.109050
-1.350367	-3.696358	-0.869896	-2.907248	-2.539656	-2.299691	-1.518672	-1.832635	-3.295598	-0.002294
-1.920366	-4.334330	-2.259613	-3.296755	-2.611122	-2.273076	-2.221655	-1.429884	-3.236086	-0.802105
-2.022338	-5.355292	-3.867851	-3.448037	-2.493516	-1.591985	-2.743311	-2.066048	-4.057074	-1.347272
-1.865893	-6.259024	-5.234351	-3.445159	-2.289696	-1.772513	-2.983054	-3.311571	-5.076132	-1.608621
-1.655015	-5.929810	-5.692843	-3.017023	-0.966091	-1.227205	-2.578110	-4.509259	-5.060712	-0.848228
-1.491626	-3.958795	-4.850410	-1.898258	1.658054	0.098712	-1.713877	-4.787545	-3.410694	0.478198
-1.215344	-1.847141	-3.501806	-0.778200	3.206294	1.235967	-1.181089	-3.467753	-0.286403	1.365410
0.268862	0.455295	-1.875431	0.029223	2.953094	1.997278	-0.802362	-0.835970	2.262611	1.407510
2.379120	2.716475	0.076046	0.799037	2.086691	2.631201	-0.298176	1.555850	3.571515	1.179282
3.908167	4.018792	1.688698	1.783345	2.438250	3.206734	0.404950	3.066104	4.210827	1.259672
4.456669	4.341913	2.450436	2.605829	3.655019	3.350768	0.782587	3.643983	4.270044	1.469499
3.778177	3.635069	2.219037	2.720008	4.327223	3.213294	0.458389	3.431080	3.773016	1.632739
2.251362	1.739787	1.204917	2.103874	3.622993	2.842204	-0.284163	2.488468	2.454250	2.012324
0.406985	-0.514064	0.382737	1.684833	2.050556	2.057620	-0.304194	0.830297	0.516887	1.914416
-1.199337	-1.174811	0.389145	1.928224	0.565614	0.909651	0.162757	-0.875012	-0.332413	1.230199
-2.155563	0.055194	0.561070	2.475700	-0.053252	0.660129	0.616277	-1.087828	1.359331	0.619289
-2.399611	1.373499	0.675536	2.833286	0.159900	1.502194	0.689081	0.282451	2.939214	0.969861
-2.186465	1.916854	0.513986	2.416579	0.136564	2.160201	-0.037347	2.005798	3.575738	1.747517
-1.837364	1.798941	0.130085	1.215355	-0.565490	2.146053	-1.098888	3.070283	3.401133	2.143360
-1.557309	0.864398	-0.605359	-0.373125	-1.607667	0.944822	-2.104404	3.242805	2.217489	1.525602
-1.404305	-0.593692	-1.259413	-1.901963	-2.503409	-1.458357	-1.151376	2.697063	0.023111	0.170402
-1.363614	-2.100657	-1.422378	-3.030026	-2.937088	-4.536721	1.002982	1.450404	-2.833569	-1.198164
-1.394168	-2.317856	-1.211029	-3.628103	-2.905091	-5.152853	1.674336	0.417253	-3.183875	-2.027142
-1.444665	-1.224833	-1.114100	-3.798937	-2.646549	-2.237510	0.780937	0.760565	-0.036019	-2.208810
-1.489256	-0.599203	-1.358410	-3.727806	-2.391313	-0.715133	-0.734408	1.601481	1.101820	-2.228642
-1.517252	-1.254806	-2.114520	-3.571886	-2.245467	-0.747381	-2.205508	1.584969	0.787999	-2.519863
-1.524098	-2.245523	-2.943699	-3.446811	-2.237703	-0.827772	-3.056460	0.929211	0.838745	-2.756331
-1.523880	-2.305925	-2.938999	-3.395294	-2.327966	-0.615598	-1.528323	0.210986	1.199265	-2.479559
-1.525070	-0.371109	-1.703067	-3.392469	-2.430243	-0.330706	0.063371	-0.198661	1.546307	-1.863597
-1.519939	1.355130	-0.211160	-3.400301	-2.477686	-0.063154	1.558068	-0.223908	1.714422	-1.238270
-1.518139	1.312514	0.437997	-3.409036	-2.468983	-0.589415	2.558958	-0.292074	0.899120	-0.881587
-1.319820	-0.034732	0.294976	-3.326879	-2.383719	-1.884331	3.049667	-0.987633	-1.000144	-1.014745
0.171322	-0.701308	0.107380	-2.521711	-1.832237	-0.618701	2.696628	-1.130328	-0.371492	-0.851071
1.957916	-0.322128	-0.091833	-1.263351	-0.989012	1.410198	1.489700	0.118404	1.668344	0.290362
2.351866	-0.539811	-0.754107	-0.735305	-0.739061	2.381183	-0.340612	1.176500	2.441643	1.472087
1.628399	-1.384335	-1.755180	-1.030402	-1.177800	2.782612	-2.156581	1.407904	2.257221	2.212376
0.404359	-3.029874	-3.010810	-1.753089	-1.937279	2.257720	-3.347050	0.663072	0.617770	1.984827
-0.809491	-5.202415	-4.330871	-2.533317	-2.596209	0.983458	-3.705767	-1.036204	-2.533672	0.909706
-1.665934	-7.113316	-5.408987	-3.140967	-2.903220	-0.664306	-3.535896	-3.256036	-6.538101	-0.494949
-2.048414	-7.896288	-6.016219	-3.487887	-2.859149	-1.294705	-3.199142	-5.357450	-9.437302	-1.216282
-2.054560	-4.792376	-5.065449	-3.368046	-2.494298	0.270926	-2.590377	-5.576382	-7.337197	-0.263154
-1.400178	0.397704	-1.771269	-1.608110	-1.148944	2.546018	-0.851692	-2.252085	-0.771510	1.540353
0.479909	2.688114	0.639002	1.150195	0.826680	3.516235	0.758369	1.133654	2.277264	2.647876
1.607173	2.307923	0.902532	2.330179	1.526908	3.127381	0.633148	2.192229	2.038867	2.402256
1.460175	0.722357	0.259323	1.991135	0.800665	1.287062	-0.172122	1.406800	0.320206	1.039567
0.590962	0.449687	0.933358	1.689771	0.229041	-1.361200	-0.156179	-0.267513	-1.009041	-0.391096
-0.471851	1.235849	1.747335	2.286101	1.661890	-1.868328	0.659981	-1.601969	-0.484353	-0.878363
-1.345970	1.225766	1.627860	2.817847	2.832135	-1.632807	0.763110	-1.974522	-0.089301	-0.936296
-1.842421	-0.392531	0.441630	2.296016	2.224109	-2.861547	-0.165446	-2.256208	-1.222504	-1.648044
-1.973569	-3.232942	-1.472757	0.963061	0.352930	-4.990441	-1.426550	-2.918681	-3.218211	-2.895676
-1.884696	-3.987011	-2.849218	-0.393496	-0.783179	-5.016709	-2.035742	-3.593195	-4.290689	-3.800273
-1.335520	-1.749968	-2.751110	-0.772269	0.734305	-0.878329	-1.576316	-3.318736	-2.030714	-2.659726
-0.092406	0.569453	-1.536609	-0.064794	2.853243	2.211033	-0.810015	-1.225814	1.571377	0.265311
0.681259	1.117609	-0.049293	0.321665	3.075918	2.882918	-0.885880	0.458674	2.102716	1.988314
1.043317	0.908485	0.966933	0.345304	2.457922	3.125822	-0.858266	0.696371	1.314667	2.635892
2.046149	1.007922	1.272743	0.959224	2.589486	3.193144	-0.183241	0.563139	0.822694	3.014587
3.275003	0.898295	0.979711	1.615641	2.449979	2.716598	0.141408	0.554318	0.438814	3.002976
4.145645	0.534367	0.350477	1.870185	1.582169	1.891908	0.103472	0.590290	0.138664	2.730333
4.568868	0.187217	-0.312693	1.815046	0.386727	1.210385	-0.072353	0.640732	0.258534	2.437197
4.418744	-0.158262	-0.878258	1.488821	-0.704383	0.827536	-0.480456	0.792002	0.643977	2.255132
3.344900	-1.097831	-1.706062	0.700847	-1.650637	-0.722620	-1.167585	0.297632	-0.343470	1.510326
2.003885	0.231963	-1.322883	0.429768	-1.592488	-1.716898	-0.885506	-0.602201	-0.810152	0.271766
0.851320	1.507305	-0.507671	0.445492	-0.826592	-2.670714	-0.900003	-1.372704	-1.464147	-1.091423
-0.253640	2.254647	0.147611	0.265875	0.524804	-2.528223	-1.096758	-1.596331	-1.575297	-2.254379
-1.159931	2.602887	0.542064	-0.269475	0.993339	-1.978577	-1.619740	-0.522476	-0.766172	-2.881633
-1.720024	2.732030	1.092539	-1.150200	0.169349	-1.931651	-2.245760	0.858522	-0.236143	-3.214650
-1.934687	2.442933	1.863823	-2.109668	-1.349598	-2.648661	-2.718486	1.497789	-0.593107	-3.509781
-1.923725	1.095615	2.107801	-2.900124	-2.820002	-4.246190	-2.958136	0.878484	-2.135937	-3.873885
-1.815694	-1.013151	2.013677	-3.399404	-3.618369	-4.649745	-3.007462	-0.822473	-4.030070	-3.137116
-1.695554	-2.542493	1.886791	-3.627267	-3.599124	-2.137761	-2.954734	-2.619351	-2.953109	-1.198332
-1.620646	-2.266293	1.868405	-3.563873	-2.718324	0.356405	-2.611836	-3.013048	-0.227233	0.561934
-1.595150	-0.326290	1.919223	-2.785730	-0.149511	1.980441	-0.203461	-1.686007	1.884391	1.740494
-1.596938	1.677227	2.386707	-1.887684	1.602070	1.837929	1.973306	-0.308740	1.969591	1.839388
-1.611230	2.106724	2.813750	-1.646706	1.334202	0.146917	2.946420	-0.244544	0.294746	0.936661
-1.628589	1.363231	2.929388	-1.965509	-0.223392	-1.927093	3.250617	-1.339777	-2.758349	-0.246362
-1.645223	-0.028061	2.742274	-2.519360	-2.208640	-1.958583	3.079485	-2.952275	-5.714128	-0.841152
-1.659363	-2.447937	1.677617	-3.052598	-3.728130	-0.972999	1.814652	-4.430013	-7.421503	-1.075553
-1.673536	-5.633798	-0.303869	-3.437101	-4.175991	-0.926032	-0.199181	-5.407926	-7.526657	-1.523577
-1.679843	-8.282235	-2.786738	-3.624305	-3.687677	-2.485445	-2.197982	-5.743821	-6.596600	-2.491249
-1.677551	-7.161566	-3.303426	-3.376872	-2.737877	-3.999744	-3.181324	-5.464697	-5.087465	-3.053123
-1.676744	-4.202526	-1.828900	-3.040571	-2.060907	-4.701833	-3.427271	-4.973676	-4.337174	-2.429873
-1.677022	-3.163676	-1.416158	-2.945739	-1.948827	-5.645977	-3.316740	-4.612137	-4.293637	-2.327261
-1.671772	-1.540453	-1.333239	-2.265542	-1.069708	-3.217077	-2.058097	-3.108907	-1.986479	-2.465956
-1.661545	1.427512	-0.157555	0.095018	1.900143	0.960907	0.426208	-0.042108	1.544148	-1.414525
-1.659615	2.663620	1.052044	1.991849	3.825149	2.481510	2.490050	2.252976	2.721350	0.098819
-1.240353	2.490775	1.421104	2.205679	3.416472	2.756253	3.350126	3.062863	2.459019	0.936377
0.413661	1.910659	1.443494	1.696352	1.649040	2.317033	3.540326	3.111596	1.763295	1.134113
1.489867	0.311768	0.868971	0.816264	-0.827506	0.507270	2.978634	2.260485	-0.048636	0.564327
1.400833	-1.345945	-0.017460	0.339124	-2.642824	-2.104752	1.946893	0.492437	-1.640971	-0.523374
1.482791	-0.553179	-0.191142	1.253266	-1.815092	-1.314891	1.435215	-0.962131	-0.487655	-0.939795
2.392322	1.833211	0.581636	2.833699	0.630779	1.674574	1.546586	-0.558116	1.674397	-0.093847
3.448691	3.239762	1.501575	4.000588	2.417188	3.234813	1.883806	0.977930	2.938673	1.069509
4.131249	3.793223	2.111095	4.575008	3.080900	3.899087	2.148517	2.608883	3.668969	1.974893
3.925012	3.541050	2.143569	4.461808	2.685591	3.730903	1.689993	3.577072	3.531787	2.228612
2.824926	2.218306	1.336307	3.386013	1.071092	2.386449	0.351659	3.605377	2.367484	1.405496
2.100870	0.460421	0.294079	2.046440	-0.865668	0.753497	-0.462739	2.937727	0.928933	0.267586
2.102825	0.258637	0.031560	1.781194	-1.251164	0.740736	0.045928	2.143481	0.858522	0.071782
1.685715	1.147830	0.301559	2.239070	-0.237128	0.928493	0.602577	1.896890	1.571599	0.183287
0.724356	1.542368	0.445110	2.700954	0.809225	0.686003	0.898515	1.753881	1.742981	0.017726
-0.424963	1.099442	0.185158	2.806703	1.174699	-0.177062	0.711497	1.125213	1.119433	-0.484711
-1.404830	-0.751950	-0.866224	2.071698	0.430237	-2.524116	-0.317549	-0.238162	-0.826679	-1.552533
-2.002074	-3.723069	-2.469963	0.626650	-1.126098	-5.493794	-1.642806	-2.132182	-2.918743	-2.935942
-2.203722	-6.022443	-3.909944	-1.089141	-2.795742	-5.316352	-2.728169	-3.239920	-2.080426	-3.765256
-2.144267	-5.715836	-4.580110	-2.615645	-3.862316	-2.445038	-3.287151	-2.385128	0.425561	-3.646662
-1.982712	-1.992618	-3.747131	-3.631982	-4.002630	-0.045920	-3.370359	0.069035	2.324549	-2.851896
-1.833356	1.183044	-1.948223	-4.079383	-3.520220	0.389504	-3.217299	2.007817	2.515223	-2.247359
-1.748311	1.847140	-0.974576	-4.124241	-2.962363	-0.429287	-3.041131	2.685980	1.629286	-2.305432
-1.726473	0.867207	-1.153926	-4.007435	-2.662463	-2.001385	-2.925802	2.402790	-0.211984	-2.516836
-1.596752	-0.829110	-1.806402	-3.379049	-2.338534	-2.251565	-2.236054	1.221798	-2.038984	-1.608642
-0.737905	0.367946	-0.524793	-0.844159	-0.111915	0.893912	-0.174044	0.779582	0.053573	0.400107
-0.064628	2.046057	1.524552	1.868550	2.931164	2.559639	1.209471	1.126431	1.811385	1.617391
0.981497	2.613653	2.176405	3.181825	4.450311	3.567325	1.551346	1.589534	2.527252	2.531323
2.455538	2.476389	1.978915	3.374966	4.218722	3.889080	1.246957	2.200343	2.581654	3.179726
3.580302	2.532903	1.705096	3.387016	3.166676	4.051551	1.345215	2.694418	2.872308	3.561975
3.614444	2.910292	1.745386	3.691380	2.686127	3.819215	1.636115	3.298851	3.411602	3.572390
2.562082	2.922283	1.659114	3.751574	2.134645	3.113443	1.521655	3.673438	3.868900	2.928568
0.965056	2.538215	1.369585	3.549642	1.344093	2.089363	1.262186	3.566807	4.016625	1.938745
-0.597468	2.024503	1.032117	3.276417	0.658107	1.254749	1.028666	3.096197	3.966180	1.007599
-1.048164	2.122447	1.045892	3.324698	1.275118	2.042172	1.333362	2.667298	4.146935	0.853321
0.525434	2.614469	1.388392	3.659312	3.112558	3.318186	1.674393	2.800235	4.363759	1.935991
2.553653	2.842029	1.666354	3.738436	4.318885	3.795518	2.238803	3.150515	4.387382	2.627942
3.747918	2.704130	1.732605	3.563590	4.657812	3.664528	2.136574	3.341743	4.003844	2.631574
3.548228	1.895487	1.723656	3.013884	4.317992	2.580941	1.310156	2.816088	2.538600	1.856378
2.297113	0.365331	1.228106	2.161158	3.607364	0.402514	0.255685	1.368265	0.175394	0.535539
0.550998	-0.900700	0.709128	1.282653	2.921352	-1.432066	-0.612447	-0.310503	-0.824265	-0.602947
-1.127957	-2.172741	-0.221173	0.471383	2.131279	-3.003602	-1.341130	-1.604848	-1.480022	-1.436140
-2.199423	-3.541366	-1.643222	-0.524129	0.482750	-4.660060	-2.116991	-2.325325	-2.214619	-2.432731
-2.152119	-3.149900	-2.692681	-1.479667	-1.673863	-4.132318	-2.541681	-1.305394	-1.555827	-3.131805
-1.728967	-1.285600	-2.564807	-1.841681	-3.268693	-2.058821	-0.961381	0.541610	-0.073991	-3.067575
-1.479489	1.114331	-0.723304	-0.764925	-2.740457	0.433293	2.026944	2.086202	1.639194	-1.680805
-1.386597	2.468303	1.006765	0.898035	-0.846267	1.791584	3.721529	2.973289	2.726199	-0.083476
-1.016547	3.354439	2.169192	2.192456	0.730449	2.641569	4.399010	3.467315	3.652610	1.137831
-0.833560	3.430649	2.586205	2.288086	0.874238	2.446973	4.162629	3.353303	3.634737	1.506524
-0.992224	2.694179	2.511509	1.274200	-0.305405	1.470383	3.176948	2.549688	3.023248	1.031845
-1.321417	1.291886	2.428911	-0.327958	-2.104539	-0.074085	2.459415	1.293695	1.964682	0.275833
-1.644802	-1.129082	1.875555	-1.999666	-3.698866	-2.863873	2.000468	-0.427057	-0.362614	-0.653654
-1.877999	-4.033198	0.833749	-3.319133	-4.423605	-4.863757	2.083164	-2.298967	-2.300683	-1.427289
-1.975498	-5.070087	-0.231973	-3.971765	-3.803062	-2.807801	2.153046	-2.819409	-1.051709	-1.458366
-1.150731	-2.471291	-0.828801	-3.023407	-0.708600	0.848306	1.700043	-1.300399	1.614380	-0.780489
0.224434	0.309549	-0.788814	-0.975165	2.434173	2.675384	0.949008	0.862453	3.232183	0.472241
0.634352	1.052412	-0.849119	0.330575	3.615667	3.135551	-0.090435	2.063973	3.625393	1.710896
0.674307	1.240803	-0.836329	0.934172	3.031821	3.205888	-0.496632	2.414829	3.782193	2.433933
1.562287	2.251585	0.165634	2.064914	2.060015	3.429567	0.498788	2.836097	4.314842	2.778094
2.818762	3.064938	1.274632	3.320095	2.285076	3.607021	1.512937	3.400529	4.607600	2.820042
3.747099	2.986646	1.590298	3.844904	3.239591	3.286923	1.729617	3.515160	4.080676	2.428357
4.212143	2.407915	1.399114	3.804689	3.957534	2.672390	1.555173	3.073876	3.001502	1.781949
4.350039	1.753396	1.057054	3.532686	4.206826	2.378351	1.280123	2.397801	1.904266	1.674563
4.313752	1.101292	0.628510	3.101862	3.671220	2.667524	0.808932	1.873455	1.079876	2.286167
4.206901	0.638151	0.130727	2.439374	2.044468	2.810359	0.169119	1.639030	0.706881	2.819518
3.664667	0.593006	-0.270849	1.500618	-0.404967	2.019553	-0.739724	1.297498	-0.155102	2.769815
2.346208	0.413382	-0.784662	0.135187	-3.129002	-0.517548	-1.867098	0.158988	-2.115833	1.772765
0.698059	0.291409	-1.187804	-1.367933	-5.074582	-4.709548	-2.670096	-1.677299	-4.347083	0.218334
-0.505620	0.699194	-0.427970	-2.480354	-5.190368	-6.733302	-2.882357	-3.492438	-5.396989	-0.477298
-0.058246	1.273854	1.028602	-2.431415	-3.234796	-2.346289	-2.089622	-3.863844	-3.363618	0.134373
1.669592	1.927940	2.210011	-0.838698	0.442069	1.388610	-0.636791	-2.026499	0.032013	0.990333
2.823731	2.163829	2.797839	0.895353	3.113450	2.367962	0.218610	0.064853	1.553475	1.188374
2.559102	1.653381	2.837901	1.619616	4.002965	1.971761	0.217429	0.798221	1.318330	0.624946
1.372587	0.498088	2.339505	1.534606	3.801337	1.021334	-0.198835	0.333260	0.209095	0.122156
-0.153813	-1.409683	1.067247	0.971747	2.896528	-0.243440	-0.771094	-0.862068	-1.365914	0.132246
-1.511990	-2.157220	-0.392523	0.415488	2.144168	-1.372038	-1.070776	-2.195762	-2.443428	-0.150836
-2.358280	-1.991990	-1.678181	0.080162	1.897389	-1.925035	-1.167278	-3.082808	-2.627389	-0.754406
-2.642177	-1.522315	-2.545544	-0.095924	1.984876	-1.045080	-1.174545	-2.985730	-0.927799	-1.305550
-2.544376	0.433059	-2.007848	-0.077833	2.383367	0.828222	-1.071055	-1.465645	1.732435	-1.188412
-2.313551	1.769550	-0.888071	0.033473	2.737430	1.786263	-0.987811	0.292053	2.929575	-0.694484
-2.112532	1.199072	-0.797121	-0.139982	2.179687	1.032114	-1.295937	0.909030	2.218750	-0.779359
-2.002246	-0.851764	-1.653087	-0.705446	0.432664	-1.368312	-1.815016	0.207696	0.064228	-1.667556
-1.966484	-4.233571	-3.056145	-1.566204	-2.024114	-5.701344	-2.399869	-1.414201	-3.373559	-2.969978
-1.970802	-6.871272	-4.224509	-2.396837	-3.933743	-7.918646	-2.723516	-2.809316	-5.604252	-3.427114
-1.991956	-7.178660	-4.845492	-3.052426	-4.555087	-5.197785	-2.916611	-2.853709	-5.471967	-1.995030
-2.012007	-6.444110	-5.231030	-3.522786	-4.193298	-2.625924	-2.846296	-2.700705	-4.960318	-0.346064
-2.017326	-3.580679	-4.537308	-3.799178	-3.547403	-1.421888	-2.296280	-2.971151	-4.671831	0.674568
-2.016234	-0.862600	-3.100151	-3.929787	-3.111930	-1.118529	-1.394897	-3.608545	-4.677403	1.128019
-1.974175	0.715155	-1.689204	-3.659451	-2.177188	-0.572333	-0.640955	-4.216354	-4.152829	1.386401
-0.969165	2.153867	-0.238319	-1.955722	0.535024	1.414967	0.138708	-3.471387	-1.208235	1.919762
0.878194	3.056470	0.937998	0.368151	3.007836	2.760524	0.699197	-1.232909	1.326986	2.607196
2.501581	3.372634	1.551018	1.958934	4.123934	3.330328	0.959489	0.741945	2.432075	3.057500
2.986235	2.790969	1.427034	2.541847	4.223277	3.204852	0.717236	1.688956	2.491606	3.170896
2.231193	1.078262	0.546463	2.283380	3.681282	2.157040	0.106217	1.432017	1.458771	2.558415
0.788101	-1.840725	-0.841094	1.502750	2.549042	-0.238079	-0.716803	0.254550	-0.447142	1.180087
-0.788920	-5.592899	-2.552669	0.367424	0.421228	-3.679177	-1.482027	-1.530301	-2.830207	-0.164040
-2.021913	-5.219610	-2.418211	-0.305351	-1.865665	-3.740748	-1.545764	-2.431430	-2.649222	-0.162026
-2.526824	-1.691942	-0.498350	-0.865494	-3.634358	-2.388399	-1.833706	-1.119626	-1.031707	-0.111351
-2.240206	0.334209	1.046808	-1.511147	-4.349989	-1.299333	-1.472748	0.693416	-0.090086	-0.602733
-1.871470	0.247343	1.331321	-2.270832	-4.163387	-0.139492	0.415639	1.094253	-0.864285	-0.900200
-1.712455	-0.069121	1.033408	-3.005622	-3.650945	0.702670	1.964250	0.078728	-2.676173	-0.688449
-1.741844	0.041139	0.677628	-3.559722	-3.255095	1.080831	2.746933	-1.823370	-4.722576	-0.272375
-1.851442	0.434512	0.448980	-3.769283	-3.060116	1.209004	3.100698	-3.953308	-5.871842	0.087660
-1.969740	1.532492	0.791428	-2.652524	-2.338895	1.826707	3.581005	-5.037987	-3.587797	0.624334
-2.056434	2.291189	1.313585	-0.464341	-0.967271	2.530516	3.781568	-3.942433	-0.237272	1.297116
-2.101199	2.015042	1.172657	1.135691	0.448988	2.885673	3.020804	-1.639887	2.078024	1.737741
-2.109214	0.927559	0.643791	1.602588	1.818041	2.468776	2.608387	0.020842	2.382884	1.826435
-2.094849	-0.644633	0.094424	1.313068	2.460112	1.385507	2.720041	0.415611	1.760011	1.440657
-1.591214	-2.130934	-0.379524	0.500675	1.643121	-0.147200	2.924748	0.153687	0.831067	0.798919
0.259035	-2.170025	-0.616061	-0.068918	0.008476	-0.870526	2.590877	-0.052195	0.199640	0.225382
2.303062	0.055964	-0.250454	0.528609	-0.332779	0.711244	2.131166	0.351909	1.095307	0.071723
3.520928	3.119052	1.743101	2.419727	2.019659	2.754842	2.175064	1.500163	2.918258	0.844328
3.399734	3.961538	2.980879	3.456562	3.804367	2.982105	1.620369	2.188318	3.089176	1.273516
2.202471	3.662195	3.105861	3.145814	3.771543	1.856956	0.368927	1.718139	1.775773	0.688184
0.475401	2.219141	2.373693	1.822419	1.972085	-0.079938	-1.274572	0.167195	-1.009272	-0.480982
-1.225011	-0.555949	1.486455	-0.015894	-0.983097	-1.716178	-2.577825	-2.072830	-4.626424	-1.475976
-2.420897	-3.155386	1.122128	-1.383022	-2.352911	-1.303535	-1.874252	-4.142895	-6.047600	-1.732083
-2.916135	-3.019684	1.292250	-1.602667	-0.411510	0.248900	0.796629	-4.828118	-4.172666	-0.939379
-2.705065	-1.081566	1.095268	-0.978631	2.059671	0.939465	1.738131	-3.986063	-1.671568	-0.272788
-1.017928	0.547645	0.644270	0.322842	3.528708	1.928202	1.836167	-1.983910	0.890037	0.244902
1.408662	2.204580	0.781224	2.343338	4.386416	3.165585	2.259435	0.560760	3.195441	1.170238
2.976841	3.123486	1.300732	4.015391	4.812759	3.782654	2.652892	2.448394	4.269886	2.035676
3.013220	2.802838	1.232115	4.437385	4.318433	3.231068	2.080989	3.008111	3.831037	2.061559
2.329465	1.894912	0.603702	3.663335	2.419719	1.448838	0.806808	2.265361	2.172357	1.023186
2.241300	1.822387	0.454224	2.716154	0.729783	0.291246	0.131357	1.175314	0.877619	0.117047
2.782502	2.450348	0.816283	2.277427	1.043723	0.930980	0.196774	0.715074	0.938752	0.065779
3.428364	3.027750	1.258670	2.344323	2.506981	2.063031	0.546939	1.035379	1.761245	0.517428
3.866762	3.176924	1.446643	2.433069	3.060460	2.389985	0.577117	1.566125	2.182564	0.792258
4.065282	2.979700	1.339408	2.199010	2.191547	2.298394	0.265960	1.903305	2.579486	0.660707
4.075957	2.434382	1.000350	1.818402	0.655698	2.556101	-0.020030	2.380709	3.586370	0.653786
3.492616	1.531148	0.463033	1.525992	0.303447	2.812137	-0.210621	2.843080	4.217623	0.891628
2.104257	-0.079347	-0.446318	1.062108	0.855905	2.174062	-0.694553	2.744685	3.733714	0.770084
0.289161	-3.000665	-1.976294	0.119433	0.445254	-0.265650	-1.563563	1.629383	1.643577	-0.237449
-1.228334	-6.464062	-3.763891	-1.068802	-0.946263	-4.669787	-2.266753	-0.413729	-1.916651	-1.780276
-1.736590	-8.229538	-5.074200	-2.007237	-2.567163	-8.920632	-2.566323	-2.622360	-5.512865	-3.082463
-1.759232	-8.206198	-5.928202	-2.710570	-3.846317	-10.931834	-2.757346	-4.386006	-7.659410	-4.013202
-0.754457	-4.041844	-5.131867	-2.748923	-4.021058	-6.194687	-2.286543	-4.621909	-5.457972	-4.107018
1.248360	0.642785	-2.578184	-1.772559	-2.878124	-0.680859	-1.382191	-2.680721	-1.121955	-2.955871
2.938672	2.671183	0.112019	-0.496277	-1.488736	1.662560	-0.672367	-0.333799	1.232681	-0.970957
3.827765	3.471080	1.997817	0.448761	-0.642520	2.319741	-0.329537	1.257304	2.163792	0.280787
3.604867	3.619186	2.828041	0.609380	-0.693662	2.439712	-0.677121	2.277791	2.263725	0.630433
2.355778	3.254606	2.859635	-0.087895	-1.598092	2.151816	-1.511807	2.698614	1.656119	0.463060
0.564721	2.769784	2.757729	-1.224996	-2.766749	0.973525	-2.317347	2.688796	0.827081	-0.155811
-1.218777	2.003608	2.315925	-2.008638	-2.226750	-0.093924	-2.351281	2.548634	0.671901	-0.846689
-2.495296	0.959502	1.377353	-1.800277	0.347981	0.720452	-1.739616	2.553530	1.303205	-0.824702
-3.026456	-0.253028	0.057366	-1.280629	1.827089	1.838725	-1.473100	2.646462	1.669002	-0.212645
-2.960545	-1.441516	-1.479551	-1.215567	1.471556	1.642557	-1.632099	2.627214	1.526275	-0.136970
-2.634915	-1.607832	-2.507371	-1.219708	0.852360	1.075613	-1.622824	2.590107	1.497919	-0.408132
-2.312362	-1.675846	-2.759812	-1.441619	-0.276774	-0.565533	-1.920742	2.334906	0.795475	-1.011925
-2.106628	-1.579874	-1.502194	-1.687490	-1.773304	-3.047747	-1.920701	1.287484	-0.543354	-1.926330
-2.020085	-0.963501	0.275391	-1.532574	-2.776045	-4.716121	-0.790429	-0.352039	-1.764114	-2.459021
-2.016879	-0.907695	1.269395	-1.634003	-3.319513	-5.416829	1.160003	-2.305204	-3.252625	-2.425439
-2.052377	-1.877983	1.057475	-2.090145	-3.542001	-5.194563	2.246456	-4.124807	-4.532905	-2.108824
-2.092868	-3.211197	0.297949	-2.687610	-3.547867	-4.744330	2.443189	-5.281712	-5.142038	-1.966089
