X1	X2	X3	X4	X5	X6	X7	X8	X9	X10
-0.331174	-4.655466	-4.723514	-3.260287	-3.124637	-6.428698	-3.090500	-3.278443	-4.097743	-3.849578
-0.342358	-4.006513	-4.569967	-2.948679	-3.086202	-6.033898	-3.003832	-2.766077	-3.407081	-3.653664
-0.352180	-2.657992	-3.884657	0.464797	-2.370292	-4.475912	-1.715992	-2.068988	-2.414443	-2.405567
-0.352411	-1.166486	-2.503178	3.787833	-0.665328	-1.646466	0.109889	-1.463706	-1.263636	-0.265318
-0.341862	-0.269857	-1.168687	5.267867	1.051974	0.513832	1.293615	-1.053149	-0.392258	1.194475
-0.331347	0.403034	-0.265125	5.727526	2.129115	1.590100	1.777085	-0.603891	1.016792	1.707044
-0.335284	0.588153	0.188289	5.182436	2.444614	2.051866	1.672871	0.163503	2.407250	1.595558
-0.350921	0.632507	0.212230	4.175445	2.155571	2.111049	1.300768	0.962358	3.183769	1.099615
-0.364235	1.331291	1.072477	3.607374	1.872607	2.343388	2.327234	1.609256	3.642144	1.669331
-0.374399	2.204578	2.841553	4.075826	2.088376	2.868229	3.916230	2.031780	3.906139	3.081230
-0.384812	2.545847	3.876533	4.989812	2.963602	3.672983	4.920327	2.256802	3.967237	4.305463
-0.398170	2.048750	3.886077	5.054581	3.398258	3.988693	5.140301	2.030211	3.186346	4.559134
-0.413456	0.608675	3.024912	3.502564	2.787965	3.669111	4.224320	1.102977	1.405652	3.565517
-0.427840	-1.386212	1.252485	0.054423	1.228493	2.489613	1.771813	-0.416826	-1.039154	0.737814
-0.431091	-2.192194	-0.778523	-1.784531	-0.370656	0.679503	-1.217653	-2.071907	-2.787536	-3.020270
-0.286433	-1.165392	-1.786971	1.859678	-0.178778	0.038638	-2.139432	-3.032284	-2.458096	-3.199770
0.517309	-0.098443	-1.356005	4.673063	1.957338	1.337864	-0.816949	-2.573593	-0.992451	0.266791
1.181613	-0.603169	-1.027612	4.672990	3.232997	1.804559	0.003389	-1.648690	-0.700816	1.530952
1.274868	-1.710354	-1.073575	2.906588	2.832278	1.157529	0.843687	-1.258345	-1.468194	1.203095
0.932293	-2.779406	-1.316440	-0.857192	1.263828	-0.242128	1.490329	-1.534836	-2.618605	0.359578
0.411988	-3.248901	-1.253358	-6.391111	-0.832105	-1.237320	2.180494	-2.204360	-3.617108	1.443976
-0.080195	-2.767946	-1.310461	-11.246499	-2.778194	-1.530423	1.463852	-2.249619	-3.525177	2.322024
-0.428595	-2.380017	-1.773737	-11.612208	-3.947649	-2.048358	-0.372942	-1.234405	-2.810486	1.284116
-0.604655	-1.972863	-2.393807	-7.161638	-4.139811	-2.891190	-2.689055	0.202801	-2.012819	-1.254956
-0.640199	-2.168494	-3.022709	-3.216491	-3.745772	-3.952188	-4.528837	1.048379	-1.875119	-4.442148
-0.602281	-1.446186	-3.265120	-1.437323	-3.260251	-4.945170	-4.571398	0.832535	-2.055227	-6.425060
-0.540796	-1.150890	-2.860337	-1.112489	-2.950860	-4.423038	-2.724191	0.128912	-0.722662	-4.780918
-0.489464	-1.542034	-2.570841	-1.606719	-2.850222	-3.087747	-1.413369	-0.419794	0.668634	-2.361337
-0.460546	-2.340092	-2.655668	-2.462639	-2.879818	-2.670415	-0.804664	-0.933540	0.409113	-1.394955
-0.454817	-1.147737	-2.148569	-3.263449	-2.946608	-2.643193	0.825868	-1.558748	-0.409568	-0.551259
-0.473091	1.278972	-0.450574	-3.698149	-2.998143	-1.605438	2.496280	-1.209579	0.473569	0.813591
-0.497567	2.799988	1.261811	-2.834599	-2.653445	0.092710	3.096481	0.878873	2.256861	1.770864
-0.509687	3.028134	1.911214	-0.182492	-0.995895	1.561369	2.372455	3.153312	3.533912	1.799434
-0.510908	2.512764	1.521794	0.794802	0.382571	1.984680	0.479213	4.504106	4.043703	0.748420
-0.510174	2.179680	0.640863	0.207477	0.490522	1.713514	-2.183209	5.014868	4.127093	-1.023490
-0.503847	2.588559	0.584379	-1.247826	-0.336507	1.447214	-4.580518	4.994779	3.976617	-2.310107
-0.495677	2.768717	1.142889	-2.663690	-1.415979	1.060164	-5.425761	4.501949	3.703398	-2.651408
-0.503358	2.458582	1.228461	-1.820538	-1.308145	1.036256	-3.989218	3.986692	3.493523	-1.636825
-0.422235	2.121598	1.301558	0.383053	0.037264	1.056311	-1.981684	3.609001	2.833961	-0.312355
0.664913	2.500653	2.096866	3.383314	2.045786	2.158181	0.078234	3.606198	2.652382	2.411158
2.367306	2.502157	2.748119	4.404029	3.318523	2.827681	0.905986	3.986300	2.585769	3.308485
3.214206	1.769081	2.282766	3.514425	3.084063	2.306083	0.308709	4.176490	1.960119	2.002799
3.001561	0.836501	0.997607	0.974295	1.667269	0.897983	-1.112950	4.006863	1.037125	-0.982307
2.137613	0.749219	-0.157987	-2.547752	-0.152388	-0.848974	-2.488834	3.378214	-0.102333	-4.419465
1.041341	0.984133	0.090203	-5.930642	-1.612291	-2.775005	-3.380131	1.969215	-1.587352	-6.485672
0.043954	1.293228	1.110445	-7.177318	-2.458178	-4.633705	-3.403066	-0.138119	-3.048577	-6.187745
-0.646055	2.079539	2.462265	-3.129311	-1.641437	-3.941006	-0.217430	-2.481553	-3.665762	-2.115316
-0.970543	2.486830	3.589413	1.446034	0.663382	-1.190994	2.718355	-4.327752	-3.259711	1.600568
-1.005872	2.039181	3.956637	3.551885	2.701916	0.698993	3.646049	-4.862431	-2.516009	2.717803
-0.886906	1.014164	3.501875	4.205061	3.796312	1.396216	3.110253	-4.208082	-1.940150	2.175750
-0.729000	-0.270150	2.208975	4.093131	4.163345	1.450476	1.701604	-3.171059	-1.639124	0.728156
-0.604236	-1.350084	0.428672	3.555775	4.138936	1.226723	-0.048834	-2.366613	-1.546981	-0.872977
-0.535065	-1.965498	-1.310959	2.894025	3.975417	0.934085	-1.387611	-1.981659	-1.557488	-1.741933
-0.516258	-2.081339	-2.436793	2.390707	3.820956	0.721812	-1.750360	-1.919636	-1.448421	-1.541000
-0.535133	-1.196092	-1.719860	2.052144	3.570171	0.790678	-0.583605	-1.757239	-0.280611	-0.428941
-0.562979	-0.042894	0.259834	3.036237	3.019712	1.129257	1.255035	-1.137191	1.285341	0.948440
-0.583497	0.359189	1.358905	4.398284	2.488351	1.356756	2.713938	-0.505482	1.650241	1.814895
-0.593292	-0.388223	1.201510	4.221954	1.862667	0.862874	2.465015	-0.393292	0.884998	1.209936
-0.603204	-1.690316	-0.019390	2.363453	0.749562	-0.416165	0.830600	-0.813808	0.005063	-0.871645
-0.618375	-2.833776	-1.699500	-0.968005	-0.619815	-1.911842	-1.546535	-1.323338	-0.480922	-3.456645
-0.632010	-3.532360	-3.250438	-4.235139	-1.490732	-3.176871	-3.527319	-1.907015	-1.341802	-4.536541
-0.642584	-1.320810	-3.505886	-1.500024	-1.273808	-2.475042	-2.940096	-2.412325	-1.713085	-0.691497
-0.651221	1.709573	-1.693035	3.288336	0.047368	0.196219	-0.597702	-1.710396	-0.014892	3.140027
-0.659924	2.859593	0.233717	4.463066	1.122241	1.824569	0.436756	0.444027	1.312328	4.289219
-0.666414	3.063645	0.986816	3.487940	1.045175	2.363217	-0.051690	2.336326	1.407378	3.734080
-0.666157	3.087862	1.203582	0.856956	0.053979	2.379363	-1.279311	3.338668	1.075898	1.722002
-0.666576	2.964836	1.754319	-3.348085	-1.312116	2.129925	-2.088441	3.560286	0.423882	-1.132040
-0.663286	1.886234	1.983780	-7.729362	-2.529275	1.515223	-0.119052	2.833183	-0.836137	-2.408131
-0.595519	0.201528	1.606089	-9.208625	-3.205242	0.380456	2.279547	1.165293	-2.275544	-1.291270
-0.529230	-1.196094	0.987508	-6.641273	-3.267629	-0.631570	3.582443	-0.979087	-2.018972	0.525798
-0.517453	-1.543738	0.581337	-2.393831	-2.488572	-0.459897	4.135724	-2.476679	0.103939	1.924223
-0.553598	-1.496614	0.424183	-0.397783	-1.667475	0.146295	4.124580	-2.416749	1.728609	2.362783
-0.608318	-0.647352	0.497582	0.307450	-1.184460	0.671669	3.901831	-1.323541	2.387838	2.229014
-0.661451	0.824243	1.076326	1.349705	-0.061953	1.431211	3.836158	-0.203007	2.608477	2.256168
-0.703430	0.803989	1.441172	1.193228	0.803430	1.758155	3.582178	0.537788	2.693350	2.063222
-0.726010	-0.054088	0.997817	-0.138240	0.623796	1.407322	2.229391	0.831964	2.649695	0.879896
-0.731706	-1.330023	-0.231623	-2.158397	-0.340054	0.430112	-0.316592	0.724960	2.219987	-1.392601
-0.728967	-2.530265	-1.572428	-3.670456	-1.560286	-1.208469	-2.119837	0.044654	0.840857	-3.605085
-0.723692	-2.108708	-1.568873	-0.161991	-1.894811	-1.973912	0.038650	-1.057889	-0.582842	-2.150910
-0.720767	-1.043256	-0.580450	3.866583	-0.649869	-1.322984	1.768278	-2.066739	-1.195487	0.254399
-0.631739	-0.467470	0.752437	4.951339	0.873445	-0.271372	1.906368	-2.658117	-1.473457	1.951281
0.446920	0.391009	1.926450	5.381338	2.365792	1.474019	1.632374	-2.457529	-1.113739	3.474555
2.474331	0.951514	2.720702	5.198097	3.417715	2.735724	1.157350	-1.378789	-0.414272	4.241060
3.940177	0.768240	2.923794	3.804440	3.323970	3.164259	0.100954	-0.341738	-0.390817	4.166560
4.058979	0.771674	2.570725	0.773159	2.132210	3.111880	-1.416578	-0.164883	-1.209705	3.542700
3.352271	1.249702	2.069766	-3.174004	0.377316	2.813452	-2.584115	-0.750536	-2.171472	2.215521
2.278902	1.615779	1.969738	-6.821769	-1.370943	2.018443	-3.244786	-1.740936	-3.047029	-0.341456
1.058805	1.407651	1.690088	-6.067994	-2.514696	0.665184	-2.916614	-2.598260	-2.312755	-3.502980
-0.028155	1.162584	0.989166	-1.458813	-2.382448	-0.146444	-1.915309	-1.566836	0.753753	-4.435408
-0.282538	1.589682	0.291471	2.324403	-0.773071	0.452396	-0.731557	0.798766	2.873781	-2.175374
0.406782	2.160648	0.453430	4.048303	1.532851	1.628595	0.180086	2.428033	3.663950	0.465603
0.890455	1.721085	1.174329	3.729849	2.510454	1.732388	0.002449	2.803260	3.485582	0.840285
1.041294	0.887755	1.579757	3.221599	2.264645	1.174025	-0.183652	2.144524	2.457865	0.217194
1.869431	0.035839	1.191470	2.715194	1.534097	0.963988	-0.130475	0.957895	1.064661	0.815663
3.333553	-0.114317	0.681996	2.394459	0.782996	1.437154	1.482108	-0.033489	-0.050867	2.733068
4.433921	0.298394	0.659194	1.858462	0.223004	2.112846	2.791450	0.266803	-0.230766	4.162701
4.403036	-0.482378	0.221903	0.231674	-0.413267	1.927656	2.176985	0.941116	-0.729081	4.042790
3.461983	-1.246646	-0.098169	-1.062514	-0.722652	1.356642	0.612348	0.801272	-1.640973	3.216307
2.038707	-1.132093	-0.060124	1.598461	0.647967	1.470249	-0.231086	-0.069276	-1.851044	2.849645
0.547704	-0.188579	0.244928	5.307140	3.099796	2.412618	0.738602	-1.085426	-0.849391	3.508833
-0.653151	0.580913	0.639721	6.888468	4.881835	3.226195	2.109429	-1.723147	0.286135	4.281778
-1.343496	1.234172	0.909041	7.040595	5.364273	3.389190	2.572970	-1.873728	0.698628	4.414196
-1.530002	0.508056	0.536674	5.716301	4.571269	2.798221	1.653120	-1.932635	0.031925	3.665856
-1.394981	-1.182232	-0.684626	1.991451	2.629929	1.540165	-0.320678	-2.251015	-1.360921	2.291250
-1.159484	-3.094071	-2.331039	-5.569789	0.009970	-0.145809	-2.679180	-2.818762	-2.893553	0.971265
-0.964527	-4.606763	-3.894352	-11.061117	-2.604694	-1.843561	-4.411460	-3.454304	-4.073047	0.243946
-0.855409	-5.405260	-5.000875	-15.944825	-4.335983	-3.632399	-4.801671	-3.967266	-4.666613	-1.140091
-0.814026	-4.529681	-5.347210	-16.273242	-4.634881	-5.207847	-4.105880	-3.619009	-4.120929	-3.187391
-0.809964	-2.580276	-4.623710	-6.134325	-4.018727	-5.764878	-3.166046	-1.624800	-2.512008	-4.783234
-0.821105	-0.834924	-2.378101	-1.060610	-3.272655	-5.334641	-2.528140	0.757191	-1.102400	-5.107704
-0.840932	0.154152	0.082203	0.168676	-2.807968	-4.566755	-2.273984	2.358665	-0.326642	-4.399694
-0.862458	0.767911	1.625022	0.633594	-2.527218	-3.710941	-1.937298	3.096297	0.095834	-3.274619
-0.890197	1.363154	2.216805	2.877280	-1.515273	-1.899336	-0.470432	3.345285	0.797881	-1.272371
-0.915994	1.329070	1.946703	3.815269	-0.140334	-0.430717	0.403606	3.363720	1.238045	-0.030521
-0.932865	0.303906	0.848549	2.812411	0.319242	-0.476859	-0.066353	3.015944	0.762280	-0.609390
-0.941733	-1.457924	-0.874154	0.298572	-0.198122	-1.652552	-1.020809	1.875805	-0.587761	-2.303286
-0.942509	-2.750681	-2.211115	-2.682550	-0.965091	-2.759370	0.170361	-0.042259	-2.170510	-2.574759
-0.932553	-2.038474	-1.882961	-2.870510	-0.742837	-2.215986	2.602429	-2.291841	-3.110135	-0.120339
-0.924410	0.070931	-0.226004	-0.472898	0.099401	-0.783618	4.110951	-4.238218	-3.245447	2.319372
-0.918266	1.337549	1.272714	1.294086	1.048117	0.244031	4.648184	-5.157216	-3.033963	3.003281
-0.914960	2.100049	2.046203	1.145934	1.132938	0.311855	4.444606	-4.244624	-2.450595	2.426242
-0.923569	2.610709	2.181765	-0.222266	0.300347	0.000522	3.036160	-1.347392	-0.512036	0.746604
-0.941458	2.695424	1.723862	-2.254637	-1.002990	-0.804875	0.242446	1.390182	0.579465	-2.105636
-0.938993	2.099198	0.850851	-4.141132	-2.274078	-2.177635	-3.170814	2.498811	0.238039	-5.192177
-0.244727	1.157994	0.061422	-3.199425	-2.880464	-2.308983	-2.271926	2.209900	-0.133252	-3.288454
1.621618	0.778092	0.185908	0.355740	-2.260886	0.467713	1.789849	1.588826	1.146789	2.557776
3.352457	0.983849	0.824314	3.108671	-0.400819	2.502407	3.702742	1.300022	2.588914	4.311461
3.772507	1.452068	1.067991	3.422293	1.188038	2.747474	3.255888	1.321115	2.921695	3.459513
3.114138	1.394232	0.656867	1.992715	1.333750	1.918283	1.367183	0.962713	1.822775	0.634808
1.879996	1.203157	-0.121723	-0.877570	0.365566	0.909345	-1.516699	-0.085537	-0.141177	-3.431221
0.508934	1.508570	-0.740592	-4.605042	-1.106207	0.317384	-4.400820	-1.004423	-1.751114	-6.213409
-0.641411	1.975201	-0.853855	-7.410912	-2.485237	0.434020	-5.801243	-0.569663	-2.058277	-4.674817
-1.357136	2.486442	-0.432878	-4.142896	-2.964215	1.168732	-4.237298	0.855873	-1.138997	0.101420
-1.622172	2.276273	0.100249	0.980554	-1.839845	1.452688	-1.583573	2.246802	0.074041	1.901586
-1.574896	1.496544	0.039758	2.482889	-0.287875	1.017262	-0.413903	3.045935	0.620996	1.275829
-1.390417	0.571898	-0.354527	1.844304	0.232232	-0.021735	0.603261	3.255152	0.528629	-0.310362
-1.200130	-0.875648	-0.802026	-0.111114	-0.269850	-1.477581	1.087091	2.722350	-0.334078	-1.943436
-1.072466	-2.508799	-1.716476	-2.904287	-1.304783	-3.441845	0.260180	1.295039	-1.665227	-3.855706
-1.016085	-2.711990	-2.661367	-5.441765	-2.369715	-5.123693	-1.253658	-0.170645	-2.200570	-5.106277
-1.008539	-1.976491	-3.147365	-6.305619	-3.085243	-5.712920	-2.799484	-0.368201	-1.714942	-5.041957
-1.024537	-0.817484	-2.441870	-4.512961	-3.233726	-5.125492	-3.513441	0.664993	-0.860714	-4.005202
-1.043915	0.343596	-0.383801	-2.479437	-2.981852	-3.578628	-2.901102	2.022915	0.627480	-2.606265
-1.062937	1.238343	1.778721	-1.556959	-2.725481	-1.436286	-0.153211	3.152887	2.221686	-0.513574
-1.082934	0.935275	2.665305	-1.536256	-2.637638	-0.597139	0.786526	3.578275	2.296255	-0.007945
-1.098622	-0.561625	1.958959	-2.009515	-2.690793	-1.273892	0.182455	2.891955	1.015474	-1.260064
-1.108664	-2.348869	0.219814	-2.640312	-2.796316	-2.481919	-1.153869	1.175252	-0.523897	-2.596556
-1.118318	-3.057208	-1.852946	-3.033244	-2.854499	-2.251342	-2.559893	-0.934454	-0.365421	-0.888677
-1.136089	-0.311315	-2.544347	0.787284	-1.516227	0.154264	-1.918701	-2.283967	1.311326	2.308031
-1.154215	2.180380	-0.055053	4.682987	1.241569	2.400954	0.415799	-1.844737	2.931118	3.861217
-1.170326	2.812632	2.408905	6.005904	2.991228	3.307360	1.871570	-0.384810	3.695163	3.703034
-1.178970	2.797392	3.545540	6.257316	3.506094	3.379454	2.396148	0.900503	3.940968	2.548540
-0.897416	2.404252	3.682738	5.478543	3.276231	3.021740	1.963056	1.595833	3.850742	0.685879
-0.130300	1.806812	3.278223	3.100788	2.283520	2.205735	0.614027	1.774754	3.498018	-1.681609
0.326780	1.154962	2.882658	-1.991241	0.619427	1.054057	0.223728	1.558287	3.065705	-2.827240
0.275628	1.183496	2.928672	-9.218192	-1.295065	0.449184	1.016639	1.710435	3.021603	-1.208953
-0.108350	1.150868	2.886855	-15.063841	-2.896518	0.426345	0.624451	2.422632	3.019994	-0.052540
-0.591228	0.257678	2.098079	-12.413668	-3.538511	-0.187987	-0.374494	2.724236	2.122116	-0.479126
-0.997682	-0.974537	1.055508	-4.145907	-3.235449	-1.553267	-1.643997	2.003475	0.346088	-2.001257
-1.255542	-2.210350	0.294560	-0.721672	-2.764073	-3.534358	-2.798659	0.343416	-1.882544	-4.008775
-1.376118	-3.191021	-0.752500	-0.109063	-2.542485	-5.562958	-3.333441	-1.804305	-3.674482	-5.416860
-1.401414	-2.747549	-1.882853	-0.768810	-2.589872	-6.387320	-3.329450	-2.776002	-3.591848	-4.731487
-1.375368	-1.903418	-2.680555	-2.042520	-2.769235	-4.876932	-3.047875	-1.395506	-2.282541	-1.205617
-1.337467	-2.098673	-3.200799	-3.363897	-2.939110	-3.445466	-2.722617	0.314127	-1.641279	0.158647
-1.267636	-2.985601	-3.654351	-4.023459	-3.027240	-3.287009	-2.087851	0.749438	-2.023633	-0.561447
-0.761620	-2.677348	-3.527505	-0.441563	-2.448252	-2.312959	-0.651405	0.175608	-2.108286	-0.122095
-0.242012	-1.166011	-2.420691	3.823544	-0.621330	-0.024188	1.042835	-0.620073	-1.177073	2.167418
-0.098266	0.344268	-0.798776	5.583938	1.593695	1.843182	2.379458	-0.468117	0.282217	3.826750
-0.289997	0.154537	0.333124	5.155390	2.466864	2.303670	3.363656	0.095856	0.418623	4.288844
-0.641330	-0.880540	0.664850	2.989262	1.845167	1.975310	3.842996	-0.028447	-0.624698	4.136371
-1.000239	-0.998015	0.783399	0.842471	1.011510	1.815407	4.348491	-0.862272	-1.641925	4.075643
-1.270597	0.938953	1.537948	1.601420	1.652105	2.456237	4.724896	-1.677401	-1.363419	4.190092
-1.420553	2.057861	1.919380	1.291445	2.116977	2.686402	3.578763	-1.215233	-0.424541	2.985869
-1.471830	2.181194	1.565079	-0.276240	1.490197	2.673664	1.054342	0.650918	1.372136	0.617722
-1.467128	1.837489	0.971941	-2.612232	0.063404	2.680781	-0.580125	2.579897	2.807191	-1.038359
-1.440359	1.567864	1.020602	-4.823932	-1.618171	2.438238	0.487997	3.740277	3.518600	-0.516240
-1.412035	1.096530	1.271679	-5.802428	-2.991670	1.789153	2.094988	4.008421	3.412664	0.571292
-1.400049	1.334535	1.146771	-5.275054	-3.694354	0.463324	1.931969	3.584796	2.486814	0.193833
-1.402365	1.357832	0.670185	-4.047914	-3.765153	-1.502976	0.476491	2.807262	1.078571	-1.534838
-1.410312	0.048111	-0.406501	-3.041344	-3.526249	-3.963365	-1.640774	1.446089	-0.876650	-3.746814
-1.423506	-1.911015	-1.939443	-2.557743	-3.268152	-5.669412	-3.460818	-0.562578	-2.944622	-3.322542
-1.437324	-3.836148	-3.477366	-2.487419	-3.108115	-6.307276	-4.234425	-2.853679	-4.506924	-2.290453
-1.443694	-5.171571	-4.656753	-2.673377	-3.046992	-6.593765	-3.984640	-4.915365	-5.221276	-2.493698
-1.449418	-5.555731	-5.252142	-2.420825	-2.801718	-6.443231	-3.076076	-6.062100	-5.121502	-3.254224
-1.460263	-4.595734	-4.941387	-0.217636	-1.192435	-4.443271	-1.544788	-5.888598	-4.158582	-2.936891
-1.471357	-3.112150	-3.925131	1.971715	1.155737	-1.683974	-0.251617	-4.696330	-2.340603	-1.592996
-1.177319	-0.258711	-2.358244	3.425149	2.920945	0.676794	0.579200	-2.720416	0.533663	-0.022222
0.295851	1.659774	-0.459758	4.535241	3.959617	2.373730	1.301530	-0.359860	2.716996	1.453250
1.744011	1.631647	0.475413	4.193629	4.077890	2.687629	1.087662	1.366845	3.160562	1.494935
2.083656	0.267489	0.043742	2.162850	2.992605	1.778906	-0.168671	1.802369	2.101682	0.105522
1.540588	-1.260322	-1.127870	-0.352940	1.090367	0.468685	-1.324111	1.049742	0.486741	-0.225584
0.557914	-1.616181	-1.843565	0.577498	-0.292214	-0.036350	-0.779664	-0.337896	-0.647224	1.373659
-0.489836	-1.279225	-1.716396	3.207953	-0.147433	0.046662	0.561385	-1.809222	-1.030888	2.054268
-1.321758	-0.796027	-1.136472	4.918083	1.020169	0.286492	1.654561	-2.832023	-0.843179	1.631508
-1.767248	-0.544329	-0.649995	5.358194	2.024836	0.620192	1.984658	-3.022536	-0.539750	0.687256
-1.181667	0.285250	-0.259358	5.053977	2.351779	1.602432	1.759545	-1.512591	0.280494	0.295289
-0.172203	0.902882	0.043210	4.308981	2.103518	1.998489	1.232135	0.888422	1.070051	0.050943
0.287098	1.287040	0.462058	3.005944	1.687893	1.907549	0.511245	2.709075	2.081327	-0.218265
0.668755	1.541138	0.636905	1.641198	1.502281	1.892259	-0.142803	3.783436	3.000822	-0.206217
1.215316	1.613767	0.617541	1.663669	1.456061	1.694147	-0.122876	4.210001	3.070251	-0.084062
1.252582	1.673928	0.638696	3.196613	1.613488	1.468915	0.621790	4.126169	2.759914	0.478701
0.748481	1.709249	0.729424	4.517389	1.897899	1.579127	1.393161	3.756972	2.382496	2.102883
-0.039595	1.459496	0.715785	4.597893	1.990054	1.677484	1.440422	3.295870	1.918460	3.041412
-0.840975	1.114233	0.746879	2.980362	1.334652	1.074097	0.329230	2.824091	1.147728	2.020088
-1.454514	1.416987	1.347130	-0.595295	-0.011798	0.158227	-1.422959	2.442644	0.343314	-0.489627
-1.803870	0.800941	1.472147	-6.103200	-1.608507	-1.295340	-3.095114	2.111450	-0.448860	-4.083256
-1.923762	-0.842631	0.487449	-11.258538	-2.945547	-2.744743	-4.003741	1.275879	-1.635838	-6.916776
-1.900355	-2.179509	-1.050822	-7.876952	-3.154701	-2.139497	-3.074501	-0.216946	-2.592153	-5.392708
-1.814166	-1.281669	-1.660125	2.784854	-0.462888	0.912248	0.124334	-1.747479	-1.762736	-0.098646
-1.732778	-0.041484	-0.915122	5.997357	2.885229	2.943691	2.426128	-2.285259	-0.171934	2.835436
-1.693754	0.341714	-0.041741	6.354245	4.583090	3.563872	2.869453	-1.817499	0.561288	3.294282
-1.688567	0.875541	1.018492	5.579253	4.865634	3.631775	2.187473	-0.333133	0.885524	2.735483
-1.693330	1.283622	2.041267	3.796219	4.466008	3.494056	0.989219	1.397312	1.051015	2.554210
-1.697105	1.265295	2.250550	1.147802	3.856379	3.057422	-0.203131	2.609003	1.116065	2.338411
-1.697405	1.020120	1.673993	-1.160396	3.362149	2.376967	-0.920709	3.185195	1.106654	1.322104
-1.638512	0.374481	0.674614	-1.167886	3.149386	1.692655	-0.948031	3.071994	0.750674	0.027409
-1.178930	-0.052243	-0.330237	1.058766	3.238729	1.234883	-0.357803	2.345290	0.600981	-0.859261
0.280763	0.005421	-0.806209	3.552750	3.597836	1.480838	0.676430	1.430990	0.859695	-0.371166
2.236027	0.237610	-0.682871	4.968870	4.045949	2.012932	1.576174	0.647979	1.000189	0.746722
3.749294	0.781163	-0.070918	5.877823	4.288846	2.473804	2.686276	0.267550	1.220280	1.802903
4.591601	1.462328	1.168125	6.347716	4.285098	2.894331	4.399203	0.393159	1.549238	3.018494
4.934212	1.521359	2.164191	6.015589	3.912663	3.055096	5.131240	0.744432	1.537424	3.789704
4.984260	0.987314	2.088408	4.652275	2.957763	2.933581	4.361376	1.014816	1.523030	3.873889
4.831316	0.420787	1.261121	2.032585	1.581094	2.760956	2.429739	1.337572	2.182319	3.515960
4.232579	-0.504520	0.052803	-2.645836	0.037998	2.231160	-0.374033	1.525048	2.488639	2.367902
2.986774	-2.061033	-1.482669	-8.985352	-1.517835	0.866707	-3.576410	1.049910	1.546357	-0.125231
1.321499	-3.697013	-3.109425	-13.682190	-2.788993	-1.549003	-5.732321	-0.189078	-0.284466	-4.111580
-0.385771	-4.088780	-4.187305	-7.806871	-3.160318	-4.257022	-4.719370	-1.864310	-2.053228	-7.289392
-1.753784	-3.428702	-3.999008	0.529072	-2.143899	-5.232083	-1.850955	-3.359593	-2.790873	-5.922366
-2.536205	-3.698706	-3.650923	2.128591	-1.237496	-4.915856	-0.722736	-4.290238	-3.305055	-2.142725
-2.732112	-3.595537	-3.490227	2.572810	-0.892320	-3.297560	-0.233694	-4.554300	-3.372177	1.238413
-2.554945	-2.629842	-2.862104	3.237998	-0.329694	-0.921795	0.470391	-4.110210	-2.520598	3.046753
-2.258802	-2.794019	-2.491354	2.447507	-0.031313	0.095665	0.185352	-3.454833	-2.195357	3.220583
-2.001849	-2.541451	-2.424460	2.213103	0.067296	0.254890	0.073903	-3.004303	-2.014125	2.237024
-1.334785	-0.968732	-1.661200	3.898853	1.109202	0.881281	1.113886	-2.414917	-0.861151	1.197359
0.446091	0.708788	-0.283603	5.455896	2.440543	2.357107	2.328358	-1.035293	1.438587	2.246194
2.458060	1.922703	1.459263	6.232695	3.334748	3.669748	3.084533	0.866410	3.360219	4.086314
3.852040	2.571360	2.970711	6.467795	3.717618	4.227152	3.376326	2.388322	4.251624	4.825003
4.261469	2.442117	3.788228	5.974286	3.637057	4.060256	3.638099	2.984404	3.984643	4.250304
3.592392	1.515516	3.853432	4.127344	2.781396	3.109796	3.120216	2.413527	2.578387	2.127679
2.192572	1.368910	3.586302	1.940521	1.600257	1.489623	2.129320	1.007385	0.884562	-1.354424
0.471425	2.045046	3.502276	1.047059	0.919414	-0.356980	1.186096	-0.598714	-0.368264	-4.189198
-1.144709	2.126708	3.396196	0.256469	0.547949	-2.152705	-0.119968	-1.438966	-0.903187	-4.920448
-2.288944	1.745612	3.147583	0.561449	0.206520	-3.220177	-0.977764	-0.992349	-0.882978	-3.614871
-2.804100	1.376326	2.725955	0.219367	-0.197020	-3.883236	-1.723324	-0.574857	-1.352926	-2.550957
-2.805230	0.866954	1.814435	-0.318931	-0.424017	-4.092626	-2.076881	-0.835688	-2.116452	-2.284502
-2.546985	-0.623079	0.262993	-1.494262	-0.633916	-4.349272	-2.326323	-1.676376	-2.972836	-2.808514
-2.249159	-2.604716	-1.763145	-3.153216	-1.206658	-4.840594	-2.596607	-2.815203	-3.775370	-3.105828
-2.024957	-3.192862	-3.584597	-4.567915	-2.019670	-4.522040	-2.745552	-3.903323	-4.301466	-1.121373
-1.905488	-1.589902	-4.134824	-5.158612	-2.799508	-3.496031	-2.704004	-4.432537	-4.310686	0.994492
-1.878422	-0.977441	-3.251062	-4.636497	-3.255755	-2.225232	-0.825258	-4.164142	-3.984188	2.360341
-1.906225	-1.018789	-2.058015	-1.726684	-2.244331	-0.671083	0.839607	-3.329538	-2.007242	2.404466
-1.955504	-0.864041	-1.403746	0.427433	-0.339007	0.476084	0.972291	-1.670196	0.885313	1.372924
-1.998985	-0.411218	-1.270539	0.414551	0.443436	1.044665	-0.070271	0.724397	2.738436	0.753864
-2.027451	-0.027983	-1.398187	-0.881517	-0.035647	1.312009	-1.665891	2.739476	3.569184	1.119017
-2.009201	0.218311	-1.578471	-2.773999	-1.212736	1.405338	-3.086374	3.866075	3.854392	1.830036
-1.165157	0.688313	-1.488505	-2.164978	-2.009938	1.680941	-2.928132	4.263105	3.581746	2.539321
0.787715	0.833685	-0.939905	1.519847	-0.673259	2.248862	-0.916022	3.911084	2.721144	2.664536
2.711007	0.473683	-0.415196	3.305126	1.043604	2.259631	1.334036	2.881473	1.476241	1.928015
3.938095	0.216763	0.276286	3.827515	1.808089	2.046323	3.481451	1.408978	0.257412	1.485405
4.519986	0.150834	1.024993	3.735132	1.996579	2.069443	4.654529	-0.019512	-0.471966	2.509140
4.693892	0.319917	1.533524	3.052509	1.649350	2.210325	5.016903	-0.591962	-0.520817	3.710499
4.659049	0.215540	1.670977	2.092572	0.983670	2.126706	4.660232	-0.186203	-0.368475	3.657465
4.546716	-0.230208	1.155604	1.266810	0.309832	2.002034	3.192043	0.384880	-0.343593	2.381264
4.434179	-0.699849	0.196712	0.948313	-0.133277	1.795493	0.861295	0.692534	-0.408974	0.219773
4.354796	-0.698493	-0.774456	1.160358	-0.286513	1.282441	-1.533311	0.705444	-0.479905	-2.201938
4.315694	0.434358	-1.102378	1.612836	-0.233912	0.662477	-2.715492	0.539510	-0.533007	-3.424822
4.305949	1.252033	-0.731024	2.002781	-0.105494	0.165162	-2.268899	0.320933	-0.566768	-2.709224
4.310297	1.180328	0.066900	2.188660	-0.007754	0.399589	-1.135789	0.149184	-0.576987	-0.200915
4.313832	0.856450	1.152063	2.186884	0.027341	1.397905	-0.209453	0.070255	-0.572952	1.923595
4.313939	0.551477	1.999107	2.078524	0.019993	1.974848	0.245886	0.075558	-0.567160	2.800241
4.312558	0.353413	2.452095	1.939838	-0.003001	1.817927	0.314656	0.128581	-0.557302	2.026355
4.307544	0.185633	2.543188	1.843098	-0.017970	1.276548	0.165807	0.191243	-0.547923	0.208888
4.300225	-0.245140	1.953555	1.795979	-0.023271	0.625123	-0.050435	0.234635	-0.548750	-1.844822
4.291720	-0.691631	0.810770	1.799386	-0.027346	0.085065	-0.219614	0.246801	-0.563573	-2.945078
4.287055	-0.140744	-0.304878	1.863423	-0.021520	-0.192674	-0.276253	0.238913	-0.563705	-2.568856
4.215079	0.874408	-0.737962	1.729880	-0.038150	-0.327012	-0.347176	0.198582	-0.629903	-1.664807
3.594284	1.115912	-0.842732	0.432348	-0.377894	-0.816832	-0.963579	-0.183731	-1.275385	-1.607745
2.316368	1.040014	-1.004326	-1.630250	-1.130902	-1.542199	-1.803673	-1.088046	-2.322750	-1.500222
0.661076	1.192833	-0.853775	-0.451938	-1.449651	-1.768737	-1.276177	-2.190177	-2.479784	-0.666719
-0.977433	1.054094	-0.423867	2.667173	-0.594673	-0.864438	0.242887	-2.577930	-0.283154	0.164937
-2.233848	0.703118	-0.069464	4.487876	0.732850	0.233956	1.456343	-1.811476	1.623321	0.605121
-2.902061	0.417837	0.453329	5.168885	1.729865	0.635293	2.041475	-0.920441	1.854675	0.456613
-2.906343	-0.044626	0.969143	4.645830	1.999181	0.367395	1.798531	-0.582036	1.105529	-0.187957
-2.070345	0.242988	1.089151	2.690141	1.378751	0.048419	2.043320	-0.790064	-0.221134	0.758861
-1.297587	0.542181	1.084609	-1.453117	0.059554	-0.216955	2.206457	-1.463606	-1.728050	2.273753
-1.037391	0.291195	0.495916	-7.769915	-1.556015	-0.656540	1.068039	-2.191194	-1.996244	2.198165
-1.194475	0.288434	-0.413759	-13.395681	-2.976005	-1.836259	-0.932658	-2.737726	-2.074420	0.170369
-1.548039	0.493348	-1.182537	-13.929483	-3.816771	-2.948455	-3.067989	-2.503688	-0.694019	-3.116348
-1.915617	0.476875	-1.674833	-8.365226	-4.026817	-2.645036	-4.422427	-0.454027	1.635583	-5.609809
-2.192432	-0.119451	-2.068762	-3.757568	-3.857319	-0.785234	-4.538245	1.748565	2.873512	-4.734867
-1.871216	-0.749455	-2.464395	-0.923356	-3.431596	1.016245	-3.420821	2.721797	3.260737	-1.855042
-0.188269	-0.618656	-2.329039	1.315853	-2.517114	2.296346	-1.581398	2.905660	3.486432	0.595568
1.904119	0.076450	-0.966182	2.510861	-1.390767	2.721963	-0.211096	2.769415	3.619658	1.442440
3.292864	0.662804	0.904187	2.911126	-0.503115	2.562165	0.426973	2.536733	3.653461	1.105565
3.452686	1.160160	2.254731	3.610814	0.241657	2.154426	1.015888	2.193709	3.678652	0.438681
3.191274	1.858913	3.144745	4.842996	1.263372	2.015755	1.955338	1.945277	3.576586	0.548275
3.080468	2.436197	3.702901	5.641356	2.341800	2.084668	2.674256	2.220868	3.304858	1.147870
2.572904	1.864502	3.511143	5.403228	2.829460	1.686652	2.489940	2.378539	2.422799	0.933841
1.502449	0.531000	2.266144	3.535248	2.263277	0.333362	1.049447	1.687272	0.670587	-0.817722
0.126105	-0.100898	0.452910	-0.934053	0.757270	-2.045516	-1.194120	0.155119	-1.586781	-3.713074
-1.212406	0.200662	-0.962839	-8.347257	-1.204982	-4.866130	-1.796704	-1.819537	-3.546901	-5.480555
-2.221639	1.122940	-1.182339	-14.008717	-3.013887	-6.612280	-1.307684	-2.754177	-3.701926	-4.539310
-2.766684	1.795840	-0.819316	-17.838264	-4.121566	-6.017400	-1.448351	-1.361598	-2.383588	-1.656936
-2.903754	1.912268	-0.488262	-10.724247	-4.358724	-4.113652	-1.996565	0.864029	-1.080141	0.248503
-2.793502	1.343192	-0.571946	-2.632846	-3.387420	-2.604187	-2.173297	2.437447	-0.204441	0.086338
-2.599068	0.328769	-0.781177	1.407495	-1.046782	-1.386578	-1.559277	2.852831	-0.050279	-0.786097
-2.424806	-0.380038	-0.205873	2.932279	1.285989	-0.613529	-0.699451	2.103460	-0.493942	-1.525638
-2.315088	0.228793	1.033205	3.318079	2.774782	-0.013701	-0.068998	0.503022	-1.077554	-0.995378
-2.270203	0.417394	1.651404	3.370292	3.475537	0.303637	0.404238	-1.488635	-1.435956	-0.445754
-2.265399	-0.275119	1.208141	2.751198	3.468124	0.207786	0.418799	-3.196551	-1.183952	-0.512733
-2.280403	-0.561415	0.199759	2.478649	2.736561	0.119014	0.470522	-3.508053	0.574062	-0.782266
-2.299066	-0.064567	-0.241530	3.646972	2.434232	0.835933	1.487660	-2.109450	2.213010	0.176178
-2.314436	-0.044242	-0.309352	4.485433	2.452773	1.385632	2.041508	-0.656694	2.300116	0.871818
-2.326014	-0.564887	-0.498104	4.404147	2.629706	1.435677	1.800480	-0.084372	1.479767	0.703122
-2.335192	-1.320215	-0.978167	3.583172	2.929472	1.045054	1.003820	-0.372151	0.222093	-0.188371
-2.338557	-1.944477	-1.563225	2.325566	3.198210	0.482062	0.095039	-1.181534	-0.995405	-1.224032
-2.335731	-2.067302	-2.016114	1.134033	3.351178	-0.040483	-0.535260	-2.130461	-1.817788	-1.860170
-2.339896	-0.550766	-1.884014	0.609365	3.392108	-0.240466	-0.724798	-2.783586	-1.497180	-1.791553
-2.348321	1.364960	-0.888825	0.545275	3.266073	0.148140	-0.725872	-2.063244	0.740204	-1.134480
-2.355062	2.292102	0.779180	-0.469658	2.441029	0.187715	-1.148845	-0.112968	2.413084	-1.139280
-2.360104	2.524471	2.238648	-2.251998	0.819670	-0.282817	-0.586460	1.209559	2.642293	-1.355026
-2.363411	2.515964	3.034893	-2.434457	-0.543755	-0.340247	-0.038948	1.275951	1.673155	-1.228621
-2.363845	2.786867	3.401246	-0.265821	-0.041910	0.721928	0.215111	0.762357	0.632228	-0.368579
-2.354321	3.138380	3.499741	1.770217	1.571176	1.910213	0.239928	0.917760	0.716379	0.603392
-2.342228	3.149429	3.089289	2.717328	2.860097	2.652989	0.088628	1.873522	1.652527	1.195207
-2.333285	2.666491	2.120438	2.176523	3.037715	2.686446	-0.566971	2.312651	1.837397	0.797491
-2.320294	2.240567	0.958652	1.320607	2.515167	2.561489	-1.071924	1.984788	1.835713	0.164029
-2.137853	2.183257	0.236463	1.954650	2.198706	2.459177	-0.503174	1.016415	1.305457	0.076591
-0.847446	2.450338	0.485199	3.333018	2.148576	2.493242	0.627638	-0.004213	0.879800	0.675892
0.808269	2.252566	0.716218	3.170291	1.760984	1.885098	0.672435	-0.681285	0.134596	0.215830
1.398883	1.689612	0.365335	1.373986	0.683014	0.234381	-0.341444	-1.342347	-1.178375	-1.737496
0.993272	1.126927	-0.344338	-2.030586	-0.876651	-2.527947	-1.835693	-2.158229	-2.649481	-4.520115
0.045815	0.770162	-0.907344	-6.384149	-2.442207	-5.845609	-1.928587	-2.991029	-3.776186	-6.076850
-1.043946	0.604139	-0.689516	-9.475726	-3.539359	-7.577523	0.645100	-3.005072	-3.725290	-3.640910
-1.692944	0.801495	0.147764	-7.910437	-3.866103	-6.119791	2.929321	-1.788305	-2.737680	-0.390173
-0.729971	0.849013	0.978665	-1.590079	-2.992538	-2.341882	4.287353	-0.165286	-1.135094	1.709597
1.271760	1.459182	1.709396	2.221812	-1.333273	0.811224	4.867155	1.795879	1.696049	2.781513
2.969219	1.543064	2.126466	3.448218	-0.076212	2.246542	4.927668	3.317505	3.141046	3.493202
3.941704	1.107494	2.130929	3.546936	0.461616	2.764263	4.721837	3.664655	2.884462	4.046183
4.352737	0.710938	2.069513	3.042515	0.486571	2.894883	4.430819	3.087182	1.895513	4.285153
4.434503	0.698051	2.518099	2.248113	0.278063	3.066415	4.092427	1.955589	0.723540	4.375245
4.353668	0.661586	2.930141	1.493299	0.046489	3.156485	2.957201	0.684008	-0.216119	4.061516
4.095697	0.284223	2.813415	0.815361	-0.171321	3.074112	0.951390	-0.349361	-0.853502	3.378786
3.862144	-0.250501	1.943211	0.790128	-0.309136	2.982184	-1.128542	-0.825253	-1.009870	2.800366
3.795323	-0.421886	0.654902	1.532240	-0.161391	3.021091	-2.118821	-0.515372	-0.083272	2.596043
3.857415	-0.104700	-0.372188	3.150240	0.993294	3.154241	-1.107813	0.343396	0.976673	2.286364
3.964001	0.304219	-0.676252	4.422853	2.689411	3.079817	0.571401	1.108736	1.414958	1.675619
4.057038	0.721790	0.206428	4.810849	3.779318	2.791239	1.532832	1.496752	1.389047	0.930418
4.114438	0.786084	1.452881	4.242178	3.691946	2.217772	1.464324	1.477630	0.939404	0.808855
3.906495	1.269412	2.312860	2.542609	2.626854	1.464573	0.584715	1.273545	0.363198	1.456307
3.012358	2.301376	2.755274	0.609260	0.978719	0.685713	-0.363395	1.455856	0.270436	2.089550
1.542833	2.647163	2.649682	0.399277	-0.190705	0.492299	-0.486163	2.154765	0.821046	2.681419
-0.075280	1.762809	1.721641	-0.225012	-0.849658	0.253892	-0.939345	2.714111	0.801727	2.577413
-1.085747	0.127455	0.144350	-1.054027	-1.312966	-0.107063	-1.518494	2.455903	0.000248	2.069023
-1.600357	-1.278768	-0.959930	-1.773879	-1.453896	-0.453648	-1.809726	1.304764	-0.926557	1.541160
-1.503017	-1.738192	-0.619423	-1.801310	-1.409058	-0.624698	-0.793806	-0.289574	-1.255549	0.916948
-0.777998	-2.267407	-0.379726	-1.451158	-1.386805	-1.189910	-0.409665	-1.752803	-1.601308	-0.787849
-0.041537	-2.212219	-0.106303	-1.069612	-1.552886	-2.193646	-0.702292	-2.772335	-2.049010	-3.243903
0.436447	-2.147968	0.260402	-1.030428	-1.780895	-3.255295	-1.343981	-3.046356	-2.365858	-5.214880
0.284158	-1.896877	-0.098560	-1.796238	-2.156362	-3.544344	-2.123240	-2.132928	-2.107031	-5.487386
-0.331418	-1.673882	-0.659819	-2.972915	-2.622174	-2.323110	-0.833045	-0.399327	-1.596429	-2.754412
-0.757124	-1.381666	-0.434453	-3.050771	-2.920127	-0.490567	1.883265	0.583084	-1.575571	1.463510
-0.000582	-0.288062	1.035859	0.032901	-2.393144	1.002509	3.245782	0.812028	-1.184812	3.614213
0.790908	0.606597	2.357527	3.394366	-0.836032	1.741069	3.302435	0.585128	-0.159166	4.079114
0.794762	1.464851	3.102744	4.947172	0.815317	2.182490	2.731934	0.504929	1.888827	3.904450
0.476510	2.528919	3.562959	5.644065	1.942662	2.642748	2.104724	1.645186	3.824773	3.657950
0.862426	3.172560	3.713273	5.981384	2.688375	3.131134	1.940683	3.535212	4.870708	3.705178
1.205723	2.964715	3.314328	5.450359	2.914652	3.092679	1.538181	4.705216	4.721204	3.465511
0.898274	2.372694	2.611907	3.200801	2.204530	2.523870	0.159849	4.917475	3.764870	2.651489
0.095990	2.319932	2.171165	-2.037016	0.628733	1.908421	-1.813108	4.492107	2.288557	1.855568
-0.873665	2.187590	1.617678	-9.627148	-1.344940	1.617747	-3.582709	3.760858	1.202917	1.631192
-1.100037	1.971422	0.802984	-15.480639	-2.904868	2.026746	-3.781124	3.371811	1.924833	2.277841
0.224456	1.821402	0.140275	-6.959685	-2.937094	2.273198	-2.245494	3.610953	2.651884	2.517954
1.767629	1.330007	-0.257747	1.323149	-1.167705	2.087802	-0.524533	3.881519	2.659545	1.639310
2.162792	-0.173741	-0.968250	2.791743	0.342844	1.015327	-0.176886	3.346703	1.564638	-0.755254
1.551154	-2.089467	-2.049997	1.933722	0.461113	-1.136854	-0.839799	1.811022	-0.309568	-4.476948
0.392351	-3.204676	-2.203317	-0.432763	-0.457398	-4.266626	-1.932662	-0.463651	-2.379120	-7.976766
-0.892865	-3.570031	-1.338547	-3.948153	-1.811902	-7.657121	-2.946709	-2.967111	-3.998305	-8.893385
-1.959509	-4.119490	-1.187685	-7.290367	-3.039574	-9.348954	-3.496559	-5.149793	-4.781901	-4.730459
-2.610241	-4.673872	-1.940528	-8.411937	-3.763307	-7.685237	-3.516370	-6.140414	-4.817118	-0.102721
-2.840151	-4.229759	-3.020708	-6.776639	-3.928504	-5.510151	-3.218565	-5.764984	-4.490279	0.927838
-2.703389	-1.870478	-3.493047	-4.086311	-3.708124	-4.707425	-2.793759	-4.726491	-4.076468	-0.412201
-1.470512	0.130302	-2.833126	-0.469829	-2.873260	-3.198609	-1.778326	-3.321850	-3.000782	-1.125261
0.740836	0.528686	-1.871119	1.969172	-1.646414	-0.707273	-0.680009	-1.604027	-1.102050	0.644657
2.674777	0.557677	-1.222563	2.978033	-0.610533	1.223749	-0.014087	0.256632	1.487670	2.542236
3.470267	0.014366	-1.058784	2.900092	0.100769	1.955161	0.048235	1.553253	2.526847	3.251571
3.021589	-0.637251	-1.256110	2.920675	1.009616	2.005023	0.164465	1.695691	2.093427	3.249044
1.769217	-0.751126	-1.265371	3.584241	1.818908	1.808365	0.720399	0.958396	1.290168	3.041081
0.163746	-1.083644	-1.115041	3.406505	2.037523	1.369673	1.342296	-0.259853	0.258970	2.740727
-1.362571	-1.845637	-0.889459	1.603023	1.287492	0.639892	2.369590	-1.710044	-1.209359	2.639151
-2.460115	-2.634310	-0.674515	-1.854699	-0.197320	-0.166075	2.942143	-3.097194	-2.711134	2.638540
-2.980114	-3.594859	-1.053867	-6.421450	-1.914850	-1.419457	2.019405	-4.092593	-3.821896	1.380733
-3.017784	-4.467723	-2.078778	-9.873723	-3.325133	-3.391760	-0.060811	-4.507756	-4.353330	-1.705947
-2.803100	-5.039691	-3.336047	-9.545474	-4.047534	-5.686777	-2.677346	-4.424864	-4.407494	-5.953564
-2.535674	-5.279929	-4.435276	-6.162940	-4.098562	-6.236242	-4.729159	-4.104782	-4.225027	-7.839579
-2.322897	-3.153527	-4.578685	-0.394062	-3.255121	-2.552049	-3.938335	-3.667883	-3.354622	-1.824463
-2.199732	0.292593	-2.790245	3.665321	-1.307135	1.046278	-0.921830	-3.007058	-1.727112	2.804063
-2.160106	1.456299	-0.701023	5.114762	0.681187	2.382505	1.191463	-2.244101	-0.424632	3.609100
-2.168493	0.790039	0.170447	4.638558	1.508496	2.498845	2.270293	-1.750775	-0.286807	2.814838
-1.949008	-0.399886	0.224012	2.664363	1.019718	1.841315	2.790512	-1.716873	-0.967430	1.091842
-0.541308	-1.066474	-0.209083	0.101304	0.013921	1.042362	2.197153	-1.590097	-1.227432	-0.128537
1.535903	-0.896421	-0.769749	-1.444088	-0.714905	0.936544	0.964202	-0.802443	0.051450	0.068957
3.185175	-0.287349	-1.121752	-0.839326	-0.871817	1.700045	-0.383314	0.643988	2.165074	0.698652
4.115242	1.005833	-1.031092	0.828511	-0.621423	2.291586	-1.265492	2.192780	3.558513	1.000480
4.508206	1.952355	-0.419331	2.119887	-0.268554	2.257805	-1.396707	3.565085	3.873482	0.593695
4.507087	1.626392	-0.115194	2.500151	-0.056291	1.698929	-1.153744	4.222711	3.262766	-0.399600
3.814159	0.257208	-0.650557	1.378999	-0.326272	0.361610	-1.410380	3.788824	2.064549	-2.219018
2.428301	-1.026434	-1.478675	-1.117877	-1.130548	-1.274571	-2.078127	2.539598	1.600796	-3.571911
0.660079	-1.551351	-1.639444	-4.491059	-2.166192	-2.295256	-2.774975	0.986927	1.480483	-2.055099
-1.067728	-2.235648	-1.899883	-7.286148	-3.065800	-3.350144	-3.223592	-0.532278	0.551909	-1.310076
-2.359220	-3.153926	-2.597125	-7.032097	-3.533389	-4.718417	-3.152124	-1.991261	-0.936573	-2.112456
-2.998776	-2.657438	-2.951009	-0.588166	-2.803375	-4.796256	-1.518639	-3.048835	-1.678123	-2.523889
-3.062546	-1.324929	-2.389380	3.539024	-0.978081	-2.790276	0.328239	-3.013688	-0.319824	-1.572492
-2.694947	-1.146909	-1.849722	4.166653	0.306358	-1.245180	0.717386	-2.037948	0.733134	-1.029060
-1.205025	-0.342502	-1.390145	4.729421	0.957068	0.586108	1.160663	-0.856251	1.159837	0.078357
1.085768	0.700195	-0.475219	5.298322	1.732606	2.241838	1.858281	0.361524	1.647176	1.666384
2.974367	0.738833	0.048732	4.898087	2.134374	2.849972	1.708240	1.221898	1.599919	2.097061
4.054277	0.298804	-0.114258	3.667237	1.855106	2.893290	0.899531	1.534195	1.112304	1.573116
4.189772	-0.410381	-0.656679	1.819786	1.507099	2.700002	-0.094428	1.294973	0.400446	0.676307
3.345064	-1.701049	-1.564941	-1.323674	1.068736	2.112842	-1.428133	0.417802	-0.729668	-0.708840
1.839229	-3.213680	-2.776508	-5.623526	0.086546	1.162944	-2.833506	-0.968446	-2.085892	-2.326479
0.074168	-4.432100	-3.975814	-9.192650	-1.289749	0.114817	-3.776270	-2.520364	-3.248637	-3.400197
-1.518463	-5.040313	-4.866794	-9.484487	-2.652037	-0.665064	-3.995271	-3.793016	-3.905311	-3.459350
-2.587337	-4.438576	-5.119240	-5.113683	-3.022596	-0.524809	-3.258970	-4.146524	-3.411090	-2.361946
-3.008717	-2.654150	-3.822872	0.129875	-1.223435	0.697598	-1.737026	-3.337248	-1.454243	-0.469131
-2.923761	-1.490383	-1.600510	2.618970	1.199397	1.262704	-0.516028	-2.230202	-0.424964	0.364155
-2.098126	-0.421530	0.146672	3.829140	2.856846	1.372436	0.350878	-1.351669	0.186561	0.423792
-0.192398	0.606895	1.132692	4.442958	3.750178	1.854524	1.000613	-0.146563	1.941650	0.797156
1.125025	0.355347	0.960916	3.579717	3.653378	2.007087	0.561510	1.037495	3.076858	0.597652
1.490630	-0.623016	-0.146304	1.356854	2.408997	1.614576	-0.639237	1.473155	2.786979	-0.487470
1.993792	-1.103805	-1.398873	-0.756946	0.613691	1.493881	-1.471940	1.278719	1.815087	-0.992499
2.783506	-1.230552	-2.200766	-1.421044	-0.896288	1.634049	-1.641787	0.851704	0.722922	-0.637278
2.967671	-2.030603	-2.790078	-1.951695	-1.847930	1.285268	-1.928616	0.167569	-0.628685	-0.795904
2.283194	-2.509386	-3.299637	-1.084380	-2.244501	0.289804	-1.851144	-0.858501	-1.813389	-0.900413
1.046942	-0.481173	-2.685670	2.147789	-1.442408	-0.346812	-0.535707	-1.838626	-1.732391	0.286363
-0.353581	1.510869	-0.802061	3.978516	-0.004521	-0.584111	1.496036	-2.366359	-0.981447	1.053339
-1.555651	1.673625	1.060508	3.580255	0.648890	-0.780017	1.941781	-2.533692	-0.956801	1.220150
-2.315881	0.616048	1.723670	1.473874	0.146967	-0.312489	0.791752	-2.678824	-1.661842	1.591701
-2.597511	-1.169711	1.058230	-2.548536	-1.093585	0.461326	-1.067364	-2.928789	-2.593650	2.070543
-2.543117	-2.842084	-0.235717	-7.806765	-2.519366	1.135725	-1.593756	-3.239247	-3.345136	2.659316
-2.311985	-3.253982	-1.712249	-11.463265	-3.622133	1.106669	-2.046385	-3.088135	-2.207390	1.957372
-1.282372	0.043606	-2.251063	-7.506686	-3.849293	0.841102	-2.140798	-0.881966	0.904559	0.171929
0.706188	2.403476	-1.153751	-0.814354	-2.971065	0.640949	-1.288793	2.095231	2.470925	-1.538633
1.981138	2.822912	-0.024858	1.357893	-1.988990	0.068653	-0.944350	3.683481	2.337941	-2.895694
1.995764	2.783401	0.428514	2.741243	-1.219087	-0.014509	-0.506173	3.591840	1.403822	-2.552417
1.189828	2.334955	0.597352	3.998205	-0.197726	0.464427	0.347397	2.377918	0.601874	-0.720716
0.032003	1.473291	0.417466	4.677382	0.833154	0.553190	1.047907	0.509086	0.187750	0.346922
-1.010012	0.876969	0.161392	4.941763	1.557486	0.510734	1.447963	-1.365459	0.636155	0.655657
-1.473066	0.962586	0.739853	4.914965	1.966225	0.629076	1.593725	-2.114731	1.621964	0.672050
-1.532989	0.972110	1.681037	4.199178	2.023294	0.378683	1.153793	-1.861350	1.590963	0.042409
-0.609029	1.932881	2.480295	3.336160	2.193256	0.448854	0.603807	-1.130258	1.212577	-0.409829
0.719518	2.454865	2.589082	1.728209	2.222672	0.338213	-0.304813	-0.059829	0.832416	-0.947656
1.192312	2.163938	1.936765	-0.620496	1.831597	-0.095207	-1.435262	1.290925	0.696630	-1.729221
0.827795	1.391500	1.282511	-3.961385	0.790898	-0.820425	-2.728733	2.345939	0.411141	-2.680581
0.010675	0.067568	0.821764	-7.153098	-0.799028	-1.976739	-3.370118	2.350962	-0.543686	-3.616292
-0.819457	-0.863447	0.759243	-6.503475	-2.076968	-1.538070	-0.682482	1.304198	-1.630484	-1.762559
-1.162872	-0.973771	0.946349	-1.104575	-1.202772	0.648066	2.499145	-0.267973	-1.884617	1.533763
-1.272804	-0.838880	1.079572	2.110190	0.878826	2.106037	4.003310	-1.840264	-1.411253	3.134479
-1.383873	-0.304679	1.233180	3.549283	2.545401	2.859956	4.569405	-2.603146	0.177733	3.650462
-1.538174	-0.061166	1.304449	3.706326	3.331218	2.857109	4.537021	-2.466948	0.717602	3.282164
-1.701588	0.312248	1.309892	2.540802	3.141420	2.148659	4.037231	-2.137403	0.170879	2.079967
-1.839684	0.044698	1.428159	-0.033745	1.931041	0.726042	3.306676	-2.110437	-1.004978	0.324656
-1.927643	-0.174263	1.878850	-2.387502	0.699377	-0.570691	2.112608	-2.360508	-1.935262	-1.018666
-1.713545	-0.424679	2.056083	-3.281629	-0.091846	-1.095248	0.020174	-2.636116	-2.366980	-1.926921
-0.377032	0.174130	2.232032	0.016165	0.376210	-0.379325	-1.480341	-2.297561	-1.526307	-1.348433
0.889168	0.042991	2.261962	1.438506	1.037415	-0.250795	-2.259686	-1.617036	-1.003087	-1.035492
1.489171	-0.353129	2.099310	1.253056	0.779003	-0.945601	-2.352143	-1.231079	-1.156587	-1.530235
1.373667	-0.698816	1.740641	1.076132	-0.083306	-2.045277	-1.967198	-1.293502	-1.443743	-2.394409
0.684703	-0.940742	0.915762	0.939967	-0.794747	-2.911488	-1.428226	-1.659023	-1.536253	-2.796723
-0.245474	-1.244515	-0.407612	-0.476656	-1.533801	-3.824980	-1.754991	-2.237827	-2.016941	-2.475153
-0.926848	-1.324058	-1.509749	-2.447980	-2.324427	-4.098103	-2.398930	-2.505554	-2.205615	-1.430074
-1.286191	-0.536206	-1.065043	-4.545850	-3.014950	-4.143782	-3.103852	-1.300060	-1.461387	-1.632878
-1.492725	0.156657	0.178224	-5.970685	-3.539597	-4.084835	-2.636401	0.754497	-0.504451	-2.314365
-1.626571	0.761834	1.001716	-5.821460	-3.771249	-3.239580	0.091392	2.399883	0.173996	-1.485649
-1.711519	2.074141	1.601682	-2.541241	-2.648715	-1.481548	2.496342	3.296931	0.780018	0.468547
-1.762852	2.978178	2.153428	0.792708	-0.300425	0.216861	3.719287	3.648754	1.328214	1.984371
-1.795195	2.865251	2.376538	2.413403	1.688617	1.160801	4.127524	3.624900	1.576008	2.578029
-1.815845	1.949886	2.110285	2.900219	2.732875	1.437317	4.051110	2.962171	1.148997	2.489162
-1.824363	1.023475	1.425140	2.737280	3.064201	1.308918	3.077612	1.816998	0.680228	1.615947
-1.823808	0.604009	0.456074	2.210167	3.016417	0.982443	1.111962	1.176528	0.773559	0.030556
-1.815076	0.561281	-0.475406	1.592511	2.834336	0.643483	-1.332174	1.524856	1.162082	-1.512210
-1.798138	0.788304	-1.062401	1.556647	2.706514	0.473201	-2.915961	2.383430	1.592019	-2.017049
-1.780779	1.184590	-1.018251	2.541246	2.806467	0.674248	-2.323459	3.167306	2.057771	-1.012631
-1.770976	1.084973	-0.656448	3.619975	2.741472	0.868637	-0.307464	3.333673	2.063146	0.280823
-1.686383	0.886672	-0.007736	4.312718	2.356123	0.913703	2.197394	2.617821	1.649933	1.506453
-0.643707	1.509997	0.739644	4.951471	2.004923	1.306127	3.424134	1.719778	1.830478	2.397947
1.294612	2.361841	1.680255	5.173851	1.963820	2.163774	4.210689	1.970104	2.635922	3.810983
2.430110	2.104580	2.062887	3.951643	1.572443	2.344286	4.127762	2.834606	2.645081	4.300105
2.331790	0.903912	1.667275	0.711112	0.427739	1.788359	3.519355	2.984846	1.558002	3.762091
1.546813	-0.486363	0.964850	-5.140764	-1.063003	0.782763	2.515650	2.062403	-0.133990	2.144890
1.252763	-0.902110	0.693131	-9.653776	-2.265200	-0.218654	0.649476	0.527159	-1.338303	-0.600207
1.298089	-1.409581	0.634536	-9.213084	-2.868664	-1.627086	-1.881096	-1.127379	-2.116375	-4.238729
1.558595	-1.308808	0.351339	-4.262926	-2.993733	-2.582694	-1.825588	-2.467214	-2.317243	-5.020484
2.449753	0.091489	0.180149	0.228693	-2.525428	-2.068875	-0.702314	-2.628316	-1.617930	-2.236564
3.292046	0.399079	-0.192724	2.530862	-1.683403	-0.939319	-0.164029	-1.750542	-0.727075	0.559053
3.206505	0.544100	-0.610497	3.897822	-0.558830	0.270230	0.287957	-0.636657	0.235504	2.599007
2.297265	0.996866	-0.576325	4.856532	1.055368	1.309022	0.919764	0.633063	1.371589	3.197017
0.954137	0.646192	-0.486934	4.658464	2.349078	1.638846	0.857091	1.296959	1.637153	2.799667
-0.429922	-0.695607	-1.138846	2.758675	2.163722	0.840949	-0.484069	1.139078	0.812607	0.827779
-1.281867	-2.249976	-2.374418	-1.297326	0.768031	-0.853766	-2.423323	0.206148	-0.551803	-2.817423
