X1	X2	X3	X4	X5	X6	X7	X8	X9	X10
-1.623159	-5.978974	-6.131059	-2.709767	-1.416878	-5.728424	-2.034561	-4.835246	-4.620299	-5.411032
-1.620817	-5.347346	-5.799204	-2.730239	-1.444034	-4.724885	-2.039376	-3.885248	-4.283633	-4.981873
-1.619025	-5.508497	-5.566904	-2.752534	-1.467207	-3.187528	-2.042884	-3.801571	-4.099261	-4.104620
-1.509556	-5.904205	-5.614725	-2.743703	-1.479913	-2.777257	-2.042900	-4.244688	-4.152509	-3.639682
0.360738	-3.808293	-5.236547	-2.087721	-1.265308	-2.627157	-1.809374	-3.480553	-3.773665	-3.352564
2.196540	-1.567841	-3.619607	-0.571012	-0.719401	-1.178033	-1.138742	-1.332056	-2.123254	-2.259438
3.193572	-0.233892	-1.946932	0.644735	-0.264954	0.643594	-0.499002	0.472345	0.128491	-0.724345
3.520222	0.842271	-0.687578	1.378043	0.052500	1.883068	-0.060972	1.959174	1.693829	0.615318
2.762662	1.495742	0.075397	1.122616	-0.050621	2.389143	-0.150830	3.237305	3.003363	1.304093
2.397960	2.308324	0.991604	0.537590	-0.276496	2.676052	-0.545219	4.112309	3.955397	1.595256
1.462518	2.932840	2.274248	-0.257643	-0.555131	2.696517	-1.026011	4.314608	4.369230	1.643837
1.429828	3.154187	3.153946	-0.930576	-0.792623	2.366601	-1.431893	4.099635	4.183557	1.510740
2.446611	3.113188	3.544141	-0.552795	-0.640209	2.313320	-1.281410	3.784887	3.581981	1.992370
2.199556	2.572262	3.352859	0.088772	-0.435176	2.042289	-0.871491	3.167289	2.621967	2.400013
1.564768	2.197153	2.629879	1.460308	0.088445	1.463435	-0.140819	2.758945	1.834587	2.167780
2.241698	2.758120	2.310781	3.548468	1.149598	1.790736	1.130607	3.199381	2.007435	2.039713
2.149948	3.062613	2.776297	4.857203	2.048511	2.532394	2.247574	3.511768	2.559763	2.237509
1.164239	2.664869	2.823572	4.913429	2.206515	2.574825	2.518116	3.329822	2.678098	2.189762
-0.054999	1.146717	1.851920	3.630704	1.465646	1.754897	1.654174	2.307336	2.019000	1.848308
-1.049722	-2.331558	-0.398316	1.249991	0.271534	0.106117	-0.049769	-0.105923	0.449982	1.399189
-1.599199	-5.503211	-3.607861	-1.662965	-0.864493	-2.184209	-1.921112	-2.024486	-1.415494	0.549307
-1.771513	-2.954503	-4.912825	-4.214006	-1.652076	-4.061976	-2.529509	-1.095378	-2.363192	-0.654499
-1.718163	-0.262863	-1.272587	-5.500367	-2.035042	-4.207800	-0.697897	0.005982	-2.361074	-1.392062
-0.782753	1.052065	1.857832	-4.755299	-1.664038	-2.887040	1.759409	-0.294009	-2.281735	-1.235427
-0.212007	1.516782	3.096781	-1.954184	0.524745	-0.582216	3.226148	-1.169749	-1.996464	-0.144233
0.813034	1.670920	3.300325	0.597574	2.276823	1.042332	3.201425	-1.157720	-1.429261	0.806963
0.815981	1.436831	3.015682	1.267495	2.233837	1.283080	1.912228	-0.089953	-0.686046	0.963741
0.169516	1.064448	2.429068	0.595296	1.183942	0.930434	-0.213641	0.512583	0.498561	0.845645
-0.593817	1.060786	2.052082	0.530895	0.333697	0.557234	-1.857794	0.412370	1.420339	0.671493
-1.182313	0.936082	1.993806	1.278810	0.073745	0.054301	-1.787544	-0.281569	1.405733	0.363729
-1.497370	0.809058	1.892687	1.090678	-0.325369	-0.966808	-1.228400	0.039526	0.799222	-0.446325
-1.587509	0.283782	1.236941	-0.030985	-0.936604	-2.217041	-1.109864	1.050728	0.123819	-1.679937
-1.561309	-0.705906	-0.101137	-1.197821	-1.392101	-3.152728	-1.300013	1.234326	-0.456213	-2.901665
-1.490471	-2.173283	-1.672913	-1.692914	-1.499734	-3.462058	-0.831525	-0.039537	-1.261126	-3.385670
-1.435204	-1.884783	-2.169227	-1.248012	-1.302145	-3.029126	0.914512	-1.963018	-2.079431	-2.563185
-1.393958	-0.378108	-0.931728	-0.554672	-1.056458	-2.159010	2.668289	-3.888942	-2.716608	-1.044778
-1.369944	-0.388877	0.142244	-0.683098	-1.169835	-1.933421	3.405711	-5.370882	-3.456157	-0.139950
-1.383076	-1.936409	-0.240127	-1.446804	-1.510844	-2.463043	2.826500	-5.997260	-4.189258	-0.297835
-1.394427	-3.504288	-1.786996	-2.417005	-1.869884	-2.263924	1.060113	-4.663557	-4.498391	-0.990921
-1.384668	-3.950604	-3.401415	-3.210826	-2.117241	-0.598736	-1.142224	-1.951188	-3.851226	-1.119157
-1.380325	-3.112584	-3.654565	-3.146884	-1.380794	1.218598	-1.524693	-1.327350	-3.195509	-0.113099
-1.380501	-1.142932	-2.419028	-1.743416	0.605981	2.625785	-0.170811	0.032669	-1.857209	1.348993
-1.380878	0.299262	-1.169028	-0.845709	1.280520	3.355703	0.522957	2.312007	0.748612	2.263436
-0.355434	0.877624	-0.529760	-0.761321	0.761211	3.622187	0.145361	3.382073	2.743536	2.578191
2.061499	1.293346	-0.168435	-0.245750	0.109365	3.852758	-0.478289	3.654229	3.757285	2.766225
3.177561	1.717605	0.457245	1.527736	0.130833	4.161666	-0.312182	3.605379	4.302493	3.135632
2.564706	1.729884	0.954091	3.185894	0.686619	4.273702	0.565181	3.136036	4.467514	3.454168
1.263748	1.743346	1.079691	3.691159	1.837217	4.130882	1.172464	3.139969	4.448600	3.488361
-0.103986	1.595475	0.939637	3.162403	2.680287	3.674499	1.052221	3.204437	4.303978	3.164252
-1.116535	0.764533	0.314167	1.589396	2.173164	2.294160	0.124536	1.987287	3.441898	2.125386
-1.622555	-0.656967	-1.047156	-0.703091	0.837875	-0.029037	-1.271526	0.508877	1.746595	0.284733
-0.341691	-0.873184	-2.326986	-2.732865	-0.576835	-1.288422	-2.448245	0.838876	0.046687	-1.318579
2.209305	-0.048224	-2.184621	-2.708749	-1.298528	-0.190441	-2.503593	2.277330	-0.418213	-1.365491
3.616041	-0.009155	-1.426062	-1.046693	-1.295768	1.130988	-1.582742	2.432475	-0.208135	-0.424485
3.197646	-1.231496	-1.465478	0.041184	-1.207006	1.117017	-0.807806	1.113924	-0.476816	0.008438
1.886951	-1.515840	-1.827483	0.964457	-0.916436	0.071761	-0.147743	-0.762868	-0.918222	-0.299654
0.356338	-0.650252	-1.072331	2.054044	-0.321540	-0.660884	0.935503	-0.950695	-0.615675	-0.354429
-0.880565	-0.651801	-0.091385	1.938527	-0.278348	-1.493891	1.162120	-1.505642	-0.699246	-0.615309
-1.557722	-1.048131	0.555183	0.666129	-0.823017	-3.052564	0.294470	-2.827085	-1.587466	-1.651697
-1.323853	-1.062130	0.975506	-1.112960	-1.515489	-4.766438	-0.931694	-3.962849	-2.778364	-3.135111
-1.089758	-0.729575	1.532710	-2.790764	-2.067142	-4.687716	-0.795513	-4.653177	-3.856109	-3.569627
-1.063064	-0.387465	2.008964	-3.953305	-2.420939	-3.195918	0.713693	-5.001764	-4.661594	-2.524865
-1.127848	-0.203635	2.266297	-4.380561	-2.596981	-1.253004	2.171904	-5.058507	-5.092347	-0.880313
-1.176323	-0.445688	2.165612	-4.218730	-2.654737	-0.361335	2.585215	-4.911044	-5.187728	0.096102
-0.819152	0.102077	1.860918	-3.282010	-2.469496	-0.717430	1.757842	-2.577714	-4.312232	-0.104646
-0.747473	0.701684	1.679036	-2.379657	-2.264468	-1.515693	0.081359	0.589350	-2.491161	-1.005368
-0.906059	1.118626	1.596378	-2.170364	-2.269079	-2.461964	-1.920731	2.174183	-1.000469	-2.276198
-1.095720	1.892260	1.794057	-2.475813	-2.400396	-3.187341	-3.499313	2.703793	-0.195891	-3.488004
-1.234061	2.508570	2.278207	-2.979122	-2.553431	-3.137356	-4.057014	2.866878	0.531681	-4.101276
-1.310860	2.527847	2.394547	-3.407773	-2.648145	-1.884964	-3.682092	2.455315	1.597549	-3.598909
-1.332136	2.099569	1.807867	-3.610772	-2.679172	-0.650761	-2.984766	1.445111	2.215487	-2.558277
-1.318448	1.182338	0.713293	-2.452669	-2.288186	-0.366264	-2.048474	-0.283473	1.880817	-1.817008
-1.287935	0.539325	-0.381538	0.418913	-1.189307	-0.362489	-0.613546	-1.824260	1.173066	-1.152110
-1.269952	0.972087	-0.489666	2.732784	-0.063065	-0.293393	0.722854	-2.522877	0.475212	-0.502000
-1.255446	1.628646	0.265099	3.844352	0.665355	-0.161039	1.509011	-2.347055	0.016170	-0.017794
-1.250272	2.194170	1.114525	4.306985	1.434364	0.162197	1.823644	-1.720361	-0.062758	0.326549
-0.704756	2.499896	1.803444	4.773430	2.974930	1.257140	2.107051	-0.632228	0.467179	0.997353
0.862493	2.829596	2.312512	5.347697	4.399330	2.721908	2.588604	0.874532	1.498384	2.075394
1.432258	2.920499	2.565530	5.543481	5.088168	3.433158	2.914423	1.350438	2.111563	2.842131
2.739744	2.882151	2.489251	5.203908	5.164948	3.529538	2.727189	1.547501	2.191094	3.042446
3.689081	2.715177	2.243368	4.520715	4.857473	3.348442	2.140577	1.585354	1.986371	2.926427
3.142236	2.396653	1.774358	3.580594	3.871342	2.675830	1.328374	0.888360	1.462749	2.636042
1.787933	1.911147	1.482081	2.950268	2.555079	1.587151	1.320629	-0.032296	1.033841	2.199093
0.271792	1.420914	1.435698	2.839149	1.382077	0.533502	2.501681	-0.204067	0.782864	1.825768
-0.907733	0.502258	1.326924	2.524161	0.379627	0.058198	3.567350	-0.109705	0.752516	1.611463
-1.521210	-0.458094	0.665898	1.528450	-0.621144	0.802752	3.513610	0.386137	1.377273	1.538033
-1.678297	-1.188876	-0.359644	0.508004	-1.255258	2.165906	2.341532	1.060365	2.345480	1.676720
-1.609399	-1.572919	-1.274142	-0.868551	-1.811474	2.535324	0.212732	1.276033	2.873470	1.478160
-1.479554	-2.923150	-2.367570	-2.381508	-2.310877	1.665521	-2.283876	0.491741	2.520781	0.549207
-1.360750	-5.183269	-4.054361	-3.614127	-2.676168	-0.683215	-4.227758	-1.397064	1.093439	-1.270064
-1.289301	-6.862734	-5.931595	-4.099362	-2.829720	-4.200558	-4.724268	-3.638171	-1.094945	-3.673267
-1.249394	-4.354756	-6.165124	-2.179113	-2.237604	-7.210813	-3.212495	-4.428521	-2.782634	-5.424685
-1.236033	-1.797521	-3.949944	1.027569	-1.032035	-5.782763	-0.761221	-3.352783	-2.744304	-4.542018
-1.243760	-0.004115	-1.518574	3.116529	0.019790	-1.605090	1.077089	-1.134717	-0.802984	-1.662991
-1.236847	1.119723	0.303816	3.986933	0.631798	1.591373	2.241314	1.184792	1.897736	1.143503
-1.223050	1.883377	1.215182	4.177737	0.881716	2.889091	2.579288	3.051314	3.656926	2.478562
-1.224224	2.403675	1.854277	4.147841	1.245007	3.361245	2.629257	4.167537	4.569402	2.945743
-1.248469	2.308683	2.059613	4.113459	1.755557	3.445022	2.623314	4.121015	4.838466	3.053569
-1.259196	1.884606	1.757347	3.945185	1.749368	3.111335	2.337936	3.509247	4.739138	2.785373
-1.242362	1.009798	1.052507	3.499640	1.648987	2.536930	1.729219	2.558585	4.379480	2.252747
-1.220317	-0.608186	-0.205685	2.693384	2.166968	1.712002	0.790703	0.791613	3.366400	1.466179
-1.217393	-2.525304	-1.831662	1.828608	2.909624	0.716925	-0.153859	-1.519936	1.641383	0.504471
-1.218529	-3.717399	-3.244429	1.233725	3.446766	-0.036446	-0.733608	-3.418652	-0.443000	-0.323045
-0.889355	-3.457882	-3.770448	1.126394	3.719214	-0.134082	-0.768170	-3.832000	-2.111031	-0.662849
-0.686776	-3.264903	-3.493538	0.913326	3.266590	0.093890	-0.643485	-3.474439	-3.028228	-0.574154
0.684774	-1.343185	-1.924636	0.297611	1.945259	-0.224350	-0.809653	-2.422092	-3.187775	-0.714027
2.364335	1.333518	0.775072	0.918497	0.968157	0.568166	-0.582505	0.774670	-0.473685	-0.297162
2.236608	2.695476	2.694491	2.980490	1.881545	2.498043	0.658523	3.151783	2.826577	1.269331
1.470153	3.136769	3.363442	4.158371	3.224993	3.783946	2.359900	4.548564	4.479857	2.899811
0.415154	2.927800	3.227077	3.860619	3.472295	4.171024	3.340192	4.982880	4.944634	3.872483
0.800182	2.514754	2.586871	2.673223	2.800673	3.752730	2.957350	4.802646	4.648799	3.876179
1.707512	1.914016	2.153049	1.861010	2.687051	3.036646	1.823941	3.792920	3.783779	3.380299
1.338294	0.619138	1.675733	0.999598	2.334630	1.619513	0.259920	1.372660	2.070172	2.376084
0.451791	-0.413189	1.119427	-0.413508	1.134265	-1.231236	-1.555871	-2.465926	-0.592652	0.333744
-0.435771	0.320647	1.062571	-2.026881	-0.351510	-5.052461	-3.074308	-6.176854	-3.666168	-2.611204
-1.060239	1.745862	1.579537	-2.482741	-0.328527	-6.374472	-3.393934	-3.860079	-4.871874	-5.163911
-1.370766	2.113813	1.740315	-1.247600	1.223518	-0.971516	-2.347574	0.862638	-2.870871	-3.437711
-0.510177	2.082801	1.358399	0.547404	2.708329	2.783079	-0.908769	3.233812	-0.156979	0.135276
0.809963	1.893754	0.946181	2.086899	3.611010	3.935328	0.268156	4.199074	1.730230	2.346531
0.750848	1.409631	0.419275	2.654842	3.920770	3.785219	0.735584	4.201765	2.407372	2.886968
0.134852	0.476299	-0.256277	2.599200	3.922577	2.892650	0.610446	3.276066	2.250978	2.470693
-0.546053	-0.753306	-0.915771	2.614348	3.586629	1.407993	0.431475	1.357905	1.586384	1.552526
-1.044240	-2.055699	-1.897993	1.870645	2.353714	-1.092050	-0.054235	-1.594733	0.258872	0.004090
-1.295826	-1.085063	-2.218800	0.237808	0.501966	-4.556665	-1.034929	-4.836109	-1.653063	-2.307254
-1.372656	0.533246	-0.620161	-1.830837	-1.408895	-7.224701	-2.186196	-6.899102	-3.669642	-4.669543
-1.363694	1.460688	1.121129	-3.698277	-2.852062	-5.301681	-3.078990	-6.981853	-5.207865	-5.325070
-1.320013	1.821283	1.943141	-4.779256	-3.578506	-2.247530	-2.926392	-5.852866	-5.891406	-4.126747
-1.284442	1.800859	2.103291	-4.905008	-3.701904	-1.157478	-0.971818	-4.737869	-5.797515	-2.509681
-1.251414	1.868784	2.109185	-4.431547	-3.528635	-1.283632	1.234929	-4.103040	-5.333709	-0.930136
-1.226757	1.570183	2.223135	-3.845822	-3.301836	-1.577755	2.237016	-3.539032	-4.784344	0.562485
-1.123620	0.885959	1.870633	-3.428737	-3.139068	-1.662687	1.658940	-1.019386	-3.629479	1.367276
0.717632	0.075536	1.057740	-2.616018	-2.842629	-1.332134	0.131952	0.910864	-2.066354	1.303867
2.934811	-0.256012	0.146748	-0.996583	-2.216385	-0.286862	-0.744277	1.682195	-0.707222	0.901717
4.198883	0.060817	-0.040254	0.540769	-1.541140	0.833794	-0.153896	1.825565	0.149953	0.688930
4.761180	0.498181	0.193794	1.810536	-0.186944	1.671653	0.616980	1.816739	0.710939	0.697458
4.701662	0.953079	0.456966	2.924445	1.891171	2.496114	1.162000	2.186436	1.320407	1.196330
3.526112	0.466834	0.281753	3.267056	3.245369	2.687685	1.212773	1.602275	1.396652	1.594347
1.750192	0.197761	0.129067	2.936963	3.772844	2.193521	0.764544	0.349837	1.014246	1.463696
0.090977	0.890425	0.844645	2.323633	3.865640	1.951385	0.118355	0.559023	1.533344	1.546532
0.513600	1.616248	1.604028	2.082139	3.881563	2.557483	-0.233296	2.515398	2.521613	2.389105
0.760599	1.165196	1.495231	2.155429	3.864566	2.987015	-0.149223	2.661468	2.639980	3.085370
0.292104	-0.073540	0.474342	2.086333	3.768822	2.594088	-0.029091	1.405235	1.884982	2.892064
-0.352085	-0.633783	-0.568959	1.894690	3.664953	1.833250	-0.033206	0.122210	1.240324	2.052129
-0.900430	-0.421349	-0.240763	1.684007	3.590974	1.039264	-0.139048	-1.115499	0.651448	0.914144
-1.240051	0.732673	0.954812	1.867094	3.640301	0.609361	-0.118154	-1.382876	0.486749	-0.069852
-1.400891	2.134413	2.383905	3.142710	4.003280	1.693264	0.596580	0.726525	2.096188	0.344532
-1.415854	2.931481	3.216557	4.075056	4.264406	2.957505	1.417402	2.383752	3.632319	1.634021
-1.373957	3.385025	3.583078	4.521986	4.340687	3.590900	1.853761	2.931621	4.299269	2.737297
-1.316364	3.108516	3.295628	4.335232	3.713013	3.423276	1.823039	2.088566	3.897122	3.271832
-1.267320	2.025657	2.135151	2.964595	2.147610	1.886109	0.873497	-0.049647	2.398275	2.634141
-1.231199	-0.407745	-0.084271	0.570026	0.079099	-1.414396	-0.792061	-2.889185	-0.075320	0.669597
-0.769275	-2.969225	-2.129216	-2.255327	-1.863571	-4.704884	-2.555606	-5.095748	-3.023104	-2.311937
1.402162	-1.957287	-1.723352	-3.689701	-2.856939	-8.584711	-3.360965	-3.577357	-4.634078	-5.542766
2.119422	-0.601919	0.254150	-3.141852	-2.904790	-6.362446	-2.696605	-1.153516	-4.055159	-6.348865
1.485126	0.186277	1.738036	-2.260624	-2.725953	-3.067088	-0.681733	-0.893564	-3.234531	-4.519753
0.422118	0.085741	2.309720	-1.928092	-2.664265	-1.709690	1.386712	-1.832661	-3.003986	-2.311547
-0.544358	-0.884548	1.859655	-2.160708	-2.744924	-1.834319	2.553122	-3.124104	-3.253882	-1.017049
-1.180402	-0.391651	0.711441	-2.664253	-2.878847	-2.704220	2.455067	-2.532770	-3.319360	-0.823093
-1.468569	1.024127	-0.317164	-3.166625	-2.996832	-2.728282	1.083576	0.389399	-2.408553	-1.252019
-1.526490	1.955786	-0.667935	-3.510527	-3.077277	-1.190034	-1.069177	2.387684	-1.127606	-1.475500
-1.455537	2.582593	-0.286961	-3.647186	-3.112226	-0.020214	-3.218248	3.610680	0.556358	-1.562513
-1.092558	2.950920	0.601607	-3.048620	-2.201908	1.034540	-4.254171	4.566960	2.672381	-1.154788
-0.824710	2.770355	1.217431	-1.493583	-0.301302	2.198980	-3.449441	5.081232	4.126359	0.055715
-0.866125	2.160874	1.078449	-0.763912	0.228873	2.541999	-2.253810	5.153412	4.693304	0.896194
-1.013759	1.430529	0.615295	-1.046319	-0.373117	2.226177	-1.256691	4.897743	4.772582	1.070759
-1.120283	1.040739	0.520803	-1.082587	-1.125174	1.732217	0.440673	4.052065	4.572939	1.144798
0.139300	1.190967	1.052150	0.083097	-1.287531	1.778654	2.388965	3.253464	4.381044	1.619374
0.763565	0.721223	1.354604	0.646436	-1.420680	1.890590	3.420515	2.166171	3.910140	2.051002
0.402507	-0.081217	1.258786	0.071748	-1.833012	1.013388	3.507938	-0.042928	2.506906	1.776546
-0.246460	-0.457354	1.509322	-1.175661	-2.344665	-0.925916	3.074876	-2.909145	0.163781	0.815212
-0.757016	-0.454473	1.931240	-2.546514	-2.740175	-3.451929	2.508888	-5.273135	-2.704657	-0.510141
0.619514	0.576737	2.090067	-2.390964	-1.726422	-3.909719	2.230259	-3.302238	-4.207246	-1.184467
2.772914	1.824466	2.050248	-0.210017	0.112358	-0.169605	2.068190	2.332921	-1.062564	-0.095305
3.706792	2.507470	2.163355	1.987784	1.833661	2.932100	2.394000	4.369043	2.716930	1.820864
3.003430	2.613224	2.530286	3.063485	3.074552	3.863150	3.086547	4.073592	3.901043	3.031647
1.597946	2.806809	3.099186	3.899585	3.930282	3.788468	3.849022	3.151405	3.801518	3.405127
1.276441	2.974066	3.426274	4.910119	4.579506	3.638288	4.558469	2.553821	3.520430	3.657321
1.406462	2.791345	3.375345	5.685334	4.988704	3.597750	4.823787	2.151668	3.280910	3.811998
0.762886	1.578155	2.577413	5.490720	4.625767	3.034163	4.132963	1.021509	2.589781	3.431469
-0.120840	-1.314211	0.519749	3.998614	3.149295	1.089683	2.166810	-1.080311	1.018011	1.966620
-0.861169	-4.868653	-2.109461	1.274321	0.963172	-2.447523	-0.803349	-3.472330	-1.230854	-0.769512
-1.312987	-8.282543	-4.584996	-2.204315	-1.269546	-5.323972	-3.885789	-5.136092	-3.565388	-3.309211
-1.501045	-5.064643	-5.993994	-4.653182	-1.673942	-8.941324	-5.444248	-3.295255	-4.217591	-6.921792
-1.511350	-0.957798	-4.400944	-3.676360	0.300088	-4.728198	-4.084424	1.015224	-2.156069	-6.402999
-1.444071	0.887970	-1.741006	-0.852819	2.311302	0.227224	-1.691035	3.279208	0.258693	-2.622494
-1.388382	1.633386	-0.054624	1.249492	3.401172	2.194489	-0.065710	4.106382	1.756224	0.191257
-1.357236	1.822098	0.662442	2.198139	3.818650	2.685597	0.530859	4.308221	2.529025	1.416517
-1.343816	1.675409	0.771780	2.401796	3.885551	2.872289	0.450271	4.132260	2.683374	1.871569
-1.337163	1.079601	0.393790	1.863397	3.263768	2.894534	-0.097999	3.738435	2.374900	1.965549
-1.263826	0.208752	-0.507339	0.460245	1.750549	2.422737	-1.090433	3.282855	1.701730	1.546645
0.319772	0.193810	-1.310013	-0.971122	-0.042122	1.449385	-2.031534	3.398756	1.218117	0.669618
1.091172	-0.308019	-1.665379	-1.764515	-1.503520	0.230214	-2.410119	3.120859	1.146749	-0.362987
0.693947	-0.836206	-2.126061	-2.048372	-1.929579	-0.756415	-2.381517	2.384963	1.695987	-1.324663
-0.075331	-0.373692	-1.919636	-0.320325	0.098351	-0.132093	-1.495045	1.328028	2.169456	-1.200079
-0.802694	0.004080	-0.861608	2.325728	2.582295	1.862153	0.164608	0.157661	2.167132	0.391026
-1.272543	0.455571	0.353845	3.394208	3.775631	3.006345	1.795320	-1.138767	1.521924	1.950432
-1.467903	0.840881	1.685919	3.318933	4.051948	3.182891	3.027492	-2.141458	0.507465	2.956243
-1.500634	0.573248	2.383299	2.282149	3.291608	2.576868	3.534105	-2.965441	-0.820940	3.353798
-1.450080	-0.804627	1.980804	0.390041	1.636904	0.948609	3.240038	-3.636395	-2.346494	3.033436
-1.376137	-1.903205	0.587992	-1.857065	-0.353700	-1.622979	1.877921	-2.604306	-2.391090	1.723572
-1.320525	-0.141296	-0.122193	-3.639697	-1.900196	-3.152376	-0.334341	0.961836	0.195784	-0.291984
-1.294192	1.729330	0.878843	-4.418498	-2.751965	-1.353791	-2.525494	3.833314	2.848566	-1.779544
-1.297229	2.294100	2.186832	-4.319481	-3.094803	1.443283	-2.466093	4.594308	3.780482	-1.094162
-1.330103	1.745954	2.382448	-3.450827	-2.456322	2.703734	-0.093864	3.627924	3.244814	0.595649
-1.156500	0.979769	1.983525	-1.441369	-0.048386	3.163071	1.986998	1.504003	1.936605	1.935333
0.154466	1.043032	1.977927	0.966862	2.334324	3.415177	2.694920	-0.349196	0.701334	2.661322
0.412112	1.022342	2.205204	2.406094	3.605808	3.195130	2.268356	-1.423224	0.051810	2.722501
-0.015477	0.077322	1.814901	2.667741	3.823521	2.189777	1.102097	-2.166233	-0.494176	2.025103
-0.613731	-1.864650	0.395057	2.012323	3.217560	0.212896	-0.421868	-2.738985	-1.186469	0.543535
-1.113047	-4.942229	-2.104538	0.547683	1.792876	-2.866760	-1.937182	-3.318725	-2.123681	-1.714015
-1.397169	-7.998296	-5.307263	-1.377024	-0.065723	-6.392368	-3.048952	-3.784309	-3.143857	-4.404353
-0.671599	-6.762139	-8.056707	-2.990256	-1.733812	-9.274415	-3.414177	-3.514761	-3.799736	-6.875750
1.051662	-1.258913	-6.839380	-2.950425	-2.512933	-6.665096	-2.806073	-1.714680	-3.232767	-6.746271
1.133651	-0.265707	-3.544708	-2.288505	-2.694435	-1.782343	-2.034869	-1.211276	-2.604519	-4.064591
0.437843	-1.271555	-2.332016	-2.032989	-2.723147	-0.043748	-1.741208	-1.844991	-2.584813	-2.160441
-0.397924	-3.125368	-2.706307	-2.217035	-2.735684	-0.755359	-1.905507	-2.865595	-2.981742	-1.957007
-1.047576	-3.573639	-2.500570	-2.614809	-2.763133	-2.885205	-2.286386	-3.755846	-3.515109	-2.942608
-1.396752	-4.010158	-1.672960	-3.003695	-2.791468	-5.612738	-2.644662	-4.205475	-3.962661	-4.492229
-1.500570	-5.046924	-1.944478	-3.242773	-2.805959	-7.925870	-2.832524	-4.206632	-4.213412	-5.995803
-1.483754	-5.834573	-3.135474	-3.314897	-2.805866	-8.768324	-2.835222	-3.998319	-4.283494	-6.926481
-1.438443	-3.475671	-3.010804	-3.287823	-2.805890	-7.900348	-2.215501	-3.788680	-4.240267	-6.811672
-1.384569	-0.952748	-0.290277	-3.222275	-2.805204	-6.002595	-0.357295	-3.671038	-4.156502	-5.242513
-1.345071	0.360172	1.962198	-3.136484	-2.787893	-4.162830	1.580322	-3.613352	-4.060376	-3.134398
-1.332091	0.864741	2.953961	-3.052438	-2.751126	-2.042118	2.714658	-3.614515	-3.988926	-1.197412
-1.341211	0.451551	3.031913	-3.017396	-2.725485	0.007255	3.081977	-3.656871	-3.963956	0.285074
-1.363188	-0.749717	2.238003	-3.023425	-2.714431	1.104812	2.989601	-3.699236	-3.971275	1.104810
-0.995059	-1.628508	0.884830	-2.804364	-2.369981	0.931014	2.757022	-3.442417	-3.846234	1.159713
1.232420	-0.572664	0.042235	-1.321857	-1.161691	0.726058	2.827777	-1.357473	-2.671106	1.101184
2.590193	0.105795	0.169475	0.281273	-0.405039	0.818981	3.113322	0.403671	-1.152987	1.235647
2.139565	0.238125	0.530103	0.666875	-0.332519	0.294581	3.208023	0.176640	-0.712425	1.063929
0.995891	1.357156	1.293799	0.721485	0.610254	-0.220767	3.222565	-0.790665	-0.861258	0.783552
-0.216256	2.334298	2.161690	1.050483	2.171492	0.355385	3.324861	-1.664941	-0.995147	0.959324
-1.119294	2.825584	2.714686	1.498644	3.316803	1.877620	3.448443	-2.119443	-1.007218	1.705186
-1.582520	2.744726	2.655773	1.654219	3.478369	2.819021	3.059295	-2.291743	-1.055163	2.279143
-1.704306	2.218802	2.062968	2.028773	2.799032	2.733783	2.020589	-1.958985	-0.885503	2.246974
-1.635361	1.813686	1.343138	3.274567	2.730630	2.433297	1.188432	-0.890597	-0.008154	2.334696
-0.132998	2.008430	1.234287	4.535974	3.561384	2.649170	1.176207	0.624129	1.197339	2.893196
2.321997	1.774955	1.263011	4.868634	3.928827	3.063412	1.423985	1.915992	1.978520	3.428720
3.837128	1.136461	0.868902	4.298208	3.221667	2.880084	1.265104	2.418243	2.079837	3.298625
4.536967	0.601000	0.234086	3.268870	2.057393	2.158584	0.727640	2.449208	1.804140	2.451918
4.758698	0.869261	0.212914	2.691089	1.965045	1.727768	0.377258	2.458289	1.656317	1.403714
3.997627	0.339598	0.335039	2.493526	2.512392	1.682761	0.365417	1.866142	1.458065	0.718857
2.382777	-1.632907	-0.558131	1.550393	2.015014	0.998159	-0.043776	0.098042	0.498576	-0.135911
0.518397	-4.225573	-2.294230	-0.117435	0.705772	0.154765	-0.977224	-2.294943	-1.071580	-1.051073
-0.997978	-5.286929	-3.152406	-2.019553	-0.820307	-0.371389	-2.061130	-4.372565	-2.801794	-1.663825
-1.614488	-5.895366	-3.534120	-3.493370	-2.059222	-1.030694	-2.833327	-5.150008	-4.132556	-2.131620
-1.698519	-4.678030	-3.979750	-4.098852	-2.754849	-2.338369	-3.067269	-3.416502	-4.422435	-2.875136
-0.690396	-2.364638	-3.954986	-3.741015	-2.895250	-3.421858	-2.830009	-0.271866	-2.892726	-3.603062
1.830520	0.100383	-2.621274	-1.965578	-2.377919	-1.648772	-2.025888	2.519421	0.571752	-2.827423
3.495334	0.903053	-0.988871	0.145312	-1.563597	0.915382	-0.979918	3.353246	2.453260	-0.664212
3.462411	0.401923	-0.294575	1.109117	-1.104530	1.796910	-0.108265	2.569856	2.462339	0.939196
3.524546	-0.131344	-0.301748	1.175085	-1.021092	1.514894	0.498543	1.389711	1.605669	1.494897
3.864722	-0.341645	-0.475645	1.221513	-0.911082	1.313306	0.616972	0.882453	0.786581	1.874907
3.730594	-0.852928	-0.891575	1.097562	-0.881605	0.885412	0.249814	0.496220	0.067570	1.734848
3.928156	-0.696711	-1.279620	1.028625	-0.864432	0.335521	-0.294989	0.723674	-0.263987	0.983580
4.244623	-0.247290	-1.250622	1.213516	-0.755129	0.205321	-0.601730	1.332063	-0.061146	0.108512
4.485170	0.513747	-0.650051	1.510205	-0.604385	0.469595	-0.569315	1.833902	0.364868	-0.466285
4.614165	1.467363	0.974491	1.762487	-0.473926	0.856045	-0.332432	2.107536	0.770690	-0.525908
4.665501	2.432493	2.632386	2.226443	-0.237520	1.384868	0.380004	2.296324	1.167255	0.215964
4.482591	2.945623	3.704484	3.323600	0.396953	2.053057	1.485387	2.548137	1.797646	1.306482
3.315221	2.240506	3.709166	3.305100	0.453168	1.758879	1.712782	1.586208	1.613212	1.536025
1.550275	1.142627	2.632763	1.998843	-0.223120	0.265487	0.791346	-0.489091	0.438298	0.577577
-0.211757	0.807821	1.166789	-0.130335	-1.175750	-1.318303	-0.150637	-2.921621	-1.290247	-0.770760
-1.440033	1.733062	0.756789	-2.460876	-2.021651	-1.170035	-0.393802	-3.379480	-1.945643	-1.308990
-1.960000	1.975597	1.570582	-4.227634	-2.557784	0.510805	-0.742092	-1.694555	-0.715786	-0.806279
-1.982458	1.433051	1.893449	-4.743019	-2.514296	1.549555	-1.357377	-1.255418	-0.227367	-0.161162
-1.604148	0.294237	1.401411	-3.583986	-1.439621	2.083035	-1.563118	-1.544896	-0.549358	0.817023
-1.305060	-0.922344	0.521810	-2.335498	-0.883624	2.366497	-0.382761	-1.672915	-1.297461	2.065620
-1.248826	-0.617438	0.070364	-1.861632	-1.063441	2.586473	1.394302	0.364032	-1.510125	3.024334
-1.299001	-0.559743	0.141676	-2.015748	-1.573853	2.735283	2.569666	1.681996	-1.204523	3.520294
-1.356766	-1.931983	-0.474091	-2.447062	-2.086863	2.552372	2.429189	0.947065	-1.382667	3.503154
-1.398148	-4.249025	-2.071805	-2.872862	-2.432778	1.888439	1.050087	-0.864741	-2.074098	2.834179
-1.414304	-6.568063	-4.212163	-3.134194	-2.595275	0.313130	-1.008601	-2.939593	-2.941883	1.219519
-1.422292	-6.598980	-6.020404	-2.890631	-2.524711	-1.981727	-2.860231	-4.264736	-3.538977	-0.848442
-1.429471	-5.557013	-6.273046	-1.921026	-2.171022	-3.137186	-3.418573	-4.245784	-3.473580	-1.596530
-1.436601	-3.603339	-5.534080	-1.465842	-2.023454	-1.854961	-3.000343	-2.357909	-3.034103	-0.454036
-1.440751	-1.378677	-4.010646	-1.658554	-2.102918	-0.042003	-2.409749	1.036858	-1.859239	1.018232
-1.454828	-0.121626	-2.469719	-2.191888	-2.272322	1.501802	-2.046487	2.999654	-0.553368	2.068307
-1.463085	0.269181	-1.202583	-2.758677	-2.421595	2.176100	-1.375296	3.384033	0.451823	2.386438
-1.457156	0.515365	-0.616798	-3.153348	-2.508672	1.888439	-0.721318	3.014482	1.695620	1.864005
-1.441720	1.259680	-0.185978	-3.321555	-2.547983	0.853161	-0.748599	2.061115	2.490039	0.571487
-1.428368	2.403092	1.055214	-2.761303	-2.374255	-0.963473	-1.168386	0.421785	2.226256	-1.266217
-1.428407	3.529512	2.949689	-0.188712	-1.432924	-0.818762	-0.898273	0.492457	2.626591	-1.186175
-1.406481	3.886922	3.999392	2.508184	-0.202059	1.973104	0.156578	1.875588	3.654353	1.388675
-0.888935	3.557666	4.025039	3.994150	0.706079	3.852325	1.226564	3.112313	4.498893	3.420028
-0.722522	2.309410	3.104862	3.834604	0.719898	4.330281	1.423049	3.355216	4.730037	4.072628
-0.890819	-0.000344	1.079435	2.319885	-0.060875	4.007555	0.528052	2.922661	4.485502	3.733634
-1.148043	-3.278295	-1.820557	-0.078883	-1.105329	3.080719	-1.003522	1.721056	3.674415	2.643099
-1.347502	-5.282442	-4.585984	-2.695764	-1.995555	1.321583	-2.510795	-0.519999	1.905156	0.734895
-1.443627	-2.586214	-5.470177	-4.641889	-2.533002	-1.703230	-3.376151	-3.110301	-0.671255	-1.957228
-1.476613	-0.328441	-3.839961	-5.266039	-2.726465	-5.378054	-3.412712	-4.955711	-3.445205	-4.945102
-1.489353	-0.463720	-2.260922	-4.746753	-2.694153	-9.044865	-2.952671	-5.417968	-5.525368	-7.748361
-1.481022	-2.063757	-2.194173	-3.853325	-2.592913	-11.096471	-2.459974	-4.884029	-6.302195	-9.108589
-1.454408	-4.105268	-3.148110	-3.154231	-2.514636	-9.828366	-2.181668	-4.120762	-5.915668	-8.586291
-1.442943	-5.202172	-4.200452	-2.815003	-2.479025	-7.446193	-2.140335	-3.613832	-5.078206	-7.287419
-1.396646	-5.912127	-5.063842	-2.748494	-2.467287	-5.839008	-2.231400	-3.311377	-4.331703	-6.222306
0.199809	-2.138399	-4.692522	-2.332435	-2.293480	-4.254729	-2.161533	-0.400884	-2.888672	-5.190511
2.342471	0.574751	-1.590013	-0.937114	-1.738204	-1.550212	-1.559124	2.167006	-0.728489	-3.281183
2.502854	1.015847	0.813323	0.031860	-1.334335	-0.121066	-0.959698	2.108340	0.198908	-1.739172
1.537567	0.244420	1.069117	-0.147246	-1.406541	-0.665128	-0.938752	0.489851	-0.239878	-1.598024
0.264709	-1.580274	-0.113530	-0.890127	-1.380679	-2.424355	-1.354517	-1.786797	-1.339577	-2.532924
-0.830480	-2.826887	-1.724676	-0.822594	0.253237	-3.296179	-1.482409	-3.317836	-2.109290	-3.251475
-1.505605	-2.163731	-2.748494	0.186216	2.326792	-2.037950	-1.022790	-3.107132	-2.075235	-2.731484
-1.617231	0.075939	-2.109625	0.941885	3.123192	-0.378645	-0.492360	-0.015794	-1.133193	-1.603769
-0.708018	1.536188	-0.584867	1.428430	2.745500	0.528131	-0.179560	2.821354	0.356495	-0.765498
-0.477017	2.460862	1.135114	2.989771	3.093530	1.460988	0.679956	3.372891	1.712180	0.241099
-0.693705	2.272212	2.054246	4.258177	3.945779	2.169093	1.699203	2.590244	2.259297	1.217377
-1.022017	1.358625	1.991376	4.216647	4.196968	2.048093	1.902877	0.827904	1.834616	1.458199
-0.836807	0.412235	1.800061	2.977472	3.293980	0.825737	1.098675	-1.263197	0.621798	0.697295
1.299391	1.254482	2.181677	1.388302	1.803430	0.381491	-0.135207	0.417691	0.120130	-0.005177
3.210141	1.890658	2.494886	0.405709	0.416017	2.190324	-0.954192	3.079111	1.627004	1.114084
3.840097	1.917841	2.208219	0.219936	-0.511881	3.661398	-1.056749	4.237131	3.411710	2.524877
2.978884	0.907301	1.137277	-0.143371	-1.204550	3.779250	-1.024701	3.923569	4.079466	2.867952
1.457573	-1.296897	-0.785308	-1.004304	-1.800752	2.521820	-1.080189	2.165228	3.419323	1.986169
-0.056018	-3.781667	-2.544867	-2.073499	-2.238908	-0.419419	-0.313253	-0.796005	1.669112	0.131155
0.499407	-3.886431	-3.412395	-2.425570	-2.288414	-4.419090	0.502990	-2.803781	-0.485916	-2.165363
1.293173	-3.385614	-3.171715	-1.696802	-1.946334	-6.766600	0.647084	-2.539941	-2.026987	-3.742277
0.880272	-4.027873	-3.200026	-1.304415	-1.794457	-6.456250	-0.022800	-2.454437	-3.137737	-4.310822
0.023960	-3.282778	-3.454259	-0.925165	-1.672084	-4.251978	-0.964361	-2.298891	-3.372036	-3.083107
-0.802229	-1.278587	-2.495428	0.819384	-0.931480	-1.145388	-0.942395	-1.501197	-2.120007	-0.380970
-1.358654	0.060392	-0.869506	2.762938	0.057696	0.959803	0.095493	-0.690054	-0.500839	1.762720
-1.601325	1.024703	0.410817	3.926630	0.796606	1.971460	1.227341	0.016531	0.792902	2.798501
-1.627885	1.727277	1.255107	4.381221	1.181405	2.950008	1.889986	1.473427	2.456539	3.374314
-1.574269	2.094092	1.727842	4.425825	1.321142	3.571045	2.066760	2.770573	3.888488	3.704774
-1.503864	2.204895	1.903097	4.284225	1.336316	3.653791	1.949346	3.431458	4.670789	3.752865
-1.460937	2.146308	1.886399	4.097717	1.294267	3.429345	1.736000	3.604010	4.975301	3.625476
-1.454485	1.702506	1.677942	3.957530	1.249248	2.960061	1.567439	2.997538	4.687244	3.389735
-1.448762	1.005307	1.237915	3.894570	1.218993	2.500741	1.500349	1.630448	3.739669	3.087010
-1.438928	0.397579	0.758874	3.897575	1.214474	2.259912	1.526754	0.089530	2.404731	2.615828
-1.450710	0.072044	0.416349	3.928285	1.217865	2.236155	1.590516	-0.994826	1.083502	2.043736
-1.425647	-0.324452	0.149172	3.781702	1.116301	2.272062	1.548678	-1.451164	0.085261	1.530588
0.142843	0.542551	0.195512	3.741559	1.054576	2.255423	1.565239	-0.539549	-0.125195	1.312529
1.733843	1.088408	0.931138	4.013973	1.234127	2.484568	1.902140	1.064170	0.672643	1.981837
1.537091	0.896146	0.867712	3.266079	0.804078	1.985930	1.573141	0.755997	0.659257	2.436693
0.927269	1.053825	0.340575	1.486631	-0.159120	0.528039	0.394025	-0.591389	-0.262461	2.231457
0.878883	2.072509	0.657628	-0.525354	-1.057283	-0.473011	-0.294866	-0.444766	-0.285386	2.009990
0.297402	2.797573	1.789042	-2.372575	-1.749262	0.131408	0.562998	0.912548	1.144669	2.267069
-0.469835	2.869941	2.572793	-3.701891	-2.233751	0.693953	1.972453	0.967723	1.747596	2.376268
-0.356767	2.776191	2.802667	-4.054205	-2.448277	0.180157	2.971259	-0.032880	1.072125	1.776950
1.027359	3.082108	3.092438	-1.875174	-1.852754	-0.072575	3.620179	-0.070258	0.417388	1.080059
1.026692	3.050127	3.250618	1.102434	-0.772931	0.271819	3.609191	-0.134264	0.128966	0.936320
0.308149	2.520686	2.738377	1.967343	-0.241415	-0.229594	2.450946	-1.053618	-0.571321	0.380048
-0.516961	2.067200	1.842191	1.845249	0.946281	-0.625317	0.603911	-1.975682	-1.315867	-0.484100
-1.154959	1.158488	0.827883	1.234329	1.771759	-0.028347	-1.162384	-2.601088	-1.888327	-0.478464
-1.498342	0.335342	-0.515691	-0.047347	1.302585	0.351427	-2.459426	-1.402773	-2.176361	0.240499
-1.604867	-0.197856	-1.539798	-1.655886	0.129511	1.119668	-3.027545	1.332273	-1.602320	1.332109
-1.586660	-0.495664	-2.073881	-3.090510	-1.158754	1.835383	-2.945903	2.986077	-0.658519	2.061022
-1.506740	-0.501204	-1.920556	-3.939110	-2.147713	1.600728	-2.013234	3.263493	-0.092678	1.852953
-1.433339	0.690360	-0.562356	-4.103353	-2.674014	0.466623	0.077275	3.262737	0.169843	0.974262
-1.409134	1.731175	1.193449	-3.843762	-2.816386	-1.235742	1.986506	2.365777	-0.002536	-0.172493
-1.401236	1.753299	1.836037	-3.447756	-2.693943	-3.416934	2.484059	0.233764	-0.871369	-1.590156
-1.413660	1.186053	1.409120	-1.939646	-1.077973	-4.619894	1.799482	-2.032018	-1.675527	-2.900507
-1.420961	0.709181	0.949916	1.301924	1.911112	-2.082182	1.201237	-2.487789	-1.166979	-2.306111
-1.412516	-0.291702	0.294649	3.073304	3.738604	0.567389	0.831944	-2.087249	-0.470198	-0.707318
-0.085526	0.017994	-0.330035	3.563118	4.457439	1.790984	0.609971	-0.351868	0.120720	0.459280
1.307161	1.925311	0.415139	3.590668	4.594356	2.535273	0.698685	2.787527	1.273085	1.331352
1.103630	2.779011	1.485234	2.640559	3.679874	2.224160	0.464603	3.925641	1.828160	1.376764
0.328739	2.698264	1.764945	0.749511	1.915285	0.581673	-0.367526	3.181892	1.352157	0.316840
0.954055	2.536703	1.498158	-1.187806	-0.000322	-1.956900	-1.324987	1.623358	0.271493	-1.378728
2.664659	2.745069	1.606223	-1.592243	-1.185170	-2.675146	-1.569172	0.722715	-0.382404	-1.811202
3.848538	2.989357	2.300222	-0.498539	-1.421833	-0.691618	-1.026285	0.778291	-0.351784	-0.249603
3.636634	2.654128	2.475689	0.442485	-1.299958	0.696829	-0.437054	0.550071	-0.285556	0.894340
2.362959	1.025792	1.601602	0.223058	-1.436088	0.182956	-0.480118	-0.747509	-0.917251	0.549462
0.957100	-2.276143	-0.432299	-0.735497	-1.753854	-1.737559	-1.043994	-2.308170	-1.974777	-1.022621
-0.326405	-7.237034	-3.314602	-1.913554	-2.070381	-4.312728	-1.756813	-3.528073	-3.035873	-3.181959
-1.234683	-8.639604	-5.928361	-2.311146	-2.006936	-5.590544	-2.086281	-3.833868	-3.554109	-3.864016
-1.670044	-5.769333	-6.371480	-1.352284	-0.510737	-3.325561	-1.649346	-3.204491	-3.186184	-1.701215
-1.756416	-3.253387	-4.617794	0.156000	1.651192	-0.043764	-0.772318	-2.356357	-2.334076	0.962920
-1.673257	-2.943710	-3.083515	0.725470	2.266682	1.217355	-0.270048	-2.140462	-1.900110	2.163292
-1.311551	-3.553663	-2.872598	0.147758	1.474149	0.447391	-0.506233	-2.465265	-2.143406	1.695981
0.894173	-1.506235	-2.799120	-0.450719	0.294014	-1.053898	-0.968576	-1.486127	-2.139955	0.162411
2.803313	0.815828	-1.225311	-0.226359	-0.541258	-1.529366	-1.017083	0.291127	-1.343855	-1.374807
2.687958	1.207070	0.597477	0.019486	-1.076949	-1.526578	-0.865078	0.506012	-0.854656	-2.435148
1.583773	0.741028	1.702216	-0.386598	-1.545846	-2.264897	-0.978302	-0.623430	-1.222474	-3.368777
0.232255	0.351666	2.224715	-0.884764	-1.049218	-2.800117	-1.237821	-2.066094	-1.935564	-3.245717
-0.457346	0.627874	2.600941	-0.385169	1.011723	-1.201654	-0.995512	-2.558672	-2.127085	-0.938417
1.241260	1.585192	2.999655	1.317948	3.064921	1.604655	0.734228	-0.637138	-1.080336	1.900813
3.131024	2.221004	3.236186	3.076081	4.292047	3.545834	3.027878	1.610030	0.558351	3.683903
4.194983	2.479347	3.046546	4.105284	4.830243	4.375484	4.045692	3.019029	2.014115	4.298135
4.668865	2.767868	2.680900	4.504525	4.986990	4.749330	3.830212	4.242148	3.596089	4.437613
4.777500	3.152731	2.517132	4.417998	4.755727	4.930547	2.904949	5.442830	4.806624	4.520345
4.763364	3.146957	2.410386	3.735073	3.728368	4.815604	1.528887	5.919529	5.364242	4.354674
4.207376	2.754876	2.168848	3.091113	2.375493	4.277553	0.351057	5.475249	5.352192	3.778990
2.731275	1.889048	1.589556	2.352746	1.009806	2.677417	-0.220086	3.680821	4.467635	2.472571
0.898568	0.949885	0.629899	0.846184	-0.446743	-0.806609	-0.778143	0.213269	2.481690	-0.065884
-0.688809	0.437666	-0.355315	-1.169299	-1.706193	-2.323636	-1.457777	-4.276441	-0.519024	-2.806234
-1.635500	1.042568	-0.749612	-2.990584	-2.470735	-5.981273	-2.040169	-5.471915	-2.379848	-6.310355
-1.929150	1.695974	-0.195367	-3.725655	-2.637289	-7.933161	-2.222081	-1.848748	-0.829252	-7.630533
-1.834685	1.996244	0.276306	-3.707352	-2.582058	-3.069307	-2.176402	1.460882	1.630545	-5.154683
-1.639007	2.720017	0.947682	-3.446719	-2.528571	0.471862	-2.112829	3.881842	3.394692	-2.229698
-1.473557	2.625898	1.460255	-3.212957	-2.472238	1.714002	-2.103707	4.729879	4.243590	-0.505775
-1.366816	1.890978	1.196423	-2.373614	-1.174257	1.990433	-1.873520	4.366508	4.438078	0.260416
-1.316266	0.999896	0.638788	-0.653844	1.258447	2.231154	-1.151052	3.559482	4.394251	0.815719
-1.302753	-0.134901	0.051985	0.881439	3.007128	2.409918	-0.303233	2.335767	4.008648	1.252587
-1.165126	-1.904769	-0.931466	1.359171	3.144255	2.209661	0.084072	0.222030	2.768226	1.297772
0.777706	-0.622793	-1.228171	2.198034	2.536221	2.290149	0.474707	-0.516260	1.452108	1.411834
2.939166	1.309109	0.244339	3.766463	2.115240	3.266977	1.454324	1.060910	1.206997	2.546615
3.364392	1.385671	1.390982	4.386855	1.658317	3.940313	2.164602	1.854712	1.326988	3.639289
2.420813	-0.175786	0.866183	3.451866	0.645988	3.719134	1.701415	0.843996	0.583351	3.851453
0.984178	-3.160006	-0.954435	1.371677	-0.634146	2.658677	0.271191	-1.149214	-0.879819	3.158750
-0.322352	-5.202256	-3.168870	-0.735708	-1.504183	0.642368	-1.255758	-2.897527	-2.250910	1.525566
-0.530529	-5.628155	-4.689321	-2.055850	-1.830463	-2.280423	-2.086847	-3.331207	-2.973488	-0.986186
-0.706616	-6.078520	-5.465597	-2.800338	-2.018940	-5.521861	-2.284391	-3.344163	-3.367287	-3.900635
-0.952262	-5.713124	-5.808213	-3.230777	-2.231178	-8.080397	-2.229278	-3.044101	-3.345784	-6.700081
-1.151610	-3.713314	-5.338183	-3.437161	-2.433089	-5.502237	-2.156336	-1.037641	-1.295440	-6.920226
-1.260706	-0.759212	-3.853921	-3.488445	-2.583700	-0.598561	-2.143853	0.950550	1.273471	-3.853842
-1.323672	0.421913	-1.916858	-3.446740	-2.654691	1.444012	-2.184944	1.976336	2.817290	-1.232221
-1.342322	0.415698	-1.063258	-3.386571	-2.667576	1.637251	-2.246256	2.384541	3.478651	-0.177652
-1.332127	0.516773	-0.852093	-3.350157	-2.667005	1.527523	-2.289007	3.248804	3.726737	0.108549
-0.640767	0.667909	-0.794422	-3.190365	-2.614907	1.648235	-2.247800	3.858607	3.342800	0.287957
1.510242	1.493206	-0.234264	-2.061041	-2.195755	2.329471	-1.776262	4.387479	2.786794	0.936877
1.923870	2.042790	0.719116	-1.010577	-1.793668	2.964900	-0.760304	3.604846	1.891697	2.115230
1.202429	1.729576	1.476660	-0.961581	-1.785425	3.188526	0.751952	1.786905	0.864067	3.101605
0.162147	0.770625	1.116093	-1.631181	-2.032455	2.899835	1.372830	-1.089771	-0.638095	3.446232
-0.738415	0.221530	0.214435	-2.553817	-2.334044	2.067079	0.748403	-4.159118	-2.422554	3.011965
-1.290058	0.196399	-0.658993	-3.336902	-2.553468	0.850627	-0.625577	-6.026765	-4.000383	1.767949
-1.484866	0.229275	-1.181478	-3.759700	-2.657245	-0.244981	-2.095435	-6.032341	-4.962227	-0.056348
-1.165170	-0.872666	-1.804475	-3.762352	-2.655551	-0.624262	-3.039867	-4.826093	-5.164812	-1.763937
1.117943	-1.320627	-2.363352	-2.685213	-2.321474	-0.060405	-2.844848	-1.972822	-4.044071	-2.290941
2.894817	-1.078520	-2.083989	-0.770934	-1.669311	0.676405	-1.640571	0.542757	-2.005290	-1.552597
3.459275	0.451535	-0.869898	1.465904	-0.731436	1.050741	-0.078098	1.662220	-0.187061	-0.483070
4.050735	2.509847	1.880719	3.687822	0.541802	1.955305	1.567180	3.084940	1.962673	0.915328
3.607202	3.238744	3.557985	4.818435	1.455025	2.828899	2.634292	4.208009	3.501528	2.116526
2.253149	3.248331	3.808345	5.086142	2.161414	2.971415	2.923498	4.528630	3.946207	2.532591
0.631622	2.294806	3.193306	4.714185	2.354556	2.431314	2.618554	3.547103	3.513618	2.294325
-0.721323	0.522372	1.625961	3.699914	1.770707	0.866072	1.707687	1.449697	2.305600	1.233542
-1.479446	-0.568281	-0.158810	2.953081	1.180307	-0.807712	0.924722	-0.330550	1.315713	-0.030365
-1.684584	0.352290	-0.786221	2.977733	1.283702	-0.054980	0.825578	0.452687	2.029481	0.330891
-1.601726	1.002601	0.084920	3.586549	2.595628	2.294995	1.401551	1.651859	3.073653	2.231190
-1.436182	0.532469	0.487593	3.587427	3.665763	3.269676	1.691574	1.320601	2.913928	3.410342
-1.294313	-0.460449	0.123004	3.033100	4.144395	3.243533	1.412670	0.187541	1.947247	3.689471
-1.206256	-1.520799	-0.625763	2.276521	4.262807	2.941725	0.826159	-1.100559	0.608956	3.394165
-1.163978	-2.176869	-1.383898	1.627021	4.219372	2.401361	0.270045	-2.014350	-0.674045	2.601228
-1.142577	-1.812600	-1.481735	1.273579	4.132004	1.561139	0.437239	-2.305608	-1.510629	1.452962
-1.146657	-1.491118	-1.007128	1.221452	4.057491	0.768337	1.169865	-2.143993	-1.769301	0.426666
-1.149625	-1.356307	-0.827829	1.371198	4.018047	0.274675	1.455955	-1.821309	-1.595568	-0.260656
-1.163263	-0.827752	-0.546153	1.688535	4.039925	0.359120	1.658109	-1.482806	-1.187045	-0.264582
-1.172632	-0.475767	0.214106	1.770501	3.885948	0.797972	2.432279	-1.406270	-0.926531	0.467219
-1.164332	-0.973676	0.634030	1.019438	2.854861	0.529698	3.148854	-1.932628	-1.270621	0.954926
-1.155947	-1.856105	0.506995	-0.478218	1.125596	-0.691755	3.405711	-2.796302	-2.144227	0.790369
-1.117299	-2.689814	0.104781	-2.232556	-0.752712	-2.364134	3.298481	-3.530097	-3.161364	0.285178
-1.100080	-3.946665	-0.673855	-3.683456	-2.240766	-4.003546	2.696350	-3.919576	-4.002150	-0.550067
-1.097401	-4.810988	-2.014175	-4.427926	-3.043929	-5.312138	1.225182	-3.956450	-4.483348	-1.906841
-1.105221	-5.097156	-2.915307	-4.445656	-3.229882	-5.836987	-0.811305	-3.810226	-4.605862	-3.218515
-1.111700	-5.387898	-3.837197	-3.974562	-2.901379	-4.773512	-2.680494	-3.599651	-4.466785	-2.843504
-1.114544	-4.860642	-4.457440	-2.843096	-1.527888	-2.325186	-3.371804	-3.167113	-3.927789	-0.798202
-1.104525	-2.651044	-4.276316	-1.529352	0.074628	-0.107632	-2.704536	-2.707002	-3.211697	1.162590
-1.098935	-1.581233	-3.215710	-0.966523	0.546280	1.139915	-1.747973	-2.620173	-2.832096	1.988227
-1.087666	-2.331284	-2.901427	-1.314062	-0.038610	1.445363	-1.329364	-2.880469	-2.955044	1.713567
0.250306	-1.265036	-2.930881	-1.802108	-0.919922	1.548668	-1.336655	-0.668423	-2.591192	0.931362
2.256918	0.592173	-1.642439	-1.347427	-1.379066	2.326377	-1.166172	3.036896	-0.641530	0.736379
2.309938	1.287125	0.150166	-0.963525	-1.641090	2.433111	-0.564601	3.928372	0.726635	0.820905
1.409691	1.617792	1.731774	-0.966848	-1.828537	1.466098	0.756877	3.710710	1.010674	0.636964
0.303074	1.779977	2.354397	-1.304559	-1.973638	-0.238861	1.384367	3.478127	0.950765	0.048074
-0.170621	1.301168	2.216081	-1.938236	-2.166581	-2.312255	0.819471	3.085620	0.689976	-1.043820
0.594193	-0.078959	1.150295	-2.100070	-2.149528	-3.486230	-0.306111	1.999976	0.198978	-2.118056
0.903197	-1.313678	-0.744262	-2.096953	-2.105271	-3.835742	-1.470431	0.042004	-0.744633	-3.015452
0.900260	0.320445	-1.031443	-2.050893	-2.079070	-3.605113	-2.222275	-1.717964	-1.594664	-3.602323
0.353541	1.498454	0.822875	-2.289894	-2.179493	-2.865596	-2.504875	-1.947240	-1.231183	-3.690694
-0.286154	1.266156	2.038483	-2.746994	-2.361316	-2.623248	-2.489169	-2.166696	-1.067739	-3.668288
-0.473032	0.515046	2.325931	-3.136553	-2.512065	-3.225112	-2.333577	-2.565042	-1.586436	-3.924426
-0.458227	-0.014355	2.227296	-3.243256	-2.557869	-3.248425	-2.130861	-2.058704	-1.695646	-3.924905
-0.276470	0.319732	2.108878	-3.230392	-2.569086	-1.681217	-2.020375	-0.041439	-0.031856	-3.039434
0.802273	1.152008	1.999389	-2.649778	-2.365385	0.119341	-1.803805	1.520291	1.587810	-1.655574
0.830062	1.478488	1.415728	-2.076872	-2.170041	0.341101	-1.600561	1.036615	1.550846	-1.027903
0.314420	2.072768	0.919972	-0.633981	-1.620714	-0.421936	-1.049282	-0.047133	0.840238	-1.119665
-0.278376	2.709102	1.160892	1.564758	-0.605082	-0.707212	0.100260	-0.304322	0.689273	-0.952026
-0.723957	3.236613	1.912881	3.138072	0.311228	0.438179	1.215254	1.209217	2.062191	-0.028983
-0.591310	3.614007	2.630573	3.946818	1.059587	2.043838	1.907671	2.854882	3.646861	1.216983
0.599129	3.892715	3.311261	4.349416	2.424970	3.464741	2.633431	3.984294	4.662315	2.524066
2.658890	3.866368	3.744461	4.193288	3.394935	4.285352	3.545303	4.720220	5.108969	3.559146
3.441181	3.300028	3.534493	3.280023	3.028666	4.351184	3.698078	5.209168	5.098514	3.893489
2.691842	1.922291	2.420041	1.378941	1.661516	3.322906	2.543279	4.895626	4.321319	3.199915
1.379863	-0.095696	0.409961	-1.240039	-0.120373	1.039871	0.353467	4.205777	2.926903	1.445400
0.080055	-2.382916	-2.104145	-3.707888	-1.690028	-2.295750	-2.127172	3.143903	1.173571	-1.157522
-0.820835	-5.480128	-4.728525	-5.055249	-2.642911	-4.691490	-3.848378	0.918350	-0.958627	-3.642736
-1.216234	-6.170637	-6.451920	-4.271932	-2.737562	-4.595067	-3.806340	-1.807250	-2.835519	-4.736444
-1.212937	-4.404992	-6.050950	-1.961200	-2.162983	-3.257086	-2.306939	-3.701700	-3.589132	-4.233245
0.572242	-0.817512	-3.512889	0.558215	-1.212067	-1.328562	-0.467451	-2.600623	-2.608943	-2.571158
1.915795	1.609147	-0.564660	1.835609	-0.565988	0.442688	0.626103	-0.023107	-0.574636	-0.761120
1.670585	2.238192	1.215253	2.613019	-0.046395	1.312654	1.136220	1.124215	1.015800	0.425046
0.838632	1.911417	1.628093	3.205022	0.442968	1.383309	1.432867	1.090748	1.600316	0.927847
-0.023375	1.149987	1.319069	3.558782	0.803667	1.025567	1.612329	0.582587	1.594967	0.968973
-0.624778	0.306993	0.729779	3.689033	1.019842	0.581657	1.694635	0.034644	1.346392	0.797939
-0.916074	-0.750312	-0.022464	3.433040	1.581460	0.386941	1.566389	-0.514070	0.906282	0.597326
-0.999214	-0.419231	-0.532817	2.739882	2.594448	0.645297	1.108876	0.009094	0.446738	0.478900
-0.960346	0.707673	0.571971	1.899973	3.430643	1.261648	0.509774	1.390004	0.410936	0.571774
-0.877756	1.142904	1.862355	1.220162	3.863221	1.631915	0.039243	1.254997	0.239547	0.700896
-0.801276	0.740407	2.387608	0.426358	3.417669	1.221309	-0.355033	0.035635	-0.371154	0.471722
-0.763570	0.299705	2.270275	-0.496006	2.096150	-0.323373	-0.827999	-1.595540	-1.322033	-0.499010
-0.759907	0.249046	2.004355	0.101870	0.886125	-1.776209	-0.612954	-2.121656	-1.489344	-1.415163
-0.760934	0.584797	1.428998	1.738982	0.323467	-1.314912	0.333639	-0.618988	-0.009884	-1.099376
-0.751633	0.817155	0.843180	3.038743	0.321950	0.989216	1.302267	1.220040	1.966443	0.904403
-0.733768	1.145280	0.419139	3.664462	0.556192	2.530793	1.859949	2.349916	2.753510	2.758943
-0.728602	0.649403	0.177357	3.374299	0.507166	2.905552	1.755087	2.462858	2.599005	3.610168
-0.711136	-1.031651	-0.435289	1.900285	-0.172592	1.957832	0.746850	1.010640	1.370456	3.355306
-0.704998	-1.438947	-1.507315	-0.221944	-1.054209	-0.380966	-0.749726	-1.169208	-0.503959	1.884862
-0.703868	-0.116116	-1.577111	-1.928373	-1.620802	-3.377997	-1.819075	-3.008352	-2.257932	-0.543825
-0.690361	1.523050	0.293652	-3.218743	-2.050338	-5.037714	-1.515033	-4.172615	-3.690997	-3.012127
-0.670722	2.377017	2.424044	-4.012435	-2.381218	-2.678681	0.275196	-4.461653	-4.589788	-3.050122
