X1	X2	X3	X4	X5	X6	X7	X8	X9	X10
-0.846459	-4.512110	-4.600395	-2.155714	-3.411353	-4.937805	-2.128988	-2.968038	-3.244740	-3.833756
-0.850573	-4.245684	-4.296033	-2.165024	-3.406897	-4.279160	-2.136881	-2.308987	-1.998798	-3.469096
-0.848499	-3.534866	-3.673465	-2.169791	-3.381213	-2.508641	-2.145938	-0.777822	0.951679	-2.572202
-0.851498	-2.827625	-3.154901	-2.177895	-3.379706	-0.770808	-2.163349	0.572059	3.292955	-1.740335
-0.858313	-1.787665	-2.173262	-2.190601	-3.396441	0.312318	-2.180999	1.481917	4.335453	-1.225586
-0.868882	0.033732	-0.595870	-2.202298	-3.395092	0.296762	-2.189741	1.217272	3.822622	-1.391887
-0.877462	1.456273	0.945731	-2.209889	-3.380556	-0.787398	-2.196012	-0.051444	1.635990	-2.174997
-0.880309	2.475637	2.911293	-2.207443	-3.368776	-2.370870	-2.195253	-1.552550	-1.717031	-3.035947
-0.886079	2.691690	3.860246	-2.028356	-2.120888	-3.652265	-2.030083	-2.740055	-5.212998	-3.427906
-0.893384	2.519983	4.332182	-1.115471	0.640276	-3.036782	-1.343091	-2.780555	-6.368557	-2.554430
-0.892945	2.894274	4.306861	-0.127508	1.372042	-0.894455	-0.898495	-0.512126	-2.995227	-1.243027
-0.682733	2.666178	3.167193	0.195242	0.939646	0.455217	-0.986018	2.169283	0.927568	-0.732126
0.024736	1.692857	1.030922	0.128614	0.216303	0.884053	-1.017517	3.315966	2.879033	-0.639958
0.283097	-0.246911	-2.448634	-0.281350	-0.528571	0.167781	-1.226982	2.469881	2.510523	-1.294075
0.067688	-1.145927	-3.661419	-0.492263	0.659005	-0.605410	-1.185016	0.732198	0.964588	-1.652458
-0.346014	0.695938	0.162313	0.064318	2.493826	-0.533271	-0.689355	-1.037649	-0.740987	-1.244198
-0.726029	2.265301	2.263759	1.057587	3.707832	0.097056	0.300638	-2.159755	-1.724908	-0.468518
-0.969225	2.541287	2.985952	1.829839	4.006285	0.727169	2.073481	-2.443006	-1.681387	0.536429
-0.695314	2.166833	2.911976	1.841968	3.356127	0.739248	3.318807	-1.758727	-1.173892	0.998349
1.187948	1.798536	2.895967	1.810660	3.150155	1.245534	4.181562	0.183747	0.290490	1.733808
3.314497	2.135324	3.258048	2.632447	3.922013	2.658922	4.865098	2.192513	2.478192	2.856124
4.592548	2.913765	3.781049	3.864628	4.731484	3.989371	5.236949	3.865854	4.324104	3.771911
5.128522	3.989771	4.259967	4.810921	5.270491	5.103907	4.933796	5.350139	5.931419	4.434091
4.819159	4.617126	4.265052	5.157046	5.473613	5.563308	3.880576	5.539730	6.555163	4.593962
3.513991	4.159483	3.338664	4.764762	5.370239	5.434363	2.243360	4.418079	5.847483	4.497642
2.121497	2.887558	1.708549	3.737189	4.716386	4.964467	0.435456	3.253575	3.930025	4.091432
1.610509	1.932491	0.487273	2.419164	3.601343	4.412304	-0.877980	3.251236	1.749567	3.338895
1.009809	1.086943	-0.831603	0.807020	1.996285	3.543883	-1.828799	2.685393	-0.493466	2.101803
0.209891	-0.518023	-2.727312	-0.931798	0.135952	2.644019	-2.424216	1.199513	-2.360481	1.441170
-0.065787	-1.852326	-3.547694	-2.248862	-1.372809	2.643504	-2.471900	0.352032	-0.971680	2.018444
0.753858	-1.336667	-1.950330	-1.989503	-0.839148	3.482255	-1.640749	1.309848	2.775372	2.627122
1.012319	-0.187760	-0.427166	-0.478197	0.517895	4.029467	-0.676559	2.372304	4.966069	2.681236
0.604266	0.824927	0.881056	1.584920	1.476337	3.844459	0.450697	2.553293	5.461179	2.242807
-0.072420	1.404143	1.594735	3.430279	2.118794	3.100413	1.464085	1.903430	4.734225	1.588076
-0.696117	1.397929	1.515190	4.439346	2.275994	2.019219	1.884565	0.819242	3.020902	0.869746
-1.094802	0.792017	0.620848	4.188603	1.589165	0.313656	1.212252	-0.718290	0.046442	-0.415517
-1.236581	0.405570	-0.400446	2.813995	0.438146	-1.961766	-0.148916	-2.349787	-3.587111	-2.057624
-1.210201	-0.696844	-2.214882	0.689540	-0.839168	-4.229758	-1.589003	-3.508545	-7.030476	-3.484593
-1.123428	-2.360608	-4.251492	-1.638253	-1.983517	-5.842669	-2.612117	-3.959656	-8.307838	-4.345772
-1.049787	-3.526125	-3.287859	-3.508202	-2.797526	-6.458091	-3.009411	-3.882497	-6.469637	-4.571080
-1.021278	-3.271725	-1.154782	-3.972421	-1.430026	-5.240993	-2.650014	-3.463414	-3.712591	-2.765246
-1.027535	-2.226355	-0.254222	-2.374699	1.399375	-2.195775	-1.537382	-2.690321	-1.359104	-0.130260
-1.047193	-1.288855	0.267456	-0.150817	2.815635	-0.043345	0.244951	-2.021716	-0.068430	0.929127
-1.070407	-1.128447	0.379385	0.976366	2.542511	0.360792	2.051152	-1.977149	-0.200557	0.921176
-1.083193	-1.577349	0.213386	0.834479	1.507236	-0.381649	3.086180	-2.424970	-1.474486	0.437145
-1.077198	-2.149444	-0.036515	-0.099118	0.143894	-1.575342	3.477291	-2.972593	-3.223405	-0.073759
-1.072055	-2.570001	-0.251327	-1.328537	-1.250031	-2.554449	3.506803	-3.377011	-4.683845	0.037957
-1.069076	-2.306238	0.224950	-2.019918	-1.814134	-2.244325	3.578661	-3.333599	-4.798462	1.445842
-1.069518	-1.160212	1.061265	-1.188105	-1.483541	-0.640451	3.799973	-2.661401	-2.886277	2.871062
-1.077396	-0.153975	1.648352	0.439886	-0.642112	0.585906	3.557668	-1.945498	-0.754443	3.252405
-1.085750	0.764780	1.829210	2.412979	0.641449	1.196712	2.948857	-1.085992	1.081794	2.700938
-1.088549	1.577913	1.802280	3.708587	1.228641	1.167990	2.044418	-0.579854	1.955037	1.570317
-1.077572	2.035511	1.369609	3.614866	0.759935	0.143851	0.529630	-0.974134	1.247942	-0.277284
-1.060978	2.015370	0.642112	2.367675	-0.182439	-1.660130	-1.212951	-1.929730	-0.787189	-2.379357
-1.052452	0.919600	-1.041103	0.401650	-1.247101	-3.217408	-2.593625	-2.923760	-3.454826	-3.717638
-1.062343	-1.134993	-3.390904	-1.740569	-2.209857	-2.947746	-3.239611	-3.587254	-5.756591	-3.487925
-1.016536	-2.920541	-4.695224	-3.416849	-2.879449	-2.152365	-3.107788	-2.501337	-5.792455	-2.931764
-0.956800	-2.491805	-2.312282	-3.876224	-2.056330	-1.200346	-1.133247	0.510563	-2.328023	-1.727257
-0.969788	-0.681135	0.441240	-3.064435	-1.168016	-0.170127	1.506459	2.644478	1.133334	-0.220429
-1.040794	0.470237	1.669586	-2.133353	-1.246861	0.251913	2.973784	3.455303	2.598671	0.555319
-0.833941	0.926836	2.128801	-1.581453	-1.590655	0.517241	3.539006	3.621297	2.738507	1.526594
0.331769	1.151130	2.280041	-0.944630	-1.537050	1.245257	3.803325	3.307751	2.313700	2.813495
0.854681	0.921565	1.863474	-0.581225	-1.798101	1.625607	3.623405	2.817609	1.451052	3.378038
0.562347	0.386506	0.662885	-0.769516	-2.266206	1.512310	2.473365	2.630672	0.678470	3.225300
-0.085448	-0.567229	-1.339271	-1.342629	-2.735862	0.936007	0.504983	2.060047	-0.024106	2.579043
-0.717700	-2.083090	-3.918104	-2.022508	-3.103490	-0.113735	-1.648230	0.461493	-1.293556	1.761015
-1.142373	-3.654356	-6.045649	-2.561664	-3.250583	-1.227190	-3.220960	-1.685594	-2.986481	1.240992
-1.326564	-4.302250	-5.869590	-2.467350	-1.213722	-1.540697	-3.408419	-3.431697	-4.189547	1.347584
-1.335592	-3.210913	-3.332874	-1.263335	1.610874	-0.494774	-2.205855	-3.822454	-3.611549	1.988217
-1.270614	-1.589387	-1.451164	0.131948	2.560938	0.492812	-1.075380	-2.786884	-1.878843	2.102457
-1.192566	-1.375985	-1.506623	0.615993	2.067972	0.145692	-0.900420	-1.971353	-0.933168	0.890802
-1.140889	-2.256950	-2.574721	0.167612	0.954553	-1.289492	-1.346202	-2.076163	-1.321604	-1.127453
-1.119842	-3.452703	-3.935891	-0.817508	-0.393158	-3.224120	-1.957853	-2.652212	-2.560809	-3.197449
-1.120596	-4.411247	-5.024909	-1.920503	-1.701878	-5.054151	-2.454319	-3.278106	-3.997530	-4.670739
-1.142600	-4.822735	-5.137885	-2.785795	-2.727884	-6.274859	-2.711194	-3.709330	-4.999274	-5.277050
-1.170306	-2.981514	-0.847664	-3.216636	-3.388495	-6.712211	-2.772306	-3.880520	-5.201725	-5.248245
-1.184260	0.378635	2.290102	-3.240285	-3.701083	-6.582543	-2.727368	-3.856570	-4.763298	-4.994960
-1.194518	1.392009	2.236666	-3.032327	-3.775445	-6.247615	-2.639020	-3.759047	-4.164593	-4.753101
-1.203611	0.332245	0.524663	-2.778268	-3.727263	-5.891038	-2.567762	-3.600239	-3.625382	-4.579337
-1.205813	-1.417849	-2.073004	-2.595425	-3.651763	-4.731097	-2.537579	-2.575698	-1.728180	-4.008366
-1.000738	-2.685917	-4.243141	-2.453973	-3.449453	-2.720350	-2.461179	-0.858862	1.149225	-2.992308
-0.217684	-2.502234	-4.222096	-2.013222	-2.954584	-0.506639	-2.113421	0.821473	3.294070	-1.659270
0.092468	-1.949279	-3.474317	-1.651897	-2.818175	0.898940	-1.976714	1.655183	3.856180	-0.819734
-0.124972	-1.240986	-2.316386	-1.554087	-2.793781	0.991087	-2.030536	2.333877	3.222503	-0.926353
-0.561748	-0.772060	-1.580853	-1.681139	-2.899898	0.245800	-2.130185	2.650742	1.822497	-1.549546
-0.970664	-0.157818	0.846918	-1.998342	-3.101684	-0.713087	-1.123577	2.778770	0.245944	-1.731304
-1.229116	0.790553	2.889580	-2.376123	-3.303912	-1.029205	0.130224	2.760564	0.082887	-1.234130
-1.335142	0.796769	2.753560	-2.685550	-3.450451	-0.852048	0.082858	2.132653	1.389538	-1.120334
-1.336777	-0.142509	1.226078	-2.752072	-2.658331	-0.503716	-0.673415	1.073058	2.467606	-1.250916
-1.143181	-1.068367	-0.696606	-1.897627	0.348040	0.598512	-1.062801	-0.261560	2.317193	-0.635604
0.047459	-0.823243	-1.251872	0.066973	2.847936	2.201004	-0.514141	-0.665559	1.638536	0.729218
2.165625	0.448572	-0.246095	2.174369	3.684351	3.330289	0.457646	0.496313	1.490301	1.849512
3.792392	1.317993	1.048219	3.330007	3.484069	3.397325	0.932951	1.686763	1.722047	1.873616
4.591781	1.673042	1.853264	3.585191	2.896933	2.840835	0.931076	2.255684	1.928837	1.311761
4.892636	1.591593	1.797652	3.352945	2.225784	2.118206	0.749595	2.439565	2.073210	0.732042
4.742152	1.246161	1.180684	2.875796	1.500106	1.520583	0.462376	2.357787	2.236486	0.359265
3.992362	0.739519	0.441112	2.206153	0.886253	1.314705	0.134454	2.140366	2.713601	0.794708
2.653849	1.098041	1.173859	2.181313	1.013670	2.121188	1.298844	2.132151	3.768723	2.449195
0.931240	1.436510	1.346542	2.422327	0.823729	3.036121	2.072921	2.277463	4.492957	3.083654
-0.668163	0.805168	0.282627	1.936894	0.012644	3.254482	1.350031	1.925435	4.339071	2.553912
-0.838325	0.165481	-0.555440	0.923466	-0.648515	3.192546	0.076826	2.153095	3.688896	1.799772
1.179720	0.983919	0.393713	0.558957	0.389392	3.229865	-0.461180	3.507811	3.299678	1.902043
3.279357	2.975139	3.191716	1.650948	2.639078	3.535929	0.248861	4.429883	3.532480	2.983211
4.456506	4.815713	5.270063	3.576984	3.821211	3.845120	1.664535	4.701758	4.073856	3.890377
4.919796	5.535281	5.973379	5.056219	4.101714	4.151157	2.674689	5.088942	5.032024	4.401949
4.996502	5.146397	5.691271	5.391557	3.704257	4.273273	2.604434	4.951581	5.493962	4.467325
4.907032	3.960233	4.597585	4.867927	3.005726	4.251650	2.521048	4.162657	4.991180	4.432689
4.771417	2.545501	3.097584	3.863783	2.244820	4.146267	3.095028	3.004856	3.515924	4.394749
4.156415	2.025518	1.991077	2.604299	1.403832	3.789588	3.426988	1.491596	1.056422	3.843956
2.731507	2.776306	2.848752	1.777187	1.131196	3.197281	3.044578	-0.221441	-1.702988	2.858908
0.890954	3.780868	4.178853	2.043682	1.580284	2.703536	2.360920	-0.238649	-2.005152	1.942581
-0.808834	3.613848	4.411372	2.427613	1.836565	1.916958	1.234965	0.542254	-0.175058	0.777496
-1.889727	2.235141	3.570884	1.973877	1.146414	0.227663	-0.389639	0.022878	0.384569	-1.037973
-2.219293	-0.163579	1.184308	0.710804	-0.002310	-1.998023	-2.015476	-1.097373	-0.152140	-2.864176
-2.024123	-3.037641	-2.983260	-0.975960	-1.262992	-4.171692	-3.101933	-2.416478	-1.531441	-4.166178
-1.664138	-5.378362	-7.907982	-2.595838	-2.386498	-4.601065	-3.458836	-3.577177	-3.436575	-4.141277
-1.377431	-6.359891	-10.724546	-3.690655	-3.219098	-3.523482	-3.303213	-4.264784	-5.183691	-3.502507
-0.992464	-5.931289	-9.273438	-3.951854	-3.567215	-3.061756	-2.896251	-4.231740	-5.908572	-3.386537
0.115279	-4.005885	-4.868024	-3.034886	-3.119784	-2.606664	-2.141124	-2.812733	-4.339286	-3.008714
0.580500	-2.555103	-2.690045	-1.923237	-2.917505	-2.685092	-1.759437	-2.017728	-2.526863	-3.033711
0.301059	-1.566936	-0.643746	-0.727362	-2.013067	-2.602522	-0.389218	-1.909276	-1.435706	-1.691331
-0.300460	-0.500735	1.045934	0.683760	-1.012320	-1.292896	1.993637	-1.845043	-0.616569	1.115024
-0.034468	0.608108	2.172678	1.741438	-0.270080	0.417353	3.475099	-0.252091	0.397751	2.877930
1.518112	1.860259	2.544682	2.330000	0.127666	2.163554	3.441936	2.898754	2.766284	3.655079
2.079346	2.131194	1.978052	2.217112	-0.027625	2.981989	2.319472	4.198065	4.495502	3.705066
1.519360	1.374008	1.001146	1.424587	-0.630848	2.930674	1.520297	3.758643	4.747138	3.493612
0.455341	-0.123407	-0.527800	0.039016	-1.510861	2.234954	1.132002	2.144509	3.636075	3.057384
-0.581767	-2.088200	-2.210279	-1.575946	-2.370338	0.969280	0.469176	-0.503244	0.726657	2.401940
-1.104195	-2.761726	-0.071839	-2.874833	-2.965717	0.259877	0.854604	-3.249125	-2.967229	2.106737
-1.291843	-1.843382	2.276827	-3.533612	-3.384215	0.252454	1.594977	-5.063581	-6.503194	1.613595
-1.341537	-0.688182	3.222169	-3.489868	-2.867825	0.737078	1.264446	-4.702554	-8.211416	0.902418
-1.329847	0.391754	3.356275	-1.995610	-0.955784	1.242932	0.717514	-3.035461	-3.563450	0.393819
-0.483029	1.097233	2.693999	0.615445	0.469021	1.832484	0.657779	-1.056524	0.778176	0.569548
1.117506	1.033275	1.194676	2.347473	0.775813	2.081528	0.512345	0.375812	2.427182	0.645604
1.528428	0.021868	-0.598197	2.474836	0.160040	1.383722	0.716071	0.413315	2.193274	0.152053
1.588658	-0.266072	0.748925	1.578713	-0.507732	0.768965	1.800746	0.627482	1.968472	0.270111
2.510380	1.293769	3.287818	0.867998	-0.156590	1.360834	3.155538	1.895405	2.942700	1.356575
3.629293	2.861528	4.238338	0.974109	0.351294	2.362783	4.020786	3.064638	4.188997	2.317313
4.155185	3.646241	4.200018	1.470028	0.462847	2.822334	4.096116	3.414173	4.684451	2.534875
3.488146	2.810852	2.818534	1.414235	-0.135725	2.292862	3.135145	2.596014	4.020928	1.673865
2.000782	0.810013	-0.064526	0.557241	-1.106223	1.060207	1.347197	1.083960	2.447527	0.175099
0.246696	-2.014018	-4.597218	-0.816526	-2.125955	-0.997291	-0.931235	-1.107507	-0.507292	-1.828631
-1.217854	-4.748887	-9.117325	-2.279410	-2.987089	-3.575042	-2.929237	-3.371013	-4.195892	-3.751602
-2.027783	-6.323131	-10.700275	-3.398716	-3.583993	-5.956507	-3.967155	-4.886227	-7.792740	-5.019159
-2.181453	-6.243337	-8.562005	-3.902206	-3.900708	-7.033106	-3.987443	-4.827724	-8.376941	-5.263042
-1.952294	-4.931307	-5.351104	-3.835460	-4.021483	-5.747349	-3.356890	-3.113966	-3.384758	-4.410599
-1.642528	-3.439449	-2.291319	-3.494274	-4.033399	-4.048149	-1.298063	-1.484898	0.088253	-3.065999
-1.402358	-1.469069	0.288419	-2.891558	-2.420337	-2.304815	1.237662	0.606563	1.422965	-1.322467
-1.273104	-0.031896	1.009536	-1.970639	-0.894103	-0.860615	2.133152	2.069853	1.786441	-0.346719
-1.237881	-0.221587	0.049864	-1.450727	-0.856550	-0.828803	1.346561	1.963554	0.994648	-0.878888
-1.253389	-0.414501	-0.183727	-1.122497	-0.900924	-1.231608	0.723828	1.876392	0.036209	-1.338170
-1.287136	0.846062	1.252877	0.240121	-0.092727	-0.515998	1.761252	2.490952	0.746530	-0.245755
-1.324181	2.067944	2.129639	2.132162	1.096874	0.632296	2.418669	3.180066	2.408714	0.699913
-1.357119	2.306940	1.959343	3.211441	2.034981	1.365380	2.085873	3.458324	3.328593	0.899723
-1.382153	1.539736	0.749528	2.949468	1.656852	1.602718	0.791634	3.281708	3.071569	0.522851
-1.381311	0.309532	-1.014947	1.601663	0.613883	1.612386	-0.963847	2.909191	1.967862	0.020700
-1.373521	-0.800073	-2.630041	-0.402629	-0.685245	1.542350	-2.535864	2.581951	0.539506	-0.354835
-1.372686	-0.956814	-2.629129	-2.295114	-0.501062	1.854380	-3.140444	2.732265	0.433053	-0.071877
-1.375094	-0.092430	-1.140457	-2.658276	1.274523	2.426437	-2.393033	3.049809	1.676553	0.674700
-1.381079	1.530150	1.831932	-1.364884	2.731138	2.836977	-1.234043	3.177630	2.591571	1.242875
-1.388916	3.227968	3.889749	0.299095	3.580294	2.996687	-0.406621	2.819298	2.689668	1.481754
-1.395205	3.754877	4.164381	1.442701	4.004823	2.865058	-0.031334	1.449453	1.711540	1.377999
-1.394673	3.200404	3.187065	1.742249	3.642268	2.254143	-0.205007	-0.664203	-0.290577	0.728421
-1.393897	1.336161	0.658717	1.141200	2.589295	0.661317	-0.886647	-2.974787	-3.077289	-0.766474
-1.394809	-1.506718	-3.555517	-0.051894	1.087918	-1.801625	-1.713898	-4.657950	-5.760412	-2.589364
-1.388788	-4.352361	-8.021043	-1.412889	-0.470296	-4.537418	-2.327188	-5.217726	-7.105873	-4.077626
-1.321212	-5.054872	-7.566601	-1.796091	0.190755	-5.548239	-1.905145	-4.453839	-5.571386	-3.721717
-0.286440	-1.039198	-0.597908	0.622718	2.543823	-1.616598	0.280202	-1.495098	-0.600193	0.253393
0.548888	2.435900	2.330814	3.052028	3.017201	1.561674	1.555639	0.939865	3.179695	2.284681
0.474851	3.256258	2.695207	3.490826	2.290503	2.117515	1.072244	1.508897	4.186036	1.897812
-0.110491	3.007847	2.206250	2.544082	1.168551	1.692959	-0.157151	1.203467	3.898963	0.730207
-0.790229	2.370548	1.572269	1.603063	0.716873	1.294068	-0.523694	1.037778	3.479872	0.069259
-1.312833	1.779162	1.135024	1.726145	0.890206	1.334596	0.176554	1.213238	3.459827	0.245557
-1.592257	1.278609	0.754707	2.577416	1.178539	1.354909	1.002309	1.101211	3.305036	0.469093
-1.661977	0.114823	-0.614690	2.882782	0.747046	0.832630	0.880986	0.067558	1.997332	-0.017066
-1.612293	-1.764243	-2.748066	2.161545	0.342239	0.283475	-0.078158	-1.651444	-0.791436	-0.691826
-1.525435	-2.977223	-3.699274	1.120403	1.434025	0.365948	-0.795757	-3.076033	-4.067413	-0.727078
-1.456325	-2.186163	-2.179386	0.966815	2.927816	0.714557	-0.417830	-3.192188	-4.993504	-0.278051
-1.424169	-0.987204	-0.826873	1.557806	3.815019	0.814356	0.201574	-2.572955	-2.804955	-0.069847
-1.233503	0.704393	0.856150	2.465409	4.349613	0.884894	0.831766	-1.695102	-0.126272	0.142100
0.361096	2.525630	2.274438	3.148887	4.334525	1.140173	1.168041	-0.245398	1.591524	0.423948
2.370866	3.445379	2.820916	3.307509	3.709261	1.256078	1.045241	1.028040	2.261484	0.428931
2.847643	3.334676	2.573288	2.670859	2.500421	0.557359	0.245840	0.851491	1.562886	-0.414363
2.050289	2.528091	2.426581	1.185646	0.846801	-0.888797	-1.029307	-0.247847	-0.090347	-1.744851
0.681493	1.167917	2.277546	-0.833602	-0.898014	-1.750273	-2.267876	-1.284674	-1.300234	-1.524065
-0.686159	0.112417	2.254576	-2.082648	-0.340338	-0.600910	-2.227763	-2.117389	-1.866864	0.449841
-0.867309	0.807032	2.535989	0.127287	2.479373	1.873885	0.099929	-1.224395	-0.139032	2.259688
1.005914	2.211576	2.732612	3.426411	3.944943	3.489275	2.231907	1.025866	2.587210	3.255930
2.989650	2.405763	2.075339	4.808345	3.904770	3.739835	2.604340	2.203593	3.632311	3.423819
3.474239	1.386819	0.323357	4.581382	3.139674	3.118602	1.737721	1.905885	3.059080	3.018540
2.608719	-0.041918	-1.088450	3.299520	2.745029	2.202306	0.968211	1.121171	1.911347	2.757129
1.090060	-0.631429	-0.881283	1.628964	2.975323	1.787065	1.461815	0.599327	1.323847	3.029131
-0.497374	-0.856567	-0.705878	0.208185	3.117447	1.645998	1.693342	-0.052662	1.049611	3.105719
-1.554271	-1.309117	-0.993543	-0.878366	2.414363	1.357112	1.506569	-0.816685	0.616241	2.903225
-1.958298	-2.100876	-2.067852	-1.802454	1.129592	0.769078	0.467735	-1.479717	-0.131351	2.393913
-1.943578	-1.711522	-1.546689	-2.575620	-0.444446	0.883640	-1.036191	-0.351657	-0.150464	2.256237
-1.763920	-0.325373	0.163888	-3.106318	-1.975760	1.813562	-2.414574	1.832923	1.456475	2.548877
-1.602334	0.498529	0.622979	-3.118264	-1.740905	2.587743	-2.997778	3.141528	2.934033	2.890679
-1.511209	0.832084	0.495210	-2.217843	-0.171857	2.782495	-2.496928	3.556645	3.506356	2.983578
-1.477377	0.461250	-0.388120	-1.373745	-0.061501	2.230051	-2.046764	3.335749	2.965659	2.591646
-1.480805	-0.252188	-1.417862	-1.205066	-0.743375	1.070212	-1.790759	2.865869	1.622920	1.579012
-1.505090	-0.910301	-2.248064	-1.621581	-1.711258	-0.196925	-1.613342	2.370927	-0.019870	0.176805
-1.533307	-1.632387	-1.944204	-2.315274	-2.671092	-0.749204	-1.829262	1.182667	-1.821144	-0.983903
-1.556639	-1.994269	-0.001120	-2.982514	-3.438029	-1.170010	-2.239941	-0.910960	-3.834756	-2.023869
-1.565207	-1.906937	1.480797	-3.424862	-3.949881	-2.234307	-2.629884	-3.216923	-5.403921	-3.207982
-1.562769	-1.378201	2.295552	-3.589589	-4.222218	-3.083567	-2.859089	-3.939571	-3.995590	-3.786902
-1.556637	-0.916513	2.042324	-3.545304	-4.304332	-2.920009	-2.927589	-2.632228	-0.284991	-3.514511
-1.555247	-0.985630	0.820292	-3.175443	-2.853834	-1.874522	-2.372004	-0.958082	2.306255	-2.558847
-1.560343	-1.180627	-0.721753	-2.466706	-1.655951	-0.654149	-0.837545	0.019730	3.250346	-1.282968
-1.576465	-2.049126	-3.123697	-2.044248	-1.667926	-0.707409	-0.414041	-0.334541	2.440362	-1.374888
-1.592041	-2.982092	-5.147431	-2.087581	-2.191507	-1.749560	-0.963741	-0.690426	0.221286	-2.315633
-1.595786	-2.709560	-4.776750	-2.413851	-2.619726	-2.442244	-1.731563	0.609524	-1.409443	-2.866995
-1.604111	-1.219728	-1.836344	-2.732999	-2.815937	-1.527282	-0.984704	2.459087	0.346138	-1.794923
-1.606926	0.098067	0.377798	-2.985740	-3.159096	-0.167790	0.890445	3.438737	2.776563	-0.292402
-1.601349	0.397179	0.997971	-3.156979	-3.520655	0.645568	1.895811	3.309127	3.334108	0.436563
-1.597554	0.167780	1.190223	-3.135402	-3.653572	0.883464	1.384115	1.876028	2.094703	0.255965
-1.255737	-0.067155	0.531259	-2.627792	-3.357734	0.810250	0.198779	-0.315502	-0.556771	-0.230391
0.176992	-0.394016	-0.486910	-1.540450	-2.634188	0.623255	-0.789347	-1.476688	-3.097203	-0.330793
0.918603	-0.953772	-1.617062	-0.720544	-2.425337	0.036078	-1.229562	-2.159627	-4.482908	0.029016
0.662727	-1.278464	-1.921766	-0.687195	-2.678564	-1.201034	-0.639347	-2.964208	-4.903127	-0.273339
-0.100948	-2.057257	-2.388364	-1.284080	-3.088194	-2.846359	0.230850	-3.758306	-4.815870	-1.091030
-0.937165	-3.081736	-2.411108	-2.163920	-3.499505	-4.568289	0.162776	-4.309185	-4.611111	-2.323249
-1.559449	-2.874687	-0.182135	-2.993339	-3.831231	-6.001398	-0.713016	-4.535215	-4.501109	-3.656099
-1.869854	-1.794492	0.792805	-3.421907	-3.133637	-6.645582	-1.742025	-4.475772	-4.430871	-4.522773
-1.923339	-1.354771	0.367335	-2.724103	-0.262311	-5.309401	-1.980842	-3.959255	-3.741416	-3.949402
-1.851836	-1.339677	-0.623912	-1.122596	1.953892	-2.950250	-1.462175	-3.214717	-2.454116	-2.606848
-1.112252	-0.939758	-0.863844	0.577495	3.245002	-0.710956	-0.497210	-1.533198	-0.446342	-1.104987
0.118416	1.238550	1.183150	1.960487	3.926444	1.381516	1.283705	1.643125	2.448072	0.792832
0.400817	2.714423	2.178353	2.532606	4.182186	2.432718	2.028509	3.500593	4.282754	1.723661
-0.044320	2.832263	2.436744	2.668536	4.108770	2.841905	1.892723	3.835840	4.931431	2.439488
-0.754623	2.773629	3.424863	2.995224	3.970032	2.929625	2.221140	3.282521	4.892871	2.928812
-1.389671	3.009505	4.146289	3.712293	4.278521	3.038810	3.261320	2.522022	4.641263	3.155310
-1.785046	2.634168	3.663863	4.104741	4.425146	2.963220	3.532543	1.716500	4.156224	2.868369
-1.932352	1.576111	2.307326	3.757462	4.396874	2.579021	2.768778	0.951358	3.397781	2.076772
-1.741460	0.743080	1.654115	2.916179	4.345491	2.081587	1.475265	0.484043	2.634954	1.181985
-0.061795	1.621228	2.983866	2.783045	4.692286	2.098337	1.174874	0.985656	2.418037	1.218081
2.184588	3.056388	4.166493	3.822150	4.956964	2.679483	1.941617	2.050457	3.010253	2.079133
3.654326	3.358914	4.415743	4.436051	4.566873	2.889287	2.101514	2.474828	3.184235	2.709482
4.314645	2.962279	4.200486	4.238163	3.749263	2.834973	1.604191	2.333672	2.665399	2.736123
4.497003	2.308947	3.577748	3.507228	2.714291	2.666570	0.893156	1.977973	1.757601	2.251916
4.451438	1.429624	2.146733	2.579500	1.683124	2.172636	0.306370	1.654015	0.909706	1.396061
4.333470	0.770796	0.436372	1.806508	0.861468	1.586734	0.060234	1.881690	0.758415	0.620875
4.187465	1.042852	0.194470	1.413392	0.322288	1.414386	0.972898	2.999375	1.799163	0.687835
3.469693	1.347114	0.693398	1.070261	-0.380436	1.287737	2.235361	3.582607	2.674644	0.963046
1.975391	1.385461	1.561114	0.468558	-1.043402	0.729334	2.305395	3.484735	2.724957	0.555476
0.137469	1.734139	1.808291	-0.261804	-1.750559	0.018179	1.241519	3.006416	2.414658	-0.314805
-1.477422	1.757188	1.255793	-1.239432	-2.561309	-1.350909	-0.492811	1.382392	0.893349	-1.784446
-2.441718	1.482547	0.336644	-2.302722	-3.180263	-3.303096	-2.253766	-1.245424	-1.961997	-3.427589
-2.684548	1.279936	-0.243283	-2.803281	-1.525198	-4.666006	-3.056447	-3.895541	-5.205415	-4.128890
-2.464509	0.648578	-0.899359	-2.038142	0.911918	-4.014456	-2.472597	-5.110585	-6.569970	-3.327159
-2.116445	-0.441755	-0.543456	-0.944790	1.440695	-2.973637	-1.756088	-4.874919	-5.182420	-2.676737
-1.851367	-1.196892	0.812611	-0.597355	0.793257	-2.948692	-1.689729	-4.367116	-3.601916	-2.587677
-1.723450	-0.905338	1.341826	-1.033624	-0.354363	-3.237328	-2.046158	-4.106829	-3.076486	-1.537824
-1.547405	-0.420524	0.898780	-1.873586	-1.585906	-3.119449	-2.449256	-3.122756	-3.065732	-0.129364
-0.060460	1.477219	1.356278	-2.106765	-1.970193	-1.282131	-2.147775	0.433266	-1.126476	1.369234
2.059680	2.633822	1.693221	-0.896250	-0.612021	1.288670	-1.027607	2.915467	1.727595	2.228224
3.424892	2.787199	1.782447	1.247062	1.880960	2.806514	0.387289	3.643781	3.396670	2.540742
3.333480	1.975103	1.018043	2.739693	3.242423	3.011904	1.041528	2.890857	3.407221	2.166212
2.131183	0.673353	0.078393	3.291193	3.986367	2.540744	1.147454	1.120973	2.161411	1.995956
0.425152	-0.389062	-0.816608	3.387296	3.910061	1.899344	1.046774	-0.963416	0.314425	2.221902
-1.202465	-1.948704	-2.563790	2.582250	3.080559	0.681753	0.129548	-3.133588	-2.331050	1.969091
-2.283238	-3.252506	-3.812832	1.202492	2.723941	-0.461856	-0.821152	-4.535788	-4.920698	1.792517
-2.666992	-3.190826	-2.719615	0.075348	2.956103	-0.224091	-0.173140	-4.532567	-5.472712	2.317869
-2.552562	-1.754518	-0.162291	0.019730	3.530629	1.408106	1.986430	-3.537553	-3.372157	3.325257
-2.085153	0.479632	2.084658	1.666336	4.262755	2.859523	3.968983	-1.820181	0.018035	3.992603
-0.513805	1.989380	2.871730	3.430310	4.668053	3.377032	4.505284	0.780399	2.626443	3.817972
0.433930	2.230705	2.472039	4.042950	4.686366	3.258933	3.718677	2.578102	3.610608	2.997908
0.294632	1.549519	1.168300	3.629094	4.355383	2.922427	2.101013	2.892836	3.289002	1.979548
-0.404583	-0.146434	-0.976508	2.292339	3.330905	1.990235	0.478940	1.638345	1.439183	0.663210
-1.206980	-2.355463	-3.238314	0.178110	1.750592	0.140837	-0.108443	-0.754946	-1.946482	-0.779039
-1.763081	-4.472212	-5.533164	-2.236320	-0.139269	-2.524687	-0.789989	-3.494338	-5.607053	-2.445075
-0.817973	-4.693029	-4.584477	-3.793712	-1.433608	-4.478076	-1.264915	-4.229907	-8.412247	-3.211694
1.398701	-1.742477	0.348918	-2.864603	-1.608486	-3.126584	-1.017704	-1.547460	-3.919382	-2.114759
3.127435	0.984358	2.911678	-0.544412	-1.157924	-0.420385	-0.443841	1.134268	1.592235	-0.577614
3.978701	2.124893	3.865241	1.383810	-0.353590	1.050455	0.353207	2.145612	3.427394	0.316800
3.780294	2.004427	3.613049	2.217132	-0.046184	1.344140	1.715328	1.816510	3.130051	0.762539
2.515227	0.552110	2.057646	1.761343	-0.608445	0.427906	2.294216	0.181296	1.027333	0.257564
0.675706	-1.871520	-1.262948	0.358319	-1.536955	-1.466446	1.469586	-2.196330	-2.525866	-1.171141
-1.154130	-4.496670	-6.261916	-1.509142	-2.517635	-3.898519	-0.188175	-4.461093	-6.044272	-2.953733
-2.430433	-6.349622	-10.815243	-3.296613	-3.337375	-5.721999	-2.009500	-5.784655	-9.645125	-4.188232
-2.798648	-6.814230	-11.575760	-4.431098	-3.816787	-4.875736	-3.294594	-5.804252	-9.757098	-3.902576
-1.143971	-4.954170	-6.218273	-3.938590	-3.236669	-2.442816	-3.142455	-3.623815	-5.327283	-2.574564
1.477150	-1.484843	0.255202	-1.760864	-1.989925	-0.383169	-1.776002	-0.608326	-0.525419	-1.141401
3.082409	0.987288	2.895127	0.435712	-1.042847	0.701452	-0.539965	1.422390	1.966426	-0.285442
3.086964	1.464347	3.443047	1.350348	-0.972960	0.508964	-0.313310	1.517591	2.143277	-0.583472
2.327425	0.873175	2.958297	1.163604	-1.271720	-0.492549	-0.712138	0.483204	0.793319	-1.453586
0.959687	-0.813579	0.879219	0.162251	-1.933962	-2.037093	-1.513173	-1.382417	-1.811660	-2.044361
-0.596330	-3.135715	-2.945902	-1.309566	-2.694558	-3.401556	-2.350152	-3.462596	-5.008743	-1.482413
-1.866016	-5.058938	-7.536682	-2.801430	-3.340234	-4.152746	-2.922329	-4.535793	-6.788390	-1.455139
-1.881992	-5.203897	-8.918992	-3.636891	-3.424704	-3.652098	-2.921188	-3.319832	-3.943160	-1.693077
0.213158	-2.564343	-4.257571	-2.683633	-2.465700	-1.082391	-1.935295	0.048495	1.399832	-0.845077
2.408948	0.303516	-0.047091	-0.262778	-0.864572	1.308074	-0.407365	2.430228	4.297662	0.498558
3.654121	2.857380	2.789413	2.602691	1.145085	2.787941	1.427909	3.603445	5.398439	1.897739
4.149892	4.287437	4.187213	4.558243	3.034009	3.576174	2.668899	4.046768	5.704346	2.856008
4.238941	4.561627	4.339636	5.155176	3.537671	3.709785	2.756182	3.895599	5.373943	2.935813
4.149830	4.168571	3.770211	4.749269	3.200256	3.185116	2.029365	3.138565	4.051933	2.209312
4.020303	3.570399	2.944966	3.734585	2.538835	2.259539	1.304231	2.122564	1.581611	1.291066
3.913479	3.089909	2.163571	2.485505	1.803561	1.309311	0.912502	1.286514	-1.311456	0.624378
3.852706	2.923494	1.850973	1.452903	1.153981	1.106496	0.719357	1.165982	-2.505855	0.608622
3.727217	3.146070	2.044480	0.949576	0.610454	1.791240	0.735144	2.099920	-0.409761	1.149443
2.859511	2.859911	1.690659	0.508902	-0.265325	1.596368	0.350941	1.800765	1.101374	0.682253
1.372375	2.243833	1.830626	-0.327466	-1.330564	0.392912	0.717151	0.515339	0.756423	-0.189370
0.218687	2.028586	2.968277	-1.172605	-2.069450	-0.172697	1.848302	1.043411	1.189519	0.025406
-0.775585	1.960504	3.622827	-1.917642	-2.760172	0.480764	2.642805	2.431957	2.694912	0.850959
-1.604373	1.249095	2.862589	-2.592972	-3.340315	1.427885	2.373572	2.705454	3.403513	1.268196
-1.678190	-0.428184	0.722359	-2.955729	-3.471785	1.667808	1.085678	1.609689	2.494649	0.864723
0.104147	-1.236023	-1.325577	-2.141304	-2.554590	2.057632	-0.148910	0.840112	1.263001	0.863976
2.209369	0.235260	-0.966747	-0.405459	-1.388392	2.483184	-0.693583	0.745036	0.440371	1.178328
3.490134	2.076551	0.698526	1.177228	-0.515264	2.737881	-0.589674	1.003003	0.319480	1.462061
3.918779	2.849474	1.624421	2.067143	-0.074841	2.838268	-0.290227	1.170226	0.642281	1.847650
3.454805	2.229452	1.280404	2.206380	0.085738	2.736468	-0.162045	0.693762	0.579073	2.337810
2.910109	1.851871	2.226481	2.679756	0.932526	2.907336	1.294435	0.680538	1.111617	2.867931
1.821927	1.339365	2.763435	2.852643	0.831268	2.720446	2.464322	0.078897	1.137062	2.650975
0.273498	-0.014634	2.266802	2.025855	-0.017255	1.569798	2.608997	-1.444004	-0.273579	1.480918
-1.249740	-1.151197	2.209492	0.358523	-1.168094	-0.244787	2.619349	-2.859835	-2.178596	0.219795
-2.325035	-1.710216	1.451609	-1.707505	-2.304941	-1.876246	2.268552	-3.140903	-2.562395	-0.675931
-2.785847	-2.707253	-0.695391	-3.601453	-3.228127	-3.514749	0.969315	-3.311983	-2.540516	-1.951246
-2.773125	-2.996962	-1.344835	-4.707307	-3.365707	-4.830814	-0.829717	-2.799559	-2.601837	-3.212099
-2.537151	-1.357072	0.372833	-4.533687	-2.661839	-4.964092	-2.322393	-2.263225	-2.586002	-3.718373
-2.279704	-0.887158	0.242380	-3.731342	-2.524374	-3.710546	-3.215432	-2.580883	-3.053451	-3.367738
-2.104328	-1.513843	-0.863321	-2.722592	-1.058105	-1.487501	-3.162671	-2.838965	-3.509287	-2.040321
-2.029935	-1.352184	-1.103896	-1.339503	1.274999	0.573053	-1.831665	-0.923165	-1.979985	-0.120123
-2.036572	-0.109995	0.203002	0.021383	2.779978	1.765426	0.752557	1.671485	1.295807	1.298348
-2.079405	0.827011	1.192556	0.800510	3.036555	2.078601	2.663271	2.904536	3.154048	1.828334
-2.117288	0.651775	1.087686	0.598088	2.261853	1.431331	3.219273	2.762795	3.045510	1.381255
-2.137589	-0.223449	0.283293	0.129034	1.456131	0.105080	2.707987	1.401380	1.509471	0.323246
-2.150476	-0.701506	-0.375592	0.474075	1.009694	-1.049771	1.805802	-0.168100	-0.473658	-0.535810
-2.156423	-0.467514	-0.414704	1.599736	1.056935	-1.377648	1.136858	-1.186933	-1.489914	-0.764938
-2.155163	-0.011174	0.014146	2.808583	1.307920	-1.043067	0.990335	-1.710207	-1.021238	-0.550205
-2.153823	0.698957	1.679704	3.193320	0.955536	-0.941431	1.275099	-2.184252	-0.478799	-0.462494
-2.147778	1.562880	2.882753	2.397354	-0.010291	-1.770947	0.797370	-3.019794	-1.131306	-1.250794
-2.147931	1.829103	2.738415	0.667565	-1.231151	-3.169111	-0.457720	-3.952096	-2.809985	-2.103201
-2.151542	0.841084	1.092339	-1.539864	-2.402068	-4.640214	-1.899780	-4.654212	-4.859276	-2.907348
-2.157356	-1.289092	-2.090363	-3.620711	-3.305919	-5.897725	-2.999562	-4.855000	-6.382305	-3.807078
-2.168270	-3.289959	-5.525621	-4.932730	-3.878881	-6.238677	-3.496997	-2.989951	-5.670315	-4.296365
-2.179139	-3.654757	-5.935602	-5.163686	-4.175083	-5.306003	-3.499056	-0.110677	-2.653754	-4.136003
-2.183981	-3.086050	-4.422428	-4.632713	-4.270919	-4.245335	-3.272236	0.994496	-0.458528	-3.871364
-2.188034	-3.289133	-4.101306	-3.913178	-4.256685	-3.897207	-3.030686	0.137173	-0.420264	-3.872690
-2.196421	-4.083947	-4.495934	-3.381609	-4.193078	-4.200196	-2.884722	-1.696704	-1.864060	-4.102969
-2.202894	-4.629373	-4.781971	-3.128720	-4.116488	-4.259099	-2.834772	-3.003594	-2.758336	-4.038584
-1.671120	-4.377207	-4.355291	-2.903343	-3.732350	-3.701106	-2.657483	-2.895097	-2.147921	-3.571316
0.045403	-2.377649	-2.178762	-1.911779	-2.288970	-2.044793	-1.840088	-0.415731	-0.251290	-2.233784
0.785247	-0.449742	-0.553761	-0.508848	0.315097	-0.412053	-0.975965	1.482547	1.415470	-1.017380
0.380781	0.501801	0.465317	0.652283	2.308879	0.269254	-0.416235	1.318837	1.604775	-0.545752
-0.550286	0.656023	1.721666	1.316448	3.370096	0.259356	-0.148191	0.078985	0.623044	-0.559240
-1.513755	0.804165	2.774804	1.365925	3.343696	-0.015885	0.225666	-0.357891	-0.546067	-0.596401
-2.192140	1.111624	3.346973	0.618505	2.429778	-0.716237	0.188552	0.018573	-1.284467	-0.986554
-1.645748	2.051975	4.036901	-0.487913	1.265240	-1.350552	1.030514	-0.097289	-1.826580	-0.599612
0.545382	3.209569	4.636079	-0.810694	0.469250	-0.814205	2.518730	0.202606	-1.192544	0.500145
2.514774	3.888430	4.957509	-0.070784	0.113037	0.266073	3.588095	0.753039	0.201958	1.380126
3.572011	4.027250	4.803856	1.029172	0.065429	1.245793	4.080368	1.190149	1.298006	1.939996
3.969671	3.348636	3.802022	1.860661	0.155130	2.092755	3.929015	1.399000	1.748307	2.266684
4.019418	1.997447	1.799703	2.271771	0.276619	2.251470	2.936390	1.431436	1.695557	1.888271
3.921333	0.498335	-0.854665	2.352969	0.380204	1.886703	1.521989	1.374787	1.383331	1.129544
3.512634	-0.761113	-3.329866	2.129992	0.232762	1.181547	0.080029	1.030281	0.845346	0.222565
2.268179	-2.375973	-5.777486	1.269153	-0.489527	-0.328653	-1.423141	-0.306811	-0.615667	-1.260421
0.459026	-4.177947	-7.355287	-0.215566	-1.480005	-2.620888	-2.684421	-2.304514	-3.028176	-3.016289
-1.363704	-4.904933	-6.574287	-1.949093	-2.128954	-4.775520	-3.354597	-2.780715	-4.986148	-4.209477
-2.517411	-2.421195	-2.251350	-2.889471	-0.341003	-3.588685	-2.911146	-0.228626	-2.681770	-3.053774
-1.391691	1.879410	2.055738	-1.534900	2.217788	0.293672	-1.208063	2.781147	2.176563	-0.186202
1.082150	3.941064	3.677976	1.169710	3.808107	2.553785	0.602297	4.210096	4.507742	1.721842
2.430605	4.272007	3.836778	3.020192	4.244366	3.047224	1.405205	4.121160	4.730239	2.101803
2.941767	3.823088	3.294845	3.481892	3.836576	2.521621	1.222252	3.051557	3.569157	1.435365
3.310305	3.390593	2.694549	3.193735	3.086988	1.768208	0.736781	2.286383	1.701266	0.727749
3.059719	3.118072	2.077640	2.414474	2.154229	1.047019	0.046128	2.311004	0.211679	0.113244
1.960421	2.892387	1.656776	1.333588	2.180752	0.392219	-0.604615	2.291526	-0.357606	-0.413376
1.403932	2.926935	1.847267	0.958817	3.140176	0.576959	-0.363371	2.057120	0.338268	-0.058004
1.857755	2.723947	1.840322	1.688150	3.756565	1.573295	0.459435	2.100731	2.179064	0.927793
1.830872	1.733499	1.305678	2.128191	3.256043	1.921413	0.468256	1.820866	3.396649	1.012426
0.916350	-0.035615	-0.139371	1.538606	2.066783	1.352490	-0.436032	0.947233	3.425953	0.133563
-0.411956	-2.179110	-2.441650	0.125242	0.478502	0.307132	-1.677636	-0.070572	2.732704	-1.035838
-1.672625	-3.869574	-4.777749	-1.680849	-1.203459	-0.783832	-2.740376	-0.802912	1.740236	-1.991055
-2.507242	-4.181654	-5.606144	-3.362514	-2.654622	-1.454164	-3.335035	-0.403853	1.090158	-2.437523
-2.813675	-3.146403	-4.608283	-4.427239	-3.603707	-1.781004	-3.449572	0.865028	0.764670	-2.559396
-2.242751	-1.556373	-2.356991	-4.108773	-1.911768	-1.288105	-2.804575	2.021338	0.724388	-1.239886
-0.358737	0.572427	0.315157	-1.566837	1.440837	0.615994	-1.064087	3.148589	1.796601	0.828931
0.500546	1.456838	1.144920	0.921966	3.098484	1.720001	0.097039	3.446439	2.647271	1.556157
0.180798	1.143202	0.800957	1.873249	3.093973	1.607027	0.317831	3.115298	2.550197	1.037313
-0.684471	0.001808	-0.462022	1.382203	2.173404	0.670152	-0.028136	2.205562	1.700619	-0.105986
-1.604446	-1.653016	-2.485141	-0.033041	0.777975	-0.458441	-0.972102	0.804158	0.888207	-1.109977
-2.280979	-1.926543	-2.570859	-1.398923	-0.216036	-1.023789	-1.571833	-0.365861	0.958481	-1.417861
-2.224657	-0.201363	-0.912411	-1.431382	-0.615705	-0.563202	-1.331388	-0.485688	1.996346	-0.956030
-0.317039	0.838731	0.140554	-0.418035	-0.554832	0.543381	-0.780324	0.736603	3.161468	-0.133842
1.917286	1.118600	0.593310	0.894351	-0.181514	1.391695	-0.181019	1.806477	3.616927	0.480034
3.265519	1.372042	1.227637	2.354464	0.832331	1.814631	0.770972	2.227533	3.361639	0.971843
3.838136	1.409797	1.280150	3.391489	1.370804	1.915953	1.356122	2.182059	2.633365	1.243133
3.972852	1.559873	1.421407	3.584732	1.404893	1.806721	1.421234	1.812467	1.471649	1.788032
3.905077	2.200045	1.779266	3.208648	1.245687	1.724127	1.137661	1.404296	0.350561	2.414191
3.499544	2.605082	1.828132	2.481664	0.845641	1.854525	0.537349	0.863815	-0.383566	2.825777
2.254059	2.278499	1.157784	1.199181	-0.057692	1.680608	-0.561874	-0.542877	-1.536967	2.349868
0.441348	1.610251	0.252734	-0.545390	-1.077090	1.082837	-1.785173	-2.540999	-3.302539	1.096285
-1.388001	1.573157	0.502030	-1.382853	-0.933095	0.770589	-1.770636	-3.864936	-4.131414	0.213589
-2.569304	2.144698	1.349378	-0.196329	-0.116748	1.085404	-0.583781	-3.612924	-2.632235	0.255839
-1.487516	2.593064	1.892802	1.343698	0.338483	1.669959	0.226355	-1.940255	-0.523551	0.921033
1.006759	2.668540	1.983231	2.306934	0.660899	2.402506	0.569076	-0.002448	1.003207	2.225644
2.554171	2.026510	1.320488	2.762092	0.832526	2.841612	0.676394	1.021609	1.713376	2.769104
2.363755	0.292744	-0.624935	2.306193	0.238736	2.569223	-0.004755	0.648540	1.238697	2.105245
1.135991	-1.492631	-2.688644	0.931516	-0.771342	2.129778	-1.175889	0.922438	1.149218	1.133683
-0.475552	-1.914569	-2.654806	-1.008820	-1.871219	1.649678	-1.216690	2.033744	2.103808	0.663881
-1.918514	-1.292785	-1.270223	-2.998711	-2.834070	1.156831	0.224478	2.654055	2.662165	1.331316
-2.800580	-0.918125	-0.906379	-4.457834	-3.496266	0.509191	0.694955	2.619032	2.173593	1.807037
-3.051324	-0.880822	-1.098190	-4.737501	-2.611993	-0.024909	0.089792	2.283894	1.085655	1.843667
-2.898013	-0.703968	-0.933493	-3.035313	-0.911640	0.151669	-0.367400	1.542003	0.492993	1.535602
-2.622803	-0.253445	-0.321494	0.016791	0.530566	0.924953	0.040727	0.318154	0.428051	1.296980
-2.388030	-0.068081	-0.167947	2.317073	1.172709	1.106153	0.576038	-1.083623	0.344929	0.756031
-2.252721	-0.992342	-1.352152	2.825480	0.781841	0.149818	0.194540	-2.674219	-0.634908	-0.604938
-1.812035	-1.923149	-2.145347	2.358481	0.473413	-0.830880	-0.307030	-3.507192	-1.976265	-1.521182
0.045947	-1.641988	-1.689993	1.791595	0.395684	-0.032796	-0.329960	-2.093354	-1.951149	-0.715570
2.057901	-0.576670	-0.134253	1.470212	0.428449	1.472465	0.873967	-0.079123	-0.529653	0.870202
3.271721	0.401862	1.219096	1.450098	0.496515	2.450137	2.576384	1.117939	0.864902	2.068067
3.791432	0.956386	1.947135	1.620990	0.567671	2.626921	3.655742	1.642285	1.587033	2.427145
3.914527	1.444677	2.224225	1.835932	0.626707	2.399414	3.852550	2.509596	2.121929	2.280401
3.812792	2.212810	2.318087	1.986083	0.638274	2.062327	3.038000	3.424943	2.697667	1.756701
3.026669	2.115530	1.389868	1.713578	0.173419	1.319651	1.392084	3.322019	2.578578	0.684084
1.448987	0.596002	-0.857178	0.704586	-0.740159	-0.379792	-0.801962	1.726081	0.915924	-1.158022
-0.349796	-0.554429	-2.428123	-0.815612	-1.691431	-2.780302	-2.790812	-0.697085	-2.174526	-3.074483
-0.862616	0.621857	-0.900178	-1.953277	-1.973387	-3.567831	-3.406066	-0.664801	-3.995177	-2.787939
-0.895502	1.743017	0.228630	-2.377764	-2.269542	-2.859511	-3.112944	0.571184	-2.618056	-2.110177
-1.190840	0.986331	-0.579159	-2.557315	-2.707695	-2.840596	-2.806303	0.245521	-1.462338	-2.482207
-1.233337	-0.909891	-2.194608	-2.600059	-2.890163	-3.477335	-2.540976	-1.012516	-1.615310	-3.238998
0.208825	-1.897015	-1.959792	-1.794675	-2.132162	-2.810294	-1.090391	-1.088270	-1.351721	-2.455602
1.335057	-1.121712	-0.294038	-0.605164	-1.577292	-0.773780	1.241079	0.535036	0.713301	-0.426347
1.091383	-0.697371	0.346910	-0.198999	-1.756784	0.417466	2.595478	1.153859	2.224461	0.641871
0.073458	-0.985021	0.320246	-0.661070	-2.243258	0.864533	3.065314	0.737745	2.522502	1.001571
-1.144909	-1.494268	0.010694	-1.635308	-2.774589	0.715535	3.082419	0.014668	2.212950	0.890250
-2.139790	-1.966607	-0.404729	-2.712360	-3.228478	0.197240	2.919318	-0.726822	1.515978	0.563383
-2.697092	-2.476180	-0.818739	-3.462863	-3.413048	-0.831179	2.780271	-1.877073	-0.165156	0.018516
-2.835882	-2.936312	-1.184196	-3.634104	-3.457036	-2.205448	2.672862	-3.254316	-2.850437	-0.567281
-2.708050	-3.014970	-1.239175	-3.004337	-2.833651	-3.410421	2.397099	-4.199131	-5.589779	-1.075597
-2.512198	-1.572355	0.241421	-0.802638	-1.034973	-2.958274	2.925607	-3.776249	-5.270688	-0.420723
-2.370630	0.084550	1.513990	1.706440	0.529875	-0.951975	3.719209	-2.616312	-2.039053	0.863027
-1.825458	0.865368	1.671202	3.099229	1.131408	0.936511	3.538328	-1.161445	0.491417	1.533873
-0.198553	1.919146	1.876593	3.284464	1.077346	2.123906	2.388211	1.203834	1.923480	1.905199
0.629536	2.617450	1.764811	2.462047	0.418514	2.587421	0.515358	2.537252	2.265738	2.330163
0.403184	2.617416	1.195593	0.832026	-0.582867	2.572773	-1.593510	2.825109	1.721710	2.557853
-0.444164	1.720117	0.304628	-1.269479	-1.687960	2.253878	-3.290649	2.594056	0.621486	2.262693
-1.423900	1.157664	1.006813	-3.324403	-2.685047	1.715026	-4.092132	2.216939	-0.530711	1.325149
-2.195889	0.962674	1.515700	-4.745522	-3.428835	1.171623	-4.045499	1.891026	-1.175904	0.221867
-2.610264	-0.102574	0.363088	-5.151245	-3.844867	0.653781	-3.605302	1.005446	-1.600929	-0.752010
-2.711499	-2.095568	-2.143840	-4.730209	-3.969857	-0.389015	-3.170805	-0.865769	-2.620823	-1.917781
-2.636282	-3.990681	-4.709193	-3.658804	-2.517188	-1.938145	-2.591167	-3.050487	-3.883124	-2.986897
-2.508902	-3.201941	-3.401781	-1.326331	-0.403178	-2.664303	-1.020984	-4.064291	-3.584627	-2.663087
-1.742364	0.331907	0.696467	1.207046	0.828797	-1.888312	1.461425	-3.089465	-1.525316	-0.978251
0.374774	2.523436	2.477643	2.623085	1.315377	-0.433743	2.817300	-0.853280	0.495316	0.395583
2.315345	2.844285	2.678435	3.211194	2.492288	0.834017	2.828308	0.917303	1.728188	1.000170
3.381184	2.637704	2.971916	3.556409	3.784720	1.793055	2.399898	1.862335	2.372938	1.395559
3.504426	2.284567	2.986618	3.712008	4.519777	2.226094	2.218523	1.959912	2.421624	1.619954
2.486499	1.188779	1.947695	3.339720	4.547205	1.879832	2.178515	0.894530	1.411500	1.294775
0.757411	-0.745115	-0.398894	2.253497	3.793094	0.615484	1.289121	-0.968974	-0.727923	0.047063
-1.112976	-2.749759	-3.661299	0.582604	2.466821	-0.885512	-0.225417	-2.235889	-2.176789	-1.343393
-2.561486	-4.065539	-6.578361	-1.435913	0.774229	-1.170213	-1.915554	-2.194318	-1.259073	-1.802259
-3.266070	-4.024566	-6.664556	-3.066840	0.371476	-0.090017	-2.902027	-1.331800	0.824068	-0.607565
-3.186105	-2.635352	-3.937614	-2.977021	1.674126	1.205067	-2.510869	-0.271934	2.480248	1.294051
-1.376666	-0.499975	-0.698346	-0.877990	3.251026	2.246423	-1.002361	1.192212	3.578746	2.370601
1.189744	1.316889	1.267337	1.739303	4.325636	2.933057	0.609987	2.548606	4.281570	2.684923
2.883506	2.106535	1.999401	3.484196	4.937428	3.131485	1.605273	3.018892	4.250466	2.540972
3.330689	2.018896	1.801430	4.206245	5.148601	2.889377	1.882359	2.617735	3.378896	2.039648
2.684953	0.872216	0.449080	3.876082	4.648306	1.913859	1.240568	1.233894	1.198565	0.828459
2.327705	-0.311979	-0.832338	2.893335	3.757256	0.657075	0.343589	0.135085	-1.627425	-0.343921
2.075545	-0.743184	-0.347246	1.657189	2.529966	-0.419964	-0.475309	-0.389259	-3.325367	-1.133720
1.122340	-1.053788	0.710162	0.057198	0.901558	-1.871775	-1.471574	-1.449447	-4.085670	-2.243233
-0.278678	-1.239731	1.518641	-1.758124	-0.866064	-2.551176	-2.446337	-2.423805	-3.476522	-2.427431
-1.399856	-0.456396	2.376296	-3.305323	-2.281482	-2.479426	-3.013294	-2.613189	-1.781273	-2.187476
-0.846395	1.140213	3.092115	-3.419588	-2.488118	-1.393867	-2.575427	-0.953373	0.628841	-1.517248
-0.298871	1.428757	2.671028	-2.530807	-2.563453	-0.742456	-2.088813	0.476848	1.786397	-1.422336
-0.515119	0.131980	0.655915	-1.911713	-2.831547	-1.386333	-2.098867	0.151950	1.001695	-2.286208
-1.153198	-2.148797	-2.885326	-1.896476	-3.150322	-2.932343	-2.225517	-1.349200	-1.397015	-3.481418
-1.848690	-4.288090	-5.674251	-2.319807	-3.424590	-4.398121	-0.956880	-3.256768	-4.699690	-3.596603
-2.365878	-5.413826	-6.476687	-2.906386	-3.621839	-4.826378	0.277602	-4.811574	-7.885440	-2.938459
-2.616531	-5.724544	-6.270674	-3.405456	-3.701720	-5.101817	0.089992	-5.503374	-9.359572	-3.100030
-2.664043	-4.486543	-2.103503	-3.400560	-1.932254	-5.012411	-0.311270	-5.259855	-7.748505	-3.222139
-2.136023	-0.732806	1.914078	-2.235301	0.758947	-3.529895	-0.334252	-3.916524	-4.201805	-2.460971
-0.689117	1.958298	2.907426	-0.568619	1.502658	-1.753633	-0.367665	-1.905446	-1.122394	-1.650483
0.490308	2.329245	2.370334	0.388283	1.253700	-1.155587	-0.711291	-0.864512	-0.031601	-1.640255
1.773408	1.714788	1.143762	0.947786	0.960844	-0.386547	-0.749894	0.273665	0.590511	-1.157313
2.037587	0.341058	-1.095459	1.012590	0.306485	0.598570	-0.906591	0.599691	0.859879	-0.521023
1.172777	-1.728121	-4.016526	0.363144	-0.580859	0.612739	-1.371277	-0.178562	0.208862	-0.761574
-0.242598	-2.514184	-3.671690	-0.525079	-1.293954	0.238584	-0.594243	-0.762505	0.148817	-0.792872
-1.668349	-1.238810	0.133089	-1.561658	-2.073810	-0.548287	1.026592	-1.506513	-0.095439	-0.715495
-2.682657	-0.084332	2.416782	-2.570648	-2.368247	-1.186459	2.240081	-2.049913	-0.472436	0.036708
-3.115020	0.440915	3.224077	-2.961818	-1.288909	-1.031846	2.678746	-2.444638	-1.009666	1.306886
-3.091180	-0.035790	2.643896	-2.858034	-1.101584	-1.147778	1.788011	-3.056521	-2.200842	1.431088
-2.841062	-0.707030	1.248920	-1.946221	-0.640566	-1.009390	0.549078	-2.638193	-1.998674	1.228018
-1.857120	-0.031853	0.348918	0.400759	0.622040	0.368309	0.315792	-0.498392	0.969861	1.554098
-0.170690	0.679924	-0.315810	2.455316	1.317727	1.819678	0.557801	0.970729	2.718499	2.350411
1.687930	0.785272	-0.750045	3.259191	1.440735	2.267431	0.571624	1.595538	2.851788	2.392854
2.923972	0.579933	-0.874286	3.194216	1.322524	2.108956	0.396949	1.746837	2.115455	2.175100
3.507143	0.330813	-0.780709	2.702667	1.140517	1.825016	0.196824	1.672247	1.018810	2.157037
3.552853	0.289996	-0.424855	2.162371	1.073105	1.428930	0.133383	1.461324	0.121336	1.703413
2.649128	1.294258	1.007093	2.109751	1.354289	0.885695	0.846109	0.805433	-0.175088	1.028180
0.973108	2.608762	2.299147	2.412244	1.457547	0.405631	2.154902	0.426317	0.143897	0.669311
-0.912038	2.963823	2.255183	2.091334	0.803295	-0.343339	1.958197	0.772530	0.439763	-0.223276
-1.295350	2.508126	1.515867	1.221117	0.210956	-0.826793	0.906616	1.791736	0.782569	-1.029512
0.379108	1.772562	1.119104	0.628005	0.072024	-0.390426	-0.016929	2.457493	1.327842	-1.003934
2.169082	1.350208	1.806000	0.649733	0.181117	0.247507	-0.459399	2.417552	1.571530	-0.664025
3.194484	1.509035	2.704229	1.077025	0.366020	0.981277	-0.459615	2.471083	2.176419	-0.114453
3.352099	1.990351	3.009265	1.440632	0.324732	1.709712	-0.279067	3.200845	3.305226	0.553222
2.373862	1.419773	1.849940	1.080801	-0.333530	1.648269	-0.495663	3.092968	3.379342	0.985767
0.684747	-0.238196	-0.750377	-0.054348	-1.266914	1.036670	-1.280716	1.962687	2.437167	1.237124
-0.788663	-1.943485	-3.931414	-1.448077	-1.965492	0.421232	-2.038847	0.474772	0.946928	1.455528
