X1	X2	X3	X4	X5	X6	X7	X8	X9	X10
-0.922927	-4.322124	-2.741704	-2.185361	-1.962349	-4.581494	-1.456195	-2.922558	-2.804908	-3.942986
-0.541881	-3.530715	-2.624897	-2.085781	-1.880724	-3.126935	-1.434875	-2.467549	-2.635990	-3.482334
1.565919	-0.894290	-2.180965	-1.251323	-1.234182	-0.135831	-1.119388	-0.276423	-1.217787	-2.075254
3.830333	0.941714	-1.344164	0.183632	-0.354135	2.191462	-0.496627	1.794433	0.843067	-0.348750
4.377928	0.893329	-0.554632	1.137228	0.016327	2.807075	0.012889	2.273913	1.939767	0.651204
3.013447	-0.734465	-0.344258	0.923297	-0.353934	1.629695	0.023369	1.217576	1.315947	0.340812
0.385957	-3.071671	-0.668621	-0.142511	-1.023955	-0.799746	-0.356675	-0.657698	-0.436302	-0.852549
-2.428899	-5.071549	-1.259510	-1.466179	-1.627287	-3.778718	-0.869968	-2.683269	-2.582671	-2.335109
-3.924461	-5.803514	-1.889187	-2.497329	-2.015695	-5.560360	-1.316311	-4.089553	-4.242792	-2.741161
-3.294774	-2.928140	-2.289911	-2.924866	-2.180412	-4.335978	-1.600108	-4.468156	-4.749821	-1.067142
-1.664807	0.797609	-2.111362	-2.754404	-2.128465	-1.865293	-1.703131	-2.984646	-3.923117	0.963152
-0.444850	3.717869	-0.953904	-1.179363	-1.039649	0.751469	-1.242990	1.872301	-0.347043	2.133610
0.627054	4.487060	0.695618	1.174802	0.354899	3.052602	-0.235627	4.913048	3.661228	2.815730
2.623491	4.232310	1.839067	2.546346	1.112748	4.634050	0.670871	5.726350	5.520800	3.752605
4.275661	3.331766	2.462663	2.839222	1.216058	5.054058	1.811737	5.311952	5.402398	4.233702
4.311119	1.231009	2.475946	2.233861	0.715438	4.257977	2.353652	3.738374	3.866499	3.700917
2.608936	-0.805819	1.854458	0.809167	-0.117115	1.977854	1.871763	0.796393	0.701784	2.065274
-0.181009	-0.935963	1.018920	-0.756328	-0.334472	-0.677019	0.849862	-0.647840	-2.214896	0.164930
-2.844674	0.104256	0.352881	-1.954839	-0.711026	-0.685238	-0.280971	1.457454	-0.587407	0.139917
-2.389428	1.169167	-0.090492	-2.177398	-0.938824	1.094026	-1.090640	3.148535	1.604582	1.596377
1.477821	2.076015	-0.044927	-0.998931	-0.650572	3.149882	-1.179609	4.349121	3.100464	3.191146
3.305035	1.394727	0.066721	0.275409	-0.428285	3.420403	-0.873196	3.730264	2.953699	3.611967
2.742558	1.237745	0.174458	1.658548	0.360599	2.779446	-0.181485	2.445589	2.252856	2.977782
0.849690	1.466207	0.524342	3.092789	1.368753	2.126240	0.858301	1.090715	1.820083	2.039334
-1.392785	0.878050	0.846201	3.578013	2.111378	1.442775	1.653680	-0.393028	1.195724	1.077308
-2.637685	1.641010	0.939990	3.348156	3.465684	1.647696	1.860567	-0.891051	0.804365	0.554820
-1.666564	3.585764	1.456170	3.654643	4.389712	3.297290	2.087444	0.700396	2.162922	1.667060
-0.374039	4.263267	2.186104	4.113194	4.151627	3.815976	2.285677	1.487590	3.110067	2.612570
0.149329	3.812134	2.485847	3.678923	2.876084	2.867850	1.983638	0.925926	2.571623	2.283082
-0.027724	2.792960	2.200906	2.071716	0.914478	0.576059	1.124391	-0.555661	0.643963	0.865913
-0.539392	1.688252	1.593130	-0.225183	-1.074966	-2.243223	0.052144	-2.328583	-2.109306	-0.977977
-1.014732	0.922019	0.893489	-2.430836	-2.440057	-5.014669	-0.952840	-3.739296	-4.674098	-2.817191
-1.231095	-0.605698	0.167029	-3.707820	-2.948877	-6.867260	-1.674182	-4.365891	-5.882933	-4.244211
-1.125872	-2.873045	-0.675924	-3.686603	-2.810719	-7.184992	-2.036415	-4.182333	-5.339101	-4.977687
0.406873	-2.735650	-1.421024	-2.454748	-2.040165	-4.737505	-1.950084	-2.102293	-3.136179	-4.528853
2.980585	-0.669861	-1.610601	-0.448232	-0.732375	-0.458415	-1.346218	0.587601	-0.214959	-2.598742
3.841812	0.180365	-1.321304	1.223316	1.241930	2.008427	-0.577721	1.490741	1.435683	-0.606837
2.750524	-0.749336	-1.133340	1.620811	1.716856	1.975166	-0.212818	0.796170	1.261946	0.045533
0.495281	-2.411246	-1.348470	0.799976	0.901666	0.283362	-0.398138	-0.762336	-0.197732	-0.610866
-1.916410	-1.541002	-1.699470	-0.647166	-0.380855	-2.414126	-0.891489	-2.339639	-2.212923	-1.937961
-3.229515	0.414411	-1.731535	-2.061120	-1.559664	-5.053143	-1.431098	-2.546979	-3.586359	-3.296786
-2.820389	0.565994	-1.608039	-2.899840	-2.288579	-6.509834	-1.838644	-2.401011	-3.670566	-4.245616
-1.531349	0.271771	-1.533107	-3.006406	-2.513748	-4.919427	-2.042023	-0.819881	-0.914486	-4.202711
-0.507361	-0.950446	-1.500111	-2.639781	-2.307699	-2.568758	-1.715493	-0.268526	1.005882	-3.280713
-0.138890	-2.866984	-1.618150	-2.155419	-1.946474	-1.217853	-1.196733	-0.859288	0.833454	-1.598177
0.038376	-4.025364	-1.954456	-1.761163	-1.693378	-0.790025	-0.989980	-1.567833	-0.450487	-0.232070
1.533181	-1.878857	-2.125829	-0.963076	-1.119622	-0.038681	-0.870580	-0.719925	-1.138436	0.283350
2.355108	0.446969	-1.896701	-0.241434	-0.831123	0.100090	-0.829796	-0.371512	-1.308868	0.038279
1.693008	2.259250	-1.373897	-0.244108	-0.964037	-0.698833	-1.018799	1.106982	-1.012730	-0.900390
0.173749	2.740665	-0.732812	-0.411070	0.355662	-0.588905	-1.180337	2.392349	0.158342	-1.546428
-1.379757	3.173935	-0.101963	0.251089	2.792742	0.858613	-0.907212	2.223071	1.075985	-1.109289
-2.127919	3.759501	0.763704	2.384288	4.801185	2.974779	0.147629	1.990929	2.234850	0.736583
-1.772087	3.834981	1.655194	4.651166	5.872599	4.534242	1.599555	1.979441	3.396411	3.104567
-1.017536	3.666233	2.265472	5.886039	6.293308	5.113689	2.722704	2.042820	4.034857	4.269578
-0.481309	3.447173	2.581944	6.260122	6.386494	5.244490	3.320429	2.112822	4.200091	4.463342
-0.353418	2.691679	2.602914	5.939422	6.157265	4.883483	3.368794	1.796972	3.782691	4.066804
-0.524325	1.210529	2.170087	4.750304	5.622836	3.920738	2.773428	0.845183	2.492631	3.099584
-0.791534	0.294148	1.476808	3.188769	4.896689	2.626632	1.911960	-0.035946	0.947795	1.858312
-0.982365	-0.048310	0.874673	2.029761	3.575356	1.274707	1.260224	-0.175040	0.390428	0.712955
-1.022763	-0.351638	0.364123	0.772918	1.505291	0.251611	0.827405	0.654174	1.548983	-0.157473
-0.943584	-0.645531	-0.209471	-0.670043	-0.768762	-0.121563	0.199378	1.611831	3.115480	-0.754536
-0.844152	-1.088136	-0.854945	-1.944295	-2.490341	0.246289	-0.632521	1.999312	3.876188	-1.024083
-0.309824	-1.774700	-1.522410	-2.536130	-3.059178	0.542072	-1.390296	1.402830	3.174280	-1.101402
0.415181	-2.805120	-2.101175	-2.251691	-2.693312	-0.076304	-1.821145	0.038247	1.213132	-1.427965
0.422921	-4.146511	-2.653421	-1.802454	-2.255537	-1.768171	-2.023006	-1.903057	-1.809550	-2.249406
-0.127102	-5.123681	-3.173149	-1.603362	-1.993782	-3.914040	-2.105607	-3.701022	-4.919358	-3.248252
-0.818423	-5.503018	-3.606795	-1.676755	-1.908218	-5.752355	-2.138928	-4.696052	-6.654430	-4.110449
-1.260838	-5.387497	-3.921139	-1.889909	-1.944045	-6.700411	-2.162809	-4.734018	-6.203342	-4.698169
-1.304936	-5.087212	-4.110887	-2.088480	-2.014564	-6.662844	-2.184905	-4.225697	-4.567774	-4.974158
-1.083855	-3.960560	-4.177126	-2.201216	-2.069785	-6.131126	-2.202242	-3.679998	-3.184550	-5.026965
-0.842730	-3.004534	-4.046136	-2.232896	-2.099311	-5.640445	-2.213273	-3.361301	-2.573651	-4.982410
-0.716353	-3.211877	-3.885774	-2.210820	-2.111095	-5.402905	-2.223415	-3.274733	-2.596829	-4.927336
-0.716391	-3.292464	-3.506174	-2.126565	-2.068521	-5.351229	-2.226176	-3.262387	-2.888809	-4.882665
-0.785821	-1.331555	-2.870659	-0.973583	-1.105693	-3.781816	-1.807083	-2.306396	-2.085683	-3.919470
-0.865221	0.356977	-1.902313	1.367852	0.411652	-0.262470	-0.736493	-0.868150	-0.037982	-0.919052
-0.902991	-0.229839	-1.272675	2.509189	0.740436	1.389298	-0.025728	-0.678813	0.730303	0.961309
-0.418090	-1.418318	-1.319948	2.044494	0.186301	1.706588	-0.082492	-0.990758	0.116189	1.172540
1.740784	-0.791608	-1.449516	1.109783	-0.209408	2.470653	-0.392554	-0.155825	-0.300335	1.133449
2.959121	-0.123800	-0.739807	0.240341	-0.575291	2.571133	-0.703279	-0.030931	-0.602002	1.312922
2.319958	0.762161	0.747494	-0.315253	-0.793375	1.973573	-0.364626	-0.649464	-1.079367	1.793244
0.557674	0.912572	2.283741	-0.621487	-1.081800	1.139140	1.046025	-1.767148	-1.766822	2.435171
-1.427136	-0.009752	2.964587	-1.064366	-1.522703	0.910937	2.482151	-3.059132	-2.728125	2.974065
-2.617981	-1.411678	2.794319	-1.603936	-1.908907	1.549998	3.362153	-4.008496	-3.597228	3.402041
-2.482562	-2.214333	2.195997	-2.046969	-2.135701	1.749055	3.728699	-3.762656	-3.448223	3.504282
-1.537321	-0.922361	1.620827	-2.221349	-2.165966	2.007480	3.794260	-1.185863	-0.354444	3.503541
-0.676908	2.004816	1.922643	-1.090098	-1.201696	2.830129	3.868071	1.623704	3.246017	3.693738
-0.289697	2.802494	2.764903	0.658799	-0.273526	3.368808	3.461846	2.876518	4.839767	3.818916
-0.044951	2.359201	3.013178	1.191564	-0.299932	3.065999	2.241129	3.202722	5.022366	3.315303
1.648823	2.078608	2.569021	1.057536	-0.369728	2.845786	0.732815	3.717790	4.936657	2.407746
3.741634	2.089345	1.850911	1.033319	-0.179568	3.039226	-0.419461	4.201951	4.900788	1.669353
4.616478	1.633197	1.103324	1.144044	-0.032955	3.120443	-0.964560	4.049215	4.573881	1.304064
3.604249	-0.159767	0.247609	0.751526	-0.424720	2.220726	-0.990263	2.489739	2.879820	1.093600
1.152667	-1.892709	-0.405006	-0.231759	-1.029831	0.368880	0.072651	0.029468	-0.094536	0.620853
-1.814117	-0.869036	-0.410912	-0.977883	0.014353	-0.107253	1.790018	-0.792984	-0.959353	0.535754
-3.810644	0.252185	0.122344	-1.070173	0.819811	0.964303	3.144496	0.120448	1.279215	0.980336
-3.637648	0.712870	0.641107	-1.118348	0.458470	2.171912	3.757653	1.219374	3.269019	1.463987
-2.033832	1.093603	1.015984	-0.932110	1.026166	3.233620	3.949475	1.816200	4.066279	2.018748
-0.624924	0.806738	1.175763	-0.010883	2.739044	3.750698	3.778292	1.330536	3.492480	2.437290
-0.042974	0.085114	0.898658	1.124382	3.949879	3.400982	2.961038	0.235283	1.914825	2.184666
-0.143301	0.222979	0.657854	1.531603	3.641509	2.117325	1.624032	0.069876	-0.159263	1.218688
-0.589841	0.866838	1.027339	0.854748	2.128778	-0.143513	0.002089	1.102706	-1.542585	-0.353890
-1.049267	0.604216	1.612226	-0.495662	0.085477	-2.907798	-1.505312	0.610276	-2.520136	-1.698039
-1.273990	1.405898	2.137518	-1.717651	-0.860862	-3.685122	-2.468819	0.131823	-2.808732	-1.261055
-1.219460	1.866567	2.634248	-1.483425	1.074964	-0.565025	-2.456998	-0.092709	-1.617752	0.738628
-1.022340	1.430098	2.880255	-0.093720	2.869575	1.835351	-1.762379	-0.721148	-0.455094	2.283659
-0.848025	-0.527557	2.421588	0.660049	2.635584	1.720462	-1.265287	-1.892629	-0.481295	2.222057
-0.767618	-3.507683	1.257278	0.298511	1.262502	-0.083945	-1.278894	-3.197369	-1.512164	0.811620
-0.779223	-5.507724	-0.216680	-0.731960	-0.462614	-2.959517	-1.373244	-4.135925	-2.910354	-1.359668
-0.849304	-3.289427	-0.897630	-1.851419	-1.826806	-4.776066	-0.450641	-3.003236	-2.445513	-2.938253
-0.924656	-0.848691	-0.834938	-2.087673	-0.631302	-2.320664	0.646700	-0.509887	0.606534	-2.568061
-0.964230	-0.536690	-0.787875	-1.095664	1.321510	0.178314	0.958470	0.172007	1.958341	-1.415592
-0.967008	-1.063967	-0.836099	-0.384287	1.356517	0.084389	0.425896	-0.601559	1.222673	-1.274107
-0.950476	-1.368965	-0.362144	-0.499591	0.342816	-1.588159	-0.576955	-2.056622	-0.807899	-2.126622
-0.938552	-1.448339	0.457199	-1.164609	-0.958565	-4.064451	-1.624320	-3.578956	-3.391720	-3.429915
-0.929415	-0.742189	1.254515	-1.621383	-1.726368	-5.623636	-2.285686	-4.236480	-5.074562	-3.946625
-0.917833	-0.443857	1.856719	-1.503003	-1.928592	-4.426151	-2.410481	-4.144872	-4.913770	-2.362488
-0.914928	-0.644426	2.145227	-1.424077	-2.065140	-3.371103	-2.368985	-4.027106	-4.101050	-1.220640
-0.927901	-1.184270	2.168705	-1.595760	-2.189207	-3.602836	-2.367905	-3.938570	-3.479263	-1.491990
-0.935720	-2.529979	1.663286	-1.910782	-2.279900	-4.562208	-2.430073	-3.681790	-3.213279	-2.615925
-0.936863	-2.151060	0.635025	-2.207800	-2.326543	-5.049111	-2.519628	-0.811885	-2.351646	-3.826994
-0.927586	-0.445454	-0.428805	-2.371562	-2.329702	-3.099719	-2.593581	2.142618	-0.602577	-3.994296
-0.926190	1.239151	-0.585045	-2.402744	-2.321321	-1.221081	-2.637577	3.572582	0.832976	-3.339949
-0.925571	2.412674	0.458902	-2.353014	-2.302094	-0.459859	-2.138555	4.247357	1.875171	-2.560775
-0.144418	3.173647	1.958585	-2.065170	-2.085006	0.166616	-0.341928	4.592950	2.430245	-1.372597
2.234798	3.551156	2.908398	-0.978027	-1.322620	1.738251	1.848785	4.950520	2.929042	0.819192
3.587061	3.317614	3.153795	0.179335	-0.753189	2.683659	3.301953	4.416512	2.801087	2.633634
3.361440	2.849315	2.923547	0.509598	-0.724997	2.451391	3.868564	2.790569	1.453683	3.192683
3.298578	2.367296	2.614438	0.625022	-0.563493	2.047708	4.029404	1.074691	-0.012749	3.011782
3.699095	2.339088	2.706506	1.000837	-0.162526	2.029415	4.077696	0.196299	-0.576254	2.805348
4.147371	2.659867	2.987042	2.125878	0.735964	2.441600	4.266497	1.052137	0.601843	2.644238
3.607237	2.376714	2.975381	2.662310	0.814623	2.266165	4.313199	2.288431	1.686846	2.230945
1.686620	1.809810	2.603253	1.871453	0.004801	1.226938	3.997952	3.226991	1.921240	1.352447
-0.961307	1.410179	1.894499	0.336744	-0.885848	0.441854	3.054292	3.784535	1.763164	0.710396
-3.115947	2.391733	1.195268	0.030155	-0.499515	1.833981	1.840784	4.293112	2.238274	1.554686
-3.550565	3.483367	0.984073	1.596373	0.655610	3.434589	0.960462	4.667794	3.173087	2.913261
-2.412792	3.678533	1.341462	3.033680	1.247976	4.024499	0.482752	4.723894	3.713639	3.687675
-1.007486	2.899402	1.898064	2.856888	0.661841	3.460356	-0.126594	3.919344	3.042166	3.590024
0.907705	1.801289	2.265570	1.604084	-0.210182	2.217947	-0.840977	2.330112	1.316710	2.983191
3.241395	1.279561	2.536116	0.472751	-0.570297	1.205045	-1.230311	0.855289	-0.377300	2.329200
4.557136	1.438736	2.753644	0.356761	0.391070	1.419186	-1.126594	0.168884	-0.919477	2.209318
4.017924	0.317742	2.568216	0.755028	1.143071	1.675280	-0.875773	-0.798919	-0.930767	2.348378
1.859527	-2.154167	1.637735	0.467711	0.584484	0.904493	-1.005214	-2.363553	-1.644155	2.114389
-1.141946	-4.394411	0.310304	-0.501240	-0.563971	-0.624255	-0.898335	-3.774741	-2.730576	1.465366
-3.598449	-4.285169	-0.939949	-1.683763	-1.708257	-2.059594	-0.498592	-2.808605	-1.748270	0.324305
-3.741828	-3.055896	-2.001355	-2.557656	-2.444415	-2.455429	-0.575879	-0.878823	0.623374	-1.030227
-1.020776	-2.383894	-2.762448	-2.497992	-2.439460	-2.207856	-0.982337	-0.162428	1.363756	-2.202521
0.816041	-2.702115	-3.272535	-2.036267	-2.304548	-2.615751	-1.352080	-0.669107	0.565578	-3.209347
0.993761	-2.121368	-3.239701	-1.796616	-2.270900	-2.477011	-0.943391	-0.493488	0.388518	-3.347346
0.179526	-1.378334	-2.749002	-1.878426	-2.311168	-2.231158	-0.655445	-0.668602	0.456425	-3.045549
-0.914061	-0.315848	-2.247394	-2.145952	-2.388577	-3.047355	-0.929249	-1.770158	-0.571629	-3.259232
-1.673980	-0.637432	-2.070986	-2.423812	-2.457812	-4.572745	-1.553412	-3.219778	-2.388314	-3.966834
-1.789464	-2.244342	-2.348494	-2.589193	-2.502933	-6.152048	-2.215726	-4.433163	-4.270280	-4.814869
-1.435506	-3.736329	-2.820936	-2.628579	-2.523130	-7.167805	-2.707263	-4.322753	-5.292511	-5.493646
-0.989200	-3.430865	-3.194820	-2.577317	-2.505190	-6.760437	-2.958310	-2.003464	-4.276490	-5.616632
-0.720188	-2.570874	-2.751370	-2.495246	-2.489320	-5.209185	-3.010133	-1.476411	-3.066415	-4.337297
-0.690346	-1.816134	-1.441910	-2.438648	-2.481941	-3.574061	-2.957529	-2.086202	-2.718243	-2.199243
-0.467073	-1.195819	-0.114111	-2.342545	-2.402741	-3.081812	-2.833452	-2.732580	-2.886407	-1.358493
1.455044	-0.023796	0.656111	-1.564802	-1.775287	-1.784064	-1.751650	-1.503862	-2.084816	-1.043653
3.077000	1.333909	1.061316	-0.330670	-0.705791	0.357482	0.413736	1.431599	0.503617	-0.239505
2.731805	1.450930	1.039706	0.205416	-0.304207	1.058446	1.581045	3.070547	2.155009	0.201170
1.024847	0.170761	0.457711	-0.238148	-0.765156	0.650577	1.264400	2.675251	1.861965	0.362663
-1.166476	-0.829951	-0.030012	-1.246282	-1.545493	0.540325	0.089242	1.414600	0.180793	0.871458
-2.715433	0.261624	0.306103	-2.291231	-2.242079	1.234189	-1.044239	1.357801	-1.332696	1.700685
-1.498583	2.522667	1.502579	-2.576154	-2.308614	1.958223	-0.593411	2.238960	-1.159132	2.372053
2.111300	3.525925	2.818493	-1.430516	-1.562349	2.335882	1.204043	2.427742	-0.005816	2.719376
4.518798	3.430042	3.576006	0.215380	-0.714562	2.384729	2.672703	2.128216	0.817206	2.833866
5.311197	2.734389	3.708465	1.363278	-0.173464	1.955886	2.834084	1.670732	1.112344	2.277837
5.167977	1.632425	3.254625	1.812352	0.048508	1.359294	2.046900	1.268950	1.028187	1.326848
4.581786	1.350216	2.456528	1.777831	0.073664	1.274350	1.269816	1.039346	0.772649	1.117363
3.316299	0.431551	1.695001	1.298341	-0.234110	1.334468	1.434448	0.285364	0.122926	1.751967
0.915080	-1.766790	0.789746	0.168454	-1.005564	1.077699	1.641385	-1.427309	-1.421647	2.189918
-1.895166	-4.742285	-0.462607	-1.321150	-1.881329	1.011252	1.031938	-3.505110	-3.456193	2.307133
-3.267864	-6.336783	-1.877917	-2.509138	-2.416372	1.278520	-0.137722	-4.688951	-4.928311	2.306200
-2.554422	-6.695244	-3.176699	-2.973916	-2.618748	1.534215	-1.413840	-5.022400	-5.257084	2.269054
-1.227425	-6.386774	-4.226579	-2.922089	-2.687047	1.533796	-2.466789	-4.885317	-4.881074	2.169310
-0.389291	-3.855190	-4.863213	-2.707858	-2.708590	0.934765	-3.111810	-2.188951	-3.631483	1.846111
-0.238463	-1.101192	-4.834181	-2.520219	-2.669290	-0.372049	-3.335868	1.249327	-1.420214	0.866537
-0.535247	1.330520	-3.997959	-1.442253	-1.612423	-1.358465	-2.881469	2.839472	0.780314	-0.463337
-0.961182	3.012380	-2.289608	1.342227	1.609711	-0.219021	-1.405705	2.884317	2.229592	-0.882628
-1.241939	3.783582	-0.413359	3.982292	4.212567	1.698562	0.401195	2.327366	2.940115	-0.023630
-0.799475	4.151025	0.966826	5.374264	5.395507	2.850276	1.743355	1.839924	3.221868	1.120653
1.560769	4.285880	1.881110	5.984467	5.819672	3.581946	2.589682	2.220068	3.582692	2.140157
3.830844	3.643655	2.189282	5.740837	5.138818	3.583423	2.738508	2.739344	3.622580	2.494905
4.441239	2.747644	1.862711	4.306692	3.417397	3.003965	2.003249	3.839390	3.746210	2.080187
4.337285	2.156518	1.267927	2.033246	1.235497	2.221633	0.839721	4.638107	3.686620	1.390318
3.277340	2.207273	0.857718	-0.270654	0.102493	2.076115	0.305672	5.074192	3.889299	1.545382
0.988228	2.244262	0.708203	-1.390671	1.159781	2.646650	0.394325	5.076028	4.314289	2.431507
-1.751548	1.437078	0.390855	-1.044594	1.762880	2.707849	0.261185	4.125027	4.055320	2.902160
-3.577067	1.147508	0.010408	0.885576	2.775395	2.591267	0.220830	2.596828	3.124938	3.011717
-2.175728	1.107886	-0.198901	2.777643	3.870858	2.687136	0.375942	1.175640	1.919884	3.054207
1.849959	1.186192	-0.242706	3.673039	4.269280	2.748101	0.668933	0.496862	0.939563	2.803903
3.685839	0.516947	-0.158875	3.256513	3.313688	2.032971	1.306211	-0.038314	-0.178315	2.104320
3.648487	0.723003	-0.174323	1.738181	1.532234	1.048309	1.622694	1.447187	-0.631094	1.480173
3.603378	1.804696	0.095640	0.190853	-0.118137	1.165403	2.032086	3.049082	0.461203	1.806058
3.518316	1.813373	0.478152	-0.574622	-1.155673	1.750320	2.354124	2.964655	1.120509	2.458551
2.291608	0.757387	0.320147	-0.995992	-1.832869	1.246975	1.772115	1.429290	0.324548	2.279669
0.405813	-0.676412	-0.351540	-0.987942	-0.447293	0.188636	0.602228	-0.693425	-1.068249	1.197218
-1.301328	-1.577754	-1.109140	-0.171099	1.999188	-0.146327	-0.468581	-2.246427	-1.540067	0.009526
-2.267132	-1.946216	-1.731308	0.805137	3.483917	0.070515	-1.104299	-2.955607	-1.215687	-0.821721
-2.208019	-1.921511	-2.162255	1.428985	4.095337	0.345048	-1.270184	-2.980594	-0.881994	-1.173462
-1.542988	-1.844020	-2.414327	1.609306	4.166443	0.465605	-1.158617	-2.672161	-0.767406	-1.170771
-0.909224	-2.791376	-2.682946	1.110664	3.178812	-0.311412	-1.176661	-2.797168	-1.286962	-1.446172
-0.614354	-4.203951	-3.171832	-0.154531	1.233308	-2.267391	-1.553843	-3.172787	-2.337343	-2.416925
-0.636703	-4.486727	-3.649528	-1.752226	-1.064607	-4.001553	-2.135968	-2.676613	-2.279440	-3.463701
-0.825991	-3.259186	-3.884693	-2.792735	-1.630149	-3.641398	-2.580903	-1.541572	-0.808667	-3.743279
-1.029290	-2.686342	-3.835244	-2.395406	-0.308622	-1.783008	-2.577687	-1.251593	0.066941	-3.032099
-1.131120	-3.521674	-3.875484	-1.728676	-0.164906	-0.592322	-2.498387	-2.012361	-0.581821	-2.298180
-1.116437	-3.624434	-4.108769	-1.610058	-0.910688	-0.144875	-2.574506	-2.162087	-1.616144	-1.894865
-1.040898	-1.637618	-4.143135	-1.879646	-1.777484	-0.266290	-2.731348	-1.671248	-2.125035	-1.867528
-0.958804	-0.223845	-3.651517	-1.090187	-1.480345	0.287113	-2.359043	-1.324103	-1.726318	-1.437718
-0.913371	-0.310877	-2.717260	0.125532	-1.042180	0.934267	-0.976754	-1.641290	-1.291675	-0.549391
-0.900288	-0.588128	-1.270181	0.265797	-1.214965	1.026980	0.723961	-2.635870	-1.840651	0.081825
-0.460351	-0.815799	0.199963	-0.449354	-1.658084	0.850376	1.407926	-3.362552	-2.800481	0.209824
-0.159557	-1.329367	1.075207	-1.547939	-2.189481	0.662843	0.859513	-4.036177	-3.816225	0.325442
-0.306362	-1.593326	1.465820	-2.601804	-2.522850	0.744310	-0.201891	-4.561459	-4.624698	0.902917
-0.723163	-1.492874	1.571051	-2.759353	-0.949556	1.445826	-0.910851	-4.349999	-4.453879	1.755864
-1.124054	-2.477783	1.058055	-2.018016	0.268397	1.775782	-1.374511	-3.906642	-3.566672	2.023169
-1.303942	-3.318804	-0.055891	-1.576918	-0.056739	1.530584	-1.885818	-2.611746	-1.865125	1.433099
-1.246971	-3.764449	-1.427346	-1.750007	-1.087499	1.210808	-2.437416	-1.255971	0.143774	0.515481
-1.070969	-4.799509	-2.826649	-2.295975	-2.184055	0.416454	-2.905704	-1.491350	0.193359	-0.621243
-0.931042	-3.656793	-3.999564	-2.729312	-2.816001	-1.284348	-3.159379	-1.540260	-0.834048	-2.072117
-0.887397	0.484424	-4.031476	-1.865940	-2.227647	-1.621253	-2.811055	1.770088	0.778382	-2.694879
-0.919862	2.051289	-3.088228	-0.759253	-1.142349	-0.389413	-2.306092	3.768145	3.162475	-2.090849
-0.974638	2.767525	-1.846697	0.088817	1.101160	1.113757	-1.858044	4.037444	4.208011	-0.908472
-1.001320	3.106774	-0.307939	0.718680	2.861396	1.986803	-1.454437	3.592292	4.354851	0.114403
-1.002473	3.113881	1.172364	0.905010	3.194709	2.228317	-1.231630	3.393281	4.093093	0.774551
-0.995826	2.395698	1.947710	0.225532	2.042913	1.658663	-1.440084	3.237033	3.057486	1.095320
-0.981258	1.196383	1.827183	-1.116711	0.097420	0.137164	-1.994621	3.017999	1.243205	0.559197
-0.971522	0.157170	1.464254	-2.580360	-1.952483	-2.231832	-2.631524	2.116246	-0.910486	-0.802025
-0.964141	0.894248	1.373330	-3.609159	-3.423286	-3.985802	-3.135221	1.185124	-1.194969	-2.347892
-0.963192	2.285353	1.650847	-3.932920	-4.010846	-3.464776	-3.420479	1.691238	0.970470	-3.233334
-0.956893	2.370690	1.744364	-3.709392	-3.908966	-2.298041	-3.514789	1.490216	2.268358	-3.390251
-0.950144	1.626062	1.224331	-3.314428	-3.545374	-2.628436	-3.490623	-0.046501	1.479182	-3.711980
-0.957232	0.378014	0.259031	-2.889521	-3.093356	-4.019390	-3.375989	-2.332461	-0.733937	-4.364466
-0.977187	0.608131	-0.542750	-1.302577	-1.704865	-4.245105	-2.706995	-3.427037	-2.549886	-4.382481
-0.977161	1.881815	-0.048043	1.142513	0.622924	-1.839283	-1.034051	-0.975674	-1.611168	-2.835394
-0.961804	2.684038	1.294875	2.427822	2.140712	0.273121	0.672587	1.303973	0.249158	-0.935194
-0.940064	3.053722	2.118175	2.016244	2.006883	0.611712	0.979344	2.956259	1.541484	-0.374030
-0.927564	2.976054	2.146855	0.891523	2.278797	1.240813	0.402958	4.173534	3.187886	-0.083581
-0.932878	2.314515	1.757145	0.023682	2.822093	2.000453	0.149798	4.236393	4.105043	0.673721
-0.950644	0.726520	1.089142	-0.594328	2.302028	1.898570	0.225177	3.436905	4.046429	0.960120
-0.974855	-1.441857	0.031251	-1.415622	0.741977	0.624821	-0.195621	2.113980	2.852480	0.211990
-0.992000	-1.525703	-0.908614	-2.365954	-1.220267	-1.333925	-0.351996	1.765822	1.035618	-0.979571
-0.976197	0.293197	-1.077889	-3.046915	-2.379833	-1.902308	0.406700	2.799027	0.853900	-1.421654
-0.942680	1.527668	-0.508058	-2.365453	-1.080518	-0.133756	1.690248	3.299321	2.350125	-0.537397
-0.464797	2.336259	0.377349	0.083225	0.503009	1.520580	2.965879	3.348680	3.670569	0.744260
1.650445	2.820286	1.254015	2.766598	1.684010	2.424619	3.935956	3.156801	4.020748	1.748656
3.825031	3.037915	1.915372	4.383372	2.363697	2.786366	4.516692	2.917963	3.765572	2.307292
4.918372	3.103987	2.321902	4.992817	2.651154	2.870634	4.775576	2.807041	3.322651	2.539613
5.106124	3.248755	2.556866	5.020260	2.700315	3.076508	4.829035	3.264873	3.556450	2.851341
4.787153	3.223749	2.682743	4.792899	2.646305	3.272908	4.785772	3.473769	3.811171	3.338389
4.301093	2.743053	2.654728	4.319391	2.298857	3.084888	4.642137	3.158752	3.436207	3.402216
3.525128	1.414026	2.318885	3.090311	1.249038	2.167015	4.228229	2.032593	2.032543	2.780201
2.956483	0.096947	1.742490	1.248033	-0.013258	0.720972	3.675341	0.752665	-0.122841	1.661806
3.219345	0.458928	1.223651	0.332249	-0.265684	0.123390	3.157272	0.523546	-1.155185	0.762190
3.888669	1.927987	1.144054	1.695325	0.711945	1.258647	2.606083	1.443082	0.385812	1.035081
4.387189	3.126019	1.766641	3.598780	1.748847	2.441547	2.117736	2.929932	3.064448	1.695438
3.829422	3.450702	2.532834	4.529707	2.154917	2.876117	1.700520	3.647169	4.586786	2.026557
1.837819	3.215863	2.916246	4.455370	2.000894	2.533421	1.259779	3.329548	4.689760	1.760407
-0.938301	2.843944	2.754108	3.847851	1.652630	1.518653	0.864996	2.158626	3.696582	0.982941
-3.229558	2.536218	2.240964	3.140743	1.335605	0.136100	0.600453	0.523086	1.870139	0.006099
-3.705295	2.039522	1.649743	2.658892	1.121577	-1.002204	0.500100	-0.905602	-0.164297	-0.796006
-2.251349	0.975121	1.112992	1.960063	0.449403	-1.353515	0.630917	-0.958665	-0.696596	-1.153406
0.978334	0.330692	0.448396	0.846105	-0.445524	-0.390647	0.487489	0.946556	1.151575	-0.962715
2.925543	0.432709	-0.250453	-0.365083	-1.329327	0.929015	-0.127078	3.085550	3.160846	0.040970
2.608887	0.562578	-0.899050	-1.717580	-2.279304	1.544029	-1.105208	4.099710	4.087808	1.139059
0.944784	0.491151	-1.088719	-2.955705	-3.051839	1.406327	-1.432560	3.839907	4.019654	1.608849
-1.144154	0.566570	-0.218472	-3.739142	-3.473341	0.725657	-0.548132	2.917140	3.378429	1.345282
-2.596297	1.006222	0.881499	-3.444684	-3.127248	0.277490	0.128088	1.896507	2.722663	1.081907
-2.694628	1.936279	1.785820	-1.079449	-1.492919	0.929133	0.382291	1.628668	2.892838	1.470093
-1.797109	2.412870	2.397239	1.599001	0.092039	1.561389	0.470869	1.767242	3.399989	1.736719
-0.850469	2.033670	2.456496	3.131197	0.990049	1.614672	0.505549	1.309808	3.120684	1.445757
-0.367774	1.328314	1.954647	3.652214	1.535475	1.351217	0.542861	0.535385	2.173585	0.879403
-0.298709	1.147229	1.262618	3.874188	2.799520	1.325731	0.759936	0.164387	1.335840	0.498655
-0.323819	1.000860	0.663922	3.957986	3.284993	1.301833	1.047217	0.084968	0.968855	0.407242
-0.526550	0.800611	0.137132	3.709625	2.857727	0.842719	1.104218	0.080973	0.924756	0.137625
-0.808047	1.075857	-0.225161	3.289111	2.109364	0.685196	0.967604	1.044366	2.096179	-0.037291
-0.767338	1.536411	-0.275210	3.001131	1.749191	0.945581	1.051773	1.744331	3.096254	0.128899
1.142985	1.970250	0.238656	3.154096	2.339695	1.768331	2.056794	2.196396	3.268121	0.930845
3.295086	1.392013	0.744974	2.815335	1.946971	1.826018	2.980072	1.846498	2.401389	1.385547
3.387993	-0.210140	0.637743	1.605505	0.752188	0.678593	2.912938	0.437324	0.343346	0.834387
1.844712	-0.903534	0.103927	0.781584	0.160358	-0.773945	2.124829	-0.888743	-1.562206	-0.215198
-0.503744	-0.405896	-0.345634	1.217592	0.296234	-1.354032	1.406142	-1.479443	-1.802825	-0.756740
-2.542862	0.486648	-0.271389	2.233804	0.670618	-0.899367	1.718466	-1.365379	-0.663886	-0.472168
-3.162558	0.954801	0.200350	2.965023	0.909632	-0.166845	2.685283	-0.993069	0.489117	0.183272
-2.328434	0.291533	0.582094	2.654830	0.378873	-0.284910	3.309851	-1.384812	0.412184	0.424651
-1.127764	-0.875527	0.892586	1.082255	-0.863493	-1.577211	3.323772	-2.555944	-1.045190	-0.120885
-0.387777	-2.597883	0.873712	-1.281345	-2.243439	-3.319327	3.003798	-3.928989	-3.342052	-1.038727
-0.245112	-4.089343	0.479930	-3.633794	-3.234740	-4.633171	2.620741	-4.969328	-5.598829	-1.839635
-0.481377	-3.621713	-0.013818	-4.633986	-2.049720	-4.367779	2.422538	-4.948561	-6.312517	-2.104069
0.287848	-0.891268	-0.181912	-2.745022	0.925969	-0.686271	2.635913	-2.552559	-3.819283	-0.891569
2.604152	0.660906	0.087610	0.090620	2.064302	2.056215	3.060367	0.061802	-0.536764	0.929070
4.333496	0.911580	0.322010	1.527468	1.639663	2.795126	3.107262	1.350425	0.979555	1.841932
4.122326	0.218911	0.071640	1.340342	0.342640	2.381723	2.243447	1.932053	1.093582	1.643833
2.220203	-1.502101	-0.574661	-0.072977	-1.364390	0.726722	1.047937	1.008481	-0.108785	0.600115
-0.626546	-3.459750	-1.165892	-2.052749	-2.895011	-1.750107	0.603534	-1.014786	-2.366178	-0.039746
-3.138736	-4.980069	-1.520947	-3.828462	-3.809486	-3.963755	0.748581	-3.557600	-4.932611	0.124481
-3.867591	-6.192239	-2.034772	-4.722041	-4.048860	-4.154294	0.426274	-5.718575	-6.738673	0.530241
-2.678680	-5.840546	-2.637992	-4.490832	-3.771245	-1.692552	-0.092740	-6.467285	-6.871234	1.155921
-1.079097	-2.626232	-2.948230	-2.360759	-2.194665	0.825598	-0.429671	-4.578391	-4.217406	1.858099
-0.166978	-0.279522	-2.663798	0.708989	-0.148794	1.762757	-0.333556	-1.969378	-0.742705	2.185020
-0.039844	0.523501	-2.052287	2.704752	1.869707	1.760811	-0.006072	-0.474705	1.141034	1.829087
-0.384527	1.254165	-1.205861	3.388342	3.361651	1.489088	0.243066	0.116399	1.643637	1.115903
-0.835293	1.935638	0.245282	3.717871	4.275090	1.534205	0.628062	0.527447	1.865168	0.690628
-1.119905	1.360632	1.160992	3.397674	4.397000	1.319279	0.714394	0.143220	1.352544	0.350911
-1.145916	0.181678	1.293784	2.268493	3.733060	0.510707	0.278984	-0.910169	0.005095	-0.264148
-1.003588	-1.731707	1.122280	0.276689	1.962125	-1.523833	-0.657597	-2.581164	-2.250257	-1.533794
-0.830908	-3.926416	0.447115	-2.031252	0.146073	-4.273449	-1.766744	-4.071125	-4.651942	-3.187032
-0.737273	-4.084204	-0.558590	-3.039548	0.463339	-4.586554	-2.419052	-4.227674	-5.208109	-3.879583
-0.747736	-1.632286	-1.080004	-2.012862	1.885540	-2.090846	-2.381945	-2.647321	-2.803102	-3.084344
-0.815262	-0.000613	-0.518760	-0.518635	2.433308	0.028916	-2.022913	-0.684779	0.479584	-1.720035
-0.876171	-0.137694	0.299510	-0.159557	1.471166	0.007302	-1.949762	-0.736025	1.000134	-0.968082
-0.712916	-0.754872	0.829027	-0.881489	-0.261575	-1.009248	-2.245057	-1.685692	-0.295879	-0.492635
0.537645	-0.822770	1.157391	-1.765242	-1.826508	-2.074858	-2.552962	-2.037583	-2.022784	-0.552069
1.159824	-1.061436	1.311386	-2.483751	-2.982948	-3.290559	-2.798791	-2.318053	-3.701920	-1.380885
0.726886	-0.656353	1.370486	-3.064290	-3.651314	-2.950957	-3.054567	-0.998562	-4.084920	-2.231737
-0.249201	-1.484356	1.204254	-3.445100	-3.838350	-1.671204	-3.283761	-0.979592	-3.766648	-2.582647
-1.169502	-2.977891	0.418938	-3.601132	-3.735122	-0.766236	-3.443218	-1.962169	-3.717889	-2.508097
-1.588426	-2.420484	-0.745250	-3.586402	-3.551913	-0.193125	-3.522947	-3.292134	-3.978371	-1.553169
-1.449810	-1.340468	-1.850983	-3.491910	-3.405747	-0.441064	-3.538215	-4.464293	-4.346441	-0.349342
-1.049225	-0.735893	-2.639764	-2.758252	-2.762669	-0.925027	-3.268055	-3.843241	-3.818843	0.505631
-0.703827	0.300124	-2.810486	-1.518485	-2.029093	-0.808847	-2.721643	-0.059952	-1.683184	1.109430
-0.558377	1.992267	-1.580393	0.145478	-0.928111	0.688832	-1.884130	2.927275	1.052474	1.786764
-0.607968	2.666067	0.043903	1.837612	0.185898	1.629061	-0.851415	4.176354	2.798358	2.024345
-0.715247	2.154224	0.795897	2.798321	0.737513	1.483758	-0.068538	3.880451	3.072144	1.519496
0.093588	1.193113	0.667681	2.833212	0.736249	0.699763	0.186062	2.768475	2.282676	0.459093
0.838933	0.661439	0.278688	2.727689	0.834300	-0.018039	0.302481	1.371954	1.290344	-0.505345
0.656545	1.709462	0.467900	2.712415	0.952714	-0.263893	0.467332	1.653720	1.050576	-0.973164
-0.123983	2.877151	1.542404	2.775480	1.032727	0.207116	1.272945	2.992492	1.798355	-0.563448
-0.975189	3.483108	2.720734	2.854025	1.068137	0.855453	2.529534	3.976984	2.661827	0.307362
-1.452971	3.288500	3.365767	2.913366	1.085474	1.165272	3.494165	3.874968	2.921766	0.955073
-1.425468	2.299335	3.226912	2.923582	1.066196	0.903883	3.619094	2.771451	2.392367	0.977253
-1.115976	0.120386	2.452036	2.419955	0.557093	0.050442	2.928719	0.620808	0.938707	0.361109
-0.799142	-1.640000	1.240832	1.128600	0.317587	-0.243741	1.706859	-2.039444	-1.161856	-0.331211
-0.631865	-1.663455	-0.107238	-0.645772	-0.267944	-0.149587	0.076768	-4.530099	-3.401130	-0.861303
-0.639407	-0.010129	-1.265080	-2.157305	-0.554108	0.152289	-1.528089	-5.214239	-4.457427	-1.191336
-0.740037	1.994640	-1.530418	-1.009096	1.477429	1.322912	-1.962497	-3.019165	-2.354907	-0.420407
-0.847717	2.862553	-0.833579	1.912135	3.534022	2.326920	-0.966254	-0.525482	0.680948	1.229336
-0.901784	2.586224	0.094294	3.529519	4.312178	2.623191	0.115388	0.377752	1.914454	2.379272
-0.895053	2.719030	1.151938	4.005214	4.632431	2.898755	0.779791	1.606311	2.373496	2.939949
-0.849901	3.087851	2.218134	4.176775	4.650689	3.132099	1.267967	3.084317	2.946366	3.062829
-0.805082	2.458993	2.673313	3.684782	3.642475	2.556676	1.252923	2.913947	2.631341	2.603174
-0.791610	0.795631	2.314304	1.988553	1.571796	0.795438	0.439431	1.286202	0.801202	1.565798
-0.797067	-0.710030	1.803720	-0.650402	-1.076086	-2.148734	-0.618031	-0.502550	-1.242142	-0.149224
-0.801294	-1.067056	1.607553	-3.382162	-3.286083	-4.325998	-0.712518	-1.167593	-1.196217	-1.648480
-0.803539	-0.271750	1.299866	-3.564685	-3.126146	-3.671184	-0.186294	-0.569639	0.431735	-2.239555
-0.825284	0.855778	0.868379	-0.539635	-1.254062	-0.815512	0.341959	1.033178	2.664744	-1.569198
-0.865700	1.123456	0.410863	2.208104	0.304000	0.799605	0.646296	1.480611	3.321022	-0.341694
-0.882611	0.155356	-0.115895	3.036596	0.574340	1.051143	0.708029	0.710444	2.458980	0.835179
-0.857990	-1.550710	-0.640696	2.076473	0.010734	0.426833	0.988343	-1.037291	0.085917	1.498871
-0.821202	-2.573531	-1.066448	0.426095	0.758303	0.085746	1.216598	-2.647185	-2.898754	1.794356
-0.802821	-1.744609	-1.375371	-0.296947	1.671126	-0.032669	1.055473	-2.845216	-4.070783	1.461455
-0.805604	-1.768217	-1.608868	0.031309	1.508594	-0.655121	0.547866	-2.563200	-3.103131	0.457442
-0.818249	-1.880123	-2.011244	0.248765	1.545432	-1.317956	-0.274782	-2.045990	-1.695355	-0.944732
-0.829216	-1.602467	-2.403509	0.094377	1.482719	-0.949538	-1.125383	-0.491102	0.596508	-1.841090
-0.828974	-1.024580	-2.365383	-0.199378	1.793048	0.367436	-1.735391	0.040776	1.605593	-1.632203
-0.819570	-0.332664	-1.431467	-0.675516	1.284406	0.986350	-2.115100	-0.718499	0.840549	-1.055529
-0.806425	0.571508	-0.351838	-1.235767	0.998183	1.006917	-2.352944	-1.731220	-0.818783	-0.779493
-0.788782	0.840076	0.182450	-1.247789	1.297501	0.964135	-2.172480	-1.023635	-0.752610	-0.533379
-0.724879	1.573331	0.838344	-1.329108	0.571866	0.215793	-1.095242	0.651763	0.032261	-0.554677
0.621602	1.991769	1.786005	-1.437889	-0.415201	-0.406896	0.624658	1.623589	0.393534	-0.547696
3.084014	2.169698	2.541720	-0.767102	-0.394255	0.747760	1.840635	2.003243	0.604974	0.165911
4.729090	2.548175	2.896079	0.199622	-0.288547	1.877619	1.861651	1.959209	0.605895	0.844533
5.276103	2.816311	2.921020	1.060742	0.691660	2.425870	1.181246	1.881793	0.665297	1.174564
5.120240	2.371194	2.515489	1.880009	2.076249	2.575106	0.469189	1.905078	1.013967	1.328587
4.463154	1.767823	1.838088	2.332621	2.246994	2.381463	0.423530	1.799617	1.255108	1.357810
2.980927	1.762859	1.501748	2.801700	2.046260	2.563576	1.668765	1.578787	1.517717	2.127809
2.047854	2.147357	1.658334	3.294728	1.786466	2.789262	2.982871	1.668272	1.883010	2.994026
1.327812	2.144726	1.578587	3.078684	1.227818	2.307144	3.048048	1.082985	1.482145	3.090141
1.580332	2.443191	1.364320	3.213429	2.182915	2.404249	2.567275	1.446516	1.662000	3.095592
1.785195	2.406917	1.206881	3.844193	3.540094	3.054962	2.108493	1.709082	2.221745	3.340889
1.032306	2.215751	1.071151	4.388143	4.427731	3.503921	1.815986	1.627673	2.545707	3.536493
-0.250591	2.363773	1.279525	4.637149	4.875264	3.606379	1.710975	1.406611	2.594798	3.377192
-1.385623	2.759585	1.968037	4.685438	5.088502	3.463051	1.763283	1.318427	2.601692	2.976766
-1.843143	3.408939	2.749409	4.615551	5.137992	3.076535	1.871439	1.415333	2.734517	2.423832
-1.577823	3.436200	3.247471	4.110413	4.859591	2.299756	1.714035	0.882324	2.223294	1.666815
-1.026578	2.394311	3.073964	2.888454	4.253418	1.023370	1.077355	-0.284026	0.826343	0.599586
-0.611854	-0.239916	2.155270	0.943588	2.783954	-1.139099	0.037154	-1.862156	-1.346630	-0.873793
-0.484317	-3.619967	0.665863	-1.498324	0.472987	-3.609584	-1.240843	-2.030251	-2.188211	-2.557733
-0.579312	-6.422305	-1.066921	-3.733761	-2.026406	-5.170743	-2.430325	-1.702241	-1.424233	-3.867305
-0.762731	-7.278061	-2.748815	-4.942303	-3.858613	-5.474402	-3.262031	-1.747540	-0.920107	-4.644418
-0.903083	-7.089084	-4.138856	-4.840710	-4.528921	-3.782984	-3.644892	-2.503850	-1.510402	-4.460747
-0.946044	-5.877429	-4.901520	-4.043842	-4.279416	-1.649487	-3.098225	-3.506909	-2.884553	-3.347265
-0.914135	-4.802749	-4.672903	-3.307110	-3.725077	-0.315213	-1.471533	-4.354395	-4.431062	-1.922297
-0.855174	-3.879549	-4.170294	-2.637240	-1.911367	0.585361	-0.477120	-4.462756	-5.144453	-0.763081
-0.804195	-2.143690	-3.504374	-1.441352	1.067987	1.595841	-0.260981	-3.521306	-3.984795	0.306185
-0.772290	-1.414325	-2.542883	-0.363435	2.216825	1.932350	-0.530464	-2.253211	-1.957218	0.956202
-0.775585	-1.738793	-2.095552	-0.326776	1.468103	1.302565	-1.206315	-0.865719	0.154820	0.941883
-0.798022	-3.253719	-2.324555	-1.172760	-0.133658	-0.651664	-2.052118	-0.997316	0.377522	-0.130262
-0.825301	-4.690747	-2.994019	-2.336482	-1.694749	-3.783007	-2.786129	-1.702784	-0.657749	-2.006142
-0.476635	-3.459497	-3.626138	-3.019599	-2.199591	-5.079127	-3.136620	-0.838801	-0.479916	-3.332851
1.630148	-0.001472	-3.530692	-1.987588	-0.435077	-1.147479	-2.734390	1.794825	1.916554	-2.349593
3.880122	1.447311	-2.660277	0.000553	0.908739	1.797631	-1.830577	3.411584	3.798428	-0.357418
4.270511	0.866767	-1.915351	0.920554	0.704058	2.038337	-1.145607	3.142101	3.762590	0.405457
3.144005	-0.310668	-1.482166	0.483484	-0.305562	0.910990	-0.160905	1.707164	2.080179	0.146554
1.881101	-0.718229	-0.633265	-0.416045	-1.207443	-0.104967	1.244677	-0.105309	-0.686443	0.499995
0.234151	-0.751968	0.263465	-1.199770	-0.688485	-0.377870	2.360519	-1.697082	-3.358926	1.282051
-1.355388	-0.172436	0.646050	-1.073922	1.416529	0.787969	2.616042	-0.851441	-1.632361	1.743342
-2.167686	-0.568777	0.410431	-0.401477	2.479732	1.864239	1.921243	-0.115649	0.893312	1.719220
-1.968939	-0.381190	-0.287685	0.011704	2.017666	2.006885	0.653157	0.924431	1.538270	1.195890
-1.241924	0.557506	-0.716074	0.289594	0.944168	2.290476	-0.105283	2.585111	2.052792	1.369485
-0.617411	0.476378	-0.774936	-0.150481	-0.384267	2.511974	0.004454	3.004270	2.569370	1.957473
-0.218172	0.215386	-0.904273	-0.731660	-0.208012	2.609696	0.014240	2.808604	2.900126	2.239559
0.602025	0.033793	-0.887653	-0.770609	0.076370	2.159171	-0.256476	2.053232	2.618144	2.101997
1.254228	-0.267122	-0.363187	-0.799684	-0.373559	0.548334	-0.840364	0.472907	1.049795	0.992957
2.710835	0.365456	0.547207	-0.610911	-0.765584	-1.144361	-1.369370	-0.345665	-0.848712	-0.519883
3.791938	0.573431	1.406207	-0.216650	-0.975433	-1.734209	-1.625536	-0.626351	-2.146061	-1.664599
3.136658	-0.850507	1.530450	-0.384867	-1.472661	-1.443749	-1.895893	-1.668782	-3.307362	-2.261443
1.159548	-3.342667	0.770428	-1.207786	-2.121675	-1.136507	-2.272828	-3.098117	-4.391994	-2.496458
-1.261058	-4.753628	-0.273540	-2.292837	-2.661526	-1.887234	-2.282472	-4.351634	-5.079173	-2.841432
-2.916243	-1.842918	-0.506833	-3.188728	-2.967949	-3.368908	-1.294721	-5.041914	-5.247512	-3.176185
-2.936564	0.300453	-0.006437	-3.609070	-3.054095	-3.933005	0.400856	-5.105250	-5.031932	-2.870532
-1.800239	0.908552	0.468181	-3.572025	-3.010180	-4.008426	1.817480	-4.797550	-4.696394	-2.339823
-0.673694	-0.036747	0.586630	-3.316921	-2.919262	-4.266862	2.600292	-4.449023	-4.448221	-2.082356
-0.142637	-1.695099	0.219785	-3.076857	-2.846394	-4.849756	2.512905	-4.215819	-4.365419	-2.330522
-0.170423	-1.786972	-0.525049	-2.948002	-2.799451	-5.787798	1.447354	-4.107470	-4.393553	-3.218204
-0.499456	-0.891840	-1.311734	-2.930716	-2.779712	-6.750255	-0.179863	-4.086796	-4.462630	-4.423556
-0.861378	-0.147996	-1.934688	-2.982434	-2.783245	-7.439873	-1.848736	-4.155860	-4.546725	-5.544234
-0.819568	-0.491424	-2.395709	-2.989202	-2.731163	-7.307686	-3.083109	-3.966974	-4.516376	-6.180609
1.154757	-0.683673	-2.689413	-2.302841	-2.146725	-3.209524	-3.402868	-1.987171	-3.287857	-4.877028
3.660948	-0.519414	-2.659654	-0.883891	-1.252816	0.821152	-2.806285	0.129664	-1.266831	-2.090369
4.575893	-1.044907	-2.487766	0.222919	-0.765241	2.175932	-1.999556	0.772858	-0.139962	-0.150048
3.469271	-2.321711	-2.589382	0.180257	-1.039497	1.964206	-1.647888	-0.148931	-0.634302	0.272604
0.968463	-1.593054	-2.629868	-0.792810	-1.690363	0.726921	-1.291903	-1.910928	-2.229527	-0.213230
-1.935130	-0.313463	-2.406265	-2.117637	-2.324517	-1.656961	-1.111844	-3.627185	-4.001035	-1.213537
-3.752673	1.610430	-1.880655	-2.743032	-2.272067	-3.561911	-1.249540	-2.162883	-2.444360	-2.211479
-3.427214	3.026342	-0.915940	-1.270146	-1.124677	-2.500080	-1.130072	1.523094	1.104317	-2.198936
-1.819461	3.607820	0.058128	0.821582	-0.001676	-0.792166	-0.789167	3.591025	2.827699	-1.667316
-0.474925	3.554104	0.761811	2.554985	0.999960	0.541202	-0.205491	4.511658	3.446370	-0.901966
0.033685	2.989372	1.084797	3.520981	1.624348	1.146152	0.393409	4.474138	3.389111	-0.280466
-0.117013	2.431912	1.209820	3.838794	1.893671	1.369914	0.817324	3.847313	3.249848	0.075144
-0.559646	2.420935	1.720215	3.779437	1.953941	1.639702	1.033340	3.191144	3.550149	0.390740
-0.965550	2.573494	2.403481	3.574815	1.918930	1.848699	1.092681	2.741364	3.953505	0.643504
-1.139797	2.224950	2.622839	3.394210	1.875979	1.747702	1.070478	2.108494	3.837008	0.694244
-1.078114	1.562192	2.264564	3.319757	1.846032	1.179474	1.031241	1.138021	2.941566	0.393256
-0.897438	1.764655	1.658298	3.338501	1.828511	0.835852	1.002734	1.841153	2.431722	0.084849
-0.734256	2.698085	1.247129	3.398378	1.828359	1.380941	0.989670	3.920311	3.429440	0.262850
-0.684623	3.073718	1.125072	3.448527	1.827353	2.046509	0.986208	4.808734	4.478069	0.709517
-0.720487	2.946786	1.080583	3.490660	1.968536	2.321772	1.084125	4.690115	4.814910	1.015879
-0.778116	3.002081	1.318052	3.693637	2.721087	2.642385	1.979906	4.364026	4.830266	1.493235
-0.821978	2.809334	1.734449	3.467446	2.577850	2.545026	3.105012	3.617982	4.424539	1.809196
-0.831721	2.397752	1.927065	2.107427	1.317070	1.728663	3.591036	2.403375	3.446109	1.498522
-0.539923	1.076926	1.785305	-0.085066	-0.347759	0.368414	3.511500	0.634549	1.651548	0.872335
-0.205705	-1.215187	1.142192	-2.356453	-1.829386	-1.045738	2.672858	-1.235110	-0.797219	0.521441
-0.231430	-3.658377	0.143521	-3.951700	-2.784790	-2.070795	1.098043	-2.457737	-3.191042	0.476571
-0.514716	-5.856805	-1.006567	-4.352856	-3.099175	-2.899430	-0.771071	-3.604102	-5.220170	0.332280
-0.827150	-5.534247	-1.834992	-3.825368	-2.977226	-4.154042	-2.406450	-4.521046	-6.304190	-0.608463
-1.004419	-3.929486	-1.625198	-3.087642	-2.732481	-5.758801	-3.411297	-4.988869	-6.241468	-2.312709
-0.963333	-3.775174	-1.323195	-2.588640	-2.512873	-7.127012	-3.712160	-4.952184	-5.493921	-4.284861
0.433139	-2.388254	-1.483407	-2.032402	-2.021883	-6.310472	-3.398499	-2.749009	-3.880009	-5.481599
2.399994	-0.236498	-1.643555	-1.123902	-1.244638	-2.818392	-2.674106	1.137524	-1.115511	-4.680712
2.573910	0.431031	-1.627978	-0.235707	0.696142	0.226377	-1.635986	2.060276	0.408938	-2.579434
1.331838	1.500284	-0.909053	1.480619	3.298405	2.032203	0.669636	1.886815	1.180969	-0.099921
-0.502533	1.994041	0.328808	3.306716	4.183762	2.460774	3.029025	1.247681	1.571426	1.351400
-1.989589	2.141402	1.321633	4.197708	3.875372	2.062280	4.344808	0.382030	1.464215	1.702353
-2.393256	2.657279	1.976784	4.314703	3.151813	1.425397	4.830511	-0.355686	1.089537	1.713986
-1.799671	2.400666	2.242825	3.732711	2.083469	0.873879	4.549970	-0.868097	0.566926	1.875436
-0.788570	1.164396	1.837822	2.106628	0.500725	0.420854	3.247736	-0.541047	0.588599	1.866300
0.493391	-0.783497	1.025094	-0.166546	-0.994174	-0.013444	1.257979	-0.509525	0.227650	1.673792
2.617331	-1.269850	0.214141	-1.747255	-1.476075	0.341548	-0.109067	-0.013423	-0.359077	1.734393
3.909360	-1.486775	-0.223458	-1.719761	-1.252512	1.122529	-0.044322	0.113079	-0.929056	2.066476
3.242202	-2.781504	-0.815499	-1.240684	-1.022784	1.402340	-0.015164	-0.922394	-2.116850	2.151217
1.199270	-3.164635	-1.574465	-0.635109	0.787211	1.367882	-0.322046	-2.135864	-3.152942	2.051414
-1.320365	-3.576775	-2.259132	-0.103412	1.939062	0.853563	-0.753068	-3.210167	-3.566401	1.711547
-2.918828	-4.179596	-2.943081	-0.281663	1.437876	-0.846039	-1.346896	-3.851260	-3.726562	0.468012
-0.846863	-2.695628	-3.389098	-0.595629	0.540190	-2.303464	-1.787693	-2.378824	-2.802554	-1.209309
2.954882	-0.950080	-3.294036	-0.295923	-0.015232	-1.957893	-1.767620	-0.303983	-1.228062	-2.274827
5.049636	0.495227	-2.761454	0.431577	-0.151786	-0.257273	-1.427786	1.676314	0.887480	-2.142454
5.402040	0.935371	-2.060907	1.020264	-0.128768	1.279178	-1.066490	2.661688	2.537174	-1.136165
3.955373	-0.352808	-1.749683	0.791215	-0.505793	1.553030	-0.924276	1.818107	2.132231	-0.521199
0.996361	-1.202567	-1.612320	-0.263993	-1.180903	1.133614	-0.221105	-0.304899	0.046451	-0.338747
-2.465974	0.444784	-1.011362	-1.156497	-1.285372	0.795399	1.238580	-2.740689	-2.881588	-0.105758
-4.650767	2.236709	0.111517	-0.051496	-0.068865	1.237848	2.664935	-3.454785	-3.940144	0.492490
-2.714087	2.672481	0.961455	2.028228	1.184178	1.601473	3.060771	-1.921396	-2.193297	0.833314
0.752735	1.432937	0.985698	2.764871	1.209479	0.943294	2.372254	-1.011972	-0.740416	0.372258
1.928706	-0.668745	0.250125	1.869619	0.300941	-0.136626	0.904650	-0.222910	0.419527	-0.252755
1.375163	-3.200431	-0.853378	-0.034916	-0.882068	-0.819290	-0.841908	0.029216	1.065874	-0.143612
0.028343	-4.532700	-2.039132	-2.162869	-1.833810	-0.998334	-2.350616	0.067143	1.144761	0.335254
-1.304499	-4.192862	-3.006410	-3.689051	-2.340114	-0.542715	-3.261024	0.149317	1.244232	0.867701
-1.944889	-4.500553	-3.717254	-4.084175	-2.453365	-0.613511	-3.532282	-0.830261	0.222585	1.043761
-1.732162	-4.770783	-4.253691	-3.584533	-2.341820	-1.192280	-3.393687	-2.183149	-1.693495	0.888361
-1.108674	-2.344989	-4.353500	-2.177724	-1.548977	-0.813765	-2.868378	-1.762246	-1.745771	0.926825
-0.599970	0.057279	-3.540309	0.618960	0.657596	0.536641	-1.595943	-0.829265	-0.285919	1.420069
-0.410826	1.338314	-2.006250	3.052932	2.226747	1.431838	-0.133078	-0.269046	0.792409	1.918040
-0.477426	1.894936	-0.012299	4.156447	2.716485	1.657183	0.892450	-0.197619	1.052845	2.156503
0.396511	2.070697	1.604114	3.869562	2.238094	1.459921	1.371705	0.336303	0.553083	2.151036
2.731315	2.673927	2.598917	2.751353	1.445230	1.609358	1.204214	2.564911	0.696777	2.153342
4.028459	2.848985	3.127736	1.291695	0.570039	1.968871	0.564915	3.854549	1.901889	2.229087
3.286559	2.173780	3.208155	-0.441561	-0.497280	1.629728	-0.428806	3.666353	2.623063	1.816508
1.165669	1.136937	3.001866	-2.089321	-1.448194	0.596369	-1.506590	2.764359	2.678181	0.648548
-1.416496	0.397763	2.709010	-3.046500	-1.519940	-0.456422	-2.340432	1.588905	2.416831	-0.751138
-3.174071	0.196580	2.490517	-2.850072	-0.680887	-0.667571	-2.679636	0.639594	2.136822	-1.438719
-3.128673	-0.194374	2.320706	-2.274256	-0.523990	-1.076854	-2.728927	-0.440602	1.390376	-1.926369
-1.838921	-1.266832	2.069370	-1.957966	-0.891012	-1.896293	-2.698608	-2.236164	-0.608484	-2.647998
-0.618093	-1.443103	1.465164	-1.988923	-1.390285	-1.311094	-2.346906	-1.781922	-1.965197	-2.331476
-0.067303	0.892396	0.973812	-1.767207	-1.343198	0.296414	-0.672366	0.567588	-0.195056	-0.501429
-0.115406	2.876635	1.196422	0.007398	-0.041547	1.553097	1.816438	2.053483	2.324285	0.944524
-0.461172	3.332019	1.723481	1.518818	0.648217	1.811215	3.463743	2.410658	3.321035	1.398575
-0.822310	3.385168	1.985255	1.452993	0.273180	1.376460	3.811826	2.901527	3.385051	1.112163
-1.015923	2.982961	1.827821	0.268252	-0.302330	0.361183	2.926418	3.245971	2.692020	0.214391
