X1	X2	X3	X4	X5	X6	X7	X8	X9	X10
-1.071887	-6.015830	-4.211792	-2.650099	-2.125769	-7.078444	-2.691958	-3.819766	-4.610976	-6.669346
-0.943811	-5.246972	-3.540072	-2.605956	-2.116671	-5.497448	-0.439686	-3.712327	-4.586007	-4.694797
0.580467	-2.705110	-2.222373	-1.766095	-1.717302	-1.930383	1.261957	-1.914900	-3.460184	-2.293220
2.403308	-0.203617	-0.522458	-0.264645	-0.935501	0.989108	2.508069	0.469811	-0.885534	0.097632
2.617270	0.489411	0.747281	0.321717	-0.604889	2.217412	3.247832	1.560832	1.562581	1.749230
1.814247	0.225327	1.176154	-0.162049	-0.872850	2.522996	3.426281	1.670514	2.775653	2.486660
0.730084	-0.182403	1.082247	-1.114432	-1.300290	2.622310	3.311468	1.358350	3.117150	2.847077
-0.211575	1.129342	1.224479	-1.087968	-0.198650	2.864935	3.070097	0.886178	2.954922	2.911600
-0.838752	2.547059	1.995529	1.092660	2.249198	3.051740	2.759237	0.196970	2.276768	2.788664
-1.150691	2.410634	2.247648	2.561022	3.110072	2.742429	1.926173	-0.847017	0.878837	2.233927
-1.243195	2.150241	2.134654	3.311626	2.904271	2.071526	1.284043	-1.591257	-0.632725	1.605092
-1.232787	1.956529	2.260219	3.712359	2.417283	0.678871	1.141655	-1.760636	-1.399865	0.790227
-1.191986	1.746261	2.213899	3.894571	2.075517	-1.092486	1.365636	-1.532727	-1.158315	0.091957
-1.166413	1.298425	1.901695	3.761369	2.530915	-1.779196	1.468991	-1.347444	-0.559018	-0.262080
-1.160000	0.510943	1.186594	3.011899	3.217909	-0.660249	0.932431	-0.954663	-0.344439	-0.329216
-1.167413	-0.805693	0.164918	1.758121	3.213054	-0.303565	-0.139712	-1.059240	-0.718012	-0.949920
-1.161833	-1.753794	-0.916628	0.071210	2.127493	-1.461471	-0.889873	-1.953612	-1.926712	-2.071706
-1.146016	-1.648616	-1.158205	-1.097479	0.687119	-2.796482	0.108552	-2.840054	-3.271174	-2.307422
-1.137863	-2.185436	-1.140761	-1.470263	-0.563530	-4.261560	0.407359	-3.414317	-4.089263	-2.874132
-1.140959	-2.771816	-1.550984	-1.776058	-1.556116	-6.056417	-0.435567	-3.782938	-4.563667	-3.842185
-1.142596	-1.785133	-1.794522	-2.118023	-2.152000	-3.222146	-1.795853	-2.198366	-4.056336	-1.954091
-0.208818	-0.842762	-1.680612	-1.986414	-2.165648	1.552234	-2.701967	0.131338	-2.155484	1.026324
1.520623	0.319491	-1.062512	-0.913286	-1.510889	3.427538	-2.314697	2.100404	0.066602	2.620812
1.850086	0.672702	-0.479620	-0.373283	-1.119167	3.686835	-1.968233	3.095264	1.406373	2.932764
1.229322	0.769071	-0.286514	-0.686666	-1.201086	2.904261	-2.135791	2.521976	1.275346	2.438719
0.369513	0.920688	-0.201564	-1.039199	-0.490420	0.659206	-2.220582	0.723116	-0.082643	1.225913
0.631707	1.120529	-0.006010	-0.318912	1.401709	-1.801744	-1.391215	-0.676835	-1.391584	0.524678
2.209701	1.286535	0.350747	0.977009	2.351653	-0.663124	-0.238877	-0.210283	-1.169789	1.265610
3.579806	1.714031	0.728976	1.825245	2.157907	1.899821	0.549506	1.425272	0.810271	2.209080
3.766135	2.296640	1.385975	1.832179	1.329888	2.736792	1.672014	2.142909	2.363182	2.367421
2.830684	2.034575	1.817023	0.865909	0.079800	2.794046	2.547488	1.969900	3.000373	2.449361
1.474168	0.928214	1.460930	-0.582992	-1.173172	2.766362	2.164479	1.435252	3.076316	2.472023
0.195095	-0.303703	0.419845	-1.960647	-2.073982	2.555232	0.563718	0.885504	2.866064	2.021111
-0.732765	-0.122594	-0.485904	-2.879975	-2.513223	2.242690	-1.682750	0.533449	2.563182	1.364406
-1.242335	0.216844	-0.818336	-3.229823	-2.573486	2.047030	-3.770381	0.433554	2.328493	1.031219
-1.424467	0.001181	-1.008668	-2.799067	-1.469161	1.970938	-4.532067	0.587285	2.325926	1.161581
-1.434095	-0.119257	-1.032036	-1.516867	0.859351	1.849181	-3.450949	0.912326	2.610917	1.019548
-1.369589	-0.526003	-1.037267	-0.572925	2.004393	1.279899	-2.204431	1.094747	2.858959	0.394963
-0.462904	-0.718845	-1.190498	-0.287356	1.643060	0.564066	-1.560086	1.383616	2.892128	-0.285623
1.647773	0.215317	-0.911793	0.279544	0.907683	0.679237	-0.812780	2.315854	2.643986	-0.252435
2.829355	1.112031	-0.171781	0.761226	0.206636	1.012956	-0.384049	3.406523	2.407257	-0.167007
2.450718	0.493626	-0.020776	0.368310	-0.627481	0.067268	-0.875347	2.949625	1.442560	-0.992709
1.397344	-1.266448	-0.804644	-0.636708	-1.450375	-0.630037	-1.908722	1.086806	-0.689339	-0.904884
0.258461	-3.248846	-2.077576	-1.558138	-1.960926	-1.370586	-2.785068	-1.587835	-3.524864	-1.222018
-0.620783	-1.571233	-2.337614	-0.652910	-1.383360	-1.075853	-1.883669	-1.248061	-3.899382	-1.061718
-1.140104	0.331906	-1.182865	0.775150	-0.484826	-0.283749	-0.594899	1.329661	-0.956650	-0.921224
-1.368584	0.181671	-0.514097	0.829632	-0.407336	-0.820633	-0.587087	1.986116	0.768089	-1.795087
-1.043936	-0.557326	-0.788932	0.306121	-0.722256	-2.039247	-1.035482	1.194057	0.651542	-2.766434
0.840302	0.198890	-0.710391	0.891585	-0.377815	-0.079708	-0.481797	1.169238	0.586118	-1.289787
2.430416	0.578146	-0.227646	1.486095	0.005037	2.259818	0.287677	1.325611	0.706964	0.486289
2.363253	0.089514	0.011552	1.320651	-0.098245	2.629242	1.382857	0.382268	0.051392	0.941196
1.451052	0.476461	0.333476	1.521693	0.009626	2.092185	1.976704	0.085225	-0.441103	0.714743
0.356942	1.575319	1.084935	2.126827	0.382239	1.229867	1.967573	1.629184	0.419331	0.441231
-0.555668	2.857328	1.918787	2.906926	0.904772	0.787772	1.847131	3.106602	1.902322	0.642881
-1.134057	3.342768	2.513715	3.064073	1.062873	0.939643	1.314248	3.407160	2.617090	1.294216
-1.399565	3.046385	2.321132	2.182981	0.499331	0.617394	0.032280	2.174800	1.836499	1.468110
-1.464192	3.041559	1.963211	1.886673	0.717002	1.299275	-0.325197	0.263447	0.432320	2.072150
-1.442759	3.218097	2.044314	2.625786	1.695614	2.232121	0.548705	-1.413676	-0.536327	2.591920
-1.407399	3.118705	2.289920	3.364535	2.123507	2.580349	1.455598	-2.262443	-0.783725	2.736091
-1.379705	2.831956	2.694712	3.757788	2.087194	2.285307	2.176427	-2.162729	-0.459602	2.361347
-1.371441	2.220306	3.079785	3.612261	1.715079	1.485924	2.639598	-1.823935	-0.169248	1.832099
-1.377316	0.489837	2.519691	2.430850	0.740339	-0.929476	1.726364	-2.123546	-0.790619	0.323008
-1.384467	-2.170256	0.907599	0.510263	-0.554635	-3.173843	-0.236196	-2.463731	-1.826865	-0.570049
-1.388437	-4.410942	-1.236119	-1.533016	-1.719368	-0.653782	-2.605619	-1.482962	-1.027223	-0.189940
-1.393083	-5.124813	-3.158595	-3.066786	-2.468252	1.549477	-4.501234	-0.160031	0.976612	-0.015389
-1.401890	-4.634201	-4.240391	-3.728225	-2.750334	1.756634	-5.204149	0.588288	2.278416	-0.633632
-1.404266	-3.380705	-4.329729	-3.657844	-2.729061	0.652784	-4.813112	1.383627	2.313911	-1.848060
-1.408920	-1.906080	-3.640099	-3.283326	-2.600073	-1.443246	-4.030785	2.362262	1.737162	-3.055674
-1.308699	-0.791339	-2.731283	-2.904589	-2.475516	-3.476269	-3.378588	3.157189	1.252352	-3.667900
0.140962	0.980819	-1.483770	-1.923787	-2.037598	-0.469872	-2.326793	4.323515	2.446864	-1.470312
2.192579	2.292571	0.207029	-0.272091	-1.090177	2.919788	0.270464	4.996549	3.742002	1.756158
2.928614	2.771874	1.632334	1.122446	0.709140	4.093166	2.831727	4.993393	4.075425	3.225837
2.286678	2.631644	2.244920	1.610170	2.371146	4.290919	3.999322	4.477231	3.595933	3.663343
1.116308	2.222181	2.296796	1.482503	3.289018	3.967651	4.300954	3.609517	2.588424	3.576192
-0.051482	1.587139	2.163739	1.125613	3.639425	3.148603	4.191371	2.198673	1.575813	3.107840
-0.917674	0.813929	1.817131	0.798481	3.697425	1.964888	3.926758	0.553904	1.134170	2.508234
-1.397435	-0.172162	1.225259	0.601647	3.627028	0.361025	3.349716	-1.437675	0.298887	1.665127
-1.572062	-0.827067	0.319973	0.250475	3.047919	-2.249289	1.780924	-3.274497	-1.147165	0.115295
-1.586987	-0.614426	-0.578888	-0.568866	1.635408	-6.648522	-0.739655	-4.516526	-3.085166	-2.299104
-1.547611	-0.535328	-1.231532	-1.260188	0.595355	-9.052339	-3.199158	-4.698782	-4.717378	-4.143247
-1.506974	-1.026567	-1.710623	-1.159807	0.988460	-4.326887	-4.087503	-3.944185	-4.923688	-3.820642
-1.480467	-2.284012	-2.299892	-1.054490	1.032491	-1.724652	-3.829330	-3.188655	-4.083994	-3.776529
-1.466702	-3.327755	-3.000180	-1.342563	0.249870	-0.691486	-3.363100	-1.728754	-1.659749	-3.665999
-1.466490	-3.156955	-3.298546	-1.518995	-0.722523	0.119761	-2.766920	-0.051805	1.245246	-2.892285
-1.477833	-3.095968	-3.315774	-1.789025	-1.618553	0.095001	-2.570081	0.634549	2.615161	-2.631981
-1.497557	-3.677043	-3.492049	-2.141409	-2.249076	-1.395225	-2.709510	-0.099177	2.087449	-3.359912
-1.510815	-2.280863	-3.323516	-2.004557	-2.328690	-3.429303	-2.577908	-1.278027	0.451746	-3.863465
-1.520395	-0.144254	-2.366098	-1.747043	-2.176660	-3.440937	-2.464537	-1.611514	-0.739095	-2.829127
-1.530173	0.898769	-1.242277	-1.489169	-1.974228	-1.470866	-2.355216	0.232977	-0.035924	-1.898988
-1.540376	0.866682	-0.741153	-1.648010	-2.011297	-0.307330	-2.584950	2.299914	1.343206	-1.879714
-1.542988	0.239857	-0.912473	-2.086624	-2.205107	-0.023521	-2.999494	3.063482	2.191071	-2.242684
-1.539299	-1.093442	-1.540768	-2.529231	-2.406896	-0.505854	-2.756806	2.364397	2.183293	-2.561411
-1.547308	-2.826843	-2.111722	-2.847227	-2.558973	-1.725191	-0.542808	0.374959	0.784410	-2.377205
-1.559646	-4.350997	-2.293706	-3.013908	-2.644692	-3.124098	1.663104	-2.391580	-1.789446	-1.950601
-1.568303	-4.503876	-1.945408	-3.058082	-2.676389	-3.515947	2.821295	-4.907680	-4.849052	-1.035450
-1.568607	-1.282996	-0.304782	-2.777692	-2.550795	-2.503955	2.977631	-5.878429	-7.020868	-0.402394
-1.529894	1.077260	1.462750	-2.414295	-2.382331	-1.549420	1.762780	-4.282508	-5.578235	-0.669257
-0.341513	2.512586	2.610479	-1.696361	-1.860736	1.259686	0.240049	-0.720089	-0.918974	0.760670
1.748774	2.857514	3.151738	-0.170041	-0.618973	3.365629	0.735702	1.536279	1.827411	2.214218
3.264148	2.545038	2.846748	1.101454	0.155610	3.855566	1.412092	2.590613	2.827629	2.380995
3.911767	2.103498	2.095400	1.691284	0.326441	3.856964	1.996649	3.250970	3.577160	2.350560
3.344925	1.160806	1.234889	1.277267	-0.128782	3.226277	2.608305	3.012892	3.817708	2.019326
2.163705	-0.019280	0.506804	0.093933	-0.986467	2.612119	2.918609	2.057864	3.379771	2.146552
1.952533	-0.409839	0.257833	-0.643927	-1.489614	2.795051	3.276615	1.146358	2.220718	2.511338
2.724236	0.343070	0.557503	-0.240755	-1.293799	3.304519	3.673992	1.469231	1.581166	2.743848
3.537576	1.233816	1.111194	0.736816	-0.748270	3.547936	3.979086	2.272915	2.013252	2.763555
4.047644	2.205916	1.707839	2.385338	0.262806	3.628649	4.166857	2.746048	2.529395	2.739858
3.826168	2.602875	2.095614	3.827759	1.318905	3.321409	3.808169	2.603231	2.782946	2.421423
2.693009	2.155717	1.887891	4.145828	1.650113	2.102138	2.782279	1.481787	2.239442	1.520426
1.191950	0.563146	0.830089	3.138575	0.986326	-1.276299	0.742747	-0.576906	0.565381	-0.343067
-0.200037	-2.078619	-0.965416	1.171761	-0.289695	-8.311952	-1.655493	-3.083760	-2.190547	-2.801700
-1.177762	-4.869186	-2.648406	-1.139900	-1.622412	-15.322304	-1.693488	-5.028888	-5.289942	-3.903932
-1.683233	-5.543231	-3.252611	-3.064664	-2.593628	-15.807693	0.320807	-5.645244	-7.478827	-3.360998
-1.847298	-2.747054	-2.438461	-4.053223	-3.052206	-7.188438	1.680025	-5.150603	-7.664807	-2.757059
-1.839222	-0.591441	-1.428789	-4.105337	-3.119411	-2.587449	1.211835	-4.340216	-6.293289	-2.258059
-1.777837	0.770002	-0.794333	-3.174395	-2.774736	-0.179569	-0.070766	-3.554654	-4.490663	-0.654488
-1.722895	1.779169	0.140788	-1.336640	-1.934315	1.220806	-1.076053	-2.742016	-2.655641	0.779321
-1.677615	1.934310	1.177526	-0.603991	-1.596250	1.290063	-2.218209	-2.620201	-1.995460	1.185428
-1.650000	1.243641	1.673900	-0.797930	-1.371532	0.829017	-3.142990	-2.902420	-2.326166	1.218060
-1.642752	0.135266	1.697794	-1.127195	-0.672637	-0.256391	-3.343994	-3.164653	-2.947042	0.460772
-1.646924	-1.364038	1.365830	-1.655003	-0.679344	-2.942460	-3.355832	-3.470827	-3.692808	-1.348975
-1.666498	-3.409105	0.393049	-2.269916	-1.270283	-7.235330	-3.390438	-3.753966	-4.371955	-3.794063
-1.680935	-5.586999	-1.281486	-2.771172	-2.000634	-11.571041	-3.449532	-3.915331	-4.787271	-6.134778
-1.682821	-6.774511	-3.221559	-3.053518	-2.569452	-12.929007	-3.492578	-3.939968	-4.871011	-7.590906
-1.688443	-3.807083	-3.792255	-3.124718	-2.869962	-10.316710	-3.496844	-3.884259	-4.699869	-7.978488
-1.695796	-0.186373	-1.685646	-2.358630	-2.595632	-5.667671	-2.826348	-3.507807	-4.003194	-6.631602
-1.690478	1.488619	0.763737	-1.452011	-1.881057	-2.776242	-2.149443	-3.128992	-3.182608	-5.243976
-1.681438	1.904855	2.077367	-0.725468	-0.122125	-0.766629	-1.624848	-2.839081	-2.582326	-3.637350
-1.678743	1.438043	2.168735	-0.103030	1.703871	0.962230	-1.189113	-1.893584	-1.935316	-1.906650
-1.679405	0.966387	1.433220	0.312327	2.784508	2.132977	-0.926656	0.786447	-0.472397	-0.571280
-1.678039	0.716919	0.427552	0.513307	3.233727	2.479382	-0.834195	2.720427	1.117676	-0.023445
-1.679102	0.484176	-0.429899	0.573097	3.336415	2.574447	-0.835670	3.212258	1.931032	0.307927
-1.680988	0.883798	-0.285079	1.274419	3.508337	2.632269	-0.163739	2.383599	1.818605	0.775766
-1.684349	1.384891	1.060529	2.341133	3.758686	2.515303	1.463559	0.817996	1.247120	1.192262
-1.677106	0.650762	1.579075	2.264006	3.305422	1.366646	1.815605	-1.384497	-0.081543	0.560861
-1.678358	-1.233824	0.712758	1.065093	1.856548	-1.828813	0.674448	-3.675039	-2.171457	-1.166616
-1.699179	-3.456255	-1.038204	-0.598948	-0.098642	-7.187975	-1.228003	-4.566388	-3.744739	-3.246239
-1.730422	-2.369063	-1.820038	-0.733270	-0.865522	-8.366127	-1.894916	-3.623805	-3.334789	-3.341376
-1.686948	0.222070	-0.316770	1.023010	0.564066	-0.727027	-0.328071	-1.132140	-0.253076	-0.979832
-0.397239	1.015305	0.937665	1.924086	1.199999	2.313481	1.838331	0.689724	1.821263	0.573887
1.698326	1.295850	1.398076	2.068602	0.963766	3.263480	3.393469	1.723347	2.362901	1.491937
3.152919	1.258784	1.333198	1.899619	0.425221	3.366001	3.719178	2.134598	2.118868	1.702044
3.460076	0.608371	0.726421	1.433813	-0.201707	2.568201	2.722671	1.775485	1.312833	1.068656
2.633052	-1.073046	-0.559198	0.372241	-1.039026	-0.084239	0.563159	0.292750	-0.391721	-0.591999
1.281200	-3.535020	-2.356041	-1.054738	-1.926540	-6.320289	-2.289013	-1.916676	-2.852771	-3.024026
-0.077116	-5.676971	-3.962471	-2.375611	-2.616763	-13.681408	-3.458657	-3.841272	-5.055216	-4.535885
-1.113671	-5.662492	-4.352549	-3.240630	-2.996777	-13.570226	-1.741780	-3.175597	-3.648340	-3.527769
-1.713831	-3.631932	-3.462479	-3.577436	-3.122565	-2.413091	0.559692	-0.262775	0.424871	-1.578983
-1.327567	-1.654683	-2.056410	-3.261445	-2.977592	1.867904	2.296046	1.613978	2.953713	0.057762
0.704520	0.106265	-0.690688	-1.752148	-2.267732	3.272100	2.986019	2.718480	3.923677	1.135805
2.581370	0.892799	0.021515	0.101116	-1.317854	3.455735	2.533550	2.895853	3.688025	1.292133
3.624533	1.134925	0.184967	1.411877	-0.549601	3.078257	1.523268	2.629807	2.747295	1.097617
4.091548	1.230185	0.067449	1.984226	0.045141	2.499681	0.548802	2.445407	1.573995	0.956005
4.259769	1.561690	0.282400	2.438123	1.426751	2.651234	1.449963	2.317258	0.871070	1.644759
4.291468	1.824088	0.875567	2.762062	2.539251	3.120217	3.145497	2.285693	0.903348	2.270288
4.268442	2.102038	1.387438	2.971781	2.560857	3.371147	4.166614	2.394627	1.406473	2.518876
4.235454	2.869751	1.934703	3.700645	2.353817	3.770548	4.527707	3.518557	2.693198	2.904240
4.207670	3.535908	2.592472	4.464092	2.246978	4.319517	4.881281	4.665048	4.021934	3.609603
4.187509	3.923856	3.062010	4.967288	2.427575	4.709502	4.802527	5.358261	4.936537	4.035177
4.177819	4.136856	3.271237	5.370673	3.367378	4.902181	4.419335	5.612996	5.302067	4.198588
4.175424	4.160767	3.324748	5.651185	4.327578	4.849117	4.012963	5.426384	5.238546	4.065211
3.758431	3.673560	3.072897	5.449354	4.624935	4.303263	3.318894	4.392658	4.517652	3.513388
2.555927	2.290927	2.266870	4.087528	3.656123	1.980444	1.496645	1.867554	2.379339	1.951656
1.031046	-0.026261	1.223658	1.668405	1.684006	-4.790461	-1.287958	-2.344434	-1.651312	-0.933740
-0.082329	-2.545808	0.367246	-1.161837	-0.681463	-11.569735	-4.073663	-6.590720	-6.201815	-4.625452
0.664958	-1.673659	0.139883	-2.368497	-1.706645	-17.754622	-3.239530	-5.257901	-9.102015	-3.468259
2.223538	1.608600	0.961345	-0.622712	0.146795	-1.146943	1.254169	0.011540	-3.894600	1.467600
3.357428	3.180515	2.166477	2.379295	2.648716	4.416323	4.340362	2.900005	1.692903	3.503791
3.945679	3.458324	2.834264	4.110487	4.003362	5.083162	5.409682	3.630359	3.699567	4.112617
4.191429	3.159111	2.746576	4.409773	4.345804	5.087008	5.156187	3.463480	3.871047	4.164076
4.257672	2.771564	2.198993	4.252841	4.334558	4.780377	4.121864	3.023351	3.381993	4.035096
4.247190	2.825422	1.854079	3.939093	4.203027	4.192237	2.612823	2.554625	2.641611	3.832352
4.090014	3.294279	2.288326	3.706442	4.082641	3.498274	1.280405	2.171567	1.971775	3.630827
3.158677	3.637567	2.943211	3.870659	4.074597	2.915834	1.007776	1.434169	1.566698	3.461388
1.680105	3.345855	3.061929	3.468189	3.375203	1.846325	0.659634	-0.011634	0.774197	2.954974
0.500429	2.639742	2.335068	2.117234	1.823028	0.270713	-0.302386	-1.673570	-0.771073	2.262312
-0.239269	1.895661	1.572251	0.623651	0.826224	0.455191	-0.024016	-2.745275	-2.316248	2.207267
-0.878233	0.958091	1.335441	-0.328428	1.157311	1.312481	0.839248	-3.188960	-3.236749	1.961662
-1.359638	0.452617	1.350523	-0.289840	2.077469	1.853055	0.977666	-1.921371	-2.150097	1.347033
-1.651287	0.136936	1.097804	0.342316	2.815157	2.351862	0.609156	0.092498	0.964484	0.857845
-1.785202	0.107456	0.644026	0.729164	3.119514	2.551154	-0.097609	1.276940	3.074607	0.510594
-1.806179	1.037851	0.668897	1.480794	3.256688	2.788946	-0.089405	1.939151	4.070070	0.758482
-1.462518	2.151346	1.092958	2.279608	2.810979	2.822853	0.697589	2.323686	4.448307	1.058619
-1.121143	2.052183	1.092272	1.910213	1.587968	2.104980	0.456025	2.207412	4.185531	0.538503
-1.141027	1.867934	0.593631	1.409168	1.091987	1.615354	0.063026	2.521813	3.465678	0.377755
-1.342532	1.557310	0.171862	1.122285	1.153634	2.270542	-0.273080	3.019576	2.977025	0.837268
-1.549320	0.849327	-0.432162	0.178311	0.407067	2.762446	-1.268396	2.655952	2.675416	0.912950
-1.693614	-0.500395	-1.379744	-1.177234	-0.856040	2.935381	-2.568456	1.801448	2.492510	0.778453
-1.770898	-2.083410	-2.517133	-2.450574	-2.105497	2.882057	-3.650321	0.899378	2.442903	0.607226
-1.801365	-3.225212	-3.402542	-3.290807	-2.981463	2.684507	-4.198452	0.317421	2.492507	0.456728
-1.806774	-2.972173	-2.932053	-3.621261	-3.383245	1.910039	-4.224769	0.165685	2.576187	-0.093369
-1.806193	-2.048199	-1.409960	-3.575790	-3.425264	0.317839	-3.950455	0.308392	2.645957	-1.053914
-1.799806	-1.259828	-0.039241	-3.382221	-3.310175	-1.685106	-3.635373	0.529287	2.679116	-1.979853
-1.782370	-0.859975	0.709358	-3.201514	-3.173150	-2.856009	-3.422976	0.697353	2.679746	-2.481830
-1.777622	-1.436958	0.500308	-3.104433	-3.088635	-2.384494	-3.317601	0.293539	2.210234	-1.782644
-1.738051	-2.644953	-0.563145	-3.005014	-2.845263	-0.988747	-1.920441	-1.010124	0.573450	-0.304648
-1.113453	-2.102251	-1.156655	-2.011083	-1.031862	1.066714	1.117941	-1.813191	-1.464929	0.871172
0.316088	0.474333	0.121180	-0.153160	1.354608	3.018169	3.392185	-0.381630	-1.178355	2.114013
1.787528	1.972078	1.925439	1.471128	2.676638	3.979345	4.420007	1.326293	1.024363	3.088408
2.052933	2.396364	2.685655	1.603211	2.291926	3.844289	4.344737	1.225821	1.578267	3.200865
2.559112	2.836989	2.957557	1.224585	1.161110	3.360607	3.354190	1.120836	1.256910	3.094147
3.255823	3.151933	3.061420	1.039598	0.058842	2.644087	1.667202	1.335109	0.910088	2.742432
3.776272	3.227605	3.072989	1.097188	-0.615420	1.673954	-0.154868	1.616171	0.771842	1.977074
4.034664	2.990776	2.953193	1.494922	-0.002471	1.395768	-1.080234	1.875591	0.962631	1.364782
3.501053	2.171495	2.641038	1.589814	0.843684	1.380221	-1.309156	1.332564	0.883185	0.672201
2.204615	0.742565	1.989341	0.851489	0.898395	0.569959	-1.723899	-0.271189	-0.200232	-0.542828
0.683411	-0.578916	1.338654	0.086444	1.330152	-0.415882	-1.840454	-2.166716	-1.733692	-1.548043
-0.616458	-1.263621	0.962510	-0.315674	1.929549	-0.240341	-1.663384	-3.536081	-3.001607	-1.575596
-1.468665	-1.218159	0.910629	-0.297273	2.464220	0.237032	-1.333806	-3.910075	-3.441229	-1.375279
-1.882494	-0.870687	1.043122	-0.085150	2.763069	0.414819	-0.943233	-3.551831	-3.100559	-1.281658
-1.988979	-0.827000	1.236229	-0.224264	2.268029	-0.070392	0.301059	-3.201404	-2.707366	-1.171285
-1.949231	-0.899877	1.070393	-0.951861	0.862098	-1.365418	1.748541	-3.234702	-2.869279	-1.226060
-1.860183	-0.539743	0.640169	-1.923282	-0.920455	-3.050735	2.645655	-3.467216	-3.464603	-1.340362
-1.677185	-0.750294	0.004423	-2.714662	-2.462441	-4.181068	2.836172	-3.302388	-4.001723	-1.499435
-1.560436	-0.692526	-0.494340	-3.136901	-3.355060	-4.195665	1.754909	-0.797803	-3.145384	-2.190658
-1.561372	-0.127547	-0.209108	-3.269857	-3.608866	-2.993564	-0.368252	1.896429	-0.744964	-2.929594
-1.618929	0.629340	0.557037	-3.252013	-3.502968	-0.599202	-2.894253	3.624551	2.212986	-2.606845
-1.682014	0.911596	0.852646	-3.187525	-3.302408	1.592684	-4.862132	4.420218	4.023559	-0.548579
-1.724599	1.184285	0.488854	-3.129743	-3.141952	2.969346	-5.541586	4.674001	4.727508	0.953493
-1.747055	1.798523	0.105548	-3.104791	-3.068988	3.477778	-5.065106	4.556823	4.730403	1.360546
-1.764723	1.989595	-0.114263	-3.109482	-3.058630	3.245955	-4.186095	3.723797	3.788440	1.059746
-1.776913	1.739971	-0.255013	-3.122911	-3.072989	2.314045	-3.502658	1.556521	1.377096	0.313380
-1.580854	1.601512	0.192217	-3.063220	-3.062315	0.899178	-3.125795	-1.739177	-2.621423	-0.453107
-0.046143	1.923210	1.176430	-2.175158	-2.630475	0.868280	-2.331922	-3.258107	-6.256104	-0.131082
1.583703	1.810618	1.901873	-0.861709	-1.948790	1.883806	-1.399801	-2.073433	-5.958299	0.487989
2.879598	1.847892	2.189335	0.551444	-0.616601	2.731504	-0.372004	0.555147	-2.027428	1.002468
3.063925	1.866649	2.028845	1.608471	1.331578	3.115889	0.398639	2.824147	1.551119	1.273308
2.160689	1.383596	1.383244	1.761554	2.563482	3.118350	0.393012	3.124183	2.677261	1.250235
0.855617	1.153890	0.973848	1.364089	3.046250	3.147339	-0.079731	3.031431	2.570578	1.350943
-0.185808	0.396460	0.578871	0.604010	2.644078	2.899263	-0.877163	2.257515	1.723378	1.181983
-0.557643	-1.127160	-0.411310	-0.377288	1.343182	1.998521	-1.830987	0.570458	0.001426	0.507599
-0.893876	-3.425523	-1.991683	-1.507592	-0.433319	-0.815068	-2.836018	-1.902780	-2.510333	-1.169385
-1.230507	-5.766469	-3.720314	-2.513925	-2.093574	-6.789744	-3.032118	-4.333544	-5.115273	-3.180109
-1.490403	-5.696560	-4.405713	-2.788797	-2.163005	-11.233651	-0.607975	-5.437459	-6.488854	-3.010430
-1.609762	-2.445706	-3.124892	-2.155199	-0.704125	-4.394708	2.033762	-2.957036	-4.865517	-1.103360
-0.879605	-0.595101	-1.381274	-1.262243	0.052606	1.760016	3.430745	-0.247616	-1.877000	0.825463
-0.409804	1.225682	0.161942	0.706067	1.353530	3.701788	4.412921	1.659160	0.737284	2.222608
-0.548360	2.461371	1.458338	2.825559	2.931468	4.246713	4.760930	3.196814	2.739073	2.817090
-0.924209	2.205650	1.736421	3.351770	3.427151	3.788509	3.814736	3.141432	3.190651	2.318787
-1.286546	0.697612	0.766949	2.355288	2.505940	1.938458	1.541379	1.568756	1.999650	1.306101
-1.535729	-1.899236	-1.098097	0.530231	0.743795	-2.329811	-1.733102	-1.084060	-0.564841	0.556800
-1.674857	-5.228182	-3.357277	-1.513405	-1.241476	-9.567345	-5.011419	-4.067373	-4.014413	-0.448756
-1.724744	-8.083732	-5.368490	-3.125508	-2.818244	-15.601890	-6.808810	-6.026655	-7.159116	-2.140816
-1.744486	-9.337457	-6.580785	-3.919065	-3.624000	-17.658662	-6.475583	-6.214226	-8.438786	-3.935893
-1.741024	-8.993072	-6.886235	-3.966477	-3.747603	-10.299904	-5.017427	-5.288302	-7.353998	-5.682336
-1.732153	-7.803566	-6.475184	-3.623456	-3.485715	-5.088349	-2.966840	-4.296198	-5.429976	-6.272272
-1.721592	-4.672179	-5.181466	-2.186794	-1.809574	-0.257015	-0.643770	-3.243909	-3.404490	-3.384662
-1.707883	-1.777470	-3.363158	0.084643	0.198764	2.439638	0.803818	-2.184225	-1.466818	-0.328766
-1.512089	0.085711	-1.708167	2.068298	1.178206	3.276957	1.633591	-1.227122	0.012042	1.495434
0.101892	1.632833	-0.224178	3.592992	2.193778	3.876876	2.374790	0.536793	1.461225	2.854030
1.707029	1.995389	0.695174	4.066989	3.149176	4.037660	2.447308	1.591130	2.299132	3.286334
1.716852	1.432975	0.859496	3.461069	3.491450	3.694662	1.630660	1.065332	1.876271	2.942621
0.883209	0.237644	0.320865	2.280085	3.438019	2.860465	0.341250	-0.348367	0.472911	2.187304
-0.129934	-1.204295	-0.721981	1.049760	3.253294	1.057583	-0.890297	-1.990906	-1.409582	0.973464
-0.966474	-2.499565	-1.878465	0.146660	2.948853	-1.891084	-1.669759	-3.217549	-3.060864	-0.482683
-1.399179	-1.781713	-2.393682	0.133910	2.185411	-4.001144	-1.465037	-2.106823	-3.030373	-1.337044
-0.210412	0.800365	-1.157842	1.813912	1.666619	0.100551	0.376293	0.684111	-0.286547	0.069640
1.839849	2.598407	0.701552	3.937447	2.347762	3.324657	2.520609	2.739503	2.739345	1.890752
3.266513	3.387044	2.007271	5.110477	3.043533	4.447750	3.659501	3.948971	4.675782	3.089059
3.633930	3.462096	2.501333	5.371415	3.060626	4.710855	3.855560	4.034633	5.180009	3.443933
2.799153	3.062997	2.491357	4.962680	2.531460	4.441212	3.320196	2.930000	4.500805	3.281116
1.420752	2.640409	2.469730	4.260442	1.807609	4.031236	2.447858	1.538071	3.359066	3.356996
0.031933	2.369468	2.540609	3.607332	1.205579	3.478410	1.637254	0.847160	2.768989	3.295531
-0.389852	2.271068	2.366434	3.118189	0.811369	2.637873	1.061521	1.307295	3.073378	2.805590
-0.205037	1.723284	1.728779	2.114578	0.143265	1.190628	0.123222	1.813114	3.494183	1.771447
-0.406052	0.424261	0.527428	0.496387	-0.872570	-1.330868	-0.055203	1.229709	3.042435	0.414672
-0.826170	0.323061	-0.321259	-0.153829	-1.297051	-3.179283	1.571696	-0.053741	1.646083	-0.160364
-1.220513	0.840004	-0.026292	0.956033	-0.712283	-1.618470	3.584159	-1.203082	0.039475	0.388828
-1.487488	1.200991	0.657263	2.302612	0.096248	0.456682	4.263061	-1.232258	-0.864753	0.750076
-1.611344	0.680489	0.840323	2.328354	0.128623	0.646664	3.282238	-0.854801	-1.011006	-0.034445
-0.740810	0.081521	0.749550	1.421114	-0.456899	0.152541	1.397831	-0.557463	-1.011578	-0.987411
0.346130	-0.667304	0.403564	0.355958	-1.084218	-0.172031	-0.424635	-0.095711	-0.345553	-1.370309
0.571952	-2.159214	-0.661940	-0.854961	-1.749842	-1.649272	-2.329042	-0.606291	-0.439553	-2.458418
1.494954	-2.285399	-1.852128	-1.186687	-1.923583	-1.508394	-3.034523	-0.325390	-0.592825	-2.274353
2.763374	-0.547512	-2.124900	-0.358167	-1.488710	0.886409	-2.145846	0.670262	-0.101379	-0.620626
3.182743	1.170421	-0.865143	0.437835	-1.052490	2.168053	-1.108113	0.999710	0.349477	0.879416
2.412107	1.072791	0.480302	0.190690	-1.208229	1.960153	-1.113830	-0.035975	-0.281571	1.287110
1.226746	0.350287	1.067974	-0.564742	-1.200338	1.246944	-1.623919	-1.654391	-1.714458	1.458322
0.230319	-0.067794	1.340906	-0.691163	0.267972	1.165933	-1.651642	-2.712264	-2.762826	1.846178
-0.618440	-0.394882	1.414595	-0.298575	1.892880	1.348725	-1.349553	-3.193361	-3.025347	1.983918
-1.227084	-1.003704	0.919134	0.165930	2.845087	1.309283	-1.014292	-3.193146	-2.703926	1.591800
-1.570270	-1.718136	-0.163912	0.473372	3.234483	0.818771	-0.793806	-2.967330	-2.217217	0.687363
-1.710852	-2.090987	-1.324234	0.605785	3.318419	0.142109	-0.701933	-2.752460	-1.873235	-0.327730
-1.727390	-1.386304	-1.322389	0.629607	3.276960	-0.169577	-0.697951	-2.069746	-1.597628	-0.988517
-1.700115	0.528536	0.032973	0.595218	3.208109	1.124319	-0.737951	0.479827	-0.488854	-0.454592
-1.676692	1.754875	1.522556	0.548612	3.154813	1.996544	-0.787406	2.493571	1.006297	0.011318
-1.664236	2.112446	2.278300	0.512849	3.117958	2.501506	-0.830110	3.384047	2.006866	0.404318
-1.653516	1.405716	2.024882	0.211155	2.588505	2.568700	-1.137488	2.976298	2.000777	0.520162
-1.638822	-0.191755	0.694698	-0.617495	1.210637	1.136292	-1.903004	1.158407	0.622211	-0.595640
-1.630138	-1.050845	-1.049209	-1.628512	-0.468123	-2.573774	-2.755382	-1.658044	-1.833976	-2.494041
-1.635392	0.592112	-1.776728	-1.295524	-0.394601	-5.108930	-2.288750	-2.124389	-3.274193	-2.622200
-1.634868	2.017174	-0.646052	0.908583	1.560397	-0.883717	-0.220417	0.772183	-0.873761	-0.600218
-1.628260	1.828892	0.269110	1.941697	2.212761	0.779985	0.633663	1.540164	0.979537	-0.351158
-0.897825	1.973635	1.128139	2.672479	2.016606	1.601803	1.291119	1.378335	1.595187	0.029947
1.138904	2.503140	2.230887	3.620504	1.870709	2.740341	2.121561	1.711973	2.168914	1.359846
2.323513	2.175011	2.713888	3.554260	1.331923	3.161270	1.902548	1.507525	2.107441	2.145194
1.974784	0.859770	2.044593	2.266541	0.184631	3.007507	0.493751	0.767665	1.630254	1.979845
0.960095	-1.150770	0.414133	0.249584	-1.177545	1.922718	-1.583368	0.063946	1.424338	0.983412
-0.129259	-3.757522	-1.795863	-1.825822	-2.295320	-0.249868	-3.081157	-1.254051	0.457218	-0.354576
-0.979298	-5.344577	-3.582595	-3.307134	-2.926500	-2.795516	-1.544675	-2.917146	-1.493224	-0.999426
-1.483744	-3.271669	-3.525028	-3.895052	-3.125761	-5.285995	1.091072	-4.271718	-3.909225	-1.332888
-1.698331	-0.950292	-2.040526	-3.778241	-3.067621	-5.723212	2.694995	-3.759666	-5.539883	-1.341019
-1.739546	-0.447850	-0.937327	-3.384999	-2.923269	-3.322950	2.791343	-1.255439	-3.862758	-1.285272
-1.705535	-0.990534	-0.972789	-3.031329	-2.801612	-0.956346	1.428943	0.363248	-0.084426	-1.506196
-1.656872	-1.892910	-1.765529	-2.826833	-2.727770	0.154314	-0.840795	1.017942	2.373489	-1.898235
-1.616426	-2.643289	-2.712655	-2.749476	-2.693344	0.517801	-2.678284	1.121494	3.308077	-1.926837
-1.587658	-3.091724	-3.043568	-2.752251	-2.685904	0.352743	-1.472487	0.530838	3.069294	-1.303751
-1.570222	-3.615849	-2.780171	-2.747013	-2.569578	-0.625924	1.062105	-0.983439	1.424062	-0.949382
-1.571793	-3.334620	-2.163224	-2.204717	-1.118852	-0.921299	2.901525	-2.676248	-1.333054	-0.264955
-1.574018	-2.616291	-1.539122	-1.076126	1.099127	-0.264331	3.314661	-3.699548	-4.142647	0.126026
-1.577097	-2.537943	-1.486334	-0.221455	2.258863	-0.156979	2.337231	-3.926246	-5.642192	-0.355355
-1.395561	-3.043949	-2.121380	-0.259580	1.812366	-0.979464	0.308285	-3.164457	-5.366993	-1.186355
0.214637	-1.997784	-2.573995	-0.240564	0.761382	-0.529622	-1.591953	-0.656628	-2.842089	-1.146560
2.236444	-0.283730	-1.718502	0.380364	-0.065036	0.868821	-2.137436	1.171858	-0.098608	-0.487858
3.454033	0.529146	-0.591427	1.108707	-0.441524	1.810212	-1.484780	1.920438	1.378593	0.047123
3.276589	0.514076	-0.181550	1.535174	-0.514136	1.692861	-0.269964	1.450804	1.532064	0.044173
2.161350	0.896850	0.161687	2.194947	-0.103400	1.490977	2.252472	0.860382	1.192599	0.663667
0.768010	1.183582	0.640372	2.293860	0.439090	1.406240	3.809360	1.520660	1.133679	1.176298
-0.453865	1.272589	0.931107	1.719320	1.250947	1.633216	4.289132	2.528584	1.448252	1.523279
-1.248356	0.822293	0.866487	0.543241	1.118769	1.676540	4.080551	2.829890	2.220100	1.503858
-0.634872	0.482008	0.554335	-0.535540	0.308830	1.987631	3.727369	2.693722	2.971832	1.635378
1.398099	0.833066	0.732119	-0.421438	-0.293037	2.429191	3.293517	2.432839	3.160782	1.779628
3.061039	1.491474	1.466425	0.725410	0.222753	2.747590	2.392162	2.095299	2.709265	1.754036
3.951072	1.886047	2.103029	1.957414	1.352465	2.885206	1.375142	1.988303	2.043725	1.667958
4.334626	1.861302	2.053889	2.459041	1.585163	2.746761	0.919366	2.224179	1.530162	1.576434
4.451889	1.597100	1.627892	2.432519	1.196926	2.518047	1.748493	2.181240	1.155424	1.663123
3.928545	0.914768	0.888325	1.908356	0.475198	1.956317	1.965002	1.892501	1.379949	1.340113
2.629823	0.656536	0.319481	1.405981	-0.151728	1.360386	1.840035	1.525570	2.326193	0.999779
1.063264	0.418797	0.538063	0.852050	-0.633749	0.583848	0.920024	1.118866	3.112701	0.337496
-0.319639	-0.007338	0.923783	-0.203315	-1.286659	0.150171	-0.783956	0.764969	3.323200	0.286610
-1.149261	0.048999	1.245648	-1.399630	-1.905454	0.343944	-2.644269	1.394840	3.183160	0.463925
-0.290307	1.195232	1.633942	-1.394302	-1.144852	1.249909	-3.034870	1.928243	2.560968	0.770645
0.484218	2.139636	1.811379	-0.200060	0.999018	2.236596	-1.892001	1.946034	1.588354	1.390115
0.324749	2.776988	1.771448	0.734523	2.637817	2.548107	-0.823158	2.398890	1.086902	1.341886
-0.244773	2.840959	1.747975	1.025545	3.253786	2.016683	-0.373676	1.986763	0.630612	0.690298
-0.838403	2.144062	1.222860	0.467412	2.556396	-0.175549	-0.809517	0.307490	-0.639821	-0.925657
-1.267306	1.593431	0.339336	-0.007823	1.240730	-4.026226	-1.182837	-1.877778	-2.238686	-2.491009
-1.493674	1.936062	0.133826	0.991499	0.470636	-5.473899	-0.265662	-3.090882	-2.518987	-2.267050
-1.585385	2.433864	0.727832	2.348953	0.401881	-2.923367	0.905054	-3.011681	-1.480504	-1.387065
-1.602882	2.417601	1.544078	2.387299	0.106916	-1.706586	0.825026	-2.934967	-0.990707	-1.744546
-1.588557	1.605915	1.904112	1.235475	-0.646891	-2.386997	-0.332748	-3.230417	-1.607715	-3.052937
-1.564040	0.142565	1.709242	-0.415725	-1.417549	-4.104848	-1.912941	-3.612463	-2.861964	-4.566600
-1.546734	-0.989561	1.392236	-1.467746	-0.687332	-3.843270	-2.472211	-3.596764	-3.746593	-4.209905
-1.540482	-1.181845	1.367740	-1.250007	1.245053	-1.308487	-1.269436	-3.285570	-3.675465	-2.367472
-1.501823	-1.184258	1.376218	-0.511991	2.455850	0.077231	-0.417629	-2.986176	-3.045615	-1.562046
-0.621653	-1.412689	0.808550	-0.035928	2.213191	0.349172	-0.326622	-2.124132	-2.257789	-1.490709
-0.027184	-2.196705	-0.380677	-0.029029	1.120158	-0.523011	-0.781375	-1.737133	-1.772151	-2.092119
-0.169504	-3.392190	-1.953229	-0.389485	-0.227180	-2.624256	-1.483301	-2.161172	-1.996683	-3.168302
-0.608351	-4.959833	-3.611087	-1.101766	-1.482371	-6.025072	-2.351366	-3.013384	-2.845267	-4.568490
-1.042120	-6.372590	-4.998427	-1.890853	-2.342076	-9.641384	-3.090296	-3.843759	-3.936352	-5.826295
-1.358723	-6.477747	-5.707574	-2.180317	-2.577131	-10.598056	-3.182192	-4.203768	-4.646258	-6.187495
-1.530912	-4.652248	-5.152031	-1.264377	-1.984458	-6.270258	-2.151462	-3.769298	-4.076981	-4.898442
-1.587694	-4.023084	-4.406852	-0.772088	-1.598881	-3.610613	-1.671179	-2.990915	-3.245584	-4.525914
-1.584727	-2.613689	-3.787327	-1.014698	-1.651176	-1.551148	-1.890522	0.216676	-0.953693	-3.881272
-1.568943	-0.856231	-2.730350	-1.612423	-1.909963	0.110335	-2.405441	2.748083	1.902679	-2.795671
-1.553659	0.353252	-0.845139	-2.208341	-2.183171	0.519284	-1.817893	3.528626	2.888611	-1.945283
-1.545266	0.993028	0.800375	-2.600283	-2.367287	0.982685	0.487715	3.820820	3.156052	-0.568480
-1.538872	1.186730	1.421071	-2.754355	-2.444769	1.574367	2.408879	3.960422	3.480791	0.568883
-1.543459	0.967042	1.296694	-2.751740	-2.447099	1.471739	3.334769	3.677860	3.162356	0.872547
-1.541213	1.192549	0.961699	-2.680561	-2.420824	1.511202	3.391343	3.201493	2.222520	1.021093
-1.528543	0.904544	0.477974	-2.599703	-2.390350	1.793223	2.161205	2.450751	0.897090	0.879709
-1.496066	-0.479543	-0.570338	-2.547115	-2.372684	1.784684	0.137256	0.585417	-1.146921	0.461514
-0.508821	-1.523473	-1.843282	-2.061036	-2.140418	1.994658	-1.783255	-1.313490	-3.218489	0.374414
1.452123	0.062802	-1.967385	-0.664861	-1.422163	2.342424	-2.292369	-1.001480	-2.668859	0.757648
2.048052	0.960730	-0.973635	0.186130	-0.954382	2.433763	-2.104765	0.212707	0.371361	1.337443
1.512390	0.853345	0.121353	-0.053285	-1.090053	1.801075	-2.154939	0.855450	2.486504	0.971157
1.635218	1.168038	1.159303	-0.287214	-1.213940	1.670469	-1.210939	1.767087	3.574863	0.970062
2.467717	1.828362	2.275275	0.200902	-0.915004	2.530524	1.559772	2.672422	4.177387	1.778145
2.331041	1.772852	2.905282	0.333676	-0.815611	2.707052	3.329965	2.578990	4.124636	1.948526
1.399071	0.848978	2.778688	-0.268617	-1.140745	1.812308	3.891214	1.308769	3.022723	1.437681
0.274162	-0.286679	1.893316	-1.206417	-1.623432	-0.287651	3.755454	-1.041891	0.396017	0.732869
-0.675991	-0.658480	0.645553	-2.070604	-2.042884	-2.845747	2.522687	-3.762446	-3.575296	0.533484
-1.281516	-1.294670	-0.797559	-2.609035	-2.287833	-3.532647	0.377229	-4.994163	-6.977198	0.687174
-0.573581	-1.169259	-1.886550	-2.310515	-2.140102	-0.620152	-0.804075	-2.401152	-4.505978	0.990787
1.488254	0.844965	-1.522987	-0.753690	-1.381041	2.313948	-0.769086	1.231758	1.164246	1.406521
3.143098	2.269270	-0.165116	0.899469	-0.515596	3.205200	-0.212214	2.532910	3.320862	1.425204
3.621174	2.742285	0.896248	1.778492	0.281577	3.052816	0.197272	2.358734	3.290092	1.035446
2.829782	2.608646	1.198745	1.831198	1.471382	1.994770	0.149028	0.943193	1.919158	0.243602
1.495142	2.033307	0.866656	1.109745	1.740305	-0.848144	-0.518455	-1.398639	-0.717562	-1.262908
0.690866	1.556019	0.245163	0.100620	1.028325	-4.983504	-1.368053	-3.247850	-3.905666	-2.084800
0.164854	1.091541	-0.304842	-0.827011	-0.082630	-7.198510	-2.114831	-4.116669	-6.180702	-1.790128
-0.427530	0.659495	-0.795519	-1.677817	-1.219502	-7.234012	-2.744964	-4.472109	-6.850229	-1.963076
-0.943733	0.497137	-1.007177	-2.296269	-2.054418	-3.415999	-1.931519	-4.430571	-6.073220	-0.434248
-1.288303	0.883441	-0.579415	-2.606985	-2.465762	1.305853	0.630843	-2.593485	-3.212344	1.381366
-1.469183	1.242047	0.173180	-2.685800	-2.552464	3.540973	2.620098	1.347585	1.196517	2.409939
-1.477834	1.201859	0.657624	-2.622810	-2.468443	4.229779	3.543679	3.067319	3.574548	2.830099
-0.193410	1.670573	0.983546	-1.855744	-2.021697	4.359413	3.966227	3.028168	3.817048	3.020141
1.918211	2.394061	1.393582	-0.222652	-1.128639	4.260435	3.600673	2.541136	3.114133	3.019420
3.406828	2.987429	1.707944	1.241222	-0.288106	4.191036	2.492788	2.475417	2.741860	3.032164
3.928306	3.216628	1.881472	1.951374	0.161594	4.118576	1.021871	2.633288	3.102837	2.990466
3.212627	2.520362	1.494997	1.526891	-0.066287	3.658459	-0.851494	2.162899	3.305777	2.509600
1.986443	1.030425	0.332934	0.350116	-0.735274	2.470369	-2.673229	1.391264	3.164441	1.533121
1.844617	0.395518	-0.808231	-0.076747	-0.968083	1.574258	-2.777573	1.729755	3.309215	1.091191
2.073845	0.756966	-0.538396	0.785419	-0.466008	1.535681	-1.140903	2.389628	3.712000	1.078401
1.496830	-0.178092	-0.239631	0.864363	-0.433363	0.098077	-0.532878	1.456939	2.882643	-0.122811
0.532824	-0.905924	-0.584826	0.934215	-0.436302	-2.012193	-0.135625	-0.329543	0.910523	-1.315358
-0.397387	-0.353910	-0.705509	1.976209	0.172932	-2.112448	0.878658	-1.757739	-1.041407	-1.068140
-1.080986	1.432855	-0.089389	3.183124	1.105258	0.820117	1.884367	0.098844	0.117147	0.349711
-1.468220	2.251963	0.833724	3.474295	1.697651	2.790755	2.475607	2.825423	3.042177	1.386946
-1.616379	1.763354	1.067145	2.444998	1.169245	2.962965	2.423042	3.323761	4.135057	1.307019
-1.622528	0.336862	0.305112	0.892331	0.713196	1.914437	1.387495	2.139999	3.429656	0.332572
-1.571656	-1.173828	-0.792606	-0.081236	1.538988	0.453468	0.941733	-0.113479	1.384600	-0.132008
-1.517426	-2.125919	-1.412507	-0.333959	2.369426	-0.806717	1.624431	-2.329434	-1.688034	-0.109578
-1.073275	-1.707473	-1.641667	-0.525279	1.993921	-1.686790	1.354605	-0.974079	-3.705519	-0.599708
0.552100	0.967690	-0.958446	-0.192102	1.110090	-0.049292	0.656518	2.183716	-1.673529	-0.340896
1.152429	2.304825	0.145114	-0.058656	0.049797	0.759175	-0.449093	3.415646	0.955968	-0.644429
0.741407	2.914622	0.860802	-0.285730	-0.793638	1.004537	-1.413763	3.807589	2.476568	-0.944264
-0.002756	3.405677	1.753369	0.633626	-0.391264	2.671483	0.704867	4.088534	3.795001	0.978472
-0.697134	3.212297	2.732797	1.959350	1.485963	3.869881	3.113568	3.338103	3.913966	2.399186
-1.177003	2.394949	3.001609	2.355494	3.012248	4.071601	3.325682	1.339875	2.683744	2.548659
-1.434211	1.052376	2.716453	1.871831	3.290485	3.168826	2.195946	-1.722997	0.134387	1.673166
-1.538598	-0.849094	2.041452	0.642637	2.275158	0.305421	0.115947	-5.078043	-3.582645	-0.146872
-1.552550	-3.372208	0.802361	-0.852245	0.606633	-5.645670	-2.266022	-7.159369	-7.368807	-2.240084
-1.523495	-5.979943	-1.085117	-2.103222	-1.075177	-11.800260	-4.041876	-7.043284	-9.546632	-4.503908
-1.489500	-7.194887	-3.163630	-2.805946	-2.256485	-17.907841	-4.591437	-4.740929	-7.008611	-5.726479
-0.685697	-4.930697	-4.437672	-2.588937	-2.583048	-7.300077	-3.734732	-0.996818	-0.957128	-4.049294
1.385010	-0.978150	-3.592091	-0.990796	-1.832955	1.981869	-1.662776	1.929610	2.996993	-0.765565
3.107723	1.087259	-1.585370	0.804042	-0.748729	3.854489	0.125201	3.263399	4.468286	1.080521
4.037513	1.973015	0.244996	1.993053	0.258512	4.230980	1.108717	3.564941	4.710514	1.812224
4.352112	2.146916	1.193433	2.787786	1.721305	4.050708	1.672991	3.114870	4.056820	2.061903
3.672988	1.357475	1.062415	2.563252	2.046945	2.939620	1.246740	2.021388	2.809047	1.415358
2.298607	0.171768	0.389713	1.325574	1.184352	0.423172	-0.089170	0.731057	1.632475	0.196086
0.775370	-0.698136	-0.248387	-0.347960	-0.159163	-4.240891	-1.747996	-0.085819	0.697303	-1.372140
-0.484275	-0.975851	-0.872906	-1.859933	-1.413120	-9.665271	-3.097717	0.673581	0.068626	-2.901519
-1.279554	-1.010622	-1.475703	-2.795000	-2.238469	-10.523907	-3.717440	1.842836	-0.020574	-3.915101
-1.625834	-0.770170	-1.789530	-3.066589	-2.564294	-5.836965	-3.630088	2.597862	0.289565	-4.265618
-1.685027	-0.136895	-1.010961	-2.913886	-2.552959	-2.163974	-3.186258	2.832930	0.648030	-4.179874
-1.629007	0.067841	0.290986	-2.366666	-1.656283	-0.656660	-2.506348	1.923797	0.381129	-3.795145
-1.547039	0.469264	1.391083	-1.165669	0.640035	0.688756	-0.825201	0.634331	-0.336369	-2.113189
-1.360008	1.462588	2.384797	0.119575	2.602102	2.785155	1.860779	0.971234	-0.174179	0.711494
0.135706	2.468029	3.090989	1.320878	3.431978	4.160665	3.056767	2.467206	1.163310	2.346451
1.698014	2.810655	3.169008	1.924357	2.991236	4.478238	2.763929	2.664497	1.958571	2.798640
1.739512	2.875636	2.617818	2.088726	1.946945	4.311117	1.922198	1.523146	1.521244	3.068297
1.525739	3.304020	2.293403	2.946032	1.392991	3.877862	2.729763	0.355805	0.963390	3.214389
1.031619	3.273502	2.408014	3.863453	1.432853	2.937671	4.423115	-0.622041	0.693475	3.033581
0.254382	3.086442	2.530327	4.493068	2.304182	2.328739	5.608034	-0.721880	1.229594	3.003861
-0.497647	2.826192	2.638080	4.909462	3.501181	2.329252	6.094881	-0.547544	1.851658	2.968187
-1.039863	2.288717	2.398947	4.887033	3.681443	1.950580	5.564034	-0.697486	1.796198	2.384685
-1.345741	1.216607	1.746547	4.157233	2.931752	0.605856	3.952908	-1.345487	0.918879	1.076457
-1.473695	0.243712	0.896597	3.172703	1.807468	-1.329005	1.770446	-2.065788	-0.466155	-0.379819
-1.499665	-1.107061	-0.103054	2.086493	0.681929	-2.924623	-0.526513	-2.718922	-1.912123	-1.686359
-1.484227	-2.806525	-1.382595	0.558775	-0.527429	-1.525908	-2.516381	-3.072478	-2.994975	-1.862156
-1.453109	-1.710349	-1.256380	-1.045315	-1.550462	1.805822	-1.728352	-2.010805	-1.591287	-0.000387
-1.423629	0.225365	0.474285	-2.269202	-2.188258	3.343243	-0.205355	-1.497900	-0.145836	1.676352
-1.403393	0.498359	1.648497	-2.799803	-2.416915	3.240746	0.015627	-1.930684	-0.299927	1.723408
-1.400676	0.892049	1.945990	-1.809389	-1.915532	2.196099	0.032063	-0.521176	-0.380668	0.998492
-1.405622	0.796219	1.459981	-0.784398	-1.416109	0.042235	-0.377365	1.591284	0.366626	-0.246877
-1.406482	0.345714	0.387327	-0.663183	-1.391304	-3.245943	-1.223637	2.702063	1.005341	-1.759256
-1.405311	0.145972	-0.799484	-1.124565	-1.647768	-3.678477	-2.118577	3.088130	1.269820	-2.221594
-1.390116	0.142573	-1.552302	-1.724801	-1.938434	-0.033582	-2.726428	3.104617	1.247223	-1.362277
-1.373039	0.362527	-1.795530	-2.182599	-2.140597	1.893936	-2.928150	2.959698	1.089116	-0.776889
-1.359435	0.563690	-1.484477	-2.419456	-2.242489	1.810810	-2.839596	2.792177	0.916396	-1.202819
-1.357519	0.642756	-0.450978	-2.481422	-2.272809	1.066856	-2.635165	2.456210	0.711705	-1.707276
-1.364989	0.522859	0.711573	-2.444853	-2.262172	0.901320	-2.451401	1.825479	0.191242	-1.403651
-1.363300	0.206435	1.460821	-2.370924	-2.238094	1.384533	-2.335471	1.047218	-0.335522	-0.776191
-1.355561	-0.780088	1.239509	-2.297554	-2.214702	2.140393	-2.272557	-0.003754	-0.272634	-0.147992
-1.342645	-2.419451	0.052516	-2.235281	-2.140485	2.422300	-2.243160	-1.486290	-0.389620	0.042723
-1.340457	-4.135743	-1.669029	-2.039540	-1.642308	2.315314	-2.093393	-3.156707	-1.337938	0.073507
-1.355305	-5.645800	-3.411683	-1.925594	-1.373135	1.447687	-2.029448	-4.490876	-2.861959	0.290173
-1.354546	-5.675266	-3.992840	-1.967751	-1.498099	-0.051786	-2.095350	-5.061280	-4.423303	0.643035
-1.343380	-3.918951	-2.694463	-2.085432	-1.790702	-1.562982	-2.218045	-4.842111	-5.312455	0.926177
-1.222586	-1.034577	-1.191887	-2.164484	-2.041179	-1.089839	-2.276973	-2.327228	-3.205905	1.207225
0.253224	1.538026	0.064155	-1.439895	-1.822386	1.979412	-0.717833	2.448674	1.803710	1.818047
2.110660	2.935740	1.386076	0.029698	-1.109673	3.941024	2.418391	4.673314	4.696974	2.611567
2.375510	2.926812	1.976165	0.637244	-0.782210	4.155933	3.415139	5.002389	5.397040	2.384947
1.603036	1.850961	1.395814	0.167148	-1.043208	3.026682	2.484348	4.152196	4.712849	1.060488
0.535782	0.495273	0.119388	-0.801943	-1.552470	0.052550	0.537160	3.024838	2.949195	-0.867116
-0.414947	-0.908181	-1.194641	-1.753783	-2.010335	-4.646422	-1.212775	1.656051	0.181165	-1.409301
-1.046263	-2.782623	-2.372670	-2.385117	-2.290844	-6.970070	-2.241260	-0.562118	-3.406034	-0.342220
-1.346274	-4.003825	-3.307805	-2.630458	-2.393567	-1.621492	-2.734753	-1.988958	-4.412602	1.132991
-1.440220	-4.486091	-3.819350	-2.612448	-2.392992	1.521031	-2.799151	-2.330212	-2.006690	1.770620
-1.432785	-5.098426	-4.152439	-2.496194	-2.363196	2.026679	-2.625392	-2.866611	-0.743868	1.722843
-1.395978	-5.711898	-4.459804	-2.387315	-2.332847	1.784308	-2.393007	-3.543705	-1.094158	1.097533
-1.365381	-5.222407	-4.570498	-2.120141	-1.735403	1.696576	-2.030870	-3.241033	-1.461899	0.452577
-1.344739	-3.702389	-4.144986	-1.624627	-0.688453	1.026501	-1.555889	-2.123908	-0.690644	-0.482276
-0.728402	-0.980820	-3.064490	-1.218289	-0.400429	-0.569934	-1.230778	-1.513648	-0.501769	-1.740833
0.514256	1.561229	-1.152416	-0.326052	-0.376376	-1.068155	-0.514065	-0.758268	-0.452989	-1.866915
1.889506	3.158644	0.775920	1.428687	0.064418	1.823695	0.942674	0.340878	0.146541	0.149768
3.227356	3.663471	1.962086	2.599545	0.462000	3.371171	1.844377	1.321971	0.971151	1.253285
4.077568	3.363445	2.174118	2.940084	0.612124	3.673243	2.074388	1.825565	1.478175	1.475200
4.501925	2.950566	1.947566	3.111454	1.499613	4.003112	2.946223	2.064317	1.777337	2.471245
4.669251	2.768612	1.840865	3.446529	2.968071	4.585826	3.785159	2.457604	2.131856	3.572789
4.466056	2.674281	1.833602	3.675275	3.975364	4.989864	3.776730	2.909418	2.611985	3.991353
3.408203	1.806109	1.409121	3.298844	4.254424	4.564409	2.903829	1.998474	2.162750	3.459236
1.894484	0.422226	0.467721	2.485225	4.102599	3.057504	1.551326	0.088628	0.736317	2.251637
0.416227	-1.529903	-0.798230	1.335350	3.287149	-1.149317	-0.043067	-2.379024	-1.429353	0.212814
-0.685991	-3.488082	-2.179944	-0.128125	1.655467	-8.105799	-1.660467	-3.906733	-3.748417	-2.623596
-1.296994	-3.809892	-2.386218	-1.506660	-0.296862	-14.271468	-2.769469	-3.695522	-4.935886	-5.352520
-0.763426	-2.167931	-0.978399	-2.082951	-1.793865	-19.080191	-2.747867	-2.442604	-4.209249	-5.932641
0.471765	0.115545	0.981268	-1.425614	-2.056827	-4.987902	-1.603489	-0.126301	-0.586978	-3.260577
0.740988	0.915331	1.986247	-0.396554	-0.456912	1.673687	-0.422816	0.719590	1.451436	-1.513139
0.434581	1.435216	1.955477	0.585395	1.717290	3.151996	0.468500	1.925626	2.220619	-0.342410
-0.126227	1.584297	1.416667	0.963276	2.666039	3.210364	1.067908	2.865247	2.405738	0.107276
-0.668793	1.436543	0.684092	0.832851	2.650417	2.529842	1.209650	3.076609	2.150416	0.034110
-1.050443	0.764421	-0.087789	0.821149	2.827005	1.388381	1.056265	2.016289	1.226896	-0.184660
-1.243678	-0.147070	-0.687945	0.821718	2.949596	-0.159547	0.683016	-0.043231	-0.374297	-0.644888
-1.314519	-1.100931	-0.526208	0.348616	2.172437	-2.984893	-0.124411	-2.676789	-2.463014	-1.895430
-1.329013	-1.121791	-0.148569	0.334414	1.025825	-5.134559	-0.303292	-4.443300	-3.882577	-2.583625
-1.313073	0.121485	0.287123	1.654484	0.493348	-1.896273	0.921721	-3.974481	-2.924894	-0.602279
-1.292160	1.310771	0.726351	3.168232	0.817611	2.018687	2.396833	-2.427754	-0.758730	1.702036
