X1	X2	X3	X4	X5	X6	X7	X8	X9	X10
-1.737900	-6.400843	-6.053929	-2.841746	-2.595571	-6.764795	-2.833002	-4.515328	-3.982146	-6.343361
-1.732203	-5.863585	-5.599496	-2.833636	-2.581530	-3.816418	-2.460340	-4.006338	-1.382216	-3.637005
-1.716680	-4.149711	-4.399576	-2.061017	-1.399316	0.217211	-1.832246	-2.652625	0.247777	0.076907
-0.951657	-1.070297	-1.908654	0.763071	2.159136	2.505699	-0.103694	-0.783326	1.383183	2.432154
1.094686	0.607848	-0.216720	3.006446	4.627262	3.330199	1.670101	0.549453	1.459086	3.459303
3.060174	1.066942	0.742195	3.769605	5.391975	3.495410	3.113129	1.105105	1.071358	3.759321
3.836808	0.973989	1.156485	3.575781	5.108662	3.180688	3.768066	1.260174	0.664738	3.470562
3.279310	0.447886	1.076007	2.516011	3.438696	2.123321	3.717076	1.418095	0.095566	2.497108
2.159447	0.260038	1.214937	1.631265	0.780787	0.498125	3.658462	1.630381	0.420977	1.067709
1.399771	0.434767	1.275009	1.265137	-1.858313	-0.614026	3.382565	2.068534	0.575503	0.017077
0.605903	0.026264	0.633349	0.516578	-3.858931	-1.642424	2.224407	2.364557	0.167199	-1.019652
-0.260277	-0.359658	0.032907	-0.489725	-3.875596	-2.421090	0.899862	2.411925	-0.224616	-1.932596
-1.014304	0.363503	-0.090668	-1.017185	-0.810801	-2.213064	-0.722328	2.345562	-0.287381	-2.309659
-1.526106	1.579031	0.458567	-0.231964	2.417188	-1.191569	-1.177618	2.147387	0.188292	-1.965804
-1.738574	2.577901	1.570936	1.733319	3.952098	0.276978	1.142191	1.988936	0.987826	-0.560671
-0.759622	2.568447	1.737651	2.762669	3.498205	1.192736	2.432967	2.173629	1.339452	0.646161
1.453462	2.036696	1.678764	2.665265	1.717416	1.578947	1.971557	2.657002	1.651747	1.056058
3.364851	1.622846	2.045708	1.998345	-0.677528	2.146190	0.615019	3.244678	2.277056	1.302743
4.078204	1.610889	2.108005	1.060381	-2.766672	2.427106	-1.142540	3.603909	1.936000	1.397193
3.475998	1.682139	1.602279	-0.177802	-3.898763	1.636730	-2.902721	3.494187	0.959181	0.580192
2.120844	1.726467	0.945586	-1.476659	-3.887551	-0.241545	-3.838183	3.070539	-0.117862	-1.105755
0.525880	2.035323	1.022181	-2.091820	-2.929993	-2.300321	-1.529360	2.658549	0.698409	-2.549855
-0.876446	2.440351	1.525331	-1.909008	-1.810800	-2.023524	1.494511	2.586852	2.030163	-1.613772
-1.797496	2.522725	2.073750	-1.786925	-1.395773	-0.055684	2.962001	2.414956	2.508224	0.826673
-2.170775	2.498025	2.750212	-1.921242	-1.615108	1.375815	3.087373	1.858643	2.495175	2.431043
-2.155897	2.199085	2.611127	-2.196077	-2.117579	1.624975	1.755215	0.959137	1.378377	2.753233
-1.978947	1.587188	1.818916	-2.473074	-2.580007	0.519443	-0.605782	-0.302127	-0.785967	1.764332
-1.785599	0.931196	0.730992	-2.651697	-2.772553	-1.621998	-3.203573	-1.614593	-1.570266	-0.382270
-1.639389	0.062099	-0.284594	-2.363630	-1.376984	-2.742467	-4.521689	-2.423665	-1.578065	-1.894680
-1.561754	-0.789046	-0.177737	-1.364059	1.613251	-1.514505	-3.769117	-2.797127	-1.859625	-0.931929
-1.544972	-1.599400	-0.365290	-0.246787	3.692521	0.227778	-2.270248	-2.967728	-2.240230	0.881617
-1.554581	-2.739834	-1.334858	0.181112	3.708349	0.620987	-1.501399	-3.118342	-3.042842	1.409618
-1.562822	-3.943691	-1.996993	-0.227604	1.974324	-0.451156	-1.605920	-3.356684	-3.976034	0.494429
-1.564815	-4.330147	-1.425375	-1.068256	-0.857355	-2.409718	-1.857730	-3.577621	-3.213017	-1.299460
-1.566058	-2.260951	0.791597	-1.937250	-3.773633	-3.575196	-0.360837	-3.291470	-0.385657	-2.735811
-1.559461	0.700064	2.591915	-2.561981	-5.441297	-2.699260	1.669643	-2.440257	1.416922	-2.484634
-1.544939	2.136926	3.004824	-2.852341	-5.047885	-0.603074	2.763718	-1.474265	2.226034	-0.821375
-1.531925	2.439181	2.517009	-2.803877	-3.148544	1.580694	2.301510	-0.739084	2.561295	1.230074
-1.528104	2.366375	1.759282	-2.030715	0.318944	2.750431	0.893827	-0.334400	2.210894	2.264616
-1.533225	2.126670	1.009508	-0.787392	3.196350	2.795749	-0.747614	-0.456166	0.889182	2.208441
-1.536378	1.862744	0.463683	0.279837	4.503492	1.983334	-1.843895	-1.031323	-0.836323	1.288280
-1.539337	1.800474	0.782124	1.146611	4.841827	0.754975	-0.341678	-1.771280	-1.602667	0.154151
-1.538494	2.093219	2.032430	2.625407	5.027357	0.724859	2.779052	-1.993072	0.987081	0.500231
-1.489541	2.338894	2.565531	4.122664	5.223780	2.187114	4.185072	-1.258654	2.842236	2.382806
-0.431807	2.392339	2.516713	5.036383	5.357789	3.287826	4.077128	-0.186288	3.116924	3.655367
1.714920	2.559811	2.545921	4.998159	4.918039	3.569176	2.895921	0.630767	2.627170	3.891978
3.544674	2.662572	2.249941	4.209276	3.703779	3.324506	0.978187	1.166241	2.527034	3.367750
4.579261	2.160201	1.461582	3.148310	2.325814	2.803981	-0.938927	1.457606	1.814645	2.399070
5.004800	1.029213	0.309376	1.961211	0.491506	1.923661	-2.262336	1.435645	1.381392	1.017021
4.620493	-0.071202	-0.758275	0.692974	-1.490096	0.763296	-2.868819	1.212770	0.821385	-0.497558
3.374572	-0.397015	-1.362589	-0.662163	-3.100510	-1.331817	-3.031063	0.496225	-0.787289	-2.407958
1.821258	0.488097	-0.903214	-0.958758	-3.145593	-3.538219	-2.098649	-0.564616	-1.498016	-4.023721
1.440151	1.815016	0.097720	0.206904	-1.486605	-1.819389	-0.745414	-1.221241	-1.253141	-2.798661
2.439055	2.471728	0.614457	1.151933	-0.141544	1.289251	-0.195837	-1.157413	-0.972711	-0.143326
3.691961	2.222159	0.412187	1.468852	0.282059	2.676287	-0.255669	-0.676135	-0.780594	1.497533
4.531318	1.202776	-0.291743	1.364543	0.034829	3.193884	-0.590266	-0.165939	-0.721466	2.351138
4.494712	-0.327627	-1.206847	1.051483	-0.516551	3.079648	-0.983596	0.015587	-1.016100	2.403698
3.474225	-1.270565	-1.409435	1.503804	-0.199962	2.255664	-0.509250	-0.264474	-0.588536	1.774286
1.893380	-1.143922	-1.104158	2.529631	1.796765	1.416570	0.299619	-0.753086	-0.422519	1.490401
0.215255	-1.324936	-1.171037	2.672800	2.573951	0.068148	0.212418	-1.398411	-1.129007	0.842977
-1.136772	-2.075174	-1.708664	1.867684	1.694399	-2.173167	-0.637745	-2.143682	-2.402637	-0.680638
-1.913081	-3.249914	-2.727241	0.435859	-0.259046	-5.035012	-1.837142	-2.773043	-3.338509	-2.936333
-2.140336	-3.721116	-3.450267	-1.138524	-2.479694	-7.152438	-2.847507	-2.350088	-2.645387	-5.163068
-2.029007	-3.203310	-3.661599	-2.392671	-4.011533	-5.468029	-3.317787	-0.840143	-1.519856	-5.582846
-1.799607	-2.371313	-3.548273	-3.056488	-4.218664	-1.447709	-3.230773	0.726866	-0.731858	-3.514961
-1.591015	-1.610664	-2.769842	-3.102499	-3.163757	0.940677	-1.514702	1.743362	-0.403073	-1.094329
-1.462695	-1.032251	-1.317473	-2.278913	-0.158825	1.610546	1.492276	1.892902	-0.706129	0.447164
-1.315688	-0.754064	-0.159048	-0.878242	2.902421	1.547722	3.398719	1.190381	-1.196354	1.198135
-0.569581	-0.428377	0.610415	0.358472	4.133414	1.370661	4.152175	0.239259	-1.171309	1.551532
-0.061008	0.516208	1.230186	0.584884	3.272945	0.756222	4.105865	-0.041711	-0.896034	1.371317
-0.104069	1.776999	1.748802	-0.032868	0.926477	-0.279123	3.592716	0.502053	-0.615692	0.737521
-0.467525	2.523346	1.720120	-1.006961	-2.134665	-1.539400	2.077483	1.329198	0.057610	-0.338907
-0.903659	2.786031	1.346814	-1.927306	-4.711353	-2.136033	-0.430689	2.168882	1.799285	-1.530468
-1.256935	2.262385	0.481689	-2.538034	-5.494016	-1.866380	-3.127854	2.809071	2.161805	-2.345634
-1.466602	1.180450	-0.596616	-2.776229	-4.368849	-1.760453	-4.784326	3.021392	1.584903	-2.864571
-1.550031	0.726503	-1.013409	-2.732113	-2.768198	-1.752971	-4.767803	2.854411	0.472966	-2.574389
-1.551571	1.176585	-0.464443	-1.609000	-1.214738	-1.867388	-2.514445	2.143813	-0.420926	-2.084401
-1.522233	1.382910	0.364544	0.269518	0.065251	-1.572444	1.199431	0.970969	-1.282353	-1.216990
-1.493601	0.545510	0.483657	0.933125	0.171270	-1.553580	3.179856	-0.493312	-2.466012	-0.591608
-1.473834	-0.851712	0.156560	0.448054	-0.668273	-1.516623	3.576355	-1.805091	-1.143799	-0.204536
-1.458446	-2.231818	-0.555349	-0.580125	-1.846411	-0.572658	2.762700	-2.257364	0.926815	0.643452
-1.445532	-3.196863	-1.513949	-1.656840	-2.784129	0.226290	1.010223	-1.843543	2.136981	1.012292
-1.441365	-3.421470	-1.898415	-2.445127	-3.124798	0.466137	0.024601	-1.113211	2.606292	0.747061
-1.448487	-3.171528	-1.789162	-2.816011	-2.918039	0.296918	0.360015	-0.672977	1.717315	0.289699
-1.456694	-3.144968	-1.958252	-2.621157	-2.372963	0.062916	0.121119	-0.874465	0.019501	-0.249643
-1.455520	-1.699439	-0.012451	-0.879518	-1.078209	-0.133067	0.629324	-1.401381	-1.010965	-0.616905
-1.336482	-0.146643	1.983741	0.630743	-0.105840	-0.139045	2.068529	-1.958331	-2.117377	-0.432026
-0.014360	0.761689	2.557404	1.500747	0.516149	0.429630	2.979034	-2.085292	-0.991968	0.271292
2.163324	1.111389	2.090020	2.030603	0.818949	1.642278	2.550091	-1.154094	1.610252	1.302352
3.853335	0.966088	1.141866	1.994176	0.484963	2.792282	1.220080	0.332232	3.143654	2.539239
4.439977	0.482246	0.012442	1.541659	-0.252435	3.302430	-0.485143	1.480820	3.686709	3.285254
3.782262	-0.089983	-0.864099	1.169276	-0.845003	2.964370	-1.616908	1.849586	3.375691	3.030352
2.379939	-0.999411	-1.197455	0.583703	-1.331235	1.511636	-2.324226	1.356301	1.690946	1.669795
0.729292	-2.132170	-1.666554	-0.107434	-0.737768	-1.102237	-2.434000	0.204549	-0.650972	-0.724610
-0.721822	-2.777789	-2.094883	-0.269314	1.643240	-3.469237	-1.812985	-1.161361	-2.576005	-3.098038
-1.666778	-2.816316	-2.366393	0.084388	3.718547	-3.485398	-1.046241	-2.329350	-3.310336	-3.494950
-2.049392	-2.528523	-2.494702	0.597932	4.671953	-1.232147	-0.546351	-3.048942	-3.039343	-1.225172
-2.032270	-2.210539	-2.533830	0.999948	4.818289	0.378933	-0.368091	-3.313084	-2.490178	0.422423
-1.834800	-2.005984	-2.525797	1.213822	4.541842	0.860718	-0.387045	-3.282456	-2.053632	0.763350
-1.624968	-1.861615	-2.465402	1.268652	4.123916	0.707150	-0.497580	-3.052275	-1.589315	0.353693
-1.391747	-1.472945	-2.311449	1.007113	3.130976	0.182522	-0.826208	-2.026985	-0.755217	-0.426029
-0.098688	-0.825588	-1.330299	0.535987	1.175905	-0.165376	-0.074449	-0.482343	-0.200675	-0.959917
1.981266	0.277847	1.194046	0.347093	-0.786350	0.426307	2.042133	0.583649	-0.050062	-0.241582
2.891557	1.079446	2.854246	0.414361	-0.848499	1.391091	3.528310	0.790428	-0.657887	1.418909
2.473518	0.832391	2.973862	0.097320	-0.481738	2.044634	3.984407	0.166947	-1.974073	2.814033
1.375635	-0.407504	1.992331	-0.632241	-0.713560	2.063962	3.266776	-0.962610	-3.389996	3.320770
0.115206	-2.300774	0.236391	-1.455110	-1.299492	0.927281	1.310952	-2.192268	-4.147301	2.559598
-0.940218	-3.254621	-1.334428	-1.672333	-0.349969	-0.732899	-1.067450	-2.508526	-2.425991	0.823351
-1.591325	-2.217978	-1.943344	-0.964742	2.151622	-1.405219	-2.593516	-1.191052	-0.370278	-1.000857
-1.841165	-0.679273	-1.860914	-0.011967	3.637451	-0.976805	-2.698060	0.632464	0.770658	-2.077429
-1.826072	1.302897	-0.640111	1.144866	3.464899	-0.309736	-1.401524	2.011105	1.618613	-2.111186
-1.702636	2.718417	0.442685	1.672349	2.006360	-0.085041	-0.555086	2.747672	1.526470	-1.696728
-1.578477	2.914021	0.545339	1.145372	-0.409080	-0.665469	-0.714326	2.955542	0.965645	-1.759442
-1.495069	2.131877	-0.105212	0.000537	-2.949497	-1.530809	-1.390686	2.929231	1.364032	-2.191204
-1.457026	0.901506	-0.956181	-1.274640	-4.526121	-1.865046	-2.119233	2.954966	1.640817	-2.444084
-1.439788	-0.444505	-1.783464	-2.269241	-4.453280	-2.122625	-2.592491	2.922914	1.210409	-2.700513
-1.435706	-1.349073	-1.902245	-2.794418	-3.329635	-2.514540	-2.733479	2.802322	0.588078	-3.074541
-1.443464	-1.304087	-0.958916	-2.901092	-2.237919	-2.929216	-2.643028	2.648241	0.019630	-3.462713
-1.451520	-1.295067	-0.983345	-2.772573	-1.692073	-3.237940	-2.461480	2.344154	0.026041	-3.760372
-1.458158	-1.638599	-1.661313	-2.586795	-1.652358	-2.789887	-2.301408	1.838769	1.235452	-3.577265
-1.463326	-2.215811	-2.544554	-2.435490	-1.881970	-1.639238	-2.209112	1.192291	1.821103	-2.572546
-1.369710	-3.028926	-3.463921	-2.322991	-2.141593	-0.911968	-2.159368	0.328732	0.912422	-1.353651
-0.108072	-3.119512	-3.643740	-1.855754	-2.065654	-0.341274	-1.822946	-0.381419	1.226653	-0.671434
1.433117	-2.268627	-3.195574	-1.155400	-1.678415	0.656139	-1.457222	-0.299985	2.204259	-0.052767
1.756119	-1.700654	-2.933792	-0.770281	-1.426962	1.033420	-1.353047	0.097744	2.869787	0.064846
1.184360	-1.515211	-2.792575	-0.673436	-1.367810	0.965829	-1.421297	0.403820	3.137184	-0.019545
0.251426	-1.519117	-1.668474	-0.988524	-1.608055	0.820959	-1.746240	0.418550	2.448787	0.448046
-0.595318	-1.480551	0.018687	-1.512183	-1.978326	0.448113	-2.106352	-0.069133	0.586957	1.189915
-1.177920	-1.835714	0.259185	-2.008451	-2.279640	-0.122172	-2.338891	-0.970932	-1.906167	1.697510
-1.497884	-2.775520	-0.693382	-2.348180	-2.415046	-0.716369	-2.329837	-2.021140	-4.144190	1.856434
-1.626049	-3.122894	-0.598848	-2.499788	-2.388510	-1.372363	-0.641984	-2.660555	-4.291697	1.465571
-1.635346	-1.504646	1.275259	-2.521720	-2.291418	-1.802927	1.646556	-1.871926	-2.463878	0.683427
-1.589106	0.063636	2.168166	-2.484878	-2.208859	-1.859141	3.053352	-0.242474	-1.154711	-0.138014
-1.537006	0.260076	1.965113	-2.437168	-2.169603	-1.892742	3.685700	0.663023	-1.367817	-0.749839
-1.497228	-0.238960	1.504655	-2.074368	-1.982175	-2.043362	3.951445	0.461784	-1.725796	-1.036787
-1.473433	0.051973	1.628276	-0.191730	-0.835157	-1.346527	4.369867	-0.229698	-0.472993	-0.441806
-1.462477	1.235599	2.157768	2.137675	0.728347	0.412788	4.733676	-0.305428	2.151778	0.926338
-1.461456	1.698384	2.202549	3.062336	1.315807	1.785843	4.628504	0.182358	3.263531	2.006421
-1.462021	1.358897	1.753506	2.468146	0.590996	2.153170	3.883124	0.860611	3.820429	2.242114
-1.460480	1.700602	1.525762	1.682460	-0.409262	2.127093	2.431761	1.956941	4.488455	1.929819
-1.464338	2.777012	1.762213	1.798920	-0.482333	2.211096	1.064529	3.085289	4.810905	1.630241
-1.472910	3.096323	1.940541	1.877379	0.685195	2.264078	1.181295	3.486912	4.578859	1.528638
-1.482050	3.057583	2.194857	1.712757	2.706347	2.488263	2.561038	3.367547	4.431697	1.855137
-1.491375	2.765289	2.301665	1.452795	4.155175	2.924171	3.642683	3.372103	4.422357	2.580989
-1.446337	2.078660	1.814866	1.233240	4.734660	3.338124	3.401070	3.320227	3.982499	3.411418
-0.396987	1.197835	1.218581	1.362224	4.815887	3.524706	2.270237	2.838904	2.917630	3.879017
1.070534	0.772936	1.602050	1.750052	4.637988	3.393765	0.792821	2.026253	1.303462	3.830572
1.442589	0.440907	1.989045	1.783965	3.948893	2.457342	-0.700292	0.858280	-0.644102	2.866158
0.952605	-0.145555	1.459739	1.576592	3.381028	0.872110	-1.546232	-0.476835	-2.081564	1.092705
0.101740	-0.935592	0.368913	1.314997	3.310882	-0.790626	-1.570464	-1.679587	-2.620983	-0.989119
-0.734561	-1.894266	-1.026468	0.859273	2.855363	-2.216478	-1.402584	-2.548754	-2.969567	-2.815980
-1.339144	-3.074924	-2.545005	0.037875	1.426794	-3.701179	-1.496266	-3.105197	-3.297427	-4.318775
-1.577494	-3.609958	-3.372766	-0.472087	0.908783	-3.967044	-1.329933	-3.344061	-2.754989	-4.663389
-0.497835	-2.697260	-3.017049	-0.074515	1.898601	-1.764516	-0.726238	-2.953872	-1.391118	-2.987357
0.891105	-1.849011	-2.732072	0.334517	2.062904	-0.008358	-0.552891	-2.178746	-1.191524	-1.234458
1.203437	-1.675117	-2.849003	0.056776	0.933085	0.213039	-1.014477	-1.310388	-0.972595	-0.420095
1.227829	-1.062088	-2.468092	-0.363055	-0.186147	0.137690	-1.357944	0.079759	0.250218	-0.106061
2.148398	0.536806	-1.138945	0.226756	1.166392	1.274652	-0.766855	1.839053	1.815650	0.640972
3.417181	1.854716	0.018209	1.363005	3.174376	2.581086	0.052381	3.261119	2.641807	1.603809
4.131068	2.305193	0.790279	1.861281	3.358395	2.977469	0.201552	4.016287	2.614577	1.952456
4.239881	2.101943	0.917790	1.588486	2.023146	2.979831	-0.187494	4.180818	2.203182	1.856840
4.377104	1.414221	0.441257	1.121881	0.002003	3.145798	-0.567888	3.833452	1.385689	1.939113
4.579271	0.920462	0.009520	0.772649	-1.787153	3.349145	-0.774957	3.080203	0.708784	2.158767
4.758398	1.784192	0.414706	0.623071	-2.486083	3.546652	-0.803174	2.524814	0.660255	2.421358
4.707118	2.840842	1.560177	0.551762	-2.055312	3.571073	-0.803144	2.108386	0.160907	2.534110
3.873401	3.133682	1.886474	0.142592	-1.417760	2.854303	-1.127147	1.337189	-1.100295	1.947301
2.392203	2.972396	1.605510	-0.276328	0.176797	1.182640	-1.326293	0.164815	-2.033612	0.532758
0.682945	2.779485	1.280666	-0.186031	2.567858	-0.800474	-1.103440	-1.089474	-2.246654	-1.023430
-0.527708	2.635196	1.006373	0.155547	3.740489	-2.173046	-0.816685	-2.061381	-2.043643	-2.091024
-0.435989	2.546875	0.789729	0.299306	3.186967	-2.405410	-0.762976	-2.401994	-1.852534	-2.449987
-0.224160	2.683322	1.618983	0.290717	2.386972	-1.717570	0.258950	-2.406380	-1.829404	-1.921182
-0.349610	2.989272	3.054578	0.015618	1.264100	-0.894193	2.024870	-2.297163	-1.935794	-0.755767
-0.693232	2.621494	3.489607	-0.636521	-0.482373	-0.948831	2.213884	-1.895834	-2.120924	-0.384825
-1.073864	1.488366	3.303848	-1.429517	-2.304906	-2.033381	1.041226	-1.716631	-2.723599	-1.157405
-1.370170	0.044288	2.917670	-2.108619	-3.473211	-3.759631	-0.789167	-1.864118	-3.026853	-2.693106
-1.540549	-0.706571	2.665006	-2.523076	-3.592604	-5.135633	-2.514564	-1.454663	-1.919287	-4.263559
-1.614653	-0.587755	2.177039	-2.667320	-2.976109	-5.264338	-3.431871	-0.179779	-0.717603	-5.098020
-1.433906	-0.666884	0.974413	-2.578331	-2.239727	-4.442104	-3.320658	0.986835	-0.432272	-5.026057
0.094476	-0.922729	-0.378508	-1.935105	-1.529326	-2.546452	-2.298261	1.408978	-0.296630	-3.828788
2.143107	-1.020151	-1.412643	-0.892962	-0.915325	-0.446431	-1.166354	1.323947	-0.258681	-2.000883
3.060076	-0.651330	-1.574465	0.544073	-0.214882	0.678359	-0.007338	0.923667	0.131569	-0.647905
2.653452	0.259812	-0.862050	2.271377	0.754609	1.094027	1.115479	0.383937	0.803478	0.135029
1.526245	1.175299	0.007184	3.271927	1.345367	1.186607	1.497316	0.404704	1.373583	0.516118
0.192000	1.323161	1.076639	2.876294	0.820801	0.442617	1.091795	0.820909	0.679237	0.086939
-0.959283	0.936416	2.324828	1.499064	-0.540559	-1.068479	1.633898	0.683646	-0.875178	-0.768619
-1.697898	0.396578	3.074221	-0.301322	-2.090443	-2.761031	2.669072	-0.087157	-2.520107	-1.420083
-2.002335	-0.453653	2.813719	-1.962599	-3.165292	-3.982105	3.370583	-1.186519	-3.790555	-1.628483
-2.004559	-1.735285	1.683020	-3.044688	-3.411046	-4.603440	2.972586	-2.291511	-4.418193	-1.815314
-1.695728	-3.016725	0.244349	-3.361541	-2.976218	-4.700835	2.052116	-3.118683	-4.200086	-2.199527
-1.050052	-3.712210	-1.296426	-2.884801	-2.209717	-4.156016	0.528761	-3.406439	-3.339594	-2.612381
-0.722706	-3.005211	-2.017286	-1.267689	-1.071423	-3.197119	-0.598674	-3.161917	-1.720633	-2.792979
-0.771672	-2.236668	-2.469957	-0.073371	-0.426758	-2.587698	-1.275938	-2.603977	-1.492758	-2.856086
-1.015231	-2.284352	-2.671567	-0.014254	-0.676528	-2.790444	-0.805948	-2.316749	-2.138368	-3.012577
-1.285588	-2.947323	-3.137201	-0.663202	-1.452204	-3.646993	-0.699521	-2.417939	-2.958286	-3.443805
-1.497083	-3.676220	-3.677699	-1.526648	-2.252633	-4.772066	-1.114540	-2.586491	-3.123415	-4.145246
-1.622231	-4.022143	-4.059267	-2.256357	-2.718697	-5.488995	-1.713200	-2.446433	-3.111005	-4.608409
-1.671728	-4.258725	-4.182826	-2.692332	-2.765782	-4.719475	-1.692050	-2.381193	-3.331879	-3.219149
-1.671683	-3.921234	-2.959759	-2.684392	-2.460544	-2.428565	0.540409	-2.534106	-3.214903	-0.233620
-1.658351	-1.797245	0.264881	-1.352267	-1.433912	-0.232007	3.124508	-2.669212	-1.978915	1.853161
-1.644437	0.045124	2.006721	-0.188090	-0.655304	0.348180	3.575486	-2.725971	-1.898173	2.121771
-1.270084	1.320875	2.917164	0.547455	-0.161805	-0.173162	2.722832	-2.673668	-0.986714	1.115607
0.265738	2.767464	3.869388	2.463770	2.262321	0.882908	2.226986	-1.850228	1.237720	0.712723
1.359465	3.639930	4.425197	4.334863	4.810139	2.789237	2.222844	-0.696534	2.405337	1.653642
2.360458	4.101774	4.628782	5.472538	6.100431	4.193881	2.623714	0.454991	3.721156	3.274840
3.456719	4.258535	4.439343	6.022665	6.479561	4.933799	3.081555	1.614755	4.286111	4.618312
4.096157	3.780237	3.643112	5.834397	6.035489	5.075027	2.835928	2.271398	3.659113	5.012532
3.650457	2.193026	2.006095	4.585239	4.101683	4.528124	1.452703	2.020463	1.765926	4.456746
2.400552	-0.527966	-0.259003	2.382016	0.515903	2.608481	-0.643693	0.979734	-1.014809	2.625081
0.822215	-3.830810	-2.642251	-0.310805	-3.661406	-1.044790	-2.643638	-0.472185	-3.791896	-0.779961
-0.643729	-6.435709	-4.439632	-2.740319	-7.156424	-3.064589	-3.695271	-1.851282	-3.179240	-3.902406
-1.661662	-6.764031	-5.125210	-4.173221	-7.492558	-7.200890	-3.625101	-2.368927	0.264351	-8.148426
-2.128069	-5.196272	-4.930899	-4.370866	-4.841430	-9.004470	-2.958926	-1.854764	2.323136	-8.565930
-2.172083	-1.825654	-3.318961	-3.566124	-1.450772	-3.683867	-2.112605	-0.510241	3.675248	-5.011813
-2.011394	1.691392	-0.942061	-2.398660	0.812727	0.464389	-1.467896	1.403382	4.395595	-1.522028
-1.820674	3.333239	0.505230	-1.749799	0.998562	1.773849	-1.353413	2.974096	4.449693	0.063308
-1.678865	3.787277	1.064690	-1.671083	-0.097646	1.470466	-1.581701	3.732497	3.540419	0.094446
-1.529683	3.490438	0.940745	-1.892944	-1.666196	0.138693	-1.889197	3.827043	2.165674	-0.881376
-0.614204	2.766964	0.645992	-1.451838	-2.064231	-0.861887	-1.465853	3.724935	1.659917	-1.706491
0.141508	2.370262	0.853963	0.542252	-0.379414	-0.212396	0.022926	3.698269	2.080615	-1.161729
0.535630	2.362069	1.201677	2.560431	1.356482	1.223310	1.286323	3.740710	2.630635	0.197618
1.690349	2.111809	1.027033	3.284018	1.834810	2.151295	1.455695	3.713814	2.583554	1.162668
3.136261	1.485628	0.455063	2.933799	1.188459	2.948909	0.837964	3.440845	3.158277	1.852295
3.903415	0.725149	-0.260799	1.994212	-0.054368	3.582892	-0.143918	3.090430	3.642085	2.452621
3.448347	-0.396117	-1.261593	0.589547	-1.534496	3.657896	-1.330764	2.553771	3.685277	2.546677
2.200024	-1.505825	-2.214930	-0.981884	-2.766647	3.370367	-2.333207	1.975442	3.705327	2.217184
1.175550	-1.457294	-2.385129	-2.098848	-3.179206	3.073456	-2.618014	2.061904	3.468947	1.847885
1.634378	-0.228110	-1.708702	-2.024773	-2.489935	2.882798	-1.975301	2.830727	3.023584	1.688040
2.921334	0.990933	-0.905075	-1.095951	-1.370217	2.515746	-1.099787	3.679522	2.617598	1.455614
4.020297	1.681867	-0.345748	-0.109361	-0.543973	2.208212	-0.499797	4.251469	2.384662	1.460713
4.648414	1.944233	-0.039863	0.548727	-0.197019	2.333628	-0.242201	4.530732	2.325740	2.170406
4.908190	1.913229	0.052626	0.844653	-0.233365	2.674450	-0.232896	4.589924	2.210266	2.974354
4.751501	1.307839	-0.318562	0.794736	-0.528343	2.767389	-0.454207	4.209434	1.304195	3.359833
3.768078	-0.155809	-1.088950	0.192918	-1.149790	1.953977	-0.450165	3.111896	-0.507219	2.868103
2.171040	-1.583396	-0.267120	-0.793020	-1.917459	0.077960	1.109879	1.398900	-2.543091	1.494105
0.396497	-2.240634	0.865242	-1.808365	-2.528625	-2.605619	2.109094	-0.559390	-4.032444	-0.471313
-1.103181	-2.372204	1.306738	-2.559354	-2.776726	-4.483557	1.494165	-2.321733	-4.592705	-1.783443
-2.028344	-1.933196	0.825959	-2.928215	-2.684748	-2.380332	-0.042796	-3.510859	-4.463673	-0.579995
-2.356695	-1.284292	-0.164183	-2.989204	-2.444300	0.708603	-1.799615	-3.962467	-2.919381	1.480849
-2.283153	-1.332094	-1.448794	-2.894113	-2.242976	2.107179	-3.059150	-3.427181	0.447270	2.637170
-2.052805	-1.660673	-2.550283	-2.756637	-2.118099	2.406625	-3.404446	-2.169827	2.324562	2.992946
-1.830265	-2.231148	-3.385792	-2.602893	-1.944686	2.049044	-3.017424	-1.098712	2.031562	2.861488
-1.688113	-2.898421	-3.147216	-2.526040	-1.919777	0.782670	-2.479497	-0.825886	0.464609	1.994087
-1.628699	-2.839957	-1.029339	-2.544296	-2.060330	-1.671368	-2.122873	-1.213276	-1.651134	0.013080
-1.622291	-2.212453	0.822323	-2.613997	-2.264360	-4.971824	-1.991104	-1.917218	-3.549141	-2.895144
-1.645290	-1.848645	1.183904	-2.681687	-2.414297	-8.176912	-2.004098	-2.641947	-4.580849	-6.003655
-1.672239	-1.739201	0.578783	-2.067416	-2.083067	-9.356415	-1.509850	-3.078299	-3.223244	-7.993806
-1.687365	-0.813411	0.070207	-0.501122	-1.043487	-5.716560	-0.572161	-2.313470	-0.785405	-5.542363
-1.691427	-0.609047	-0.890297	0.171734	-0.589353	-2.068971	-0.510538	-0.949094	-0.459516	-1.848811
-1.696827	-1.472996	-2.183050	-0.175648	-0.916693	-1.187730	-1.075902	-0.353879	-1.265188	-0.650392
-1.702396	-2.163452	-2.399226	-0.876703	-0.995125	-1.802155	-1.646091	-0.595202	-2.150655	-1.159127
-1.696286	-1.136923	-1.733829	-1.565657	-0.971538	-3.117846	-2.051429	-1.293728	-2.999018	-2.504337
-1.683693	0.658409	-0.856375	-1.883807	-0.305387	-4.279814	-2.030300	-2.082070	-3.067441	-3.951421
-1.672388	2.294162	0.616239	-1.357577	1.793959	-3.587430	-1.419128	-2.369618	-1.747572	-4.143263
-1.657779	3.820407	2.741288	0.230354	3.887401	-1.171754	-0.131904	-1.155154	0.922960	-2.572604
-1.520552	4.803094	3.954580	2.595558	5.264698	1.405002	2.385793	1.027642	2.888728	0.086039
-1.422431	4.892433	4.083439	4.177589	5.427737	2.638106	3.770382	2.813638	3.634647	1.896398
-1.435482	4.389591	3.597819	4.714848	4.430244	2.693761	3.696431	3.761336	3.772507	2.280234
-1.506584	3.574241	2.840921	4.612214	2.955316	2.226949	2.842702	4.107050	3.440404	1.920077
-1.593580	2.175818	1.561627	3.559038	0.645122	0.999967	1.021988	4.039990	2.479669	0.795932
-1.673219	0.420401	0.047639	1.754654	-2.066047	-0.913130	-1.269276	3.720269	1.209095	-0.854511
-1.723477	-1.695820	-1.645597	-0.410229	-4.200797	-3.422547	-3.215045	2.955328	-0.729032	-2.879484
-1.734759	-3.704762	-3.035530	-2.223557	-4.050939	-5.832889	-3.621512	1.631835	-2.414843	-4.818366
-1.720950	-3.901917	-2.456871	-2.483809	-0.904745	-5.567597	-0.437496	0.091429	-2.549760	-4.741393
-1.703987	-1.638073	-0.358678	-0.505083	1.582945	-2.449222	2.947115	-1.165764	-0.995336	-1.834336
-1.695860	0.610383	1.047227	1.949166	2.538855	0.685518	4.164162	-1.759195	0.386356	1.355113
-1.697798	1.709176	1.382640	3.283859	2.361242	2.563228	3.769164	-1.790431	0.702859	3.130563
-1.704069	2.113901	1.089121	3.038523	1.090164	2.995053	2.062268	-1.761865	-0.254690	3.430048
-1.708826	2.249427	0.713219	1.923849	0.263039	2.767801	-0.308114	-1.883456	-0.669271	2.812353
-1.715273	1.901356	0.220115	0.819441	1.424267	2.519554	-2.145601	-1.838699	-0.039033	1.916529
-1.719447	1.725633	0.065251	0.183328	3.189718	1.869729	-2.569851	-1.719001	-0.160328	0.811296
-1.714692	2.086162	0.339138	0.009777	4.101788	1.199178	-1.864444	-1.345734	-0.064392	0.465276
-1.706662	1.814955	0.429326	-0.301843	3.348291	0.561135	0.096214	-0.624497	-0.621922	0.926258
-1.699639	0.568371	0.046263	-0.972547	1.127209	-0.646127	1.641330	-0.394910	-1.791922	0.842843
-1.695766	-1.443573	-1.064643	-1.783446	-1.877167	-2.664988	1.355878	-0.781980	-2.971747	-0.307438
-1.700745	-3.663241	-2.455235	-2.477221	-4.527389	-4.597124	0.039602	-1.501637	-3.547193	-1.654372
-1.706653	-5.316399	-3.692855	-2.902559	-5.520543	-4.651113	-1.606235	-2.240883	-3.312594	-1.590044
-1.712211	-4.483869	-3.826554	-3.050224	-4.580540	-3.017828	-2.896654	-2.595112	-1.517198	-0.622299
-1.719921	-2.524953	-3.442067	-3.011134	-3.009916	-1.716349	-3.389097	-2.609982	-1.401042	0.042746
-1.721503	-1.765437	-3.271689	-2.574836	-1.767461	-1.722625	-2.845971	-2.582115	-1.480881	-0.398775
-1.721810	-1.137244	-2.539676	-1.059972	-0.615787	-2.077791	-1.307960	-2.459270	-1.148896	-1.336935
-1.660304	-1.243910	-2.411245	-0.087777	-0.013910	-2.617581	-0.613498	-2.297906	-0.519452	-2.511450
-0.817374	-1.055088	-2.016402	0.497486	1.456546	-1.488043	-0.249036	-1.669473	0.974011	-2.567692
0.387417	-0.465456	-1.431980	1.037036	3.302128	0.352803	0.005300	-0.689245	1.390678	-1.338316
0.802079	-0.147682	-1.191111	1.283535	4.367750	1.681659	-0.026734	0.132205	0.935284	0.172180
0.934828	-0.074008	-0.893691	1.362788	4.687010	2.765513	-0.101445	0.377530	0.479610	1.848657
1.919168	0.990825	-0.031139	1.513700	4.232024	3.433079	-0.063428	0.499175	0.387903	2.820843
3.209640	2.320562	0.739255	1.417927	2.580596	3.585446	-0.219251	0.696136	0.267448	3.020347
4.152895	3.122743	1.181323	1.100382	0.096212	3.269056	-0.490422	0.913452	0.175081	2.642963
4.655687	3.369186	1.308110	0.744429	-2.277290	2.393845	-0.727765	1.087478	0.139052	1.671418
4.846521	2.795884	0.854489	0.483299	-3.364618	1.152337	-0.842244	1.192613	0.129296	0.370837
4.858316	1.688153	0.174192	0.467894	-2.151112	0.170071	-0.731907	1.244977	0.318140	-0.684789
4.387063	0.770542	-0.116005	1.135831	1.464021	0.207793	-0.085914	1.196300	0.661836	-0.778422
3.531215	0.292320	0.178039	1.875232	3.981235	0.668022	0.409119	0.928413	0.659244	-0.337595
3.267472	0.130774	0.241480	2.024050	4.103873	1.057138	0.333243	0.789312	0.670948	0.054034
3.601474	0.280044	0.266594	1.669240	2.637121	1.207652	-0.091641	1.065832	0.667098	0.186722
3.964436	0.908690	1.285282	1.302994	1.170736	1.292602	-0.374724	1.368627	0.604240	0.225008
3.494930	1.010459	1.434890	1.094007	1.478218	1.115278	-0.504621	1.242130	0.056934	0.101776
2.276383	0.378253	0.700343	0.917931	2.859189	0.539812	-0.598025	0.601530	-0.637923	-0.344906
1.308074	-0.257594	-0.101722	0.954182	4.040989	0.180693	-0.464672	-0.148904	-0.520404	-0.694178
1.755040	-0.119354	-0.385474	1.434284	4.693506	0.879815	0.002879	-0.311172	0.312201	-0.191301
2.959689	0.566635	-0.237802	2.032438	4.814261	2.240907	0.443631	0.164775	0.984499	1.077931
3.978946	1.425007	0.059374	2.196338	3.879978	3.125959	0.415306	0.796185	1.012759	2.084882
4.183687	1.432851	-0.097681	1.924145	1.809648	3.281121	0.110603	1.107864	0.679788	2.345761
3.334860	1.317061	0.342748	2.099391	-0.297270	2.805063	1.251076	0.918450	0.695396	2.044142
1.857260	1.400825	1.037635	2.641940	-1.185147	1.919466	2.701595	0.479352	0.810718	1.534665
0.220320	1.011671	0.846070	2.427595	-1.317134	1.094743	2.338700	0.363484	0.405306	0.915445
-1.117611	0.164900	0.975927	1.317592	-1.333755	0.513683	0.775443	0.243893	-0.740249	0.166846
-1.523852	-0.104460	1.977033	0.223718	0.261830	0.926479	-0.132120	-0.114192	-1.308125	0.033321
-1.428207	0.303359	2.932880	-0.283898	2.496729	1.912929	1.219746	-0.619198	-1.689741	0.891437
-1.351830	0.274702	2.846574	-0.526185	2.948731	2.225462	2.829039	-1.222621	-1.536998	1.656110
-1.393511	0.660300	2.599323	0.274276	2.251573	2.287798	3.791455	-1.373892	1.411973	2.436748
-1.503127	1.270753	2.117783	1.856725	1.361632	2.225797	3.580881	-0.885143	2.485824	2.888206
-1.616967	1.798268	1.981876	3.288006	1.579718	2.052468	2.851412	-0.376311	2.635245	2.972265
-1.623870	2.721583	3.133664	4.328368	3.463702	2.281434	2.893567	0.116961	2.828175	3.167082
-0.461720	3.665903	4.085618	5.045764	5.213472	2.893366	4.057431	0.977193	3.221643	3.447796
1.684333	3.923829	4.153994	5.263440	5.820932	3.349484	4.719354	1.824768	3.040718	3.574956
2.916124	3.050576	3.177416	4.457258	4.728637	3.143352	3.803638	2.068459	1.707781	3.333714
2.675452	1.096701	1.683447	2.643283	1.923932	2.075665	1.516434	1.472063	-0.530913	2.596688
1.600458	-1.578559	0.122796	0.189141	-2.021560	0.242367	-0.582351	0.289697	-2.938246	1.677329
0.248256	-3.597231	0.101713	-2.247869	-5.789397	-1.588010	-0.111743	-1.084196	-4.565543	1.229091
-0.883325	-3.653393	1.025840	-3.931101	-7.498175	-2.280582	1.675496	-2.277835	-4.885995	1.403174
-1.281370	-2.905846	0.991907	-4.325556	-5.741036	-1.504105	2.541416	-2.945745	-4.250352	1.845823
-1.327686	-2.605152	-0.017410	-3.858490	-3.067665	-0.731750	1.740297	-3.152735	-3.772812	1.937507
-1.243739	-1.867716	-1.035367	-3.147588	-1.463439	-0.476358	-0.008617	-3.124018	-3.068955	1.677718
-0.388559	-0.371522	-1.016305	-1.196581	-0.246169	0.319671	-0.934571	-2.399285	0.352309	1.575582
0.223843	1.076810	-0.247596	1.496824	1.812060	1.508965	-0.300611	-1.237228	1.676279	2.040766
0.143322	1.426507	0.379801	2.816042	3.731223	2.116735	0.214027	-0.526911	1.373008	2.482086
0.281454	1.221870	0.814314	2.929226	4.662475	2.298133	0.321661	-0.313351	0.895757	2.436766
0.921373	0.902084	0.838338	2.574463	4.874252	2.705948	0.775997	-0.115590	1.228700	2.350444
0.929071	0.287465	0.287945	1.900426	4.523083	2.940616	0.676486	0.035095	1.110547	2.174019
0.354284	-0.935459	-0.874437	0.830521	3.079209	2.625741	-0.208704	-0.202951	-0.160723	1.576616
-0.444552	-2.651370	-2.363168	-0.573153	0.380064	1.785265	-1.522160	-0.854877	-1.927655	0.520782
-1.174246	-4.330804	-3.741567	-1.948004	-2.824657	0.380115	-2.681651	-1.696244	-3.504848	-0.867116
-1.306585	-5.231864	-4.546622	-2.834055	-5.184042	-1.875758	-3.154064	-2.399552	-3.855473	-2.646008
0.245421	-4.246441	-4.139912	-2.581164	-4.970954	-3.263100	-2.591863	-2.301796	-2.401347	-3.664453
2.378559	-2.351435	-3.145647	-1.491334	-2.781359	-1.924259	-1.645979	-1.365230	-0.950183	-2.841101
3.827857	-0.884385	-2.027987	-0.397857	-0.812952	0.790840	-0.941189	-0.235218	-0.148513	-0.730837
3.981149	0.033018	-0.938168	0.619987	0.303460	2.273299	-0.324116	0.435265	0.209159	0.874259
3.020524	0.010397	-0.871756	1.087388	0.511434	2.549348	-0.274151	0.377072	-0.477469	1.415273
1.487820	-0.123621	-1.123231	0.659928	0.134384	2.164829	-0.881543	-0.284452	-1.679950	1.147480
-0.128976	-0.566459	-1.723277	-0.355678	-0.742885	1.483069	-1.782635	-1.150448	-1.339311	0.453733
-1.415473	-1.431936	-2.528263	-1.563488	-1.853900	0.952756	-2.580573	-1.520818	0.825759	-0.184638
-2.149458	-2.250034	-3.024209	-2.579235	-2.732866	0.229487	-2.999527	-1.170870	2.324096	-0.916147
-2.364716	-2.317926	-2.039126	-3.066196	-2.589490	-0.563477	-2.927197	-0.476262	3.020100	-1.674723
-2.268089	-1.437467	-0.302662	-2.531959	-0.064957	-0.715895	-2.233304	0.018519	2.432319	-1.887920
-2.061663	-1.254488	-0.243458	-1.756637	1.678098	-0.222513	-1.743765	-0.088190	0.683596	-1.508997
-1.875751	-1.978150	-1.219449	-1.527179	1.435709	-0.353474	-1.788471	-0.661240	-1.453877	-1.509515
-1.763202	-2.736542	-2.346072	-1.772241	-0.035009	-1.504399	-2.116557	-1.006050	-2.857030	-2.316513
-1.684708	-3.309720	-2.931271	-2.094099	-1.507126	-3.309585	-2.362688	-1.234281	-3.573220	-3.605910
-0.722071	-2.978985	-2.564163	-1.926912	-1.768142	-4.119360	-2.154959	-1.329221	-2.750954	-4.306510
1.376150	-1.289682	-1.487536	-0.461761	-0.154965	-2.081929	-0.941233	-0.857115	-0.249152	-3.084553
3.103118	1.322957	0.398789	2.406005	3.345337	1.317647	1.147963	0.201726	1.952164	-0.128242
3.345017	2.706323	1.507505	4.399560	5.558944	3.090689	2.413089	1.046810	2.669758	2.054228
2.463615	3.130164	1.955234	5.207157	6.282602	3.448440	2.805500	1.267494	2.717231	2.766181
1.059127	3.300858	2.155087	5.294029	5.910089	3.024048	2.606647	1.012885	2.325885	2.513721
-0.383154	2.902120	1.868572	4.914072	4.372094	2.041311	2.005364	0.492045	1.709052	1.656073
-1.493666	2.159589	1.354691	4.291827	1.954591	1.246459	1.245747	-0.017778	1.140822	0.850789
-2.102722	1.046365	0.462600	3.177877	-0.926351	0.888352	0.057057	-0.262663	0.031042	0.295877
-2.266692	0.153939	-0.452723	1.390258	-3.562548	0.510921	-1.540883	-0.630639	-1.675024	-0.327589
-2.037470	-0.839823	-1.540225	-0.707298	-4.879199	-0.508087	-2.934805	-1.227673	-3.131999	-1.240872
-0.476371	-1.686104	-2.327589	-2.152992	-4.097471	-1.014552	-3.233622	-1.553925	-2.759291	-1.186751
1.768026	-1.706300	-2.389004	-2.104632	-1.663670	-0.194852	-2.337436	-1.176069	-1.472231	0.008745
2.700913	-1.163519	-1.523599	-0.963809	1.696432	1.120493	0.103235	-0.640677	-0.871615	1.604303
2.266430	-0.713552	-0.584193	0.114181	3.910590	1.654538	2.070265	-0.530735	-0.924093	2.285359
1.143015	-1.027298	-0.806232	0.423525	4.089070	1.044781	1.940810	-0.877804	-1.660633	1.698861
-0.147730	-2.144278	-1.841886	-0.121574	2.476605	-0.859016	0.514161	-1.529836	-2.740352	-0.146467
-1.229685	-3.417394	-2.598201	-1.109304	-0.323356	-3.825093	-0.507129	-2.263079	-3.675107	-2.888862
-1.906999	-4.014961	-2.165533	-2.118954	-3.334243	-6.621570	0.489819	-2.883471	-4.188969	-5.087092
-2.171460	-3.428522	-0.261908	-2.854857	-5.230236	-7.560689	2.004220	-3.292123	-4.333634	-5.264571
-2.077729	-1.914236	1.823652	-3.176807	-5.012190	-5.086271	2.958512	-3.470194	-4.155666	-3.261662
-1.852960	-0.477838	3.034020	-3.137483	-3.295897	-0.704822	3.331367	-3.334988	-3.460363	0.072197
-1.696588	1.598087	3.976521	-2.476712	-0.101591	2.212842	3.484717	-2.100967	-1.297316	2.568249
-1.645328	2.996688	4.464568	-1.268885	2.966546	3.383946	3.558437	-0.245775	-0.097003	3.713611
-1.661799	2.905240	4.205010	-0.391982	3.992164	3.390581	2.925590	0.688053	-0.472589	3.874898
-1.701937	1.509484	2.921601	-0.420271	2.943653	2.347769	1.065922	0.481499	-1.697823	3.125737
-1.741149	-0.729341	1.141596	-0.935215	0.581259	-0.164436	-0.701089	-0.417675	-2.698481	1.174529
-1.764200	-1.970436	-0.097356	-0.355231	-1.496764	-3.582129	-0.874553	-1.383415	-1.530205	-1.622929
-1.764563	-1.096738	-0.375382	1.377665	-1.543323	-4.885639	-0.074412	-1.635516	1.563620	-3.667458
-1.756755	0.539948	-0.028453	2.894924	0.121010	-2.264664	0.748522	-0.863404	3.472514	-3.088875
-1.755082	1.572151	0.178970	3.263129	1.760199	0.459419	0.698120	0.212015	3.974791	-1.185928
-1.758917	2.142640	0.187840	2.358590	1.738137	1.341100	-0.360640	0.890019	3.805797	-0.178423
-1.778850	2.436883	0.275673	1.021343	0.655012	1.130708	-1.419039	1.123407	3.660019	-0.182029
-1.807462	2.314431	0.385133	0.746626	-0.095544	0.656081	-1.237904	1.103109	2.973167	-0.393936
-1.824697	1.578143	-0.069127	0.674193	-0.619728	-0.540233	-1.173086	0.633912	1.095836	-1.117789
-1.827764	0.026614	-1.090065	0.024252	-1.300412	-2.187683	-1.406501	-0.292447	-1.588766	-1.980122
-1.826795	-1.888834	-1.388299	-1.006346	-1.982459	-1.554507	-0.115744	-1.421340	-4.168724	-0.655646
-1.829814	-2.707788	-0.015933	-2.057010	-2.424996	0.713457	1.716378	-2.233997	-4.726114	1.641410
-1.831895	-2.145047	0.813802	-2.827462	-2.524934	2.186785	2.824512	-1.910952	-3.163209	2.861009
-1.826498	-0.299229	1.144956	-3.200948	-2.383743	2.821588	2.709976	-0.582194	-0.224655	3.231906
-1.818388	1.687255	1.130262	-3.246426	-2.165464	2.993612	1.219357	1.055905	0.732970	3.237458
-1.805516	2.641653	0.878354	-3.116494	-2.000446	2.875459	-1.062182	2.228240	0.793025	3.042265
-1.793160	2.439693	0.561012	-2.948688	-1.935598	2.693532	-1.749567	2.830423	0.522811	2.901615
-1.792259	1.555539	0.476083	-2.752417	-1.913654	2.405600	0.203163	2.913929	-0.140744	2.892573
-1.796340	0.753651	0.911381	-1.403875	-1.184661	1.902911	2.637192	2.323874	-0.318897	2.880319
-1.803877	0.766117	1.651718	0.980729	0.339453	1.622417	4.096194	1.330456	0.684210	2.988192
-1.813243	1.334234	2.210873	2.749868	1.573868	1.801764	4.617947	0.564268	2.461604	3.080540
-1.814256	1.304589	2.083711	2.926829	1.556920	1.764390	4.327499	0.308186	3.145678	2.694208
-1.815921	0.483372	1.233926	1.837639	0.381393	1.188167	3.016259	0.328685	3.255411	1.656620
-1.823106	-0.852013	-0.204693	0.096017	-1.307865	0.311869	0.431753	0.413131	3.123072	0.008001
-1.649687	-2.156108	-1.738038	-1.667119	-2.718346	-0.354693	-2.843368	0.497778	3.028489	-1.530809
-0.279092	-2.290409	-2.386961	-2.510166	-2.967622	0.422771	-4.614536	0.847705	3.234960	-0.789731
1.209820	-1.443009	-1.635660	-2.343520	-2.223823	1.754668	-1.942462	1.332567	3.362817	1.423770
2.602627	-0.176141	-0.197162	-1.520679	-1.186574	2.668584	1.606580	1.837589	3.599051	2.830625
3.336309	0.600909	0.710840	-0.696670	-0.465537	2.841088	3.246727	2.173265	3.046641	3.088899
2.985711	0.132197	0.343194	-0.551513	-0.478767	1.925430	2.935880	1.816278	1.313850	2.238474
2.522408	-0.630457	-0.489231	-0.704780	-0.839683	0.155712	1.361995	0.996415	-0.725526	0.420103
1.739847	-0.260295	-0.907987	-1.093835	-1.340340	-2.494494	-1.077778	0.105870	-2.391670	-2.241223
0.657165	1.050205	-0.725539	-1.673027	-1.850525	-5.256728	-3.568179	0.016329	-1.420401	-5.122960
0.134151	2.163441	-0.245117	-2.032001	-2.036019	-4.729140	-4.759736	1.220970	1.764610	-5.982254
-0.015809	3.082967	0.506333	-1.926946	-1.062969	-1.435331	-4.214937	2.778398	3.513520	-3.846300
0.699519	3.608858	1.138897	-1.245455	0.509914	1.030566	-2.730200	3.735583	3.582411	-1.170856
1.441112	3.596893	1.249676	-0.712200	0.965121	1.523823	-1.798787	3.816005	2.561675	-0.066333
1.386248	3.088814	0.864558	-0.798941	0.279285	0.654350	-1.710523	3.203652	0.624133	-0.356356
1.308840	2.018643	0.091474	-1.099150	-0.845577	-0.545270	-1.911511	2.021093	-1.423514	-0.668729
2.066589	0.622699	-0.726682	-1.008214	-1.547103	-1.025648	-1.891928	0.836336	-1.555846	-0.762183
3.189412	-0.414870	-1.228956	-0.518029	-1.461163	0.027250	-1.676591	0.423761	1.023895	-0.195236
3.922792	-0.738247	-1.439255	-0.030021	-0.943209	1.647041	-1.501657	0.896553	2.561511	1.127615
3.579872	-1.295393	-1.971071	-0.097901	-0.716404	1.843988	-1.758138	1.208190	1.939374	1.367033
2.380361	-2.009667	-1.477207	-0.738892	-0.995148	0.581108	-2.312263	0.764522	0.607267	0.218045
0.798125	-1.980303	0.085008	-1.561929	-1.314293	-1.147236	-2.797110	-0.044845	-0.120886	-1.573024
-0.709060	-0.912970	1.307922	-1.200917	0.551206	-1.421521	-2.126440	-0.863723	-0.329654	-2.423693
-1.794510	1.335554	2.053868	1.257906	3.904119	-0.112098	-0.151330	-1.339987	0.413445	-1.509431
-2.333746	3.194540	2.535736	3.529231	5.628763	1.120607	1.318176	-1.374400	0.969498	-0.083018
-2.422562	3.893121	2.599632	4.500685	5.403437	1.364856	1.755803	-1.223280	1.022062	0.542816
-1.870987	3.449520	1.952773	4.342143	3.796102	0.849163	1.301361	-1.098545	0.576292	0.322048
-0.687670	2.216479	0.981368	3.282770	1.441846	0.320723	0.600220	-0.824020	1.277137	-0.151402
-0.135984	1.038739	0.500866	1.939904	0.741252	0.525805	0.595529	-0.337055	2.403547	-0.155979
-0.275124	1.766928	1.557530	1.459704	2.018114	1.427130	2.153913	0.262166	3.433406	0.733980
-0.757710	3.205991	2.627171	2.137548	2.977906	2.341817	3.238520	0.848202	4.017766	2.062975
-1.290316	4.018265	2.984178	3.102498	3.102958	2.701413	3.039513	1.289946	4.260472	2.634520
-1.700161	4.157416	2.784284	3.457398	2.459974	2.540295	1.871723	1.492172	3.884176	2.389389
-1.929554	3.530358	1.913821	2.663617	0.895557	1.381067	-0.318892	1.159189	2.221298	1.134973
-1.972054	1.814895	0.313620	1.062045	-1.126087	-1.158331	-2.916053	0.219873	-0.542806	-1.278826
-0.946563	-0.296888	-1.016737	-0.127673	-2.298137	-3.870675	-3.927839	-0.787297	-1.887972	-3.935667
0.976856	-0.667351	-0.823145	0.879983	-0.924305	-2.917920	-1.954619	-0.992993	-0.740948	-3.884610
2.243149	-0.348131	-0.705709	2.087768	0.863133	-0.606444	-0.432272	-0.631588	-0.555200	-1.999257
2.147619	-1.023082	-1.538582	1.930816	1.155198	-0.235654	-0.518366	-0.617470	-1.553936	-1.340349
1.223429	-2.425694	-2.785834	0.805208	0.281656	-1.440500	-1.445909	-1.137980	-2.905269	-2.076349
0.012140	-3.428486	-3.466032	-0.237683	-0.768087	-3.225787	-2.083887	-1.900448	-2.976494	-3.220881
-0.823061	-2.337376	-2.561397	0.355116	-0.569919	-2.566247	-1.384527	-2.347080	-1.494906	-1.981841
0.091263	-0.778998	-1.640814	1.370532	0.245479	0.279198	-0.736296	-1.939393	0.286589	0.791067
1.489951	0.213517	-1.089094	1.906031	0.778055	2.231815	-0.494800	-0.782552	1.772038	2.564301
1.938370	1.356869	0.270960	2.627668	1.385211	2.868276	0.520496	0.609446	2.547711	3.161281
2.502699	2.757919	2.422047	3.666344	2.214820	3.079402	2.355725	1.939280	2.875241	3.194711
3.323217	3.523861	3.599935	4.536978	2.922229	3.050954	2.963630	2.608233	2.894076	2.862568
4.010195	3.517308	3.740775	4.620158	2.890925	2.956483	3.013475	2.761243	3.179041	2.471424
4.075252	3.061423	3.438975	4.107749	2.189529	3.069135	3.237768	2.687017	3.547118	2.727334
3.173901	2.081457	2.754069	3.134722	1.083463	2.956005	3.284768	2.251711	2.687317	3.147135
1.663638	0.375037	1.755174	1.491726	-0.451991	2.141627	3.021175	1.217361	0.594199	3.032661
0.001517	-0.676003	1.342577	-0.475565	-1.903582	0.354780	2.658413	-0.255874	-2.274024	2.105784
-1.383881	-0.646333	1.965514	-2.225111	-2.713458	-2.315336	2.367274	-1.820828	-4.894549	0.450374
-2.222231	-0.539316	2.350245	-3.305555	-2.715112	-5.163211	1.564736	-3.124582	-6.140948	-1.638811
-2.389098	-0.748330	1.769555	-3.030379	-1.898804	-5.808803	0.088904	-3.801164	-3.390899	-2.643382
-0.925244	0.276209	1.408484	-0.176437	0.203772	-0.473151	-0.471907	-2.877146	1.006362	0.065113
1.506326	1.720205	1.430353	2.957959	2.392878	3.197000	0.200201	-0.959641	2.424894	2.927794
3.349673	2.354432	1.579134	4.320560	3.280670	4.033784	1.631475	0.578581	2.320282	3.923722
4.312048	2.015381	1.219950	4.107216	2.718303	3.775727	2.048212	1.265663	1.442228	3.708373
4.689385	1.376472	0.665867	3.399873	1.562562	2.917439	1.493751	1.370300	0.880759	2.703866
4.650223	1.385452	0.669827	3.367910	1.150537	2.027421	1.016051	1.315481	0.978386	1.468615
3.815155	0.951428	0.142161	3.179810	1.033926	0.888388	0.063910	0.954074	0.024385	0.079509
2.301242	-0.513339	-1.152515	2.112122	0.349223	-1.210203	-1.518534	0.072462	-1.714258	-1.848134
0.513370	-2.539356	-2.449567	0.453024	-0.727683	-3.500524	-3.136259	-1.144391	-3.543993	-2.988355
-1.093427	-3.617574	-1.937226	-1.297198	-1.738981	-5.128150	-4.160565	-2.128033	-4.107573	-3.212214
-2.166301	-3.788186	-1.770561	-2.647501	-2.291593	-5.988679	-4.345416	-2.513393	-4.255505	-3.555162
-2.610910	-4.014490	-2.454091	-3.302174	-2.278668	-6.343039	-3.960946	-2.730273	-4.362814	-4.275890
-2.083451	-4.112827	-3.255711	-3.171079	-1.840704	-5.870341	-3.329185	-2.874617	-3.771629	-4.939163
-0.501760	-3.540055	-3.563963	-2.316589	-1.133231	-3.907192	-2.638327	-2.652805	-2.982181	-4.578521
0.289787	-3.084396	-3.802567	-1.679429	-0.751890	-2.558481	-2.446123	-2.193621	-2.415454	-3.745446
0.162420	-2.203533	-3.315367	-1.448806	-0.381771	-1.192113	-1.968439	-1.037386	-0.704671	-1.671437
-0.428619	-0.531213	-1.418496	-1.191061	0.849945	0.995297	0.181080	0.714032	1.889693	1.194148
-1.105846	0.837191	0.455970	-1.176004	1.227076	2.390546	1.412068	2.300988	3.261667	2.796768
-1.646265	1.502820	1.312682	-1.449029	0.556874	2.841760	0.819070	3.285920	3.829707	3.248214
-1.968765	1.427505	0.942143	-1.833878	-0.626860	2.622153	-0.771334	3.744269	3.990997	2.872205
-2.097872	1.198348	0.872945	-2.172354	-1.716870	2.269723	-1.369070	3.885139	3.960194	2.394440
-2.109654	1.151100	1.184395	-2.392797	-2.254212	2.173720	0.046487	3.871285	3.864163	2.380737
-2.071420	1.140634	1.342655	-2.478723	-2.157438	2.037915	1.624942	3.804178	3.758715	2.259270
-2.025141	0.875209	1.248334	-2.473526	-1.744974	1.705336	2.493822	3.547531	3.320058	1.829502
-1.990041	0.118797	0.793229	-2.437069	-1.354876	1.297484	2.521012	2.810319	1.996327	1.282372
-1.673710	-0.599622	-0.056241	-2.319249	-1.115393	1.233576	1.269160	2.049436	0.658526	0.728294
0.011829	-0.388094	-0.623224	-1.669209	-0.744653	1.494841	-0.660513	1.990855	0.395352	0.321670
2.169131	0.455786	-0.754462	-0.628278	-0.231408	1.789125	-2.420240	2.576974	0.820494	0.150852
3.496969	1.469564	-0.132583	0.218470	0.146055	1.952496	-2.080260	3.226549	1.128755	0.281584
3.377860	2.561846	1.046278	0.308411	0.033742	1.563091	0.139575	3.470519	0.794095	0.401243
2.272496	3.089934	1.793682	-0.270656	-0.511595	0.482451	1.822832	3.131922	-0.343907	0.171487
0.738343	2.536035	1.623051	-1.127239	-1.161848	-1.237328	2.361643	2.038343	-2.118859	-0.431371
-0.750598	0.822649	0.440608	-1.905464	-1.614248	-3.470338	1.381566	0.375074	-3.817763	-1.613137
-1.784786	-1.743146	-1.288679	-2.385627	-1.727213	-5.742989	-0.675171	-1.466497	-4.775690	-3.317306
-1.195016	-3.855370	-2.678404	-2.181314	-1.364919	-5.937505	-2.837764	-2.787030	-3.782512	-4.539830
0.811254	-3.987302	-3.147288	-1.240788	-0.605396	-3.041532	-3.921928	-2.842877	-2.355973	-3.939230
1.780555	-2.859167	-2.957927	-0.017559	0.946151	-0.660759	-3.471187	-2.296134	-1.494816	-2.578850
1.478866	-1.872463	-2.604083	0.876746	2.790044	0.279958	-2.219990	-1.955287	-1.579952	-1.550988
0.531487	-1.639674	-1.935371	0.850740	3.061656	0.166638	-0.082016	-2.056344	-2.340690	-1.040156
-0.565867	-1.843642	-1.166201	0.107800	1.862752	0.445197	1.653867	-2.450480	-3.205324	-0.048344
-1.477936	-2.056015	-0.562483	-0.912766	-0.104843	1.042498	2.485770	-2.784893	-1.556509	1.227278
-2.041502	-1.893453	-0.107307	-1.822815	-1.973551	1.309791	2.700760	-2.536312	0.756694	1.728445
-2.256952	-1.656310	0.114042	-2.383291	-2.913672	1.077195	2.584713	-1.960947	1.025391	1.522745
-2.252831	-0.805603	0.639900	-1.889284	-2.264623	0.304053	2.606676	-1.706729	0.456142	0.850019
-2.163689	0.835003	1.536393	0.417087	0.016841	-0.089312	2.989230	-1.710511	0.199763	0.465829
-2.042675	1.783227	1.794461	2.769020	2.137464	0.054083	2.757941	-1.758227	0.143764	0.400656
-1.097840	1.740364	1.327983	3.736389	2.886316	0.352840	1.693765	-1.671396	-0.140894	0.220198
