X1	X2	X3	X4	X5	X6	X7	X8	X9	X10
-1.219321	-4.565700	-4.138366	-2.772976	-2.307013	-4.853566	-2.278264	-2.993442	-4.169887	-3.198720
-1.215820	-2.245619	-3.327049	-2.788238	-2.313326	-4.332742	-2.283541	-0.524962	-3.354734	-3.058664
-1.204090	-0.805588	-2.233421	-2.801946	-2.324471	-3.468247	-2.296076	2.059064	-2.067786	-2.792951
-1.190903	-1.115503	-1.795441	-2.807915	-2.334209	-2.956423	-2.314419	2.743830	-1.280248	-2.594455
-1.183612	-2.227005	-2.207455	-2.805149	-2.335517	-2.958333	-2.329742	1.754091	-1.116474	-2.578741
-1.186981	-2.724779	-2.715742	-2.595517	-2.124614	-2.698262	-2.294836	0.122480	-0.811414	-2.501554
-1.179277	-1.335148	-2.233524	-1.676728	-0.934653	-1.801607	-2.027910	-0.204583	-0.418042	-2.111371
-1.069295	0.860844	-1.032903	-0.432140	0.271098	-0.871524	-1.608663	1.461000	0.255897	-1.603105
0.436237	3.090420	1.385312	2.315906	1.994916	1.510177	-0.482883	4.038785	2.166502	-0.235630
2.993731	3.848227	2.867341	4.001484	3.848183	3.395684	0.787465	5.236265	3.576338	1.349460
4.761334	4.409170	3.597216	4.723319	5.063272	3.984129	1.614005	5.300685	3.845405	2.169949
5.454553	4.730348	4.040649	4.894044	5.626559	4.037089	1.924891	5.221299	3.738503	2.398526
5.434872	4.538356	4.076353	4.700082	5.687650	3.808996	1.830013	5.038796	3.516631	2.285905
4.479432	3.198749	3.096215	3.778364	4.995203	2.782632	1.240287	3.885749	2.779339	1.619749
2.591070	0.540949	1.095612	2.248332	3.454521	0.797714	0.179766	1.416127	1.391274	0.320641
1.037337	-2.813194	-0.971378	0.910354	1.456511	-1.024646	-0.833326	-1.399879	0.001990	-0.894321
-0.395067	-3.160952	-1.979088	0.848221	-0.260416	-1.030401	-1.251146	-3.713989	-0.949011	-1.200849
-1.558981	-1.010513	-1.137477	2.186407	-0.632357	1.052944	-0.700724	-4.228670	-1.049385	0.349395
-2.080772	0.456503	0.141544	3.405697	0.223097	2.542244	0.270987	-3.049572	-0.608562	2.399898
-1.920166	0.310099	0.393850	3.377072	1.045989	2.653472	0.734634	-1.472745	0.028165	3.408457
-1.430299	-0.409875	-0.241804	2.440400	1.355625	2.270766	0.406426	-0.140016	0.922978	3.596428
-0.927003	-1.445189	-1.256129	0.950297	1.102957	1.751606	-0.424087	0.619550	1.694356	3.411853
0.622812	-0.809632	-1.674353	-0.110504	0.460443	1.561848	-1.250123	1.450540	2.341436	3.065068
2.464602	-0.760044	-1.356179	-0.382502	-0.134049	1.359785	-1.627938	1.979857	2.543469	2.258932
2.676757	-1.504733	-1.589899	-0.870059	-0.730666	0.526504	-1.822353	1.521874	2.224084	0.857470
1.577263	-2.404519	-2.164026	-1.578419	-1.348669	-0.366980	-2.013657	0.677258	1.989737	-0.641845
-0.173485	-3.381975	-2.787908	-2.267159	-1.898979	-0.906247	-2.211915	-0.273518	1.727383	-1.713305
-1.805563	-2.154037	-2.943862	-2.763519	-2.299944	-0.643635	-2.383680	-1.571014	0.832493	-2.007447
-2.603629	-0.187533	-2.023652	-3.009496	-2.511454	0.089853	-2.486809	-2.944928	-0.565592	-1.680094
-2.365364	1.077900	-0.890581	-2.989449	-2.493298	0.736903	-2.505540	-3.885195	-2.039903	-1.189180
-1.578117	1.794060	0.045284	-2.364712	-1.748469	1.197841	-2.344725	-4.022991	-3.085440	-0.723265
-0.848244	2.067539	0.733293	-1.945694	-0.943145	0.598132	-1.690304	-3.620933	-3.634901	-0.639375
-0.473756	2.269152	1.602680	-1.971363	-0.700180	-0.748506	0.142920	-2.965880	-3.843408	-0.571863
-0.442161	2.320149	2.283993	-2.217850	-0.955757	-2.151697	2.117766	-2.327598	-3.823892	-0.324574
-0.621050	2.478888	2.885329	-2.505805	-1.454248	-3.135531	3.358098	-2.143261	-3.709562	-0.055073
-0.865883	2.371712	3.656783	-2.754827	-1.968824	-2.930286	3.879771	-1.726290	-2.605251	0.252106
-1.049890	1.752355	3.956994	-2.922602	-2.351147	-1.680428	3.960391	-0.821172	-0.650226	0.620490
-1.105701	0.886567	3.525776	-2.519038	-2.450447	-0.558276	3.878022	-0.106805	0.785679	0.924596
-1.043137	-0.095466	2.792795	-1.038404	-1.941166	-0.111468	3.917885	-0.171570	1.045659	1.149199
-0.940349	-1.114484	1.791767	-0.389545	-1.380977	-0.527108	3.909308	-1.025761	0.302051	1.081410
-0.782735	0.670394	1.615221	0.924294	-0.691380	0.012189	4.017361	-0.833738	-0.295250	1.248382
0.365042	2.450731	2.309665	2.969775	0.514228	2.154284	3.949351	1.786707	0.464345	1.930695
1.305138	2.683786	2.464712	4.151432	1.733928	3.240386	3.368486	2.941766	1.308912	2.280796
1.184912	1.544484	1.637729	3.990341	2.234352	2.628578	2.220487	2.243967	1.234745	1.723791
0.340735	-1.046322	-0.206849	2.720429	1.767628	0.704145	0.513355	0.229151	0.258185	0.327972
-0.707293	-4.888554	-2.539174	0.792031	0.629668	-1.971073	-1.360901	-2.485889	-1.151333	-1.396009
-1.436875	-8.035841	-4.544432	-1.270932	-0.759959	-4.549516	-2.855705	-4.843052	-2.527227	-2.863442
-0.335469	-3.277800	-4.462925	-2.090035	-1.756733	-4.983818	-3.375214	-3.473019	-2.861552	-3.072765
2.609521	0.910078	-1.651035	-0.998223	-1.722178	-1.974834	-2.697506	2.020573	-0.958033	-1.785648
4.845072	2.659402	0.706088	0.593120	-0.951923	0.767702	-1.526227	5.072670	1.248281	-0.418407
5.770339	3.823404	2.325894	2.640661	0.278633	2.567704	-0.213094	6.200535	3.175638	0.701514
5.475543	4.035202	3.185137	4.217705	1.689102	3.569780	1.042244	6.233273	4.446268	1.646866
3.699631	3.901635	3.201330	4.776233	2.611117	3.538441	1.729651	5.134284	4.737163	1.934530
1.338308	3.949715	3.196345	4.901713	2.990141	2.924501	1.917705	3.119815	4.326867	1.685814
-0.277429	3.530635	3.007087	4.217766	2.777635	1.836614	1.699215	0.863313	3.378543	1.097756
-1.260755	2.268662	2.339302	2.812266	1.876409	0.171285	1.593246	-1.894387	1.785813	0.347519
-1.592796	-0.039251	1.438013	1.187100	0.672228	-0.639669	1.774127	-4.269630	-0.047098	0.041053
-1.406568	-3.429001	-0.135017	-0.658421	-0.621251	-1.058185	1.482251	-5.048743	-1.486456	-0.254489
-1.008195	-5.125370	-1.901245	-2.262860	-1.732986	-1.244659	0.473668	-3.264397	-1.222656	-0.812041
-0.686059	-3.544146	-2.727488	-2.476399	-1.574563	-0.614674	-0.737989	-0.719748	0.296784	-1.151407
-0.553602	-2.468899	-2.691059	-1.915325	-0.387161	0.638521	-1.679792	0.869980	1.671983	-0.957054
-0.574580	-2.178060	-2.676329	-1.790562	0.221696	1.828948	-2.319608	1.359891	2.350238	-0.465074
-0.664709	-2.266965	-2.785629	-2.034844	0.015781	2.526650	-2.655893	1.199352	2.554586	-0.004634
-0.756346	-1.991485	-2.369123	-2.404445	-0.689232	2.440046	-2.183946	0.890233	2.515142	0.249932
-0.812123	-1.932003	-1.128538	-2.735464	-1.533440	1.369980	-0.198236	0.154030	1.858056	0.363586
-0.816364	-2.520919	-0.432409	-2.943250	-2.233911	-0.369257	1.618066	-1.052450	0.550594	0.357992
-0.785513	-1.509417	-0.636954	-3.038655	-2.644679	-2.410413	1.880740	-2.146454	-0.984851	-0.221369
-0.747146	0.445496	-0.099066	-3.055544	-2.775519	-4.004248	1.547335	-2.759604	-2.327756	-0.985768
-0.720011	1.708607	1.122838	-2.933024	-2.625368	-3.981130	1.804522	-3.078412	-3.287457	-1.023791
-0.703273	1.506889	1.733406	-2.209635	-1.649868	-2.770427	2.393331	-3.039814	-3.628237	-0.480098
-0.702131	-0.184022	0.850591	-1.815729	-0.727774	-2.272186	2.126195	-2.877933	-3.639953	-0.478093
-0.706125	-2.891693	-0.984071	-1.885227	-0.493298	-2.754712	0.961130	-2.792055	-3.638333	-1.191966
0.011584	-1.399952	-1.732090	-0.461629	-0.434853	-2.700800	-0.038757	-2.036219	-3.060725	-1.608064
1.478625	0.181468	-0.297035	1.957135	0.257966	-0.837369	0.234608	-0.347964	-1.486808	-0.368581
1.866325	-0.097902	0.427273	2.307525	0.701292	-0.137675	1.084295	0.130954	-0.733376	0.530528
1.198728	-1.286657	0.177891	1.362291	0.422149	-0.314095	1.719451	-0.512363	-0.909442	0.594031
0.005930	-2.274488	-0.742001	-0.145388	-0.371651	0.393878	1.497592	-1.032291	-0.620038	0.389470
-1.114077	0.132915	-1.092299	-1.500978	-1.146527	1.641059	0.497509	-0.049648	0.369299	0.252979
-1.690765	2.504412	0.211243	-1.397087	-0.422388	2.509739	-0.619225	2.152505	1.206325	0.324843
-1.620654	3.606331	1.683287	-0.227667	1.590350	3.020388	-1.281459	3.742875	1.647109	0.573177
-1.164233	3.691606	2.341896	0.890191	3.368835	3.375839	-1.353779	3.945743	1.625696	0.947870
-0.691926	2.762420	1.918510	1.563290	4.364679	3.256393	-1.063308	2.661733	1.051587	1.106123
-0.417690	1.863283	1.027899	1.823174	4.638520	2.424544	-0.730549	0.379700	0.368851	0.771908
-0.371784	1.923618	0.946229	2.331114	4.202791	1.526861	-0.340498	-1.329179	0.802032	0.306350
-0.476053	1.966231	1.202429	3.091645	3.389116	1.216771	0.196031	-1.138205	2.055558	0.236688
-0.633700	2.081605	1.518568	3.738996	2.576091	1.094337	0.741155	-0.208340	2.698349	0.359864
-0.754281	2.833467	2.808048	4.127912	2.034817	0.811723	1.402889	0.198637	2.492451	0.441689
-0.804211	3.599016	4.177535	4.298869	1.840993	0.631301	2.710733	0.056362	1.892651	0.842238
-0.796416	3.832465	4.612593	4.206835	1.864179	0.531111	3.808254	-0.393504	1.216198	1.303167
-0.693239	2.863738	3.781222	3.257788	1.578402	-0.228222	3.585050	-1.181772	0.273439	0.952462
0.623619	1.167504	1.990895	1.958688	0.870136	-1.180861	2.304421	-1.329495	-0.644297	-0.050746
1.982609	-1.838582	-0.500404	0.515723	0.006762	-1.903144	0.473996	-0.999605	-1.291827	-1.121358
2.020050	-3.856744	-2.994201	-0.463773	-0.810014	-2.685010	-1.361336	-1.144839	-1.838460	-2.075806
1.079166	-1.715752	-2.955574	0.639899	-0.801243	-2.105095	-2.029194	-0.899441	-1.098686	-2.113899
-0.251141	-1.005606	-1.747501	1.435676	-0.252028	-0.713890	-1.632819	-0.096886	0.565057	-1.417315
-1.356583	-1.876525	-1.711929	0.924843	-0.114013	-0.623835	-1.336010	-0.081331	1.016354	-1.227226
-1.785738	-2.254428	-2.306746	-0.257065	-0.520787	-1.591050	-1.458892	-0.172631	0.436912	-1.685336
-1.533551	-0.825760	-2.219534	-1.115686	-1.131532	-2.424239	-1.742041	1.218493	-0.040248	-2.215464
-0.985036	-0.513776	-1.467029	-0.781114	-1.330028	-2.054471	-1.693764	2.138940	-0.148534	-2.168281
-0.522260	-1.656981	-1.708525	-0.859076	-1.369667	-0.791540	-1.665802	1.430077	-0.656492	-1.706872
-0.304316	-2.609074	-2.337960	-0.874026	-0.896354	0.707426	-1.696315	-0.298259	-1.411226	-1.049758
-0.317705	-3.842122	-2.903090	-0.914909	-0.063355	1.669717	-1.712932	-2.330838	-2.101491	-0.451009
-0.459196	-5.106446	-3.594913	-1.377603	0.157954	1.755710	-1.863231	-3.967878	-2.758390	-0.299083
-0.616275	-1.864908	-3.493216	-1.721404	-0.011030	1.046446	-2.055597	-3.353917	-2.969989	-0.618829
-0.716765	1.661635	-1.123616	-1.230565	0.497412	0.673684	-1.979536	0.372134	-1.978727	-0.836795
-0.745222	2.743470	0.888828	-1.105676	0.859133	0.978325	-1.385544	2.540917	-0.977365	-0.574544
-0.578327	3.151619	2.049109	-1.251663	0.686767	1.253332	0.338317	2.334567	-0.816284	0.133523
0.082017	3.548293	2.762567	-0.428405	1.154279	1.524863	2.004101	1.728170	-0.438332	0.852717
0.417242	3.579703	3.012620	0.623816	2.379500	1.652525	2.719911	1.459222	0.200918	1.185145
0.255928	2.748020	2.428289	0.862997	3.133500	0.986683	2.300379	0.473721	0.171902	0.783351
-0.196751	0.461845	0.801045	0.155195	2.749393	-0.644800	1.020259	-1.210690	-0.607637	-0.326574
-0.665954	-3.362478	-1.453033	-0.978809	1.502247	-2.423040	-0.514713	-2.989373	-1.721410	-1.029157
-0.935185	-6.405142	-2.650444	-2.104632	-0.169964	-3.225037	-0.811125	-4.153236	-2.773830	-0.197807
-0.951703	-5.812548	-1.980043	-2.941358	-1.804609	-3.163607	0.615875	-4.334149	-3.529602	0.682579
-0.814828	-2.798965	-0.622489	-3.358218	-2.973475	-1.655517	2.231954	-2.676166	-3.655863	1.155293
-0.650941	0.702283	0.483391	-2.032652	-3.107181	0.422079	2.766221	1.044403	-2.256977	1.425059
-0.544156	2.829113	1.683480	0.884194	-1.769523	1.530346	2.487440	3.623922	0.046059	1.319843
-0.518025	3.101375	2.152792	2.908762	0.077654	1.580065	1.878766	3.852743	1.351504	0.898433
-0.557852	2.815179	1.762467	3.172283	1.190144	0.967649	1.004290	2.763565	1.776226	0.234819
-0.618773	2.439560	1.188121	2.145728	1.149012	0.630014	-0.230673	2.106793	2.153049	-0.432647
-0.657598	1.533809	0.355131	0.461794	0.312711	1.019865	-1.552996	2.503483	2.185513	-0.689468
-0.657318	0.436513	-0.606651	-1.373224	-0.865977	0.909966	-2.601891	3.206560	1.782576	-0.889333
-0.633893	-0.040200	-1.091405	-1.794906	-1.732500	0.264380	-2.885496	3.328494	1.334483	-1.113075
-0.604293	0.157237	-0.963303	-1.011781	-1.786502	-0.485290	-2.341163	2.209629	0.726878	-0.864901
-0.586870	0.715855	-0.405230	0.594313	-1.154595	-1.097125	-1.390322	0.214550	0.066112	-0.538963
-0.593847	1.195362	0.301086	2.424543	0.036302	-0.480462	-0.217532	-1.708970	-0.144447	0.668250
-0.618657	1.108451	0.685653	3.405791	1.149518	1.306844	0.679650	-2.682460	-0.038543	2.315209
-0.610144	-0.308195	0.030283	2.982783	1.463823	2.498549	0.745384	-2.863292	-0.298169	3.303710
0.546157	-0.572556	-0.993522	1.988143	0.999062	3.044247	0.133947	-1.884882	-0.781812	3.633894
3.063634	1.544834	-0.466632	1.325515	0.346235	3.621637	-0.512363	1.465456	-0.404691	3.826238
4.367913	2.792554	1.196241	0.684470	-0.230430	3.978495	-0.349138	4.074090	0.537566	4.049764
3.766286	2.221810	1.701746	-0.380439	-0.869414	3.780382	0.469848	4.241420	0.716471	4.119921
1.885218	0.746739	1.487648	-1.604436	-1.564075	3.164212	0.551120	2.624249	-0.043413	3.836459
-0.552987	-1.608282	0.745265	-2.644237	-2.189527	2.392715	-0.153468	-0.351484	-1.263902	3.273008
-2.535423	-1.913870	-0.387352	-3.279144	-2.620253	1.008493	-1.221105	-3.878200	-2.482457	2.014833
-3.110962	-0.914966	-1.057752	-3.513113	-2.824995	-1.142829	-2.226718	-6.446158	-3.390542	0.094336
-2.288854	-0.731843	-1.646927	-3.486517	-2.852640	-3.396160	-2.876567	-5.701682	-3.713169	-1.914971
-1.057307	-0.430750	-1.980099	-3.364303	-2.795070	-4.572816	-3.102521	-0.832473	-2.954613	-3.279309
-0.209853	-0.188715	-1.961972	-3.240001	-2.716428	-4.311016	-3.023667	2.866540	-1.646085	-3.657991
0.075860	0.103044	-1.760266	-3.066415	-2.640462	-3.159834	-2.807172	4.312707	-0.538702	-3.303420
-0.053329	1.400478	-0.789458	-1.283427	-2.144340	-0.677875	-2.184273	4.709376	0.457712	-1.812294
-0.368923	2.505025	0.735867	1.436192	-0.854038	1.464448	-0.962957	4.719202	1.494721	0.707629
-0.669644	2.929758	1.726795	3.169586	0.604973	2.438265	0.258461	4.420946	2.231483	2.626859
-0.836665	2.669959	1.904000	3.963302	1.658585	2.532912	1.058284	3.202734	2.328937	3.497036
-0.850125	1.871390	1.553983	4.147172	2.180354	2.055397	1.375334	1.045582	1.917501	3.486744
-0.762128	-0.231774	0.371750	3.334284	1.973452	0.727222	0.996733	-1.737512	0.972411	2.401175
-0.657783	-3.662932	-1.582898	1.663017	1.024293	-1.376032	-0.032472	-4.363998	-0.423318	0.466665
-0.576927	-6.829694	-3.633159	-0.403513	-0.309219	-3.590313	-1.302807	-5.661386	-1.883361	-1.687720
-0.537495	-2.927265	-3.607215	-0.599032	-0.525761	-3.946042	-1.956949	-4.751769	-2.559018	-2.923812
-0.541042	0.645299	-0.494548	1.635029	1.133281	-1.412168	-1.164719	-2.075065	-1.348208	-2.102121
-0.567683	1.176466	0.871121	2.566392	2.329722	0.720152	-0.161198	0.398731	0.771786	-0.478085
-0.602549	0.376881	0.370754	1.908297	2.219379	1.578774	-0.026626	1.510108	2.098561	1.097222
-0.637388	-0.740988	-0.541478	0.454473	1.158824	2.110459	-0.140347	1.611356	2.606865	2.425457
-0.657113	-1.465822	-0.617985	-1.241780	-0.361962	2.207305	0.709421	1.193345	2.677081	3.363355
-0.659501	-1.850988	-0.210402	-2.514158	-1.708696	1.784938	2.011656	0.309903	2.226592	3.693655
-0.074132	-1.538393	-0.112728	-2.230541	-1.659311	1.168357	2.526996	-0.666773	1.273141	3.393127
0.903463	-1.848418	-0.703671	-1.488204	-0.934680	0.289318	1.931345	-1.303285	0.125365	2.224615
1.108602	-0.515651	-0.835841	0.029736	-0.160824	0.233435	0.855026	-1.490731	-0.499453	0.873318
0.600640	-0.545412	-0.279596	0.882469	0.338952	0.402780	-0.206598	-1.180308	-0.361977	0.233624
-0.218429	-1.925873	-0.905671	0.416027	0.139498	-0.489127	-1.291342	-1.350716	-0.686170	-0.485028
-0.925757	-3.782605	-2.115021	-0.688042	-0.599187	-2.083701	-2.040316	-1.955951	-1.494507	-1.446923
-1.242834	-5.461489	-3.400001	-1.911132	-1.541436	-3.733005	-2.357236	-2.642782	-2.411226	-2.362583
-1.146603	-5.421448	-4.270707	-2.872170	-2.373943	-4.388514	-2.484104	-2.528184	-2.335531	-2.938165
-0.851742	-4.331239	-4.382945	-3.422332	-2.904635	-3.425503	-2.542555	-1.284087	-0.821200	-2.918588
-0.576165	-3.264261	-4.038596	-3.604259	-3.110160	-1.989851	-2.582460	0.086769	0.837068	-2.528778
-0.081242	-1.472131	-3.297258	-3.336386	-3.041562	-0.799856	-2.575674	1.498449	2.040150	-2.046323
1.957996	0.196388	-1.889875	-1.859920	-2.507983	0.331979	-2.242734	2.710857	2.671405	-1.375340
4.286429	1.034391	-0.667011	-0.075713	-1.576943	0.938936	-1.585027	3.167217	2.541590	-0.761832
5.601039	1.510249	0.297074	1.107694	-0.663913	1.114442	-0.481690	3.060502	2.001632	-0.251153
5.983292	2.109647	1.456188	1.691021	-0.033136	1.216548	1.435979	2.751000	1.413234	0.495174
5.336077	2.515998	2.139406	1.544837	0.173607	1.129525	2.847157	2.954377	1.075895	1.060159
3.292938	2.853148	2.091134	0.534213	-0.195962	0.345675	2.708605	3.397352	0.844029	0.711795
0.201835	2.720989	1.593901	-0.885767	-0.963987	-0.961621	1.420013	3.160037	0.457761	-0.347823
-2.890417	2.333648	0.890495	-2.251897	-1.833361	-2.112350	-0.336689	1.956823	0.251397	-1.512791
-4.482744	2.117986	0.872762	-3.219111	-2.548721	-2.474287	-0.886190	0.171472	0.246451	-1.820470
-3.684330	1.455077	1.244900	-3.681880	-2.972961	-1.905675	0.426700	-1.247067	0.597337	-1.065152
-1.753659	0.873470	1.423059	-3.165425	-2.997649	-0.792072	2.218013	-1.361965	1.333412	0.046478
-0.276572	1.189581	1.934863	-0.424653	-2.077355	0.350392	3.695386	-0.633689	1.885814	1.092740
0.309110	1.982142	2.757260	2.152377	-0.481785	0.987892	4.607712	-0.112840	1.881492	1.797517
0.210472	2.673282	3.780261	3.398142	0.915134	1.373550	4.999396	0.299300	1.894440	2.177082
-0.218484	3.022467	4.277759	3.352330	1.471262	1.621261	4.914610	0.960415	1.780619	2.249400
-0.662034	3.481054	4.535303	3.322077	1.526898	2.087459	4.470570	2.549373	1.822663	2.227590
-0.735986	3.403392	4.225426	3.564447	1.570240	2.060977	3.509691	3.407551	1.962631	1.833654
1.063690	3.361015	3.506459	4.178286	1.861914	2.011259	2.409645	3.464518	2.137635	1.366280
3.407937	3.288820	2.972910	4.715043	2.361916	2.184812	1.650741	3.197928	2.390207	1.202983
3.851833	3.026087	2.988891	4.770904	2.658774	1.893265	1.216059	2.145838	2.273435	0.997497
2.702908	2.693351	3.254686	4.547569	2.632235	1.295381	0.989471	0.485342	1.818940	0.639099
0.657501	1.713168	3.230538	3.723228	2.201935	1.100058	0.655630	-1.375896	1.041230	0.338551
-1.461955	0.370385	2.805062	2.177514	1.203931	0.986740	-0.105723	-3.031757	-0.138421	-0.046906
-2.702253	-1.528137	1.918505	0.413706	-0.056534	0.239558	-1.008456	-3.809874	-1.331345	-0.657661
-2.572555	-2.954653	0.573672	-1.348041	-1.259395	-1.261143	-1.855817	-3.723291	-2.368192	-1.538530
-1.582955	-1.717348	0.526870	-1.815714	-1.102304	-2.214513	-2.249731	-3.035546	-2.874076	-2.124915
-0.610836	-0.041744	1.501748	-0.860102	0.722528	-1.723501	-1.984427	-2.120757	-2.616801	-1.967334
-0.104222	0.992952	2.382886	0.339167	2.634261	-0.514129	-1.384000	-1.261872	-1.759748	-1.339412
-0.059857	2.103991	3.034320	1.788441	3.894622	0.544565	-0.632400	-0.752439	-0.897714	-0.624439
-0.294671	2.701577	3.597549	3.246612	4.692559	1.487954	0.351419	-0.371843	-0.003330	0.185833
-0.597218	2.593457	3.767175	3.492895	4.956823	1.741369	1.276243	-0.437404	0.312014	0.703247
-0.813674	1.966245	3.516100	3.072447	4.818649	1.567216	2.461592	-0.891489	0.067458	1.119814
-0.878361	1.004656	2.795955	2.435003	4.501335	1.285042	3.450374	-1.435998	-0.397317	1.445541
-0.822839	-0.840268	1.375850	1.516828	3.931084	0.640397	3.437632	-1.912756	-0.950521	1.234908
-0.725149	-3.615446	-0.924262	0.086382	2.684445	-0.826400	2.273092	-2.394557	-1.706000	0.192370
-0.645943	-5.970845	-3.461826	-1.418880	0.921655	-2.641594	0.379467	-2.742336	-2.501712	-1.258055
-0.614715	-4.577988	-4.935272	-2.681942	-0.994041	-4.020824	-1.683597	-1.432387	-2.779673	-2.541082
-0.615302	-1.788360	-4.349482	-3.364323	-2.566811	-3.983873	-3.277387	1.490477	-2.078880	-2.818321
-0.625675	0.752345	-2.291316	-2.534186	-2.216145	-1.436839	-3.696982	3.798755	-0.303503	-0.850578
0.269033	2.649463	0.030794	-0.361803	0.253451	1.900807	-2.764019	5.297803	2.165324	1.821055
2.718656	3.524076	1.730569	1.700131	2.611301	3.755081	-1.179086	6.185189	4.029462	3.184818
4.575676	3.249034	2.049940	2.489139	3.419142	3.836365	-0.080479	5.956700	4.447451	3.046923
4.472095	2.499059	1.605194	2.973214	3.171140	2.807686	0.462050	4.360836	3.787156	1.991490
2.840948	1.571019	1.055549	3.380801	2.551040	1.324804	0.766776	1.360928	2.671623	0.730983
0.304347	0.818177	0.352899	2.892934	1.649871	-0.482412	0.597730	-2.659196	1.243588	-0.484783
-2.194001	0.660250	-0.275874	1.493077	0.351471	-2.583137	-0.193323	-6.413089	-0.452612	-1.716941
-3.485469	0.349745	-0.735122	-0.382577	-1.123293	-4.446261	-1.299939	-7.947496	-2.079099	-2.762036
-3.025902	-1.230792	-1.652256	-2.224560	-2.434326	-5.575523	-2.335878	-6.398454	-3.299431	-3.427644
-1.654633	-3.636702	-2.967157	-3.547759	-3.301041	-5.825591	-3.010609	-3.943375	-3.978318	-3.608894
-0.492206	-5.932301	-4.206720	-4.144162	-3.644803	-5.267623	-3.240506	-2.365319	-4.198415	-3.301584
0.038651	-6.105684	-4.858291	-4.164231	-3.594795	-2.838732	-3.157526	-1.386876	-3.385378	-2.546003
0.025133	-3.954073	-4.573945	-3.805037	-3.264899	0.327639	-2.933371	-0.340189	-1.260443	-1.389242
-0.284412	-1.602773	-3.418509	-3.392770	-2.840781	2.198038	-2.713534	0.599382	0.750292	-0.369485
-0.652094	0.089436	-2.239292	-3.082315	-2.574509	3.008637	-2.588754	2.220907	2.197755	0.266024
-0.902037	0.914988	-1.055339	-1.732822	-2.175733	3.242411	-2.238992	3.416571	3.156097	0.667010
-0.955967	0.326339	-0.859201	-0.937229	-1.764070	2.569368	-1.863403	3.281043	3.421141	0.511437
-0.860209	-0.149578	-1.216904	-0.367690	-1.512882	1.207742	-1.629974	2.125623	3.033180	-0.148999
-0.723606	-0.102966	-0.944783	1.081487	-0.883850	-0.141919	-1.051622	0.326499	2.213132	-0.696006
-0.633359	-0.652286	-0.961600	1.668852	0.042223	-1.192694	-0.579802	-1.682681	1.059983	-1.074124
-0.611413	-0.895740	-1.078525	1.752328	1.430150	-1.313889	-0.285611	-3.126951	-0.118559	-1.155546
-0.636115	-0.870855	-0.808952	1.685669	2.782391	-0.629777	0.289313	-3.405876	-0.977457	-0.748425
-0.684545	-0.897538	-0.785507	1.585965	3.671905	0.038817	0.539043	-2.770431	-1.414240	-0.396124
-0.734472	-0.949931	-0.995788	1.498032	4.093705	0.372994	0.346012	-1.958366	-1.534435	-0.313816
-0.758369	-0.690397	-1.166769	1.515677	4.213420	0.458793	-0.048314	-1.411375	-1.472821	-0.395395
-0.519714	0.413230	-0.026375	1.846282	4.239335	0.628057	-0.298315	-0.974402	-1.170693	-0.389595
0.903258	1.543151	1.748353	2.068307	4.044451	0.837944	-0.385927	-0.120096	-0.680229	-0.288199
3.217723	2.046126	2.844395	1.993800	3.292258	0.902047	-0.441502	1.199411	-0.064451	-0.230072
3.984194	1.455575	3.000723	1.219016	1.936337	0.189522	-0.727407	1.429226	-0.032441	-0.568785
3.045791	0.575224	2.346391	-0.150593	0.121639	-1.386235	-1.304383	0.360843	-0.741367	-1.395875
1.047520	0.620989	1.544085	-1.665830	-1.759555	-3.131999	-1.197279	-1.428275	-1.798757	-2.053917
-1.218794	-0.205083	0.741888	-2.919235	-3.242392	-4.270815	-0.026024	-3.185095	-2.815083	-1.984441
-2.756283	-0.539411	-0.523599	-3.390959	-3.945870	-4.372410	0.501263	-2.795731	-3.174942	-1.858472
-2.888186	0.576541	-0.697948	-1.868068	-3.407574	-2.447294	0.555459	0.772117	-1.964428	-1.396577
-1.941872	0.986460	-0.092861	-0.949116	-2.419602	-0.886907	0.837702	3.471814	-0.475626	-0.722667
-0.858268	0.673242	-0.142310	-1.120375	-1.877619	-0.646033	0.595793	4.445404	0.336102	-0.637459
-0.224195	-0.842967	-1.027995	-1.799932	-1.873505	-1.201567	-0.298752	3.834628	0.257173	-1.153708
0.326640	-2.263759	-2.347848	-2.291318	-2.141560	-1.070710	-1.433964	1.913904	-0.490889	-1.578706
2.195317	-0.489183	-2.316816	-1.493232	-2.130620	-0.003957	-2.114499	0.973122	-0.686795	-1.362081
4.019792	0.463430	-1.148214	-0.308352	-1.694222	0.809918	-2.076246	1.975152	-0.005652	-0.841910
4.054207	0.361100	-0.926923	0.142868	-1.313584	0.487467	-1.814819	2.099518	0.335071	-0.696645
2.593911	0.918787	-0.471035	1.277875	-0.758190	0.186482	-1.203245	1.805474	0.929424	-0.593652
0.270169	0.557942	-0.130049	2.160277	-0.022956	-0.109419	-0.442111	0.889192	1.142619	-0.499408
-1.906888	0.614387	-0.443704	2.188753	0.291604	-0.816338	-0.172936	-0.064493	0.753220	-0.792300
-1.137988	2.900549	0.780235	3.045813	0.703442	0.290609	0.208455	1.952186	1.208533	-0.475879
2.374404	4.061181	2.539027	4.080710	1.583430	2.772519	1.062205	4.737867	2.490182	0.925612
4.965791	4.272696	3.460538	4.387512	2.734768	4.088423	2.458053	5.925702	3.659210	2.362401
5.976962	3.818633	3.532559	3.969771	3.194638	4.167233	3.641905	5.764311	4.106196	3.038791
6.012591	2.902016	3.141625	3.162813	2.787662	3.426608	4.240477	4.656117	3.674614	2.953032
4.934982	1.312247	2.418377	1.888031	1.740480	2.189507	4.319106	2.675903	2.888152	2.424511
2.480272	-0.480895	1.498146	0.176825	0.277629	0.861387	4.035310	0.195744	2.325549	1.730571
-0.851442	-1.206515	0.921724	-0.786791	-0.321626	0.332707	3.677127	-1.787040	2.011957	1.314828
-3.832118	-1.257065	0.376831	-0.513178	0.755808	0.327400	3.019838	-2.845157	1.384946	0.988298
-4.142287	-0.216626	0.495194	0.398203	2.305873	0.624879	2.649552	-2.516275	0.588643	0.901777
-1.523332	0.229491	0.950125	0.913402	3.094281	1.164925	2.852311	-1.388421	-0.151642	1.184983
0.477037	0.173795	0.990492	1.175717	3.431833	1.944786	3.000063	-0.815883	-0.791241	1.568588
1.025112	-0.254944	0.352377	1.340243	3.647332	1.987146	2.415497	-0.852339	-1.207286	1.405028
0.586485	-0.737468	-0.551996	1.428857	3.795632	1.450841	1.277510	-1.223417	-1.408398	0.786750
-0.269050	-1.067034	-1.317394	1.460490	3.877497	0.761304	0.009295	-1.625371	-1.453729	0.041413
-1.057449	-1.632034	-1.862658	1.283531	3.783797	0.068939	-1.018970	-1.918727	-1.481873	-0.607015
-1.443706	-1.892117	-2.284367	0.953223	3.422713	-0.615228	-1.656682	-2.103389	-1.615929	-1.149263
-1.377553	-2.260572	-2.404699	0.675848	3.082021	-0.941099	-1.812466	-2.119944	-1.733047	-1.405742
-1.073270	-3.343467	-2.885375	-0.112571	2.267925	-1.604401	-1.891674	-2.233992	-2.063491	-1.742515
-0.782950	-2.888367	-3.165921	-0.722916	1.323604	-1.283188	-1.959025	-1.879021	-2.312760	-1.808493
-0.634624	-2.959025	-3.064253	-1.157146	0.625139	-0.243711	-1.982143	-1.204236	-2.317400	-1.457347
-0.616678	-1.138654	-1.560590	-0.993366	-0.098181	0.647844	-1.942871	-1.090200	-2.313559	-1.026651
-0.676741	-0.432048	0.287208	-0.003791	-0.499456	0.809080	-1.544976	-1.223397	-2.017800	-0.688027
-0.751242	-1.429473	0.052356	-0.051675	-0.909124	-0.270613	-1.386889	-1.706450	-2.030554	-1.005605
-0.810439	-2.861153	-1.334954	-0.740556	-1.490968	-2.079664	-1.615124	-2.368699	-2.412373	-1.813513
-0.846502	-1.589528	-2.096270	-0.081602	-1.637085	-3.241358	-1.608458	-2.570354	-2.424676	-2.344740
-0.843369	-0.186719	-1.394330	1.586658	-0.259947	-2.262238	-0.940101	-1.966453	-1.662989	-1.874813
-0.816524	0.336725	-0.420865	2.296590	1.789250	-0.688434	-0.328600	-1.347916	-1.012374	-1.084276
-0.788555	0.424347	0.014690	2.375357	3.261635	0.287642	-0.111487	-1.029127	-0.661493	-0.588972
-0.781450	0.021988	-0.035825	2.302393	3.855182	0.674440	-0.102744	-0.798703	-0.281234	-0.354069
-0.792585	-1.651165	-1.018816	1.381885	3.330610	-0.149879	-0.517731	-1.125924	-0.532767	-0.745655
-0.812381	-3.925642	-2.608153	-0.132934	1.879623	-1.817696	-1.308843	-1.868973	-1.304884	-1.652664
-0.822375	-4.469547	-3.980542	-1.771350	-0.120759	-3.273742	-2.178487	-2.361400	-1.852777	-2.280135
-0.815606	-1.510878	-3.632560	-3.053442	-2.159745	-3.912032	-2.709798	-2.651409	-2.321789	-1.879519
-0.806074	0.915083	-1.177624	-3.612989	-3.656569	-3.959007	-1.612248	-2.825988	-2.811198	-1.179277
-0.800342	1.520584	0.798192	-3.718384	-4.274643	-3.717199	0.640044	-2.906597	-3.274268	-0.559375
-0.796234	1.160771	1.356593	-3.608028	-4.156094	-2.737452	2.433381	-2.328238	-3.491580	-0.034921
-0.794088	1.746982	1.754084	-2.256632	-3.406765	-0.691331	3.470330	0.439069	-2.552460	0.669819
-0.793232	2.509846	2.439153	0.437197	-1.875187	0.903494	4.080705	3.232339	-0.528798	1.407503
-0.790773	2.229164	2.204704	1.382441	-0.634601	1.170217	3.721504	4.488586	0.896153	1.418017
-0.798637	1.348311	1.066235	0.785210	-0.376623	0.835716	2.254753	4.677073	1.292997	0.645443
-0.816813	-0.466739	-0.630799	-0.488013	-0.871504	0.902898	0.060477	3.910538	0.957104	0.172885
-0.828131	-2.855636	-2.639673	-1.891427	-1.715298	0.810182	-2.249747	2.015641	0.415233	0.487090
-0.835803	-4.334265	-4.071827	-3.019847	-2.555282	0.310736	-3.895459	-0.208645	0.574248	0.434124
-0.840996	-4.249829	-3.587850	-3.670810	-3.155496	-0.470043	-3.205824	-2.040038	0.786725	0.064773
-0.843000	-3.669765	-1.992805	-3.846141	-3.424518	-1.107071	-0.484885	-3.343898	0.208486	-0.113143
-0.839548	-1.675369	-0.948943	-2.442883	-3.122790	-0.428248	1.397524	-3.669272	-0.686344	0.027903
-0.842936	1.285322	0.665462	0.533347	-1.843700	1.209471	2.561094	-2.719507	-0.975262	0.714866
-0.843822	2.185412	1.995026	2.373839	-0.302508	1.943570	3.487415	-1.459884	-0.730126	1.485190
-0.845722	1.353173	1.647403	2.249687	0.379956	1.171183	3.316871	-0.945231	-0.747966	1.269536
-0.854768	-0.390544	0.127527	1.040801	0.072012	-0.230569	1.992896	-0.629942	-0.399251	0.187558
-0.121485	0.047938	-1.247285	-0.302567	-0.765425	-1.030495	0.020007	0.291894	0.684904	-0.971189
2.273635	1.266321	-0.913596	-0.435818	-1.265236	-0.344452	-1.697962	1.869865	1.829670	-1.332682
4.475453	2.221792	0.118941	1.075741	-0.071706	1.087002	-2.138297	2.916586	2.304846	-0.739055
5.428963	3.345272	1.571406	3.419191	2.389275	2.543921	-0.858892	3.391832	2.583048	0.492681
4.721306	3.876857	2.604426	4.589173	4.071169	3.113409	0.812380	2.924043	2.590143	1.426928
2.545090	4.019852	2.889408	4.768754	4.376709	3.243124	1.658444	1.618951	2.269490	1.998184
-0.540268	3.989281	2.868573	4.537534	3.853890	3.628989	1.757065	0.513104	2.403013	2.903153
-3.400114	3.452893	2.406549	3.603210	2.735231	3.799504	1.231734	-0.121389	2.536507	3.593527
-4.571237	2.799410	1.847649	1.859365	1.023266	3.212340	0.834638	-0.796686	2.017857	3.517094
-3.533866	2.634116	1.787776	0.739833	-0.699389	2.204622	1.112017	-0.646624	1.886132	2.752828
-1.685185	2.392016	1.724105	1.408488	-1.150857	1.582128	1.387678	0.438838	2.495194	1.806275
-0.386677	1.591118	1.212299	2.082505	-0.211188	1.459621	1.246892	1.408069	3.103429	1.145766
0.066603	0.035814	0.075152	1.767447	0.891486	1.260949	0.524549	1.687967	3.265486	0.476319
-0.092461	-2.268551	-1.573776	0.586389	1.019829	0.530848	-0.665626	1.288382	2.962194	-0.415409
-0.540568	-5.102298	-3.402728	-0.993842	0.265814	-0.923601	-1.965323	0.038225	1.918193	-1.505840
-0.980316	-7.236909	-4.912478	-2.498436	-0.951802	-2.823770	-2.990254	-1.778748	0.265631	-2.592849
-1.218630	-7.621014	-5.687760	-3.538024	-2.209658	-4.558674	-3.504470	-3.475033	-1.532478	-3.400119
-0.760975	-4.628895	-5.336709	-3.710612	-3.120184	-4.823895	-3.482767	-3.405568	-2.138352	-3.602567
0.428314	-1.776253	-3.764535	-3.076969	-3.378384	-2.809178	-3.050634	-0.493957	-0.567971	-2.931948
0.883049	0.003540	-1.736188	-2.660685	-3.178879	-0.532616	-2.566490	1.747697	1.046054	-1.954977
0.860172	1.318240	0.327544	-1.709832	-1.973540	1.545681	-1.021825	2.156301	1.613363	-0.472975
2.060225	2.201594	1.732142	-0.279152	-0.439314	3.253106	1.388617	2.632499	2.287039	1.363668
3.750800	2.863420	2.708093	0.716683	0.419204	4.178834	3.170041	3.870581	3.194173	2.676806
3.993885	2.577433	3.320690	0.604368	0.401995	4.177030	3.918743	4.015915	3.383589	3.097207
3.386555	2.286598	3.489392	0.108773	-0.228329	3.701928	3.794244	3.129070	2.876315	2.839973
2.783606	2.185200	3.460652	-0.201348	-0.922518	3.193671	2.800259	1.746918	2.016491	2.491405
1.508614	1.491829	3.307408	-0.945643	-1.625645	2.096239	1.769341	-0.495794	0.607309	1.872862
-0.227726	0.715524	3.104997	-1.926958	-2.305436	0.180195	1.452154	-3.102945	-1.090003	0.979605
-1.372511	1.114830	2.805879	-2.606094	-2.810518	-1.988440	1.077641	-4.741157	-2.557179	-0.176710
-0.245227	1.350019	2.235706	-1.895504	-2.431546	-1.690589	0.340343	-3.467274	-2.926849	-0.876372
0.891706	1.311570	1.929500	-0.508043	-0.492365	0.658616	-0.449170	-1.549644	-2.387832	-0.616713
0.982876	1.317324	2.025351	0.450872	1.449880	2.484033	-1.063598	-0.111460	-0.909717	0.111389
0.316406	1.747446	2.482236	1.561474	2.273248	3.212755	-1.158738	0.625583	0.571936	0.749896
-0.622418	2.072375	3.033294	2.592560	2.368774	3.263788	-0.395258	0.503118	1.148891	1.187610
-1.377591	2.126338	3.184430	2.776746	2.364864	2.640328	0.353711	-0.280890	0.890087	1.184455
-1.670023	2.285392	3.202278	2.344124	2.553825	1.455426	0.428472	-1.385357	0.134658	0.639084
-1.527825	1.909903	3.011625	1.767371	2.882767	0.212221	0.026296	-2.330815	-0.709404	-0.163787
-1.181827	1.155313	2.473977	1.327527	3.260941	-0.504822	-0.363434	-2.710107	-1.285565	-0.771853
-0.163485	1.268137	1.989997	1.354899	3.591523	0.208012	0.450076	-1.440701	-0.586271	-0.373069
1.688371	1.310667	1.822531	1.723583	3.809303	1.786241	1.881016	1.002856	1.137136	0.837025
2.233743	0.341941	1.112836	1.205899	3.297473	1.945074	2.070552	1.680869	1.571844	1.097340
1.486925	-1.051352	-0.205077	0.179212	1.986888	0.863217	1.140938	1.566349	1.026957	0.392071
0.064001	-2.704177	-1.888693	-0.967422	0.307017	-0.602650	-0.377017	0.686209	0.172949	-0.367365
-1.356466	-3.735267	-2.460770	-2.012890	-1.236692	-2.194560	-1.942454	-0.874701	-0.838019	-1.237658
-2.171525	-4.849396	-2.626931	-2.907675	-2.494908	-3.581756	-3.147751	-2.719066	-1.988613	-2.209330
-1.969304	-5.061946	-3.228657	-3.407678	-3.309647	-3.103911	-3.715292	-4.012673	-2.999569	-2.648947
0.424267	-0.224334	-2.449797	-1.746447	-3.145353	-0.976574	-3.231341	-1.579917	-2.596712	-2.111769
3.454157	2.614700	0.316592	1.589188	-0.914204	1.547560	-1.436950	3.148557	-0.105253	-0.552055
5.186310	3.321763	2.083105	3.042464	1.557751	2.922121	0.801222	5.221698	1.876736	1.332913
5.654464	3.003266	2.571967	3.057077	2.489662	2.934086	2.657665	5.173326	2.347676	2.342718
4.678692	1.604022	2.161553	2.084187	2.102831	1.851075	3.594348	3.619662	1.660853	2.239588
2.265480	-0.869029	1.216271	0.397103	0.826508	-0.105373	3.787789	0.413426	0.203008	1.430429
-1.030355	-3.736968	-0.102041	-1.382131	-0.867500	-2.375029	3.332469	-3.917852	-1.498684	0.304461
-3.982662	-4.675339	-1.418554	-1.728538	-2.160480	-3.900371	2.159052	-7.524035	-2.637665	-0.896527
-5.013216	-5.442587	-2.838385	-1.817682	-2.719462	-4.540232	0.404891	-8.123845	-3.211970	-2.006865
-3.706122	-5.447411	-4.213265	-2.247256	-2.896805	-4.792961	-1.575075	-5.755765	-3.552014	-2.839531
-1.719116	-3.174833	-4.533296	-2.840124	-2.991378	-4.085834	-3.206847	-1.329300	-3.253335	-2.197280
-0.420234	-0.888448	-2.838087	-3.363037	-3.094664	-2.401380	-3.019752	2.188689	-2.254038	-0.060045
-0.019181	-0.122579	-1.076537	-3.693648	-3.202386	-0.969826	-1.208587	3.541686	-1.289681	1.763474
-0.238065	0.329309	-0.672538	-3.831793	-3.291066	-0.866990	-0.249800	2.885994	-1.148260	1.899873
-0.732163	-0.021487	-0.893080	-3.851914	-3.350700	-0.986572	-0.432969	0.744407	-1.755097	0.874331
-1.184140	-1.353004	-1.522922	-3.813978	-3.380087	-0.672517	-0.807051	-2.348130	-2.665638	-0.291473
-1.407621	-3.240346	-2.063458	-3.760911	-3.381841	-0.953263	-0.567550	-5.275231	-3.462307	-1.108876
-1.384000	-4.893205	-2.925791	-3.736599	-3.374512	-1.808879	-0.651820	-6.042379	-3.525529	-1.720451
-1.214536	-4.880294	-3.796797	-3.747483	-3.373164	-2.558973	-1.237306	-4.724807	-3.371768	-1.278094
-1.042552	-4.392502	-4.137106	-3.779239	-3.388956	-2.879637	-2.053602	-3.296625	-3.438238	-0.070824
-0.950241	-4.182350	-4.363456	-3.804686	-3.412495	-2.540371	-2.788774	-2.193416	-3.077497	0.958423
-0.948793	-4.137041	-4.497593	-3.674564	-3.283479	-2.145356	-3.221684	-1.581798	-2.415153	1.086871
-1.005743	-2.618129	-3.905984	-2.529385	-1.893256	-1.110914	-3.033359	-1.233229	-1.530697	1.083083
-1.065159	-1.472818	-2.263116	-1.400891	-0.011046	0.182962	-1.638226	-0.577080	-0.104370	1.129201
-1.085484	-1.085745	-0.440452	-1.342751	0.676588	0.347549	0.443577	-0.536402	0.377374	1.185193
-0.959942	-0.915428	0.863096	-1.865047	0.236549	-0.690640	1.311874	-1.266709	-0.252695	0.585490
-0.211434	-0.029575	1.824628	-1.695402	-0.241750	-1.642618	1.179946	-1.823690	-1.134437	-0.397245
0.212649	0.737729	2.623804	-0.773588	0.450590	-1.438818	1.269939	-2.135193	-1.736563	-0.747353
0.009814	0.601242	2.852379	-0.337999	1.365161	-1.094833	1.453533	-2.419004	-2.157289	-0.658455
-0.564725	0.471436	2.358063	-0.861731	1.303680	-1.709864	0.863197	-2.842190	-2.707586	-0.988308
-1.161540	0.476904	1.543503	-1.867390	0.355334	-2.437272	0.234631	-3.281554	-3.343100	-0.752538
-1.385835	0.102099	0.443911	-2.853349	-1.058676	-2.072126	0.139817	-2.506946	-3.623435	-0.172881
0.281456	1.041304	-0.306946	-2.410937	-2.249525	-0.822865	-0.074337	1.164285	-2.388255	-0.012465
3.060159	1.950043	0.145285	-0.238134	-2.247298	0.680803	-0.165694	4.125156	-0.105668	0.084607
4.872169	1.836942	0.359238	1.058046	-1.483642	1.302182	-0.269301	4.748089	1.187812	0.020661
5.043392	0.695717	-0.206203	1.104241	-0.893718	0.886556	-0.591477	3.879351	1.264909	-0.404056
3.553297	-0.466887	-1.240864	0.120335	-0.968673	-0.096169	-1.262600	2.622035	1.145882	-1.143131
0.810682	-1.430638	-2.093097	-1.350495	-1.580159	-1.065636	-2.098191	1.902276	0.975004	-1.470538
-2.345420	-2.043386	-2.703064	-2.825428	-2.405368	-1.779519	-2.699434	1.371568	0.421832	-0.877606
-4.556554	-1.443718	-2.458528	-3.934343	-3.161554	-2.285700	-2.469297	1.628703	-0.143260	-0.525285
-4.576150	0.567063	-1.444553	-4.497966	-3.667578	-2.640337	-1.949160	2.356520	-0.455739	-0.854716
-2.911231	1.977562	0.455068	-3.991282	-3.238952	-2.212199	-0.465090	3.027449	-0.419256	-0.981682
-1.231453	2.472554	2.039334	-2.354601	-1.203491	-0.739601	1.598487	3.454103	-0.024815	-0.274139
-0.360726	2.179308	2.536444	-1.548583	0.375492	0.080149	2.986735	3.546575	0.274509	0.448138
-0.240003	1.481862	2.291244	-1.789765	0.557943	-0.095033	3.516994	3.389870	0.277531	0.652497
-0.576218	0.337255	1.648633	-2.512907	-0.244421	-0.757585	3.527239	2.879374	0.073750	0.497784
-1.057866	-1.130025	0.790644	-3.284489	-1.497078	-1.222152	3.309683	1.585581	0.018510	0.453217
-1.402033	-1.870563	0.165747	-3.062450	-1.928363	-0.719950	3.114133	-0.443580	-0.159179	1.317926
-0.487159	-0.866699	-0.161632	-1.244627	-0.395912	0.986010	2.660050	-2.015275	-0.400689	2.301767
2.159801	0.415532	-0.052207	0.849531	1.728378	2.575621	1.846863	-1.216210	-0.168827	2.570076
4.343790	0.807892	-0.087396	1.693246	2.662419	2.709171	0.786221	0.621315	0.156523	1.987017
4.938409	0.294704	-0.529357	1.579861	2.458328	2.033226	-0.345040	1.524923	0.149003	0.870241
3.781833	-0.446759	-1.238799	1.130427	2.105388	1.649131	-1.261936	1.158369	0.010695	-0.047167
1.293244	-0.994106	-1.693258	0.690251	2.135758	1.557374	-1.702781	0.510264	0.569696	-0.419619
-1.792661	-1.729434	-2.173337	-0.074241	1.988110	1.157814	-1.883688	-0.024696	1.321476	-0.655771
-4.224741	-1.737922	-2.390482	-0.581716	1.810013	0.830920	-1.904470	-0.221343	1.892146	-0.822565
-4.696219	-2.111530	-2.503124	-1.076847	1.567740	0.537315	-1.873848	-0.148078	2.175847	-0.927689
-3.311757	-2.168361	-2.885061	-1.983691	0.713468	-0.103930	-2.061214	-0.083132	2.146110	-1.275728
-1.583692	-0.815731	-2.620807	-3.009132	-0.656572	-0.978316	-2.413967	-0.255251	1.800900	-1.795450
-0.540202	0.192360	-1.930446	-3.864053	-2.188643	-2.314083	-2.787282	-1.111349	0.777465	-2.480712
-0.286556	0.129555	-1.552643	-4.410182	-3.494981	-3.390455	-3.073698	-1.912087	-0.152320	-3.072956
-0.555878	-0.922529	-1.808673	-4.635817	-4.289038	-3.372559	-2.945545	-1.901283	-0.257439	-3.134956
-0.591377	-0.411366	-1.812975	-3.743591	-4.322781	-2.891187	-2.150772	-1.560244	-0.352143	-2.730504
-0.410930	1.394594	-0.439251	-0.893045	-3.072782	-1.801294	-1.025766	-1.173681	-0.410174	-1.989660
-0.495437	2.708516	1.159944	1.782949	-0.524530	0.486679	0.137085	-0.921577	-0.218385	-0.719707
-0.815449	3.186673	2.129155	3.331380	2.158119	2.641364	1.121254	-0.506980	0.473685	0.768709
-1.182050	3.096673	2.328661	4.017834	3.821175	3.766722	1.744750	0.387762	1.743110	1.874813
-1.441395	2.717756	2.107255	4.233879	4.537223	3.765535	2.010115	1.050417	2.473485	2.192430
-1.528843	2.722798	1.870632	4.015350	4.419630	3.104914	1.881291	2.247858	2.817386	1.837349
-1.470650	3.372733	2.561336	3.664099	3.727227	2.227939	1.712315	3.447516	2.945286	1.265670
-1.357660	3.816436	3.623294	3.594049	3.293409	1.965884	2.275989	4.086907	2.907618	1.415424
-1.267966	3.726121	3.678847	3.712485	3.439927	2.531615	2.684638	4.257889	2.839720	2.414368
-1.223860	3.095161	3.129389	3.720857	3.833703	2.913473	2.594757	3.689232	2.611861	3.099262
-1.223812	1.378144	2.053471	2.934209	3.791727	2.218596	1.812597	1.824814	1.752358	2.573788
-0.756410	-1.608524	0.060482	1.387602	2.840064	0.420024	0.365277	-1.114772	0.298565	0.965642
0.582941	-5.121127	-2.224210	-0.383133	1.173592	-1.576056	-1.224341	-3.522912	-1.038537	-0.963262
1.055519	-8.377778	-4.487906	-2.345168	-0.933045	-3.522625	-2.601966	-4.805379	-2.160290	-2.691811
1.333421	-5.963633	-5.430422	-3.510612	-2.943346	-4.637990	-3.368797	-4.174067	-2.901218	-3.738084
2.615694	-1.445174	-2.447276	-2.854411	-3.923449	-3.588955	-3.061526	-1.430423	-2.636488	-3.473631
4.026650	0.653911	0.738508	-1.473037	-3.563965	-1.708756	-2.088413	0.929998	-1.759852	-2.432709
4.837572	1.217208	1.800403	-0.409898	-2.549903	-0.446492	-1.225998	2.031605	-0.934959	-1.529129
5.048858	1.030950	1.430862	0.155653	-1.613221	0.082687	-0.757725	2.261030	-0.418898	-1.052538
4.446235	0.097917	0.297220	0.051044	-1.143473	-0.089565	-0.731670	1.863616	-0.322917	-1.030890
2.536775	-0.842556	-1.235150	-0.710415	-1.313891	-1.000438	-1.177350	1.493261	-0.521650	-1.524453
-0.374855	-0.806292	-1.946571	-0.392123	-1.468415	-1.732920	-1.398069	0.846647	-0.621827	-1.929897
-3.307981	-0.224150	-1.522999	0.782429	-1.068620	-1.587454	-0.966898	-0.150159	-0.423034	-1.584823
-4.859789	0.498185	-0.652566	1.759347	-0.349265	-0.401911	-0.227010	-0.595295	0.568619	-0.399676
-4.238062	0.985218	0.046556	2.288752	0.294334	0.772236	0.389608	-0.200247	1.790213	0.571512
-1.956892	1.772694	1.085991	2.606351	0.722977	1.722152	0.770054	0.724418	2.671674	1.639279
1.546232	2.551932	2.363225	3.047185	1.119557	2.664519	1.123533	2.196737	3.354637	2.730322
4.097331	3.139395	2.840825	3.428239	1.521911	3.201572	1.479479	3.373189	3.826834	3.120270
5.091020	3.651047	3.095343	3.623912	1.824156	3.340817	1.734853	4.207769	4.108926	2.846393
4.406849	3.691967	3.094253	3.455716	1.857766	2.884773	1.701007	4.376963	3.924965	2.108062
2.390680	3.266363	2.607884	3.109216	1.603414	1.943271	1.389093	3.493145	3.331369	1.063938
0.949982	2.721568	2.015155	3.037573	1.367636	1.533318	1.169665	2.481889	2.996955	0.441532
1.580422	2.238406	1.606036	3.196571	1.366985	1.602334	1.234227	1.761892	2.705686	0.437256
2.573541	1.553793	1.228865	3.216244	1.458320	1.538970	1.372010	1.101709	2.256883	0.570748
2.209699	0.678424	0.619441	2.958896	1.373928	0.910438	1.290873	-0.029968	1.516142	0.351216
0.752852	0.065377	0.072278	2.611168	1.119639	0.020013	1.032034	-1.349112	0.687832	-0.122216
-1.146216	0.438972	0.319610	2.317315	0.832805	-0.726645	0.743476	-2.320772	0.014231	-0.587195
-2.687593	0.561445	0.543822	1.711096	0.528102	-1.319715	0.370517	-2.773755	-0.566517	-0.996073
-3.115258	-0.417036	-0.351718	0.280304	-0.233613	-2.393830	-0.442335	-2.809474	-1.416747	-1.721878
-0.925347	-0.207753	-1.193487	-1.110382	-1.286723	-2.729472	-1.387622	-0.083639	-1.563388	-2.313426
1.763607	0.458328	-0.814282	-2.039943	-2.156178	-1.588587	-1.939234	3.018912	-0.310489	-2.159319
2.360145	1.169167	0.509497	-2.382118	-2.094078	-0.037138	-1.069724	4.323123	1.237134	-1.182366
1.402964	1.937139	1.722357	-0.808004	-0.347424	1.297935	1.298963	4.443474	2.092390	0.332111
-0.363871	2.135211	2.356339	1.056661	1.465089	2.094602	3.398360	3.636497	2.615220	1.612537
-2.156208	1.979466	2.436584	1.941165	2.139587	2.264631	4.435230	2.065479	2.842599	2.374175
-3.174964	1.763817	2.316107	2.307859	2.112474	2.440242	4.755765	0.276620	2.902883	3.145464
-2.913674	1.385612	1.858995	2.387374	1.749824	2.756945	4.387001	-0.920543	2.811988	3.565568
-1.226657	1.095327	1.320058	2.411596	1.279371	2.426737	3.359583	-1.194675	2.332087	3.046046
-0.030878	1.000640	1.416598	2.287947	0.826229	1.398146	1.951086	-1.244619	1.515997	1.790120
0.109081	1.102617	1.887476	2.106053	0.462606	0.083887	0.598456	-1.318947	0.628852	0.291717
-0.454895	1.676379	2.417226	1.968817	0.284657	-0.729211	-0.241838	-0.175201	0.206644	-0.665537
-1.260432	2.324254	2.894361	2.179996	0.860863	-0.142739	-0.236824	1.968877	0.631061	-0.512117
-1.894458	2.402133	2.773358	2.553572	2.115080	1.179111	0.430494	2.866692	1.222033	0.749722
-2.131673	2.151808	2.094359	2.353174	3.043346	1.706474	0.896125	2.144210	1.150023	1.653285
-2.014247	1.682525	1.129428	1.451586	3.215447	1.477677	0.654904	0.715721	0.487237	2.098653
-1.749146	-0.022494	-0.458769	-0.230170	2.422374	0.452641	-0.264470	-1.286831	-0.649077	2.077216
-1.523414	-2.595862	-2.640432	-2.098586	0.835492	-0.766851	-1.476984	-3.571941	-2.022067	1.817144
-1.415806	-4.096428	-3.857070	-2.540202	-0.242903	-0.066152	-2.164932	-4.895596	-2.846022	2.019618
-1.420828	-5.347624	-4.234241	-2.535053	-0.410261	1.173545	-2.290184	-4.851279	-3.168460	2.424422
-1.499996	-6.579127	-4.740776	-3.084594	-0.780329	1.014128	-2.383039	-4.234695	-3.526084	2.330530
-1.152697	-4.276893	-4.834071	-3.740260	-1.610824	-0.219942	-2.561863	-2.244567	-3.580978	1.365396
0.952328	-0.774770	-3.129211	-3.329075	-2.411432	-1.000307	-2.469782	1.627167	-2.265591	0.032948
2.666865	1.014978	-1.010129	-1.729580	-2.581772	-0.790681	-1.856999	3.884176	-0.401092	-0.890822
2.505834	1.497402	0.219167	0.006386	-1.927920	-0.345552	-0.860703	4.227309	0.798883	-1.142337
1.027652	1.189495	0.438810	1.037428	-0.973431	-0.294174	0.035927	3.078017	1.005556	-1.060448
-1.028372	-0.203224	-0.240024	0.945160	-0.446971	-0.867256	0.331905	0.577862	0.431539	-1.147625
-1.501357	-1.351664	-1.405100	0.238435	-0.522050	-1.646906	-0.059378	-2.321570	-0.513674	-1.559149
0.973125	-0.885933	-1.606853	0.031635	-0.108465	-0.851344	-0.446521	-2.582913	-0.561689	-1.404191
3.566856	-0.152617	-1.226871	-0.063799	0.318383	0.386689	-0.656974	-0.081838	0.336233	-0.817334
4.842434	1.304101	-0.167087	0.585942	0.468609	1.178775	-0.448223	2.685654	1.267491	-0.238259
5.113665	2.033078	0.960966	1.632760	0.686658	1.715681	0.312015	3.931756	1.950902	0.379255
4.829919	2.497909	1.877535	2.454839	1.154081	2.017472	1.194338	3.914798	2.213752	0.860973
4.323796	2.443170	2.370624	2.832465	2.054445	2.327013	1.862188	3.304053	2.246947	1.273674
3.874335	1.753684	1.968374	2.361184	2.340680	2.010139	2.070593	2.256279	1.827254	1.234984
3.670112	0.878211	1.367287	1.368262	1.740804	1.345003	2.405280	1.260028	1.266895	1.033372
3.720742	0.692987	0.888099	0.196609	0.562413	0.798120	2.333745	0.974458	1.094981	0.736412
3.417678	0.902602	1.214973	-1.062229	-0.876412	-0.057210	1.489612	0.644612	0.658444	0.036158
1.973124	0.877252	1.604881	-1.545709	-2.117454	-1.267688	0.272680	-0.376803	-0.129456	-0.940810
-0.351398	0.441113	1.422380	-0.812968	-2.396886	-1.748432	-0.533777	-1.586854	-0.722395	-0.977012
-2.756383	-1.135468	0.248791	-0.737890	-2.161408	-1.992186	-1.005623	-2.695869	-1.301093	-0.581640
-4.171168	-3.108514	-1.582699	-1.685876	-2.248664	-2.668067	-1.603465	-2.961916	-2.033886	-0.962658
-3.974757	-3.139984	-1.869942	-2.526255	-1.980474	-1.987107	-2.117627	-2.804125	-2.678274	-1.415466
-2.775639	-2.001674	-0.490908	-2.540949	-0.704166	-0.038280	-2.172054	-2.649651	-2.950325	-1.180296
-1.632039	-1.196433	0.638232	-2.135852	0.741178	1.284052	-1.865217	-2.586942	-2.909402	-0.600364
-1.054289	-1.656961	0.413883	-1.954422	1.547925	1.197076	-1.539479	-2.640276	-2.815620	-0.444194
-1.010954	-2.793210	-0.986662	-2.391295	1.242578	-0.201641	-1.556187	-2.933053	-3.004171	-1.067086
-1.283628	-2.302349	-2.130359	-1.837794	0.323900	-1.847961	-1.442933	-2.982528	-2.920848	-1.820546
-1.651172	-1.263213	-2.145320	-0.578863	-0.504368	-2.612144	-0.870673	-2.562914	-2.285626	-2.011421
-1.928124	-0.489550	-1.535201	0.394047	-0.902771	-2.378414	-0.149358	-1.959216	-1.470173	-1.716426
-2.022959	-0.110946	-0.943608	0.905347	-0.884026	-1.739393	0.396734	-1.465444	-0.805542	-1.291262
-1.954412	0.227835	-0.254219	1.098273	-0.656667	-1.180833	0.669647	-1.276462	-0.477367	-0.762515
