X1	X2	X3	X4	X5	X6	X7	X8	X9	X10
-0.407396	-4.855324	-4.847173	-2.172224	-2.357161	-4.585931	-3.380393	-2.086280	-2.226628	-5.315742
-0.415459	-4.894425	-4.870508	-2.187733	-2.357814	-4.342417	-3.386119	-2.108332	-2.250703	-4.980444
-0.423971	-4.809826	-4.878035	-2.202019	-2.371293	-4.184976	-3.390368	-1.944396	-2.214490	-4.639847
-0.433203	-2.879856	-4.260469	-2.217531	-2.390083	-3.847275	-3.391600	-0.317767	-1.636751	-4.427831
-0.446603	0.552088	-2.311287	-2.241396	-2.402416	-3.119609	-3.402611	1.691802	-0.714704	-4.000092
-0.446176	1.563893	-0.757015	-2.273165	-2.418635	-1.955857	-3.408620	2.106543	-0.425277	-2.520157
-0.449272	0.581204	-0.656797	-2.304207	-2.434033	-0.789219	-3.404625	1.314788	-0.859999	-0.634088
-0.455977	-1.427558	-1.659123	-2.290454	-2.416064	-0.326873	-3.240897	0.019490	-1.614460	0.264364
-0.444631	-2.756180	-2.668690	-1.360998	-1.892123	-0.235608	-1.011571	-1.100535	-1.744133	0.364038
-0.418677	-2.206494	-2.367796	0.489096	-0.748662	0.167491	1.634011	-1.634119	-0.953050	0.465893
-0.395560	-1.360803	-1.398621	1.702649	0.072313	0.274143	2.633355	-1.772463	-0.294148	0.523163
-0.389619	-0.367233	-0.610150	2.293565	1.311080	0.614030	2.205117	-1.511076	0.461480	0.451255
-0.395294	1.356756	0.178404	2.290874	2.632175	1.657889	1.121831	-0.721866	1.954442	0.549772
-0.425240	2.771996	1.047681	1.906914	3.475922	2.663334	0.127757	0.217651	3.415437	0.917798
-0.462611	3.414488	1.813942	1.353843	3.643197	3.114729	0.477922	0.826202	4.064448	1.430349
-0.479664	2.867266	1.953252	0.447553	2.747084	2.397196	1.455448	0.728778	3.321152	1.578174
-0.473798	1.242311	1.247314	-0.798888	1.208927	0.729703	2.175940	0.034713	1.374130	1.156351
-0.467483	-1.079579	-0.028358	-2.050418	-0.474842	-1.338255	2.529158	-0.919216	-1.199287	0.365809
-0.475903	-3.347157	-1.413586	-2.918487	-1.857407	-2.500944	2.631815	-1.796080	-3.501482	-0.400305
-0.487089	-4.663407	-2.416277	-3.174238	-2.497161	-1.060888	2.616548	-2.382800	-4.600211	-0.436462
-0.485431	-4.317276	-2.625549	-2.443727	-0.939817	1.171242	2.542150	-2.552896	-3.965337	0.443382
-0.478801	-2.962873	-2.277868	-0.886863	1.447654	2.478357	1.755430	-2.130494	-2.251369	1.717238
-0.470381	-1.001671	-1.633748	0.573583	2.974914	3.054802	0.486288	-0.144333	-0.324487	2.697240
-0.472940	0.527724	-0.822727	1.405438	3.649509	3.207950	-0.764974	1.934614	1.020686	3.234964
-0.490050	0.987347	0.170189	1.369860	3.248661	2.422623	-1.869800	2.289998	1.105887	3.087462
-0.520065	0.949447	1.278057	0.650083	2.068293	0.588187	-2.541355	1.450645	0.248746	2.027684
-0.548300	1.063133	2.267574	0.291624	0.811393	-1.315025	-2.336463	0.240790	-0.556280	0.375462
-0.555658	0.795363	2.666259	-0.091813	-0.520526	-3.157321	-2.266022	-1.008901	-1.371903	-1.644579
-0.538603	0.302116	2.608436	-0.839051	-1.692566	-4.450057	-1.212700	-2.037354	-2.188990	-3.569459
-0.526490	-0.588084	1.919757	-1.685610	-1.920420	-4.300835	0.689269	-2.647278	-2.730342	-4.304760
-0.531910	-1.529613	0.686725	-1.951910	-0.852976	-2.634948	1.936269	-2.790513	-2.673481	-3.325391
-0.545498	-2.055712	-0.611622	-1.572335	-0.396559	-1.759312	1.683936	-2.654449	-2.260260	-2.223328
-0.433723	-0.851247	-0.373100	-0.130076	-0.188635	-1.264854	0.910914	-2.224033	-1.263040	-1.585958
0.496777	0.501446	1.075398	1.052409	-0.380723	-0.827983	-0.252652	-1.612914	-0.501188	-1.058410
0.886966	0.455683	1.748439	1.033352	-0.961510	-0.600088	-1.653263	-1.367242	-0.596773	-0.240833
1.281690	-0.471060	1.079226	0.085650	-1.578606	-0.885032	-2.771876	-1.366186	-1.205565	0.198888
3.353252	0.443117	0.248296	-0.628165	-1.704343	-0.206154	-2.835796	-0.341789	-0.345904	0.238156
5.309267	2.287443	0.393134	-0.314099	-1.420804	1.323466	-1.516266	1.561608	1.827165	0.463724
6.279956	3.260782	1.325980	0.648435	-1.042235	2.321690	0.910920	3.591438	3.082492	0.970805
6.499982	3.557629	2.477861	1.520398	-0.764256	2.610344	2.030089	4.709977	3.272054	1.434350
6.276822	3.202613	3.064565	1.990466	-0.446869	2.330492	1.717019	4.638578	2.651863	1.471444
5.851874	2.428193	2.767854	2.365251	1.010722	2.282631	1.034062	4.006189	1.832786	1.327199
5.077633	1.569313	1.850640	2.794691	2.672269	2.545755	0.435724	3.216742	1.290387	1.327456
3.270969	0.893647	0.638805	2.810081	3.338534	2.539685	-0.252103	2.785366	1.026200	1.407631
0.394063	-0.290645	-0.856587	1.884420	2.648179	1.822601	-1.290674	2.052849	0.354105	1.517735
-2.584284	-2.214792	-2.679380	0.121427	1.200782	0.573165	-2.397675	0.723438	-0.908696	1.531998
-4.136026	-4.261754	-4.469490	-1.868939	-0.392131	-0.645166	-3.074003	-0.815977	-2.263938	1.471065
-3.497160	-4.388262	-5.001005	-2.162857	-1.166281	-0.764096	-1.336867	-1.913905	-2.474156	1.547398
-1.751034	-2.283257	-3.261063	-0.015643	-0.971716	-0.112798	1.611086	-2.220998	-1.279627	1.618448
-0.002230	-0.183348	-0.728351	2.292776	-0.441163	0.505011	3.329786	-1.903328	0.116937	1.555206
2.717761	1.432119	1.655090	3.306826	-0.182604	1.022100	3.905313	-0.904484	0.910225	1.443579
3.704074	2.044749	3.137565	2.883873	-0.471646	1.362161	3.781568	-0.205922	0.727169	1.332767
2.887240	1.860096	3.647121	1.249655	-1.150469	1.455979	3.329335	-0.248756	0.053885	1.350887
1.047416	1.689099	3.669306	-1.054868	-1.881409	1.317204	2.853093	-0.368193	0.373081	1.400264
-1.085055	2.266211	3.701035	-3.220293	-1.811572	1.051643	2.417185	-0.562608	0.909146	1.283718
-2.556042	2.972334	3.819510	-3.918050	-0.587997	0.496167	1.965868	-1.040542	0.579051	0.899179
-2.705900	3.300574	3.976197	-2.670912	1.051101	0.659765	2.159329	-1.599739	-0.286715	1.033475
-1.831275	2.596715	3.636492	-1.221417	1.273305	0.467722	2.117132	-2.114011	-1.415951	1.339176
-0.795707	0.758648	2.285326	-0.767559	0.442002	-0.813545	1.270481	-2.554508	-2.584668	0.854304
-0.172594	-1.340259	0.580088	-1.218952	-0.756923	-2.509706	1.064632	-2.879902	-3.448827	-0.226443
-0.034021	-3.240660	-1.059458	-2.109166	-1.857466	-3.813922	1.538791	-3.057079	-3.802880	-1.374019
-0.215534	-4.488879	-2.361180	-2.967452	-2.617309	-4.334330	2.100182	-3.116823	-3.726415	-2.183487
-0.494262	-4.910609	-3.076380	-3.461035	-3.002384	-4.283065	2.174402	-3.095578	-3.464701	-2.562258
-0.735532	-4.595993	-3.217583	-3.249386	-2.946415	-3.925548	2.058709	-3.002101	-3.071065	-2.656203
-0.848904	-3.097214	-2.683183	-1.389244	-2.086127	-2.004719	1.696762	-2.558025	-1.748796	-2.150468
-0.836078	-0.922805	-1.619850	1.153342	-0.989587	1.140786	1.137282	-1.065264	1.018470	-0.706562
-0.761731	1.153590	-0.273102	2.917203	-0.019489	2.592774	0.665712	0.473821	3.316678	0.657102
-0.685942	2.560484	1.067458	3.703608	0.677040	2.879971	0.420740	1.308284	4.375664	1.364311
-0.632303	2.826849	1.752998	3.953203	1.807758	3.347759	0.534450	1.614305	4.695053	1.826057
-0.610016	2.529935	1.791359	4.131194	3.170333	3.997737	0.946120	1.691802	4.727568	2.426966
-0.621403	2.068182	1.480590	4.307101	4.058292	4.137301	1.340355	1.680236	4.648598	2.813928
-0.651476	1.652644	1.072116	4.429532	4.491873	3.899540	1.580992	1.594041	4.441103	2.869649
-0.684949	1.568469	0.805939	4.458852	4.577082	3.353462	1.651282	1.837439	3.833740	2.632726
-0.720802	1.583185	0.715513	3.972514	3.829935	2.258821	1.105929	2.617758	2.805451	2.035333
-0.731588	1.137513	0.326805	2.399347	2.262846	0.306340	-0.191648	3.262921	1.278460	0.811105
-0.723087	0.580421	-0.347329	-0.073411	0.316353	-1.807265	-1.732516	3.682291	0.124353	-0.926699
-0.706588	1.181848	-0.527495	-2.655742	-0.460613	-1.903752	-2.750408	4.063136	0.807697	-2.332261
-0.691217	2.508383	0.564463	-3.561649	0.723303	0.228219	-2.728551	4.410087	2.597119	-2.185434
-0.675850	2.956588	1.625414	-2.201394	2.172153	1.973563	-2.151252	4.645115	3.917403	-0.884616
-0.672853	3.157235	2.119472	-0.397004	2.762548	2.623639	-1.679307	4.748662	4.452181	0.338117
-0.679488	3.274242	2.261987	0.295849	2.087747	2.150342	-1.725776	4.646402	4.159314	0.737481
-0.703124	3.396004	2.276883	0.489718	1.054010	1.020570	-1.322542	4.303464	3.121222	0.395683
-0.711717	3.305837	2.246728	1.062508	0.234629	-0.007543	-0.648652	3.348133	1.640366	-0.021751
-0.714667	2.313257	1.638146	1.119324	-0.679256	-0.846183	-0.775756	1.661457	-0.389777	-0.009871
-0.714845	0.222029	0.185422	0.284583	-1.588298	-1.960621	-1.462387	-0.407697	-2.596884	-0.159645
-0.720186	-1.034597	-0.636048	-0.843648	-2.112033	-3.221655	-2.004691	-2.263018	-4.015038	-0.925167
-0.739250	0.703099	0.829639	-0.737313	-1.751515	-3.386148	-1.565523	-3.200939	-3.405805	-1.837448
-0.779282	2.231148	2.749810	0.799363	-0.958096	-2.437828	-0.629742	-3.121372	-1.519823	-2.307545
-0.801433	2.536260	3.605032	2.386554	-0.278080	-1.405902	0.126481	-2.445123	0.052787	-2.241596
-0.795459	2.370279	3.473241	3.275555	0.131909	-0.604205	0.537677	-0.611114	1.090321	-1.815250
-0.752566	2.311352	2.955462	3.518655	0.326585	0.020330	1.005534	1.703510	1.793773	-1.199991
0.683153	2.313566	2.403871	3.503204	0.510184	0.764944	2.410233	3.009524	2.165672	-0.312733
3.624926	2.367651	2.052935	3.744692	0.863937	1.785850	3.805857	3.329627	2.383617	0.845408
5.369747	2.146766	1.815214	3.864521	0.915869	2.589120	4.028850	3.076191	2.250287	1.800931
4.944979	0.921852	0.975523	3.012771	0.265999	2.807762	2.835285	2.072523	1.204237	2.350196
2.903657	-1.388857	-0.735085	1.065574	-0.781947	2.229135	0.737411	0.436267	-0.688720	2.480055
-0.270537	-4.237513	-2.985222	-1.488364	-1.818085	0.751901	-1.639662	-1.307413	-2.568521	2.039175
-3.427536	-6.682054	-5.190049	-3.934927	-2.590521	-1.647802	-3.500498	-2.715134	-3.780339	0.787728
-4.832449	-7.867335	-6.696593	-5.300149	-3.011124	-4.458198	-4.301177	-3.554493	-4.219898	-1.239009
-3.823722	-6.818245	-6.715580	-4.154183	-2.692249	-5.799955	-3.529506	-3.668463	-3.540003	-3.379487
-1.847643	-2.996555	-4.573031	-0.846418	-1.659685	-2.790752	-1.305691	-2.771277	-0.909679	-2.977544
-0.407186	0.923790	-0.727592	1.958489	-0.666342	0.806087	1.579672	-1.384583	1.802378	-0.114620
0.149708	2.502912	2.372428	3.325675	-0.041434	2.173987	3.277428	-0.498089	2.667427	2.075904
0.056696	2.986242	3.770518	3.661549	0.263371	2.371421	3.341146	0.736200	2.514613	2.963253
-0.372560	2.880045	3.846024	3.457916	0.368892	2.166436	2.573515	2.240818	2.121865	3.137078
-0.838060	2.425608	3.071929	2.932521	0.248859	1.856887	1.418840	3.334790	1.845262	2.997611
-1.123396	1.562309	1.593535	1.672244	-0.392485	1.123806	-0.218071	3.846735	1.566169	2.513237
-1.160180	0.718701	-0.151611	-0.324926	-1.302471	-0.264732	-1.937080	3.894169	0.872466	1.342572
-1.035668	1.397933	-0.096414	-2.542965	-2.147419	-1.636604	-3.209671	3.681559	-0.041803	-0.392551
-0.883814	2.405542	1.687630	-4.279424	-2.744719	-2.837162	-3.795565	2.807099	-1.147088	-2.340512
-0.783167	2.624610	2.824777	-4.887321	-3.058922	-3.886370	-3.554400	1.166515	-2.428773	-4.102493
-0.769851	2.250265	2.770992	-4.453723	-3.156317	-4.846905	-2.599956	-0.834795	-3.548396	-5.368407
-0.802368	1.852286	2.107962	-3.439513	-3.000091	-5.473176	-2.025887	-2.615706	-4.048471	-6.035300
-0.861418	2.242447	2.121272	-1.437211	-1.643555	-4.461731	-1.233262	-3.498017	-3.177945	-5.636535
-0.895739	2.330435	2.640145	0.467337	0.706314	-2.285601	-0.708059	-3.483169	-1.828864	-4.171823
-0.892654	1.500391	2.486886	1.391522	2.398898	-0.554789	-0.592044	-2.977351	-0.987949	-2.575185
-0.872116	0.126008	1.428894	1.475772	3.243109	0.732280	-0.671101	-1.992029	-0.614605	-1.204578
-0.851965	-1.330386	-0.214632	1.105702	3.584448	1.493401	-0.118125	-1.217580	-0.087158	0.006656
-0.848018	-1.784132	-1.536798	0.650437	3.688472	2.341800	1.467856	-0.572847	1.247034	1.481488
-0.854716	-0.248575	-1.277279	0.327499	3.380461	2.850827	2.751677	-0.072294	2.506263	2.645681
-0.864303	1.594512	0.146433	-0.319187	2.204308	2.612192	2.585571	0.816062	3.134605	3.061461
-0.708998	2.747084	1.447241	-1.365693	0.534163	1.768348	1.233320	2.293246	3.403588	2.668900
1.463461	3.273960	2.182269	-2.051785	-0.918065	1.083526	-0.322499	3.344987	3.534073	1.729998
4.258058	3.648723	2.660406	-1.458849	-1.606192	1.344906	-0.608420	4.284669	3.816686	0.867879
5.795043	3.618552	2.849003	-0.083513	-1.539082	2.344400	-0.245919	5.063898	4.186647	0.705730
6.279638	3.172274	2.580310	1.342299	-0.032167	3.145361	0.105589	5.242731	4.416454	1.176653
5.881968	2.258273	1.852838	2.318169	1.514183	3.179061	0.282480	4.668827	4.057954	1.607157
3.944504	0.640876	0.570589	2.457233	2.612467	2.408348	0.070656	3.243704	2.680878	1.488011
0.479170	-1.481808	-1.144688	1.897992	3.245701	1.161977	-0.349436	1.169352	0.466279	0.867236
-3.600967	-3.375186	-2.833535	1.035416	3.543640	0.299058	-0.741057	-1.026893	-1.803797	0.394272
-6.168716	-4.022172	-3.844617	0.288355	3.644686	0.695858	-0.987349	-2.384117	-2.072014	0.762096
-5.445031	-3.599714	-3.894159	-0.061841	3.651909	1.161216	-1.081649	-2.729086	-0.927498	1.308223
-2.774406	-2.144931	-3.094885	0.127636	3.630204	0.991024	-0.933443	-2.627669	-0.224200	1.248257
-0.649864	-0.368286	-1.630623	1.124446	3.202527	0.880497	-0.321597	-2.199386	0.363060	0.823777
0.252657	0.314758	-0.531795	2.256077	2.322508	1.375249	0.234554	-1.651204	0.939101	0.583479
0.251897	-0.268119	-0.414474	2.443259	1.222084	1.317198	0.028509	-1.538674	0.620087	0.355667
-0.223240	-1.534241	-1.162856	1.709037	1.214240	0.601018	-0.517251	-1.795622	-0.386873	-0.198855
-0.372830	-2.556692	-2.176462	0.824302	1.826546	-0.131544	-0.781141	-2.020989	-1.312658	-0.842436
1.935242	-1.190547	-2.118641	1.489294	2.845565	0.783735	0.192245	-0.840634	-0.564045	-0.734376
4.533527	1.168164	-0.452348	3.197766	3.791648	2.574024	1.264149	1.507451	1.325699	0.567172
5.866291	2.012492	0.944264	4.131679	4.179638	3.123712	1.580906	2.698471	2.302037	1.580641
6.020558	1.861807	1.384561	4.109090	4.014430	2.869918	1.336145	2.827871	2.269911	1.888741
4.543737	0.633070	0.772501	2.981231	2.927042	1.514785	0.360332	1.972538	1.170585	1.385314
1.478163	-1.664337	-0.840252	0.776020	1.211545	-1.072926	-1.035119	0.398623	-0.818001	-0.018717
-2.571539	-4.159959	-2.980962	-1.936165	-0.653119	-4.180316	-2.329465	-1.295551	-2.670993	-2.098094
-5.752880	-5.168318	-4.716168	-4.431432	-2.178183	-5.002466	-3.146346	-2.186082	-2.099048	-4.022009
-5.936818	-3.048364	-4.670042	-4.790717	-2.663171	-1.545976	-2.838043	-1.935248	0.440972	-3.938447
-3.542195	0.641551	-2.062459	-1.793178	-1.908710	1.747931	-1.202201	-0.956484	2.720987	-1.657897
-1.156112	2.545734	0.802948	1.140511	-0.674444	3.122624	1.154591	-0.068980	3.736752	0.685129
0.054608	3.051947	2.349296	2.096163	-0.025420	3.440621	2.742299	0.328285	3.764309	2.007184
0.272379	2.995561	2.868606	2.111551	0.159636	3.600676	3.706443	0.488597	3.541299	2.776254
0.224187	2.392430	2.616967	2.214869	0.382656	3.771878	3.738030	0.639906	3.415153	3.324299
2.076129	1.778469	1.918659	2.931384	1.493741	3.957855	3.220535	1.047772	3.165904	3.642354
4.407469	1.491646	1.196481	3.678856	2.917273	3.894434	2.405089	1.898742	2.678066	3.745249
5.706947	1.810670	0.886550	3.927254	3.778391	3.682031	1.547162	3.305839	2.317810	3.667141
5.670701	2.090956	0.969201	3.506492	3.560268	3.185241	0.609151	4.301929	2.033698	3.453152
3.937973	1.680431	0.776899	2.088798	2.359588	2.033458	-0.624548	4.439599	1.329880	2.944332
0.721163	0.899072	0.218519	0.469150	1.023309	0.940702	-1.162133	3.818768	0.966005	2.293557
-3.151483	0.216655	-0.341012	0.157934	0.553277	1.021072	-0.716611	2.735213	1.832338	1.988920
-5.742510	-0.420090	-0.809640	0.811701	1.458101	1.769149	-0.295653	1.508796	2.810180	2.094651
-4.672421	-0.991503	-1.162657	1.384017	2.605447	1.976410	0.705337	0.289390	2.789329	2.057976
-1.888831	-1.354971	-1.145293	1.539743	3.318908	1.634971	2.261689	-0.877912	1.709305	1.753999
-0.115110	-1.320355	-0.846520	1.079514	3.049002	0.695317	3.195664	-1.811581	-0.111937	1.185839
0.462865	-0.262313	-0.178594	-0.098640	1.846120	-0.682786	3.313735	-2.389387	-2.242939	0.512933
1.756470	1.035345	0.531624	-1.384993	0.387457	-1.295716	2.451996	-2.309506	-3.674062	0.319202
3.749863	2.328400	1.273219	-1.555207	-0.653331	-0.309050	1.159841	-0.537897	-2.891858	0.826833
3.896075	3.081418	1.959065	-0.434985	-1.030003	0.717223	0.074961	1.351512	-0.875602	1.517163
2.460823	2.888709	2.119118	1.323523	-0.736287	1.094069	-0.219658	1.663057	0.500376	1.963311
0.067601	1.835387	1.517020	2.619938	-0.315892	0.705962	-0.073781	0.956680	0.891121	1.860856
-2.215931	-0.210261	0.106299	2.592803	-0.469108	-0.647810	-0.426249	-0.280883	0.219492	0.982653
-2.942841	-2.927377	-1.918634	1.340127	-1.027506	-2.610689	-1.164355	-1.453592	-1.128928	-0.642461
-2.419840	-4.744872	-3.868550	-0.679962	-1.702413	-4.059383	-1.987565	-1.364155	-2.284239	-2.679718
-1.483951	-4.191884	-4.715244	-2.824644	-2.258806	-2.590957	-2.622057	-0.764299	-2.010363	-3.889294
-0.774236	-1.508023	-3.644477	-4.352305	-2.630178	-0.115683	-2.966788	-0.430594	-0.613152	-3.287584
-0.476341	0.348937	-1.804010	-4.709984	-2.810174	1.076561	-3.050754	0.286033	0.090246	-1.972086
-0.515614	0.913764	-0.591728	-3.780659	-2.647373	1.565459	-2.711875	1.555638	0.244358	-0.785581
-0.744173	0.933036	-0.060182	-2.058768	-2.222834	2.038206	-2.113265	2.629104	0.282979	0.550338
-0.995079	0.062134	-0.349659	-1.077739	-2.088057	1.843644	-1.998749	2.610702	-0.220100	1.531656
-1.064937	-1.721446	-1.486203	-1.014135	-2.099258	0.827028	-2.097565	1.498594	-1.309713	1.806155
0.939766	-2.422175	-2.517722	-0.224316	-1.395432	0.410925	-1.181496	0.421809	-1.566216	1.869732
3.724486	-1.406591	-2.332822	1.359990	-0.560070	0.961347	-0.140709	0.204768	-0.626071	2.105802
5.218259	-0.612257	-1.636541	2.202895	-0.274579	1.354185	0.143415	0.419290	0.118362	2.257420
5.848875	-0.200259	-1.035709	2.254320	-0.273671	1.625578	0.062783	0.846020	0.432455	2.328350
5.799653	-0.073335	-0.713480	1.872898	-0.372447	1.471037	-0.135057	1.216845	0.438712	2.129704
4.385703	-0.652228	-0.888822	1.043522	-0.729312	0.565772	-0.650210	0.960797	-0.083085	1.345052
1.446089	-1.557850	-1.153971	-0.332392	-1.187435	-0.272872	-1.447396	-0.031271	-1.248196	0.096772
-2.410969	-0.645710	-0.105684	-1.549554	-0.181495	0.122949	-1.870004	-1.280561	-2.387925	-0.882570
-5.437252	0.603439	1.203221	-1.624818	1.663710	1.040686	-1.698452	-2.299830	-2.773720	-0.971778
-5.669681	0.334552	1.275457	-0.918010	2.397843	0.860477	-1.476610	-2.910697	-2.576119	-0.870729
-2.646524	-1.037196	0.134349	-0.530630	1.784119	-0.486621	-1.568559	-3.048403	-2.408054	-1.330346
0.164168	-2.874398	-1.739072	-0.702964	0.569565	-2.434803	-1.826624	-2.856545	-2.405306	-2.282912
1.062437	-4.833674	-3.879153	-1.388928	-0.781882	-4.612403	-2.196404	-2.809759	-2.699184	-3.582156
0.744608	-5.389424	-5.443471	-2.227657	-1.852122	-6.248930	-1.855059	-2.925534	-3.100326	-4.885426
-0.156295	-2.177229	-4.112827	-1.881909	-1.916393	-5.501136	0.721195	-2.907125	-2.792401	-4.966601
-1.115076	0.553722	-0.994172	0.167619	-1.117565	-2.110351	3.130276	-2.588872	-1.538742	-3.034776
-1.720925	1.148700	0.938741	1.934077	-0.522236	0.148699	4.097510	-2.271204	-0.519859	-0.778684
-1.803638	1.004847	1.459192	2.054567	-0.687433	0.054228	4.056261	-2.306013	-0.640446	0.152988
-1.518259	1.198191	1.457397	1.073575	-1.017609	-0.891099	3.704465	-2.529053	-1.392978	0.187369
-1.139207	1.778576	1.449817	0.488725	-0.860128	-1.105804	2.855472	-2.533078	-1.622499	0.331491
-0.870060	1.484349	1.060080	0.171899	-0.924021	-0.833024	1.266036	-2.440613	-1.696860	0.292964
-0.786709	0.436301	-0.003185	-0.524250	-1.341748	-0.206192	-0.705632	-1.291886	-1.728359	-0.017868
-0.849096	-0.273885	-1.150646	-1.461882	-1.328754	0.423794	-2.325365	0.749660	-1.354412	-0.412680
-0.961688	-0.026595	-1.261134	-2.046564	-0.671386	1.215808	-3.002278	2.405856	-0.495521	-0.465717
-1.041918	0.476988	-0.485105	-2.337635	-0.686550	1.389745	-3.102815	3.464072	1.077826	-0.382341
-1.080172	0.379409	-0.066885	-2.537296	-1.171857	0.552834	-2.982041	3.654475	1.918056	-0.667477
-1.085487	-0.792648	-0.597477	-2.715546	-1.759210	-1.197589	-2.835397	2.726343	1.469536	-1.566594
-0.937742	-2.333701	-1.737811	-2.795696	-1.971666	-2.077205	-2.667502	1.300622	0.909698	-2.505198
1.177004	-2.246725	-2.234156	-2.025281	-1.022270	-0.161993	-2.010715	0.711733	0.540567	-2.089886
4.033662	-0.228545	-1.387490	-0.409944	-0.277057	2.288671	-1.128782	2.047801	0.803770	0.078085
5.637420	1.152882	-0.150988	1.059031	-0.011483	3.398513	-0.474617	3.240325	1.253763	2.071013
6.161975	1.475757	0.504706	1.930786	0.354446	3.595318	-0.079737	3.554383	2.037729	3.021833
6.054493	1.573818	0.744830	2.586546	1.877362	3.579344	0.426415	3.536253	3.237306	3.286799
5.625350	1.974575	1.049827	3.632035	3.617803	3.641787	1.401804	3.508152	4.325974	3.209938
5.139272	2.435198	1.574562	4.845718	4.477132	3.654054	2.354215	3.392588	4.673540	3.075334
4.501867	2.245563	1.750871	5.192629	4.098463	3.256827	2.349978	2.951265	4.023762	2.952011
2.844831	1.221873	1.157262	4.292892	3.289054	2.545847	1.426959	2.084010	2.832767	2.732405
1.972779	0.781281	0.848455	2.732200	2.333309	2.250585	0.595242	1.579024	2.336879	2.595040
1.409464	1.438665	1.797443	1.903832	1.608274	2.384885	0.515851	1.414724	2.607516	2.696442
0.266598	1.863873	2.814625	2.099115	1.100707	2.685076	0.701812	0.931614	2.601053	2.852099
-1.030196	1.602051	2.912780	2.761401	0.821143	2.863599	1.024843	0.264340	2.305838	3.021900
-1.920371	0.847169	2.115363	3.327605	0.734505	2.420881	1.369215	-0.509149	1.589700	2.975189
-1.040388	-0.118173	0.687061	3.435274	0.603620	1.369887	1.243222	-1.046461	0.671167	2.460993
2.452221	-0.709386	-0.908149	3.017725	0.816749	0.423044	0.819463	-0.673520	-0.013206	1.465815
4.793530	-0.456551	-1.789877	2.661449	2.179131	0.628083	0.634824	0.270733	0.046387	0.557459
4.632275	-0.441942	-1.914532	2.328001	3.348475	0.883463	0.360995	0.550801	0.167434	-0.046428
2.813302	-1.180861	-2.015683	1.675425	3.511550	0.525255	-0.195608	-0.012715	-0.235022	-0.481243
-0.126184	-2.652096	-2.557725	0.434304	2.542668	-0.571046	-1.081101	-1.062631	-1.248446	-0.745224
-3.156704	-4.381475	-3.499750	-1.197995	1.007590	-2.451369	-1.984211	-2.191292	-2.519104	-1.427927
-3.692181	-5.567342	-4.474570	-2.605198	-0.510512	-4.360981	-2.496746	-2.881716	-3.425472	-2.594786
0.813929	-4.497902	-4.573353	-2.474338	-1.283928	-4.048736	-2.092697	-2.152724	-2.907900	-3.420187
3.662383	-1.761922	-3.296460	-1.099990	-1.466043	-2.572695	-1.500602	-0.976365	-1.670821	-3.402289
3.602837	0.335464	-1.524043	-0.285482	-1.654114	-2.419009	-1.482331	-0.736495	-1.212593	-3.387143
2.022543	1.622047	0.391959	-0.477869	-1.904302	-3.329994	-1.840270	-1.247992	-1.568055	-3.796376
-0.365954	2.019994	1.904127	-1.334151	-2.140761	-4.629358	-1.867319	-2.060850	-2.376805	-4.509926
-2.599423	1.072366	2.031386	-2.356257	-2.299087	-5.471367	-0.654504	-2.826651	-3.195743	-4.944803
-3.560985	-1.013022	0.831115	-3.100450	-2.378410	-5.841276	-0.298933	-3.342857	-3.710396	-5.097122
-2.984693	-3.452692	-1.227709	-3.352820	-2.408268	-5.964087	-0.808882	-3.571655	-3.841867	-5.220893
-1.738334	-2.710474	-1.896606	-3.210370	-2.414564	-5.196189	-1.615866	-3.610585	-3.722654	-4.473666
-0.736711	0.332375	0.115059	-2.796235	-1.852650	-3.463470	-2.222744	-3.543619	-3.463230	-2.546445
-0.293661	2.146242	2.417914	-2.139580	-0.899345	-1.617020	-1.592145	-3.388066	-3.072341	-0.436341
-0.327645	2.176600	3.402669	-1.769197	-0.755656	-0.669264	0.529184	-3.293502	-2.902704	1.035493
-0.628103	0.945035	2.996518	-1.834478	-1.107032	-0.393697	2.290343	-3.287690	-2.987842	1.818451
-0.969175	-1.040976	1.548896	-2.169149	-1.582640	-0.443861	3.188650	-3.319294	-3.179811	2.141318
-1.194945	-1.939616	-0.234225	-2.545436	-1.983428	-0.603936	3.513319	-3.362972	-3.360480	2.207904
-1.260106	-0.668532	-1.115630	-2.805101	-2.240016	-0.718273	3.446322	-3.047597	-3.365287	2.152923
-1.183349	0.572752	-0.885937	-2.893870	-2.356144	-1.015481	2.454115	-1.836118	-2.913017	1.861054
-1.040762	0.078003	-0.975856	-2.807445	-2.163414	-2.019714	0.726671	-1.229811	-2.428177	0.862150
-0.904786	-1.017147	-1.538948	-2.146492	-0.311989	-1.696317	-0.305845	-0.944889	-0.766176	-0.376117
-0.832035	-1.614735	-1.852192	-0.840891	1.971235	0.208711	0.219463	-0.564189	1.547587	-0.658093
-0.836459	-1.500346	-1.505642	0.274989	2.807852	1.325076	0.766087	-0.205770	3.008042	-0.264028
-0.904004	-0.054501	0.327375	1.140435	2.495578	1.649458	2.198335	0.098534	3.680231	0.286606
-0.975616	1.460714	2.483136	1.894913	1.739921	1.884929	3.468477	0.347397	3.905116	1.139377
-1.019203	1.849532	3.525542	1.677483	0.568302	1.835219	3.244070	0.339681	3.604019	1.948471
-1.019655	1.495137	3.590432	0.467173	-0.686913	1.853550	1.815387	0.129486	3.013180	2.396482
-0.799398	0.881306	3.140430	-1.230822	-1.666500	2.008028	-0.136849	-0.120719	2.408819	2.610061
1.407789	0.676463	2.621013	-2.320140	-1.941872	2.491715	-1.352790	-0.086193	1.623271	2.763967
3.089391	1.151090	2.278509	-1.929653	-1.710630	2.929250	-0.736160	0.002083	0.521464	2.993351
2.773089	0.913215	1.510356	-1.044414	-1.531935	2.716046	-0.418751	-0.474565	-0.923120	2.935962
1.250586	-0.539292	-0.114742	-0.693925	-1.610679	1.667227	-0.828469	-1.348790	-2.384656	2.229114
-0.658287	-2.090226	-2.065795	-0.708496	-1.587728	0.332993	-1.227454	-1.873554	-2.060290	0.949392
-0.230155	-0.686204	-1.486829	0.579433	-0.695509	0.415207	-0.406542	-0.900713	1.082603	-0.063244
0.888712	1.451614	1.249686	2.458829	0.196546	1.196289	0.506146	0.545467	3.557555	-0.186399
1.782320	2.380351	3.076598	3.017798	0.250204	1.061454	0.422394	1.837930	3.968747	-0.233371
1.877646	2.640271	3.775187	2.245557	-0.227480	0.135969	-0.302568	2.891290	3.097382	-0.640099
0.972331	2.364689	3.645403	0.499976	-0.945270	-1.059458	-1.288321	3.477519	1.764430	-1.342094
-0.397236	1.739535	2.777048	-1.629605	-1.619431	-1.451991	-2.142211	3.708522	0.646282	-1.325471
-1.605263	1.623324	1.927235	-3.432903	-2.086022	-1.490931	-2.653994	3.664827	-0.250216	-0.725591
-2.155693	1.660976	1.206213	-4.202633	-2.307079	-1.715704	-2.811197	3.540942	-0.352740	-0.617376
-1.964776	1.267391	0.357909	-2.952417	-1.883142	-1.131816	-2.084190	3.120105	1.152869	-0.793354
-1.385886	0.756936	-0.384107	0.063765	-0.841656	-0.060957	-0.625797	2.331902	2.721209	-0.720369
-0.850625	0.622142	-0.250452	2.625097	0.116533	0.297667	0.565736	1.268525	3.011083	-0.595144
-0.574201	0.992138	1.103676	3.870969	0.687938	0.182592	1.844678	0.036529	2.342673	-0.444903
-0.559384	1.059839	2.146349	4.024901	0.857111	0.332762	3.293200	-1.098570	1.163877	0.373979
-0.705580	0.815642	2.288239	3.721003	0.931503	0.568643	4.304284	-1.819841	0.173450	1.301047
-0.890241	0.623872	1.887071	3.368865	0.970406	0.885143	4.791784	-1.771707	0.554408	1.758322
-1.011343	0.275071	1.195807	2.704739	0.635626	1.060914	4.711714	-1.170840	1.832990	1.836560
-1.023123	-0.665393	0.155766	1.275978	-0.143630	0.365001	4.254628	-0.889402	1.931391	1.424876
-0.953388	-1.309224	-0.832087	-0.671760	-1.014779	0.099745	3.737563	-0.175767	0.992785	1.135611
-0.604808	-1.849453	-1.541405	-2.542190	-1.699050	0.997332	2.801021	0.212555	-0.509237	1.582643
1.837381	-2.050018	-2.105238	-3.038220	-1.767411	1.886691	1.412780	0.324091	-1.689839	2.158455
4.512819	-1.210276	-2.062949	-1.397712	-1.248318	1.923969	0.236953	0.675548	-1.561524	2.172861
5.878829	0.240275	-1.249939	1.443248	-0.199168	1.866513	0.191528	1.230662	-0.119037	1.782036
5.945191	1.723433	0.204397	3.890887	0.915741	2.511458	1.309193	1.687976	1.554556	1.664173
4.318907	1.999619	1.201905	4.908948	1.421890	2.931643	2.463221	1.428801	2.204793	1.862383
1.146068	1.378473	1.189285	4.504557	1.132882	2.741448	2.205015	1.118475	1.827454	1.867949
-2.844103	0.043386	0.270547	2.739377	0.248544	1.588595	0.918696	0.889876	0.649102	1.291365
-5.730163	-1.981680	-1.326662	0.069983	-0.773669	-0.704297	-0.725910	0.068117	-1.080840	-0.070321
-5.591317	-3.175398	-2.216056	-2.773944	-1.539980	-3.018177	-2.121855	-0.835336	-1.705978	-1.900073
-3.159538	-2.510302	-1.431055	-4.861537	-1.968421	-3.559635	-2.841243	-0.972013	-0.131859	-3.377085
-0.920104	-0.677933	0.560443	-5.088047	-2.185513	-2.344301	-1.560704	-0.358018	1.854412	-3.628852
0.166444	0.824636	2.330717	-3.955329	-2.267874	-0.881188	0.982617	0.048523	2.925860	-2.542517
0.297194	1.962778	3.176614	-2.717091	-2.276546	0.280101	2.668742	0.292605	3.198856	-0.730970
-0.116001	2.329964	3.057970	-2.030554	-2.263346	1.105797	2.741525	0.017574	2.412269	1.004648
-0.697394	1.944111	2.100504	-1.917091	-2.245803	1.376477	1.546551	-0.843927	0.519582	1.750348
-1.133696	1.251365	0.553612	-2.134595	-2.227879	1.084797	-0.174627	-1.914801	-1.929067	1.562179
-1.292819	0.807917	-0.934983	-2.431420	-2.221923	-0.192368	-1.787422	-2.838402	-4.057674	0.569220
-1.210004	0.811830	-1.679086	-2.645058	-2.226571	-2.246748	-2.825325	-3.145377	-4.782873	-1.143009
-1.032747	1.615128	-1.124010	-2.713939	-2.222041	-3.550643	-3.166349	-1.310527	-2.635005	-2.999955
-0.877958	2.535885	0.317878	-2.670433	-2.190299	-3.383724	-3.031821	1.146028	-0.292125	-4.241655
-0.353894	3.198234	1.742842	-2.218236	-0.920089	-0.802293	-2.425134	2.764352	0.896056	-3.638020
2.006366	3.773664	2.720941	-0.457287	1.633612	2.560994	-1.056358	3.888631	1.746828	-0.485492
2.990506	3.843460	3.107142	1.229326	2.651252	3.747000	-0.269947	4.337541	2.083178	2.144766
2.283797	3.132499	2.593897	1.454599	2.060955	3.161915	-0.506077	4.206478	1.607898	2.770660
0.628722	2.446450	1.612797	0.466159	0.797267	1.364703	-1.197377	3.838748	0.694298	2.075987
-1.261466	2.282132	1.178562	-1.117959	-0.559414	-1.415842	-1.901077	3.043468	-0.415378	0.456190
-2.549033	2.455543	1.857582	-2.652697	-1.638388	-4.583866	-1.653133	1.490234	-1.745881	-1.805836
-2.674934	2.666598	2.972752	-3.525467	-2.136388	-6.429896	0.033376	-0.495554	-2.946430	-3.886420
-0.348247	2.318175	3.386396	-2.754272	-0.606087	-3.178051	0.928193	-1.910865	-3.064792	-4.054498
3.447739	1.976175	3.002218	-0.356856	1.020369	1.425886	1.131438	-0.568202	-1.225403	-1.654948
5.611130	1.823102	2.167688	1.701580	1.397129	3.044900	0.911536	1.977837	0.909062	0.641831
6.356712	1.355489	0.962781	2.645097	1.118943	2.896348	0.542967	3.025896	1.838951	1.552188
6.326556	0.697177	-0.359374	2.722359	0.655845	2.120944	0.389680	2.996482	1.778155	1.534505
5.761776	0.237132	-1.136618	2.330671	0.220402	1.585263	1.551207	2.502689	1.232461	1.581317
3.902635	-0.462188	-1.269131	1.455806	-0.339059	1.378916	2.489324	1.473797	0.215270	1.922517
0.561021	-1.898587	-1.614343	0.010487	-1.036172	1.113586	1.917065	-0.092624	-1.292487	1.835409
-3.380724	-2.940180	-1.585160	-1.650799	-1.663606	0.897459	0.497947	-1.785402	-2.830437	1.325352
-5.880418	-2.625069	-0.431067	-2.989981	-2.092491	1.182915	-0.612036	-3.147848	-3.862300	1.145578
-5.269484	-1.808615	0.892391	-3.555683	-2.197901	1.796006	0.313669	-3.913735	-4.133383	1.692987
-2.778083	-1.707512	1.192214	-3.267447	-1.896647	1.847143	2.016092	-4.088549	-3.744203	2.142897
-0.723084	-1.831968	0.770696	-2.678837	-1.784820	1.090579	3.133886	-3.576112	-2.174509	1.963273
0.188343	-0.794267	0.946575	-2.028139	-1.718419	0.015554	3.455245	-2.696013	-0.229708	1.342171
0.210625	1.560564	2.189590	-0.437453	-1.101463	-0.977944	2.998341	-2.053328	0.798228	0.415480
-0.254335	3.134192	3.444790	1.078659	-0.663758	-1.562414	1.834216	-1.203178	1.256280	-0.627002
-0.857542	3.916817	4.177276	1.242706	-0.846491	-1.025879	0.142755	0.829215	2.126493	-1.420111
-1.300700	4.205138	4.487922	0.260554	-1.321581	0.426415	-1.514335	2.576035	2.580946	-1.389435
-1.413455	4.184695	4.479626	-1.269842	-1.788676	1.031734	-2.631949	3.378102	2.078320	-0.967963
-1.269069	4.016105	4.239048	-2.704815	-2.117728	0.373899	-3.039271	3.578365	1.018093	-0.921336
-1.052219	3.363445	3.723914	-3.517261	-2.311266	-0.772672	-2.959643	3.045423	-0.326978	-0.898769
-0.891529	1.494572	2.231681	-3.564563	-2.396510	-2.239557	-2.705386	1.615938	-1.857755	-1.162174
-0.826034	-1.690796	-0.359005	-3.161522	-2.426120	-2.461003	-2.474105	-0.327578	-3.173562	-1.581872
-0.847201	-5.517357	-3.353567	-2.717623	-2.423870	-1.798892	-2.336431	-2.254857	-3.897832	-1.728778
-0.900185	-8.433358	-6.422841	-2.450923	-2.399025	-1.419172	-2.273513	-3.426766	-3.894104	-1.230379
-0.953929	-7.672329	-8.010927	-2.386852	-2.363621	-1.133907	-2.267967	-2.548960	-3.035594	-0.216622
-0.984270	-5.537446	-7.054673	-2.462627	-2.347798	-1.126434	-2.284681	-1.563971	-2.268296	0.668967
-0.985406	-4.147331	-5.209611	-2.513330	-2.301471	-1.718173	-1.216622	-1.454425	-2.082888	0.829038
-0.980112	-2.606141	-3.073506	-1.481636	-1.689122	-1.882977	1.613308	-1.744895	-1.736342	0.596329
-0.965267	-0.950619	-1.029796	0.777196	-0.668182	-1.106861	3.820473	-1.958891	-0.801657	0.568379
-0.954464	-0.190170	0.213580	2.446382	-0.085683	-0.223057	4.400374	-2.091318	-0.085217	0.927977
-0.947894	-0.866970	0.098831	2.457416	-0.303716	-0.092496	3.387610	-2.376405	-0.346500	1.350476
-0.955845	-1.871981	-0.920763	1.723532	-0.482757	-0.092285	1.914337	-2.606499	-0.870909	1.672195
-0.975110	-2.005806	-1.883167	1.593933	-0.187940	0.345733	0.893702	-2.524322	-0.743584	2.045547
-0.975009	-1.082932	-2.066440	2.191854	0.209021	0.561793	0.511299	-2.250823	-0.153428	2.165753
-0.961870	-0.602527	-1.759076	2.333096	0.066678	-0.229104	-0.015949	-2.173195	-0.075208	1.566606
-0.962110	-1.461778	-1.986540	1.408926	-0.569615	-1.934978	-0.875071	-2.433307	-0.831755	0.135582
-0.990564	-3.089101	-2.849839	-0.262930	-1.107131	-3.134190	-1.676971	-2.844154	-1.995550	-1.709385
-1.008945	-4.501289	-3.879666	-1.786556	-0.518755	-3.098240	-1.935452	-3.139205	-2.819851	-3.203127
-0.994808	-4.764270	-4.467708	-1.968243	0.035494	-2.302527	-1.462823	-3.171120	-2.735867	-3.772597
-0.974076	-2.954124	-3.759275	0.266128	1.552980	-0.665179	-0.006735	-2.748914	-1.263242	-2.902806
-0.982509	-0.692232	-2.016522	3.000176	3.062161	0.893966	1.337796	-1.937287	0.561580	-1.128178
-1.018167	0.452426	-0.614552	3.919139	2.938479	0.964941	1.342367	-0.300667	1.416880	-0.053629
-1.037398	0.642041	-0.141097	3.004439	1.808698	-0.140787	0.369919	1.470533	1.270573	-0.142203
-1.031753	0.565188	-0.274668	1.037616	1.255459	-1.180285	-0.656780	2.660232	0.769206	-0.839742
-1.021594	0.622324	-0.485665	-0.850115	1.678247	-1.102794	-1.158124	3.277210	0.490031	-1.327858
-1.018894	0.521519	-0.700661	-2.114912	1.348356	-1.145437	-1.551182	3.471948	0.355689	-1.685916
-1.035366	0.045678	-0.914321	-2.764514	0.352047	-1.127581	-1.944327	3.040548	0.184833	-2.008861
-1.044444	-0.550741	-0.484345	-2.936170	-0.815070	-0.510071	-2.211047	1.691761	-0.600352	-1.948215
-1.038761	-0.901325	0.563561	-2.839723	-1.780727	0.247479	-2.325407	-0.217118	-1.808757	-1.481177
-1.043407	-0.968394	1.544523	-2.687463	-2.389574	0.997045	-2.345712	-2.160199	-2.966623	-0.463988
-1.058365	-0.879386	2.107591	-2.608220	-2.665748	1.529237	-2.332590	-3.622582	-3.682769	0.719625
-1.083235	-0.723650	2.165296	-2.620409	-2.718780	1.954727	-2.312727	-3.728583	-3.641081	1.769947
-1.089458	0.093843	1.835594	-2.241604	-2.332400	2.440966	-1.910259	-1.214627	-1.600265	2.402913
-1.078918	2.054913	2.306145	-0.128433	-0.079641	3.435705	-0.421923	1.967870	2.172113	2.869574
-1.072493	3.501064	3.421067	2.693876	2.624850	4.290463	1.232018	3.886629	4.670303	3.356970
-1.089113	3.881550	3.996378	4.309823	4.040648	4.634224	1.993524	4.663253	5.550475	3.682611
-1.108638	3.800745	3.772626	4.318667	4.433060	4.593349	1.710874	4.786566	5.436253	3.759236
-1.125150	3.662819	3.161260	3.250567	4.412760	4.218415	0.970152	4.494005	4.438841	3.692696
-1.132102	3.573504	2.491875	1.676074	4.269581	3.378618	0.225500	4.103963	3.036515	3.228195
-1.136585	3.722630	2.197129	0.667852	4.254126	2.662495	0.106825	3.958420	2.603307	2.539895
-1.136378	3.908625	2.463437	1.470009	4.417323	2.358028	0.785921	3.917189	2.868322	1.996905
-1.134317	3.461910	2.479739	2.504004	4.404514	2.109008	1.008870	3.776613	2.757773	1.581689
-1.151820	2.341343	1.841264	2.693581	4.263431	1.596899	0.727706	3.256109	2.053096	1.095491
-1.184156	0.410422	0.490796	2.179701	4.107393	0.875639	0.286918	1.970033	0.788338	0.490282
-1.203259	-1.944619	-1.314584	1.353118	3.920420	0.189669	-0.109085	0.195039	-0.633176	-0.124370
-1.199514	-4.192200	-3.160789	0.302598	3.064341	-0.886565	-0.637310	-1.648666	-1.916897	-0.856840
-0.711241	-5.637237	-4.621124	-0.960787	1.573308	-2.374521	-0.746864	-3.062685	-2.882056	-1.812937
1.022033	-3.683114	-4.044894	-1.773316	0.043495	-2.517587	-0.550791	-3.262104	-2.946981	-1.832602
2.918319	-0.942929	-1.596921	-1.557734	-1.021133	-1.546381	-0.444376	-2.283146	-2.078822	-1.018088
2.918404	-0.457746	-0.282740	-1.074381	-1.747300	-1.473936	-0.752098	-1.605794	-1.393578	-0.712694
1.522551	-1.416397	-0.561058	-1.096245	-2.250622	-2.229107	-1.335917	-1.462844	-1.029446	-1.212159
-0.594108	-2.389811	-1.653804	-1.629814	-2.559546	-3.282043	-1.896677	-0.875820	-0.947006	-2.230670
-2.551766	-3.357408	-2.999023	-2.370671	-2.692918	-4.386977	-2.264337	-0.683915	-1.313070	-3.471161
-3.419111	-4.488513	-4.344705	-2.984975	-2.703278	-5.362633	-2.416767	-1.216576	-2.067892	-4.688256
-2.982030	-5.276311	-5.308979	-3.048951	-1.727394	-5.411080	-2.237292	-2.061070	-2.739898	-5.471024
-1.925931	-4.949582	-5.381253	-2.317779	-0.286461	-4.103115	-1.790068	-2.441986	-2.762548	-5.216650
0.443450	-2.776891	-4.227806	-1.404870	0.043087	-2.578490	-1.393576	-0.700495	-1.729224	-4.264221
2.657977	-0.144103	-2.150740	-0.489193	-0.199240	-1.027395	-0.989097	1.879627	-0.026741	-2.859097
2.655787	0.873264	-0.666062	-0.288789	-0.826319	-0.791683	-1.073584	3.191072	0.875887	-1.982008
1.290480	0.843741	-0.185179	-0.733332	-0.920555	-1.229179	-1.331698	3.442042	0.908791	-1.816458
-0.727777	-0.184294	-0.624016	-1.413822	-0.909781	-2.090438	-1.608586	2.593116	0.138862	-2.124764
-2.560767	-1.757522	-1.446291	-2.172131	-1.284046	-3.186997	-1.903080	0.893890	-1.250651	-2.592100
-3.368274	-3.103644	-2.129534	-2.805320	-1.801811	-3.417111	-2.131631	-0.760320	-2.572729	-2.179684
-2.976385	-3.758777	-2.715283	-3.036718	-1.681186	-3.118464	-2.151344	-1.624263	-3.063697	-1.543628
-2.024434	-3.776266	-3.186249	-2.592886	-0.827358	-2.675266	-1.907796	-1.846140	-2.723744	-1.345338
-1.234331	-3.692351	-3.542494	-2.041171	-0.359668	-2.777040	-1.761360	-1.836274	-2.242972	-1.743378
-0.871074	-3.574390	-3.743985	-1.308843	0.946849	-2.338050	-1.379531	-2.042415	-1.808874	-2.207439
-0.882913	-3.396046	-3.706074	-0.630810	1.623630	-1.545594	-1.097569	-2.236238	-1.078192	-2.270041
-1.123527	-3.504225	-3.692409	-0.416296	1.173245	-1.696891	-1.034537	-2.486514	-0.738699	-2.390685
-1.424246	-2.965096	-3.341076	0.219847	0.585023	-1.916820	-0.469280	-2.612022	-0.499474	-2.439606
-1.632379	-2.075647	-2.114054	0.662250	-0.201967	-2.427120	-0.333701	-2.747174	-0.663328	-2.504864
-1.683103	-1.345164	-0.294826	0.190988	-1.142840	-3.534669	-0.807678	-3.035055	-1.437966	-2.975984
-1.624149	-1.023376	0.685302	-0.881504	-1.877315	-4.735759	-1.356664	-3.346414	-2.389111	-3.772681
-1.533343	0.291545	1.002937	-0.998986	-1.639024	-4.516750	-0.943022	-3.347479	-2.384007	-4.153174
-1.466138	1.490754	1.160037	0.619553	-0.403077	-2.046931	0.185916	-2.843511	-0.948809	-2.738657
-1.436723	2.151174	1.354019	2.469122	0.685951	0.954632	1.116068	-0.841788	1.726336	0.104763
-1.442203	2.926552	2.376271	3.693072	1.891387	2.794283	1.765154	1.690334	3.988970	2.339403
-1.480911	2.970598	3.322568	3.915486	2.002000	2.815836	1.709497	2.415983	4.474460	3.035917
-1.537134	1.860714	3.203637	2.818947	1.144846	1.332992	0.757268	1.591608	3.237676	2.450856
-1.582961	-0.267929	1.876526	0.778863	0.697649	-0.899375	-0.373618	-0.000016	0.772019	0.952410
-1.608321	-2.749511	-0.168531	-1.494548	0.257830	-3.214785	-1.333092	-1.769405	-2.212707	-1.061307
-1.617073	-4.647091	-2.245785	-3.403335	-0.553136	-5.289010	-2.010884	-3.255458	-4.743085	-3.315857
-1.620365	-4.257672	-3.017253	-3.240166	-0.971418	-5.675546	-1.588736	-3.964312	-5.011242	-5.077411
-1.621780	-1.442500	-1.062158	-0.579608	-0.705587	-3.907280	-0.314996	-3.756408	-2.748884	-5.071828
-1.628751	0.823260	1.573634	2.053408	-0.109046	-1.914220	0.796267	-3.110384	-0.384468	-3.609376
-1.650843	1.749480	3.055298	3.412206	0.317036	-0.822628	1.394835	-2.506395	0.878888	-2.021605
-1.675985	1.609470	3.140025	3.751516	0.511354	-0.480766	1.600542	-2.125312	1.224505	-0.996557
-1.687033	1.482484	2.385198	3.539981	0.564536	-0.523924	1.596263	-1.962622	1.070539	-0.536808
-1.522488	1.592961	1.420478	3.155242	0.562760	-0.459199	1.532142	-1.771240	1.083302	-0.379540
-1.399533	1.408936	0.468188	2.751793	0.446164	0.147046	1.344685	-1.224812	2.035521	-0.139093
-1.447207	0.414235	-0.646613	1.788513	-0.150960	0.306286	0.555735	-0.778579	2.787541	-0.049222
-1.369563	-1.455104	-2.106250	0.082511	-1.025840	-0.591655	-0.594532	-0.940998	2.290170	-0.533285
0.802539	-2.838648	-3.377393	-1.343440	-0.665527	-1.117315	-1.077162	-1.003806	1.044029	-1.229424
3.491969	-2.022172	-3.196348	-0.641226	1.380388	0.380895	-0.370983	-0.351730	0.278982	-0.905624
4.819484	-0.393963	-1.780002	1.373846	3.061931	2.454153	0.616185	0.481435	0.374419	0.545414
4.221695	0.194929	-0.612404	2.663282	3.811636	3.345066	0.984734	0.610278	0.540676	1.877802
1.991251	-0.355189	-0.457981	2.718818	3.993010	3.165298	0.752646	-0.087081	0.198815	2.369465
-1.468354	-1.560838	-1.129868	1.864013	3.605322	2.037320	0.176838	-1.198004	-0.559080	2.022541
-4.587008	-3.186532	-2.353893	0.242913	2.367526	-0.206966	-0.692628	-2.344917	-1.643690	0.836529
-2.406901	-2.993358	-2.483745	-1.304363	0.866717	-2.313515	-1.127839	-2.495301	-2.172296	-0.795348
2.325720	-0.701074	-0.350459	-1.522742	-0.314473	-2.333254	-0.895086	-1.417228	-1.537256	-1.786923
4.768077	0.804719	1.567293	-0.483381	-0.872489	-0.943528	-0.412549	-0.144150	-0.447622	-1.531946
5.511736	1.190044	2.048722	1.011330	0.250054	0.662099	0.225316	0.755691	0.537357	-0.519755
5.419798	1.180802	1.654179	2.362371	2.176500	2.085780	0.909146	1.272388	1.303721	0.790863
4.761208	1.176784	0.970022	3.143196	3.356919	3.315884	1.628023	1.636034	2.248648	2.041409
3.618065	1.311275	0.458734	3.013022	3.156470	3.688168	1.730745	1.802746	3.177992	2.812519
2.997379	1.175150	0.089230	2.213772	2.178852	3.264568	1.255707	1.889838	3.568402	2.861860
3.024109	0.654830	-0.316064	1.224627	0.978261	2.208945	0.621100	1.714309	3.000945	2.317448
2.207120	-0.444071	-0.964208	0.123822	-0.287550	0.361645	-0.049781	1.041521	1.488844	1.209211
0.239280	-1.450034	-1.742868	-1.146000	-1.382199	-1.877963	-0.559619	0.713899	-0.127879	-0.400158
-2.191383	-1.685453	-2.121009	-1.445156	-1.513795	-2.894149	-0.538082	0.519779	-0.524937	-1.829088
-1.884634	-1.144433	-1.933231	0.063314	0.275262	-1.531681	0.253574	0.245306	-0.009028	-2.111367
1.521538	0.558897	-0.682714	2.871399	2.790606	1.977920	1.800227	0.568248	1.480064	0.184194
3.187174	1.700477	0.770082	4.786890	4.212949	3.891163	2.847390	0.914229	2.672020	2.805782
2.550619	1.728993	1.393574	5.297966	4.442499	4.176944	3.015798	0.593172	2.853588	3.864706
0.531918	1.023529	1.113045	4.791706	3.719813	3.704424	2.548429	-0.164476	2.206611	3.870941
-2.195188	0.076449	0.233227	3.272432	2.309140	2.771308	1.424116	-0.192597	1.084542	3.275338
-4.493283	-0.735091	-0.912318	0.673964	0.472590	1.622723	-0.124297	0.713162	-0.138368	2.198465
-5.158278	-0.484256	-1.552047	-2.338587	-1.307012	0.810530	-0.401394	1.700818	-1.006940	0.994604
-4.154194	0.994688	-0.672402	-5.207764	-2.605449	0.176102	1.054624	2.330732	-1.289824	0.144924
-2.679466	1.912721	0.719954	-6.492365	-3.232089	-0.767556	2.506787	2.613995	-1.105960	-0.423037
-0.843099	2.573306	1.813584	-5.137183	-2.146807	-1.146195	3.333353	2.803287	-0.523856	-0.619675
2.066289	3.236620	2.625171	-1.711196	0.345024	0.185218	3.232203	3.289670	0.747444	-0.056196
4.023977	3.189357	2.829762	1.021628	1.423836	1.130979	2.398944	3.370991	1.639117	0.588773
4.792523	2.429607	2.236134	2.419912	2.336250	1.641783	1.544466	2.861883	1.835842	0.989472
4.827422	1.260944	1.106696	2.841867	2.595937	2.029094	0.886189	2.094824	1.585371	1.298886
4.459163	0.459736	-0.103557	2.476382	1.982881	2.090653	0.335794	1.336590	1.016751	1.464982
3.962317	0.777872	-0.508085	1.695868	1.041697	1.720183	-0.022150	0.799233	0.419490	1.302936
3.575649	1.150199	0.069534	0.914421	0.167013	1.895486	-0.169101	0.542954	0.028883	1.380156
3.432370	1.467816	1.371900	0.615298	0.183977	2.637848	-0.017062	0.534118	0.019607	2.166129
3.509265	1.566625	2.432636	0.826385	0.350863	2.836502	0.169320	0.640013	0.233738	2.915427
3.673238	1.105560	2.457254	1.098398	0.177449	2.458842	0.207670	0.729894	0.374599	3.184075
3.803257	0.301167	1.557056	1.211359	-0.144749	1.650144	0.149643	0.762076	0.385077	2.912103
3.612303	-0.548807	0.085298	1.117301	-0.472024	0.579122	0.010944	0.689116	0.266280	2.094384
2.084649	-1.426559	-1.634303	0.481227	-0.999433	-0.815225	-0.518058	0.604169	-0.165811	0.725733
-0.729465	-1.441781	-2.339693	-0.812860	-1.674328	-1.395409	-1.321209	0.705487	-0.762052	-0.805476
-3.557051	-1.023582	-1.112183	-2.344715	-2.230353	-1.748977	-1.988888	0.141856	-1.610232	-2.102052
-2.052967	-0.225578	0.796423	-2.916247	-2.225681	-1.798491	-1.883196	-0.389279	-1.964921	-2.891357
1.785466	0.540611	2.107795	-1.809829	-1.753122	-1.193704	-1.171828	-0.371867	-1.381250	-2.713669
3.993521	0.671249	2.222944	0.039298	-0.473939	-0.210418	-0.322335	0.012576	-0.347417	-1.781450
4.730348	0.434239	1.505595	1.476213	0.547051	0.532035	0.253912	0.432815	0.492359	-0.683608
4.675598	0.469446	0.939884	1.987279	0.635847	0.838645	0.391533	0.770374	1.081762	-0.000049
4.182172	0.952586	1.299796	1.810952	0.291268	1.726230	0.288635	1.190610	2.062623	0.682987
2.681561	0.868592	1.750927	1.087061	-0.312382	2.157407	-0.129779	1.049998	2.227557	1.258545
-0.304005	-0.419074	1.112072	-0.307847	-1.146920	1.356210	-0.940623	-0.006100	1.031343	1.123918
-4.163452	-1.551749	-0.326125	-2.074356	-1.949712	-0.447265	-1.802354	-1.577129	-1.082339	0.435717
-7.131443	-1.305143	-1.660610	-3.661460	-2.521115	-3.004308	-2.431041	-2.816954	-3.274399	-0.790461
-7.285651	0.168039	-1.800775	-4.525984	-2.815585	-5.211976	-2.094901	-2.046356	-4.048820	-2.342690
-5.079163	0.728464	-1.009749	-4.526012	-2.917016	-5.683999	-0.423161	-0.767412	-3.353379	-3.261524
-1.658560	-0.114489	-0.856449	-3.794278	-2.784791	-4.394631	0.192953	-0.492428	-2.492798	-2.772225
1.992919	-1.121079	-1.252235	-2.166026	-2.201683	-2.336343	0.229285	-0.340945	-1.440885	-1.722496
3.895121	-1.291366	-1.530670	0.115614	-1.170543	-0.551099	0.515906	0.028680	-0.147263	-0.768635
4.000336	-0.483901	-1.135957	2.359712	-0.016261	0.594849	1.185494	0.497712	1.150808	0.065109
2.312876	0.104938	-0.578719	3.211331	0.755310	0.605561	1.175273	1.118133	1.692053	0.362449
-0.916841	0.275739	-0.228896	2.626422	1.295862	-0.000593	0.477217	1.745170	1.465376	0.098843
-4.902175	0.219487	-0.184009	1.194364	1.603664	-0.793814	-0.223549	2.179740	0.929462	-0.566092
-7.698921	0.553130	-0.042555	0.758282	2.725762	-0.321307	0.200925	2.379728	1.027747	-0.735260
-7.440132	0.732877	0.114575	1.241538	3.133521	0.019801	0.515696	1.692837	0.976221	-0.484433
-4.985186	0.661833	0.066191	0.995316	2.283036	-0.502646	0.003849	0.150792	-0.027689	-0.661721
-2.818327	0.921276	0.627894	-0.213718	0.796745	-0.678983	0.288291	-1.810385	-1.690493	-0.857948
-1.820003	1.506952	1.864371	-1.947939	-0.795320	-0.331373	1.032844	-3.262013	-3.262481	-0.655267
-1.740379	1.831945	2.804240	-3.598959	-2.078703	0.010777	0.652645	-3.066687	-3.788676	-0.397488
-1.691150	1.267796	2.923590	-4.493545	-2.788256	-0.529834	-0.359249	-2.686989	-3.584967	-0.597263
0.356232	0.409296	2.418337	-3.654903	-2.613117	-1.039990	-0.996545	-1.942175	-2.571537	-0.943363
2.541396	-0.293997	1.353985	-1.541696	-1.915213	-0.363180	-0.350156	-0.538019	-0.906757	-0.244765
3.072916	-0.924211	-0.059412	0.039821	-1.430027	0.341815	0.186641	0.395307	0.922543	0.721178
3.168676	-0.736898	-0.744529	0.677952	-1.144869	0.765739	0.173582	0.959090	2.488898	1.083210
2.957882	0.199964	-0.342804	0.799504	-0.942076	1.231396	-0.036844	1.299797	3.355014	1.131322
1.420024	0.783357	0.210222	0.569243	-0.869757	1.600477	-0.322076	0.822896	2.953771	1.315927
-0.996839	0.200520	0.046754	0.179440	-0.930795	1.778298	-0.641670	-0.336676	1.447748	1.768130
-1.579590	-0.673604	-0.767860	-0.243570	-1.029322	2.002581	-0.870715	-1.254055	-0.484003	2.267253
-1.654773	-0.573519	-1.312328	-0.353308	-0.328451	2.013319	-0.806611	-1.918199	-2.003669	2.457474
