X1	X2	X3	X4	X5	X6	X7	X8	X9	X10
-0.080083	-4.800826	-5.180128	-0.929240	-0.867527	-4.364958	-1.806831	-1.383594	-2.579078	-3.366548
-0.093190	-4.833329	-5.204272	-0.956862	-0.902885	-4.370256	-1.828979	-1.413565	-2.596680	-3.388855
-0.102716	-4.015495	-4.911810	-0.050978	-0.445358	-1.009499	-1.633854	-1.117870	-1.147875	-2.646876
-0.117154	-1.825748	-3.420766	2.136842	1.011832	2.618182	-0.762630	-0.395769	0.335958	-0.165714
-0.156495	-1.445854	-2.308719	2.692992	2.031063	3.300109	-0.077718	-0.336859	0.037961	1.375987
-0.185294	-2.398468	-2.354490	1.856258	2.104112	2.909460	-0.046578	-0.736540	-1.090644	1.553594
-0.188320	-3.867010	-3.260050	0.346811	1.498509	1.182612	-0.523625	-1.282707	-2.439985	0.596738
-0.190609	-5.190285	-4.531773	-1.176350	0.593259	-1.712128	-1.204898	-1.722431	-3.393976	-1.147936
-0.199244	-5.628083	-5.613922	-2.128826	-0.292654	-4.089994	-1.798132	-1.477762	-1.902450	-2.879164
-0.188547	-4.656939	-5.538474	-2.288129	-0.947763	-2.987536	-1.583399	-1.064192	-1.072247	-3.115968
-0.169682	-3.005605	-3.727918	-1.922618	-1.312074	-1.556044	0.042139	-1.046048	-1.304005	-1.594699
-0.157937	-1.845474	-1.571781	-1.440994	-1.437546	-0.982140	2.013657	-1.272568	-1.996375	0.307246
-0.174780	-1.659706	-0.558593	-1.146420	-1.437751	-1.577801	2.927024	-0.941186	-2.332878	0.707101
-0.198011	-2.133269	-0.903428	-1.082690	-1.409369	-2.126768	2.501939	-0.683248	-2.597171	0.284337
-0.236122	-1.148268	-1.696807	-1.179955	-1.399065	-1.769842	1.190957	-0.954118	-2.913594	0.616533
-0.276146	1.228920	-1.154266	-1.344139	-1.421745	-1.099754	-0.402813	-1.445989	-3.145157	1.554031
-0.305541	2.604807	1.083771	-1.484647	-1.468428	-0.233734	-0.928903	-1.769421	-2.505708	2.579276
-0.318617	2.286065	2.311435	-1.550734	-1.516435	0.907607	0.327094	-1.152907	-0.199358	3.422667
-0.293592	0.884645	2.210961	-1.549724	-1.554843	1.135735	2.037322	-0.885114	-0.003496	3.775525
1.404063	-0.924258	1.036027	-0.730072	-1.410554	1.507247	2.767985	-0.122613	0.342725	3.691349
3.235451	-0.618905	-0.172950	1.219113	-0.684016	2.182113	2.616342	1.109982	0.813641	3.692396
3.052263	1.580347	0.298853	1.871970	0.010807	1.676657	1.736675	0.946182	-0.065993	3.394045
1.787420	3.296088	1.974664	1.271366	0.200846	0.249166	0.366476	1.230804	-0.602492	2.248049
0.145617	4.552373	3.603138	1.563825	0.326402	0.180067	-0.695070	3.210034	1.430609	0.701522
-1.148814	4.968431	4.542663	2.601481	0.836836	0.428655	-0.682517	3.898924	2.125910	-0.278040
-1.609072	4.644315	4.637494	2.352325	1.082834	-0.807377	-0.427841	2.817980	1.030666	-1.339167
-1.356581	4.023414	4.233578	1.042157	0.796637	-2.196331	-0.540234	1.002376	0.509668	-2.481452
-0.850126	3.266240	3.591616	-0.719128	0.139684	-1.481501	-1.023582	-0.360493	1.203329	-2.782312
-0.438008	1.888748	2.679481	-2.199939	-0.602111	0.378838	-1.648600	-1.516276	0.581906	-1.787575
-0.254128	0.264177	1.607271	-1.916641	-0.548453	2.609697	-1.968876	-2.152001	-0.265913	0.745609
-0.256999	-1.594853	0.155603	-0.643244	0.307940	3.515935	-1.817039	-1.927331	-0.246012	3.122794
-0.362692	-2.731581	-1.305670	-0.184066	0.783752	3.351703	-1.626802	-0.656088	1.425061	3.999018
-0.481455	-2.747271	-2.333095	-0.528698	0.590440	2.439636	-1.029868	0.596768	2.800533	3.563792
-0.579360	-0.752466	-2.022236	-1.237780	-0.044638	1.053947	0.130354	1.269441	3.359315	2.210911
-0.613078	1.377983	-0.635417	-1.923718	-0.830103	-1.181044	0.680106	0.877602	2.351483	0.032955
-0.595725	2.485598	1.212720	-2.327057	-1.525338	-4.127385	0.335833	-0.394696	-0.095874	-2.629355
-0.574818	2.456441	2.346945	-2.421587	-2.002513	-6.635937	-0.581688	-1.942854	-3.511338	-4.907830
-0.560895	2.694515	2.926329	-1.568869	-2.107100	-6.324137	-1.524735	-2.887292	-4.862527	-5.678554
-0.567422	3.520181	3.531949	1.370571	-1.223254	-2.025387	-1.418779	-2.250783	-1.894312	-3.682626
-0.582335	3.861525	3.899570	2.879252	-0.009514	-0.674580	-0.608318	-1.323142	-0.607472	-1.514711
-0.593272	3.804706	3.868284	2.380824	0.518299	-1.299144	-0.248085	-0.292063	-0.567016	-1.038246
-0.174485	3.237736	3.461508	0.831122	0.307673	-2.423843	-0.543264	-0.098518	-0.571430	-1.723638
2.363391	2.789693	2.637604	0.188776	-0.031552	-0.249824	-0.891541	1.491031	2.324987	-1.717047
3.790090	2.653569	2.210901	0.895531	0.035224	1.771466	-0.457716	2.828197	3.973160	-0.174550
3.201060	2.116120	2.265649	0.899882	0.084836	1.667900	0.490400	2.668762	3.911387	0.784827
1.553610	1.275086	2.240596	0.280488	-0.151894	0.860723	0.815392	1.798956	3.511742	0.462409
-0.452419	0.876200	2.253621	0.097387	-0.371918	0.413796	0.558630	1.054012	3.267575	-0.131427
-1.936138	0.570612	2.160654	-0.409700	-0.640475	-0.185495	-0.178632	0.499834	2.981095	-0.819732
-2.308725	0.367341	1.946507	-1.261508	-1.045964	-0.223277	-1.187718	0.261915	2.770407	-1.341403
-1.804803	-0.091424	1.471678	-2.129411	-1.527803	-0.305408	-2.172012	0.160147	2.324816	-1.496311
-1.082764	-0.822140	0.664183	-2.701679	-1.979765	-1.543509	-2.861285	-0.580769	0.528343	-1.919925
-0.591025	-1.358015	0.118394	-2.878288	-2.324406	-3.345131	-2.581186	-1.807379	-2.436184	-2.543065
-0.418242	-1.937989	-0.314083	-2.664724	-2.514556	-4.570593	-0.818771	-2.960041	-5.432065	-2.657020
-0.481116	-2.474329	-0.727025	-2.379308	-2.579091	-3.587729	1.264222	-3.656917	-6.944546	-2.059855
-0.626391	-2.822146	-1.067276	-2.237250	-2.595822	-0.921503	2.656911	-3.781772	-6.448623	-0.802203
-0.746498	-3.270005	-1.508897	-2.225770	-2.604151	0.384983	3.014335	-3.495191	-5.098423	0.151261
-0.813932	-4.239944	-2.541214	-2.291637	-2.620280	-0.311860	2.231071	-3.131642	-4.034593	-0.112762
-0.855625	-5.363268	-4.088295	-2.391486	-2.650142	-1.262382	0.648034	-2.814201	-3.047377	-1.263052
-0.863633	-5.961929	-5.659894	-2.490517	-2.685698	-0.669868	-1.233849	-2.340017	-1.987969	-1.936358
-0.859793	-4.817376	-6.480765	-2.582055	-2.730515	0.270993	-2.886631	-1.999071	-1.032790	-1.730799
-0.845687	-1.226225	-5.073828	-2.634548	-2.769496	0.743813	-3.855482	-1.055425	0.948384	-1.093726
-0.830455	1.450122	-1.645796	-2.023458	-2.305124	0.556744	-3.854935	-0.490083	1.453326	-0.727721
-0.837848	2.048322	0.854671	-1.378761	-1.529377	-0.297901	-3.220982	-0.352385	1.699448	-0.947669
-0.870498	1.245665	1.164850	-1.387302	-1.149766	-1.084921	-2.662674	-0.075374	2.161703	-1.500255
-0.890406	0.557547	0.407169	-1.842780	-1.268604	-1.505555	-2.462271	0.187075	2.516675	-2.009717
-0.899111	-0.486804	-0.891994	-2.414923	-1.698133	-1.565819	-2.564306	0.344654	2.686010	-2.285787
-0.914507	-1.231491	-1.692137	-2.858263	-2.217097	-1.494323	-2.816506	0.352367	2.589745	-2.337701
-0.936068	-2.246875	-2.045518	-2.912913	-2.646484	-2.061384	-3.043815	-0.247861	1.401650	-2.470073
-0.963736	-2.249198	-2.091953	-0.735877	-2.389119	-1.530014	-2.596404	-0.954435	0.398036	-2.276295
-0.995804	-0.405830	-0.667047	2.393322	-1.050304	-0.135710	-1.117788	-1.064023	0.374475	-1.194312
-1.011805	1.184763	0.811950	4.185432	0.621758	1.018481	0.563644	0.879383	1.553136	0.065381
-1.012389	1.743615	1.542639	4.698281	1.867654	1.367013	1.691243	2.047500	1.997451	0.845192
-1.005506	0.697471	1.075074	3.779437	2.185426	0.283756	1.779070	1.354918	0.778843	0.443009
-0.999004	-1.517134	-0.636764	1.823951	1.680206	-0.150612	0.922218	-0.326825	-0.997020	-0.609257
-1.003497	-1.848508	-2.143694	1.696408	1.791382	2.006121	0.284038	-1.404959	-0.164639	0.020841
-0.349952	0.294462	-0.870223	3.099422	2.970571	2.892981	0.615388	-0.962169	1.144669	1.562931
2.319503	2.308168	1.662137	3.855817	3.861721	2.959140	1.199120	2.207062	2.776582	2.211000
4.406921	3.200188	3.211680	3.917172	3.927593	2.841513	1.498877	4.057474	4.095669	2.198767
5.345461	3.549918	3.809228	4.304698	3.608714	3.074931	1.761609	4.636360	5.018317	2.226069
5.565509	3.491190	3.811614	5.038981	3.501892	3.316297	2.347955	4.580006	5.207122	2.619665
5.217528	2.765622	3.151137	5.062425	3.486767	2.995533	2.715838	3.755922	4.415002	2.576913
3.559657	1.195303	1.635202	4.305516	3.546870	2.206581	2.493485	1.875186	2.425247	1.946441
0.713829	-0.529244	-0.765637	2.975913	3.435146	0.928831	1.718947	-0.954135	-0.652307	0.727201
-2.412635	-1.069035	-2.755280	1.844476	3.355066	0.223227	0.852053	-3.606730	-3.362151	-0.298031
-4.239106	-1.565714	-3.667422	1.109256	3.448620	0.115248	0.127002	-4.729294	-3.971634	-0.734738
-3.937679	-1.563518	-3.407115	0.644987	3.497438	0.008340	-0.361717	-2.105143	-2.237916	-0.748281
-2.521636	-1.447761	-2.288980	-0.367354	2.944973	-1.002593	-0.362133	-0.333521	-1.800394	-0.973334
-1.292917	-1.194448	-0.526442	-1.837119	1.716076	-1.122760	0.394466	-0.540293	-2.506889	-0.932489
-0.677201	-1.505328	0.458359	-3.234801	0.093565	-0.221292	1.426253	-1.677427	-3.700543	0.035429
-0.579336	-1.461667	0.932504	-4.077517	-1.560914	0.781914	2.210803	-3.092384	-4.782400	1.423088
-0.776092	-0.772290	1.524869	-4.223138	-2.905578	0.863883	2.562950	-4.035728	-5.199562	2.474025
-1.044716	0.130690	1.952266	-3.891069	-3.713374	0.138120	2.162263	-1.774275	-3.395868	2.553275
-1.246716	1.020888	2.165812	-2.741392	-3.426191	-0.376301	1.004471	1.032491	-0.973973	1.620250
-1.321116	1.492994	2.267358	-0.630211	-1.456323	-0.133074	-0.292958	1.428264	0.009540	0.344680
-1.304138	2.006608	2.434080	1.072577	0.946364	0.280115	-1.147309	0.573837	0.112759	-0.646346
-1.264853	1.991988	2.503326	1.901895	2.648653	0.662334	-1.334384	-0.090677	0.152843	-0.966247
-0.991487	1.222822	2.005993	2.087810	3.512957	0.991527	-1.052061	-0.406531	0.827212	-0.667391
0.581932	0.068453	0.787424	1.874055	3.588456	1.025637	-0.657751	0.027306	1.604462	-0.155824
0.939469	-1.679429	-1.173292	1.197639	2.891654	0.038409	-0.537897	-0.382374	1.026854	-0.377136
0.331971	-2.764385	-2.855002	0.466343	1.761606	-0.718153	-0.644845	-1.401688	-0.524972	-0.954249
-0.630307	-2.948467	-2.957884	-0.880079	0.338162	-0.678684	-0.815049	-2.053262	-2.473156	-1.267930
-1.472398	-2.175012	-1.978356	-2.553070	-1.185704	0.330618	-0.499388	-0.692150	-1.307022	-0.755386
-1.896501	-2.140477	-1.530406	-3.965643	-2.544250	1.103926	-0.405193	0.146818	0.719588	-0.069810
-1.869404	-2.936857	-2.097229	-4.614980	-3.503533	0.801527	-0.912373	-0.014402	1.017614	-0.014880
-1.605107	-4.038559	-3.413807	-4.476388	-3.986043	0.261273	-1.779783	-0.435690	0.069359	-0.584908
-1.351852	-3.157108	-4.143983	-3.970397	-4.098077	-0.034386	-2.221413	1.029051	0.478813	-0.971564
-1.217119	-1.338633	-3.583172	-3.158415	-3.899531	-0.372443	-2.257771	2.713494	1.450224	-1.259815
-1.191477	0.809056	-1.736716	-0.007765	-2.200743	0.840926	-1.581733	3.713447	2.589338	-0.695303
-1.242929	2.706627	0.789684	3.100070	0.542675	2.079260	-0.061512	4.153585	3.262120	0.782053
-1.317667	3.579001	2.568808	4.309678	2.336832	2.736082	1.697410	3.975348	3.275727	2.047325
-1.357662	3.807636	3.297550	4.509343	2.991901	3.000062	2.887170	3.547504	3.042273	2.668128
-1.381441	3.794184	3.405708	4.519995	3.262197	3.378143	3.238956	3.006210	2.895333	3.299865
-1.385525	3.701632	3.325551	4.672494	3.792816	3.524494	3.422599	2.012912	2.711658	3.997760
-1.197472	3.503992	3.241575	4.622737	4.226963	3.245866	3.857874	0.509630	2.154525	4.293467
1.049002	3.179906	3.021599	4.051078	4.073378	2.652498	4.091468	-0.463208	1.382104	4.100272
3.508245	2.879544	2.576597	3.391218	3.588847	2.377674	3.702299	-0.093081	1.195253	3.692958
4.780227	2.567585	2.055258	3.291678	3.479430	2.550084	2.956562	1.710145	2.007655	3.263988
5.198890	2.392625	1.657813	3.624954	3.809452	2.854027	2.220261	3.488141	2.942817	2.827696
5.136488	2.359865	1.704406	4.062614	4.261442	3.168341	2.048447	3.810146	3.249768	3.037231
4.206282	2.588112	2.516471	4.191149	4.592972	3.103955	2.579717	3.610219	3.054628	3.346965
1.914998	2.493492	3.047129	3.525827	4.576724	2.505759	2.650132	3.242100	2.344220	2.809534
-1.249596	1.984701	2.988508	2.325652	4.269441	1.582796	2.006375	2.353428	1.159234	1.579622
-3.958442	1.369219	2.464020	1.056938	3.854340	1.366589	0.931614	2.034527	0.473517	0.404395
-4.715025	0.728990	1.357528	0.214639	3.476281	1.814381	-0.183379	2.362462	0.673603	0.214984
-1.874046	0.575590	-0.068085	0.144083	3.078472	2.047684	-0.991668	3.204667	1.804900	0.558979
2.356264	1.537166	-0.503160	1.720928	3.060891	2.666367	-0.836293	4.155249	3.034728	1.682133
4.493631	2.404880	0.416183	3.376410	3.511665	3.186717	0.196159	4.730591	3.735452	3.156438
5.231962	2.867850	1.672721	4.230530	4.049434	3.428305	1.587685	4.800267	3.869881	4.070698
5.266897	3.104844	2.615643	4.381291	4.309664	3.344357	2.990770	4.072288	3.390145	4.328099
4.956900	3.005434	3.078272	4.283661	4.407808	3.125944	4.012169	2.836844	2.708726	4.001128
4.558343	2.600620	3.083588	4.081303	4.450856	2.821243	4.537814	1.521738	2.049577	3.329914
4.266729	1.756970	2.554915	3.532022	4.168625	2.098680	4.350711	0.640307	1.337665	2.218499
4.154018	1.126654	1.552539	2.726503	3.422188	1.395176	3.383342	1.677039	1.402418	0.815091
3.400714	1.296461	1.075481	1.640696	2.342190	0.567026	1.838155	3.016914	1.450660	-0.346949
1.416167	0.944852	0.752755	-0.271305	0.922765	-1.121269	-0.166313	3.432994	0.843580	-1.657676
-1.215696	-0.042650	-0.171081	-2.733545	-0.714556	-3.108505	-2.304209	3.223280	0.318065	-3.050278
-2.649860	-1.578306	-1.753872	-4.696903	-2.271717	-3.526353	-4.048845	2.287970	0.962382	-3.815579
0.213910	-1.841190	-3.040340	-3.487783	-3.056396	-0.925136	-4.352829	1.699534	2.538644	-2.774991
3.176811	-0.343510	-2.230730	-0.307381	-2.575658	1.148312	-2.255410	1.766023	3.594456	-0.436871
3.582321	0.926452	-0.179714	1.366518	-1.602440	2.204894	0.615454	2.335914	3.993677	1.547287
2.303494	1.609152	1.388934	2.345732	-0.566530	2.920769	2.672026	2.311044	3.775033	2.971885
0.087215	1.974514	2.292012	3.468777	1.089560	3.309867	3.939713	1.706868	3.070025	3.604300
-2.239205	1.757842	2.481243	3.313494	2.295411	3.003054	4.306408	1.651640	1.618636	3.395338
-3.583511	0.658662	1.693194	1.677175	2.230862	2.072573	3.523345	1.591417	-0.690001	2.220058
-3.494438	-1.746538	-0.327847	-1.130834	1.188066	0.748232	1.675554	0.285017	-4.184030	0.434229
-2.604421	-4.875183	-3.401827	-4.254324	-0.381472	-0.126312	-0.823330	-1.912658	-7.180852	-0.486131
-1.764744	-3.545734	-4.496935	-4.313287	-1.738637	0.088164	-3.088320	-1.762798	-3.725844	-0.223585
-1.304251	-0.715150	-2.098083	-2.310831	-2.312517	0.527182	-3.987354	0.597609	-0.777737	0.192424
-1.086552	-0.144485	-0.536955	-1.476090	-2.557609	0.059324	-3.893413	1.820357	0.053445	-0.088802
0.821829	0.288863	-0.078891	-0.945599	-2.619787	-0.219714	-2.920961	2.980162	1.155747	-0.743507
3.188575	1.512804	0.729612	0.791062	-2.016272	0.789202	-0.662064	3.942092	2.528802	-0.277944
3.922894	2.204472	1.641586	2.973700	-0.530797	1.891023	1.454139	3.929532	3.460663	1.335890
2.842776	1.360900	1.536007	3.109010	0.524309	1.411415	2.096050	2.569174	2.694182	1.856299
0.645962	-1.054878	0.056498	1.599817	0.488799	-0.224896	1.313799	-0.320663	0.258400	1.307396
-1.930357	-3.939502	-2.545836	-0.936261	-0.335222	-3.044981	-0.341495	-4.424575	-3.641636	-0.388447
-3.725460	-2.245479	-4.141595	-1.726491	-1.080452	-3.684153	-1.848164	-6.861753	-4.364073	-2.214569
-3.930422	1.262059	-2.033534	0.703284	-0.540494	-0.933355	-1.826818	-4.670451	-1.325374	-2.125077
-3.030916	2.434274	0.580984	2.332407	0.666882	0.204494	-0.825300	-2.501192	-0.116802	-1.058195
-2.029870	2.587844	1.711693	2.537704	1.789446	0.907476	0.019442	-1.419466	0.133048	-0.044406
-1.429651	2.648957	2.098711	2.049727	2.577488	1.385297	0.505429	0.603762	0.641254	0.735546
-1.239621	2.625029	2.476058	1.290724	2.999626	1.446988	0.769333	2.340027	1.115373	1.017867
-1.308193	2.250745	2.759792	0.009806	2.821123	0.870452	1.231590	3.120359	1.047713	1.159846
-1.481919	1.462863	2.436079	-1.896011	1.851949	-0.017148	1.646771	3.509800	1.765693	0.796303
-1.003124	0.534209	1.436106	-3.656619	0.317698	-0.618884	1.463854	3.743849	2.560367	-0.024350
1.261241	0.054236	0.041253	-3.049821	-1.146743	-0.476653	0.716054	3.567039	2.543059	-0.756861
1.895608	-1.109079	-1.644877	-1.646518	-2.039885	-1.316694	-0.337951	2.088466	1.057088	-1.548294
2.581358	-2.343309	-3.510928	-0.538298	-2.378423	-1.773962	-1.438874	0.106858	-0.442441	-2.392969
3.596837	-1.703556	-3.872348	0.808975	-1.978912	-0.344133	-1.870697	-0.378621	0.851238	-1.985823
4.292552	0.339062	-1.509972	1.847128	-1.112212	1.115171	-1.473247	0.803109	2.776641	-0.560824
4.583275	1.949727	1.364995	2.696790	0.160342	2.273818	-0.573679	2.171251	4.026540	0.911965
4.588406	2.884471	2.790583	3.499108	1.851188	3.102170	0.514645	3.032222	4.593572	2.145513
4.444912	2.964039	3.091101	3.995840	3.288210	3.531786	1.400350	3.139400	4.341398	2.948282
4.258976	2.503976	2.685223	4.174534	4.147904	3.662082	1.909613	2.737212	3.549354	3.258621
3.350008	1.641472	1.791938	3.925926	4.500907	3.502824	2.001341	1.717029	2.055320	3.167450
1.201749	0.925731	0.539937	2.991517	4.405117	3.085293	1.542714	-0.064161	0.180832	2.686426
-1.583185	0.938932	-0.362654	1.652499	4.029611	2.256861	0.758862	-2.150041	-1.708379	1.830630
-3.785539	1.080627	-0.555249	0.484777	3.580834	1.042453	-0.062231	-3.802746	-2.673423	0.589136
-4.316888	0.721309	-0.460681	0.611845	3.120510	-0.064679	-0.518514	-3.977364	-1.580902	-0.552175
-3.418685	0.238429	-0.267292	1.865683	2.624240	-0.517942	-0.298975	-2.911324	0.001631	-1.036798
-2.244169	-0.442216	-0.203117	2.641620	2.101497	-0.846373	0.204208	-2.020156	0.413466	-1.029037
-0.938166	-1.892097	-0.826501	1.976684	1.267026	-1.363086	0.150549	-1.916119	-0.462449	-1.389236
1.805022	-1.874372	-1.096124	1.063772	0.279922	0.179197	-0.337437	-0.943997	-0.541531	-1.136639
3.819395	-0.495162	-0.672610	0.875485	-0.330665	1.663545	-0.680345	0.363164	0.153331	0.030432
4.710514	1.204225	0.454654	1.576428	-0.286724	2.170398	-0.536139	1.295831	1.038395	1.073505
4.603084	2.180867	1.952140	2.072080	0.093428	1.828999	0.223588	1.678363	1.260922	1.344505
3.330870	2.672246	2.986894	1.498983	0.161030	0.754513	1.278364	1.273749	0.463699	1.025810
1.276977	2.650048	3.199357	0.212336	-0.220458	-0.382727	2.108364	-0.034520	-1.205078	1.125198
-1.425012	2.356694	2.789512	-1.722245	-0.982008	-1.621786	2.454345	-1.121339	-2.911621	1.328075
-3.629917	2.049186	2.086060	-3.772698	-1.950429	-2.792424	2.403171	-1.637421	-4.152598	0.979372
-4.253522	1.844326	1.561212	-5.171753	-2.894198	-3.507462	2.001811	-2.670234	-5.155235	0.542239
-3.458823	1.204198	1.377886	-5.469611	-3.625561	-4.343716	0.937300	-3.818829	-5.591671	-0.421291
-2.334046	-0.068591	1.122060	-4.695543	-3.902705	-3.555192	-0.686571	-4.572360	-5.087614	-0.792457
-1.577740	-1.689732	0.378353	-2.472748	-2.758503	-0.798506	-2.199106	-4.337765	-3.183523	0.297005
-1.289875	-3.007673	-0.879040	-0.175555	-0.515890	0.935706	-2.820651	-3.510922	-1.595658	1.753397
-1.329082	-3.447007	-2.264499	1.145247	1.491129	1.521410	-2.463015	-2.735595	-0.761994	2.467091
-1.523256	-3.078884	-3.239880	1.603378	2.704667	1.369329	-1.686922	-2.303365	-0.524979	2.075687
-1.719595	-1.157867	-2.859229	1.350904	3.152044	0.541056	-1.087265	-2.171322	-0.944188	0.855574
-0.667054	1.442908	-0.206830	0.392543	2.719737	-0.619163	-0.658843	-0.253478	-0.583461	-0.883907
1.760741	2.961606	2.394759	0.077043	1.785365	-0.519489	0.454253	1.541958	0.527670	-1.495151
2.103822	3.510329	3.459785	0.731435	0.847115	0.396642	1.923295	2.242788	2.387839	-0.644773
1.029747	3.522904	3.749467	2.076021	0.429235	1.381597	3.169695	2.268285	3.483977	0.806416
-0.667783	2.921168	3.565973	3.046588	0.599872	1.527100	3.911128	1.340393	3.222489	1.633332
-2.229411	1.348728	2.712713	2.683139	0.725158	0.856621	4.008515	-0.604988	1.458358	1.456603
-1.503101	-0.616580	1.148125	1.723644	0.441631	1.039948	3.634442	-2.242253	-0.369781	0.989123
1.714010	0.090339	0.425377	2.537958	0.642349	2.484358	3.566832	-0.948122	0.617975	1.691287
3.751493	1.653699	0.985407	3.452740	1.329427	2.791618	3.516388	0.730331	1.433567	2.436200
3.582646	2.243685	1.475457	3.073832	1.588247	1.930825	2.764896	0.767610	0.820505	2.191582
2.082914	2.237945	1.446729	1.955902	1.244070	0.229351	1.352780	0.142311	-0.154808	0.854851
1.590602	1.551263	0.898254	0.771289	0.605024	-1.121588	-0.276151	-0.082212	-0.518247	-0.920111
2.567574	0.638203	0.081834	0.514231	0.128687	0.050895	-1.379340	0.341529	0.005738	-1.490549
3.695643	-0.067201	-0.606412	1.072527	0.009889	1.183137	-1.533102	0.899272	0.686352	-0.589821
4.365242	0.125171	-0.511766	1.787377	0.161622	1.485949	-0.707485	1.456207	1.264576	0.325584
4.597546	1.784247	1.282652	2.258655	0.409910	1.831094	0.956436	3.006526	2.770434	1.084870
4.543955	2.991181	2.993048	2.441147	0.630128	2.139511	2.524167	4.313938	3.715825	1.730313
3.929825	3.477193	3.673699	2.583094	1.072391	2.493265	3.505768	4.777295	3.837703	2.149589
1.996208	3.587313	3.734332	2.050460	1.611673	2.291894	3.814130	4.482358	3.005706	2.220893
-0.888343	3.472382	3.392968	0.784167	1.732810	1.518524	3.548696	3.788450	1.640972	1.613206
-3.607172	3.209287	2.797019	-1.003532	1.380435	-0.093430	2.680229	2.958410	-0.063519	0.338282
-4.716255	3.077586	2.389659	-3.063410	0.455363	-2.427603	1.021416	2.326387	-1.368915	-1.625090
-3.999813	3.092178	2.458743	-4.699148	-0.827349	-4.596289	-1.147914	2.110140	-1.695600	-3.669559
-2.654766	3.085961	2.589811	-4.408821	-2.044517	-4.476244	-3.212215	2.217486	-0.571869	-4.691911
-1.677095	3.042617	2.547602	-0.750114	-2.193163	-1.706548	-3.668313	1.648029	0.736516	-3.358560
-1.263025	2.433779	2.186323	1.949324	-1.255992	-0.109769	-2.344116	0.202668	0.786080	-0.723597
-1.244010	0.380707	0.829875	2.025061	-0.567027	-0.789173	-1.232690	-2.076663	-0.662096	0.148138
-1.450380	-3.405745	-1.744989	0.533171	-0.647044	-2.767834	-1.129785	-4.507698	-3.096309	-0.806107
-1.695129	-8.176843	-4.893450	-1.832662	-1.302103	-5.387254	-1.794144	-6.024337	-5.589194	-2.758111
-1.856875	-11.689604	-8.058154	-4.252065	-2.198328	-7.625700	-2.783992	-6.084559	-6.909645	-4.871792
-1.912831	-11.400471	-10.175763	-5.748489	-3.051536	-8.596689	-3.701904	-5.261564	-6.724786	-6.331584
-1.884875	-8.258963	-9.116184	-5.505908	-3.492768	-7.257418	-4.223546	-4.287926	-5.265840	-6.524013
-1.826152	-4.557066	-5.956936	-2.921010	-2.437007	-2.765531	-3.690892	-3.229890	-2.796238	-4.579034
-1.767993	-1.634998	-2.784181	-0.144678	-0.216536	0.046642	-2.250856	-0.924760	-0.369236	-1.878354
-1.283652	0.374296	-0.677309	1.426559	1.768335	1.375080	-0.984515	1.985306	1.852618	-0.082411
1.280221	1.716130	0.622505	2.237293	2.779076	2.207140	-0.213092	3.855578	3.745593	0.954695
2.647362	2.035573	1.241503	2.646514	3.064992	2.860727	0.193873	4.067460	4.432106	1.651892
2.602552	1.913697	1.346147	3.000051	3.050421	3.206501	0.609989	3.497402	4.663350	2.192109
3.126048	2.093466	1.737208	3.350271	2.868064	3.194896	1.717349	2.953296	4.650278	2.573354
3.814712	2.261442	2.214265	3.337229	2.558062	3.064044	2.917192	2.631752	4.484014	2.637382
3.838561	2.543322	2.803664	3.391622	2.697816	2.949775	3.781323	2.169042	3.748785	2.680268
2.407701	1.957188	2.867780	2.994853	3.172703	2.303499	3.853647	0.761280	1.898625	2.214223
-0.043856	0.266685	1.878748	1.909020	3.389405	0.833544	2.952590	-1.422292	-1.422614	0.975797
-2.658624	-2.578608	-0.377342	-0.136842	2.832647	-2.122542	1.162132	-3.954467	-6.200312	-1.220155
-4.162507	-3.631816	-3.317429	-2.570034	1.562323	-6.009062	-1.145474	-5.715681	-9.323833	-3.908279
-4.001240	-2.112554	-4.979048	-2.778808	0.165316	-6.153736	-3.053895	-5.300436	-5.845977	-5.359637
-2.931983	-0.863737	-4.186230	-0.410634	-0.624150	-1.612063	-3.334423	-3.535379	-1.551307	-3.857347
-1.898274	0.094854	-1.959518	2.156963	-0.383294	1.136267	-1.937069	-1.847343	0.667323	-0.880101
0.274097	0.702136	-0.164555	3.094552	0.350223	1.565590	-0.425431	-0.562930	1.354458	0.586503
2.599344	1.155749	0.959771	3.092394	0.943472	1.398934	0.506505	0.568980	1.434365	0.835408
2.640267	1.339633	2.029874	2.024887	0.985684	0.220582	1.179847	0.273151	0.127644	0.367162
1.281815	1.090680	2.723497	-0.144318	0.359540	-1.351234	1.659968	-1.125988	-2.347662	0.025384
-0.747635	0.309466	2.766121	-2.643598	-0.552599	-2.067164	1.598402	-2.930970	-4.837826	0.483725
-2.594784	-1.606392	1.658776	-4.509273	-1.386905	-1.963021	0.722265	-4.455593	-6.403117	1.093793
-3.439537	-4.257747	-0.792097	-5.230742	-2.130829	-0.403599	-0.755890	-4.629246	-5.194715	1.621470
-3.170855	-4.153398	-3.653895	-4.886153	-2.747614	1.259532	-1.884184	-0.606650	-0.075545	1.841909
-2.405266	-1.527484	-4.391603	-4.101291	-3.195896	1.740233	-1.737975	2.469853	2.080505	1.597667
-1.759265	0.122751	-3.029775	-3.448837	-3.470202	1.188118	-1.368290	3.792443	2.965768	0.600669
-1.430285	0.514803	-1.589629	-3.144442	-3.608656	-0.313319	-1.510568	4.042273	2.539079	-1.082249
-1.396259	0.211802	-0.784007	-3.134761	-3.661780	-2.594809	-2.076364	3.278363	0.941962	-3.034585
-1.512947	-0.609704	-0.141919	-3.277891	-3.675311	-4.730817	-2.321420	1.078835	-2.120750	-4.408447
-1.652220	-2.458786	-0.489422	-3.422549	-3.671621	-3.711937	-2.334572	-2.453786	-5.897391	-4.303489
-1.465722	-4.806770	-1.915804	-3.394677	-3.639164	-1.401454	-2.484967	-6.081908	-7.926624	-3.023815
-0.947295	-6.134649	-3.830870	-2.842107	-3.474202	0.201678	-2.712861	-7.011261	-6.323715	-1.590840
-0.932776	-3.729492	-4.704630	-0.794787	-2.826212	1.619968	-2.531544	-2.739821	-1.337906	-0.270446
-0.742821	-0.422627	-2.927300	1.938174	-1.400759	2.537980	-1.363011	0.238122	1.314599	1.036663
1.328866	2.163790	0.305034	3.867693	0.329111	3.096009	0.866954	2.887769	3.256436	2.130079
2.009645	3.302617	2.675295	4.791551	1.844033	3.062262	2.874997	4.111124	3.939778	2.673679
1.175526	3.351186	3.392991	4.827339	2.682157	2.514208	3.554764	4.201293	3.785723	2.345544
-0.376503	2.452330	3.091532	3.892741	2.758705	1.101411	3.081364	3.030044	2.473329	1.230125
-1.945350	0.756737	2.092295	1.595286	2.013954	-0.450958	1.590654	0.912136	1.174832	0.060191
-2.856155	-1.838359	0.239235	-1.870995	0.684654	-1.126408	-0.555169	-1.515508	0.254626	0.084536
-1.778042	-4.727783	-2.527039	-5.101485	-0.835247	-1.327254	-2.777627	-3.421546	-0.984221	0.636638
1.076866	-4.652490	-4.946108	-4.464198	-1.795378	-0.752274	-3.954424	-2.732878	-1.172852	0.735155
1.658946	-3.809224	-5.736292	-2.278374	-2.039015	-1.488925	-3.781814	-2.198373	-2.149489	-0.133606
0.833402	-4.020793	-5.614282	-1.374644	-2.119362	-3.313800	-3.228616	-2.462673	-3.632782	-1.938998
-0.598641	-4.482459	-5.010280	-1.598015	-2.311111	-5.281059	-2.504306	-3.094385	-4.946166	-3.862072
-1.988254	-5.077522	-4.445723	-2.370651	-2.622222	-6.814565	-1.977310	-3.742952	-5.609653	-5.205051
-2.769496	-5.365121	-4.335871	-2.685053	-2.873883	-6.668706	-1.916009	-3.992532	-4.551313	-5.623891
-2.787082	-3.531863	-3.630704	-0.768383	-2.414068	-3.431956	-1.681972	-3.249144	-1.957950	-4.279396
-2.348887	-1.776792	-2.129645	0.374274	-1.676964	-2.579527	-1.461081	-2.821329	-1.488538	-2.930672
-1.868335	0.485758	-0.407789	1.045646	-1.073382	-0.942392	-1.353178	-2.432348	-0.737805	-2.053970
-1.563787	2.364966	1.599520	1.479005	-0.495546	0.529354	-1.105942	-2.192361	-0.783148	-0.878966
-1.469663	3.015116	2.821282	1.514891	-0.178499	0.567223	-0.967198	-2.162597	-0.661768	-0.486093
-1.509970	2.687739	2.962003	2.341855	0.319400	0.666266	-0.502702	-1.732935	0.242696	-0.319104
-1.611480	1.374093	2.163973	2.697477	0.851250	0.039572	0.027990	-1.616084	0.064782	-0.411248
-1.699840	-1.426249	0.138251	1.651779	0.790385	-1.895840	-0.109994	-2.220171	-1.406715	-1.406175
-1.736304	-5.389435	-2.954006	-0.430248	0.102352	-4.605559	-0.927992	-3.093320	-3.419795	-3.043618
-1.718806	-6.594553	-5.430794	-2.869695	-0.921915	-5.094244	-1.676080	-3.166013	-2.627038	-4.163563
-1.699542	-3.699623	-3.528525	-4.737473	-1.967467	-2.000041	-1.232767	-2.813384	-1.978239	-3.103181
-1.686321	-2.315124	-1.138257	-5.293412	-2.792736	-0.451011	-0.286477	-2.906817	-2.485892	-1.449222
-1.684524	-2.076988	-0.203317	-4.698880	-3.284795	-0.541237	0.536668	-2.891099	-1.951336	-0.707702
-1.685098	-1.753930	0.000976	-3.782900	-3.486152	-0.475968	1.289596	-1.936354	0.226806	-0.095877
-1.682326	-1.449591	-0.059712	-3.098700	-3.497530	-0.369725	1.873462	-1.068178	1.474799	0.256554
-1.637484	-0.835008	-0.033116	-2.107068	-2.869075	1.159642	2.314250	-0.240409	2.603604	1.257830
0.161046	0.334334	0.500855	-0.258880	-1.295923	2.034907	2.781263	0.809709	3.121038	2.062344
2.828582	1.404692	1.386954	1.644574	0.230426	2.209440	3.283447	1.597544	2.827205	2.205675
4.342649	1.851451	2.023601	2.800739	1.200044	2.016050	3.545696	1.944055	2.136459	1.871252
4.905349	1.803520	2.074541	3.247431	1.641495	1.704220	3.315763	1.983676	1.412883	1.252143
4.927403	1.580847	1.830551	3.265716	1.750577	1.800951	2.888214	1.862053	0.971278	0.859560
4.665843	1.406031	1.365445	3.371417	1.996320	2.445110	2.262115	1.798365	1.315043	1.099258
3.546019	1.229189	0.980076	3.549911	2.819714	2.904970	1.675169	1.366403	1.363908	1.981520
1.163009	-0.116758	0.071766	2.646013	3.214738	2.496561	0.838651	-0.131792	-0.030998	2.009437
-0.852385	-2.297094	-1.657935	0.834963	2.698923	2.058948	-0.368739	-1.829056	-1.723556	1.547585
-0.272318	-3.056090	-3.149828	-0.333485	1.748968	1.934592	-1.365226	-1.963142	-2.001095	1.883323
-0.148570	-3.598296	-3.977787	-1.238408	0.647220	0.953022	-1.997417	-2.255243	-2.839271	2.128540
-0.345679	-3.617315	-4.311305	-2.137473	-0.532733	-0.182887	-2.290335	-1.211319	-2.509120	2.021889
1.142368	-0.595144	-2.668081	-1.561675	-1.354525	0.872154	-1.594667	2.344882	1.425896	2.346202
1.885726	1.586301	-0.160952	0.644100	-1.246134	1.935141	-0.455985	3.734469	3.035197	2.872232
2.908426	2.863849	2.047868	3.413371	0.022416	2.640598	0.823092	3.781643	3.635866	2.961040
3.932366	3.325408	3.468076	4.559297	1.486784	2.663751	1.713082	3.187300	3.310687	2.529367
4.517035	3.243320	3.977152	4.504103	2.293314	2.540429	1.889008	2.281742	2.495187	2.268779
4.699635	3.241297	4.078030	4.434161	2.645893	2.683676	1.775471	1.713049	2.313130	2.403237
4.630322	3.705694	4.237922	4.945793	3.121053	3.222144	2.038610	2.630593	3.153761	2.661916
4.456201	3.857844	4.226437	5.010707	3.505111	3.627589	2.352701	4.049579	3.647295	2.874325
4.236616	3.508690	3.649002	4.409538	3.436268	3.721282	2.222020	4.769607	3.624759	2.797250
3.270315	2.526227	2.383917	3.058103	2.894035	3.272249	1.565103	4.140937	2.443122	2.279220
2.808862	1.198504	0.455508	1.686444	2.140748	2.715341	0.673326	2.782041	1.183741	1.440549
3.169761	0.883689	-0.771960	2.292880	2.335908	2.818214	0.518575	1.583511	1.393196	1.264832
2.680701	1.430572	-0.157542	4.024617	3.395226	2.922036	1.267016	0.594333	1.996763	1.750882
1.375596	1.495495	0.863617	4.799526	4.063787	2.437629	2.001815	-0.397569	2.021646	1.777293
1.690785	1.232481	1.302247	4.630752	4.028074	1.760285	2.175306	-0.310214	1.773153	1.260712
3.003837	0.933727	1.205062	3.942616	3.492430	1.216858	1.836969	0.530449	1.442854	0.583455
2.946686	0.053307	0.570380	2.580110	2.629774	0.288553	1.111583	0.477847	0.149040	0.004868
1.513154	-1.575264	-0.626446	0.199587	1.399088	0.070935	0.410043	-0.739652	-2.286493	0.448985
-0.609725	-3.098998	-1.703350	-2.693564	-0.049692	0.602177	0.411530	-2.461851	-4.698616	1.787428
-2.518732	-4.108942	-2.540406	-5.006519	-1.438646	0.752932	0.509000	-3.155949	-2.667653	2.555584
-3.355283	-4.247943	-3.283056	-5.700480	-2.507864	0.708487	0.081597	-2.233208	0.575786	2.576183
-2.745036	-3.218277	-3.213924	-4.777540	-3.103572	0.169106	-0.173593	-1.137618	1.774453	1.764693
-0.810408	-0.419989	-1.464459	-2.029052	-2.536340	0.454738	0.627779	-0.347094	1.881412	0.787272
-0.095794	1.388406	0.796635	0.028028	-1.084551	0.205813	1.940792	-0.468361	1.155521	0.055234
0.594624	1.404436	1.775297	0.514048	-0.159429	-0.358008	2.840119	-0.719213	0.165654	-0.570370
2.560220	1.442449	2.077676	1.214094	0.303217	0.658877	3.410767	0.201521	0.606836	-0.249664
3.202130	1.292647	2.139182	1.773439	0.578649	1.988874	3.743422	0.636139	0.370855	1.297779
2.202934	0.516142	1.838585	1.145479	0.420475	2.015324	3.605489	-0.253036	-1.130848	1.993476
1.733580	0.343232	1.771518	0.289298	-0.055626	2.033160	2.856642	-0.898404	-1.740668	1.695954
2.346230	1.306172	2.302784	0.618478	-0.241797	2.420452	1.734183	0.091822	-0.559926	1.388396
1.793496	1.924465	2.792139	0.695283	-0.244018	1.722473	0.378028	1.846396	0.306105	0.717736
0.328443	1.499597	2.381597	-0.148851	-0.488510	-0.018976	-1.142615	2.790192	0.404142	-0.714570
-1.375395	-0.091211	0.852399	-1.341367	-0.902122	-2.427449	-2.510111	2.088193	-0.617585	-2.534394
-2.569708	-2.720923	-1.719213	-2.290712	-1.217169	-4.941816	-3.353291	0.136408	-2.449097	-4.087596
-2.856401	-5.846030	-4.767496	-2.960504	-1.551600	-6.995866	-3.658391	-2.631995	-4.530387	-5.102152
-2.446089	-8.147837	-7.696690	-3.274127	-1.944763	-7.803818	-3.627899	-5.207799	-5.898060	-5.491571
-1.861478	-7.454706	-8.371466	-3.260012	-2.333951	-7.389023	-3.480350	-6.264627	-5.983715	-5.402420
-1.426304	-2.955394	-4.119170	-3.070559	-2.644209	-4.085236	-3.351956	-2.961616	-3.658040	-4.591667
-1.263978	0.704782	0.522117	-2.878071	-2.840258	-1.662040	-3.253416	1.334275	-0.292002	-3.271217
-1.287034	2.225975	2.808480	-2.746337	-2.930632	-0.177640	-2.490012	3.415705	2.402429	-1.863309
-1.382804	2.047049	3.206645	-2.696994	-2.950923	0.187252	-0.717418	3.352342	2.963565	-0.714061
-1.407639	0.776078	2.478380	-2.714184	-2.945960	-0.679533	1.114898	1.854152	1.872706	-0.415630
-0.856281	-0.481459	1.165592	-2.386816	-2.845365	-0.897426	2.368787	0.415048	1.441506	-0.476077
-0.717636	-0.643117	-0.005179	-2.092583	-2.682066	-0.506054	2.934993	0.189653	1.873876	-0.384507
-0.953019	0.354557	-0.538290	-2.112804	-2.583360	-0.673838	2.607035	-0.132802	1.713415	-0.597881
-1.304629	0.581066	-0.656230	-2.349504	-2.578573	-2.039301	1.357852	-1.226602	0.052087	-1.563194
-1.502217	-0.583000	-1.222566	-2.617431	-2.639962	-3.816575	-0.458363	-2.096249	-1.873779	-3.022331
-0.946557	-1.034538	-1.844312	-1.451442	-2.425325	-1.942735	-2.099889	-0.440425	0.575075	-3.412091
-0.758742	-0.287320	-1.375376	1.398092	-1.336491	0.904053	-2.245024	0.720004	2.164799	-0.955372
-0.945211	-0.639004	-0.907885	2.419639	-0.232080	1.223404	-1.475187	0.272820	1.490155	1.364343
-1.268791	-1.996278	-1.255294	1.628584	0.104599	0.047094	-0.763500	-1.172149	-0.625708	1.658704
-1.546745	-3.140266	-1.644768	-0.184382	-0.259586	-1.243881	0.230221	-2.981600	-3.725247	1.300967
-1.673092	-2.817219	-1.170735	-2.301796	-0.994855	-1.742952	1.348129	-3.862743	-6.072941	1.386620
-1.648201	-1.185647	0.228374	-3.907864	-1.791345	-2.074400	1.832311	-2.087039	-5.198233	1.241549
-1.557047	-1.110589	0.529892	-4.441986	-2.436178	-2.120450	1.271949	-0.843852	-1.684198	0.319949
-1.475497	-1.637863	-0.237266	-4.028716	-2.831095	-0.872005	0.191946	-0.067930	1.259356	0.062548
-0.710729	-1.758936	-1.152403	-3.005983	-2.944908	0.102111	-0.409488	0.536667	2.840055	0.113597
1.269439	-0.757663	-1.488217	-0.707090	-2.333208	1.419128	-0.453013	1.509683	3.735276	0.303619
2.501289	0.483397	-0.739235	1.776346	-0.418427	2.370067	-0.114580	1.801712	3.614960	0.705182
3.801733	1.673154	0.659295	3.902857	2.213713	3.209473	0.685597	2.110656	3.274411	1.496555
3.838501	2.064206	1.696414	4.829840	4.222113	3.394012	1.549400	1.922276	2.588816	2.132924
2.365180	1.262735	1.616052	4.223114	4.896711	2.639067	1.703559	1.283538	1.906672	1.825745
-0.023499	-0.399736	0.442051	2.203321	4.302914	0.674939	0.934562	0.589233	0.335831	0.415513
-2.418198	-2.390345	-1.577945	-0.430986	2.880113	-1.905960	-0.362993	-0.118304	-1.087863	-1.703998
-3.478798	-0.790991	-2.365860	0.086285	1.821391	-0.501269	-0.949942	1.563593	0.831155	-2.188391
-0.461198	2.226548	-0.265914	3.282432	1.987941	2.143007	0.019871	3.842393	3.284388	-0.223085
2.550516	3.760828	2.384118	5.461021	2.983019	3.427473	1.786942	5.085755	4.493134	1.979738
2.751031	3.736441	3.384145	5.463631	3.565264	3.265021	2.685700	5.306187	4.714059	2.567854
1.530952	2.926375	2.976631	3.841017	3.146870	2.245057	2.218042	4.593704	4.259831	1.738300
-0.335662	1.980401	1.781065	0.742504	1.954464	0.497812	0.781492	2.773117	3.083387	0.037750
-2.064678	1.176368	0.213603	-3.220059	0.379870	-1.630469	-1.090823	-0.553573	0.272288	-1.321562
-2.899090	0.661368	-0.741618	-6.550193	-1.182296	-2.433243	-2.845559	-4.995777	-4.466054	-0.892758
-2.715623	0.007162	-0.303528	-7.412539	-2.395322	-2.417579	-3.968919	-8.450639	-9.377837	0.330989
-2.057813	-0.870033	0.577366	-5.746602	-3.077997	-3.128706	-3.951682	-8.704166	-10.713613	0.379996
-1.477611	-1.949132	0.859627	-3.644628	-3.282834	-3.513687	-2.173757	-6.490414	-8.201573	-0.450591
-0.939010	-2.531584	0.597920	-2.303889	-3.198006	-1.004835	0.274365	-3.505448	-2.496010	-0.864726
1.413212	-1.037214	0.508930	-0.617635	-2.684541	1.717590	2.206619	0.251151	2.270718	0.071807
3.240158	0.719454	0.795373	1.344756	-1.582062	2.906897	3.014878	2.445842	4.031675	1.267701
2.998419	0.727218	0.552132	1.751359	-0.667061	3.136039	2.565661	2.705544	4.246483	1.958597
2.465471	0.617482	-0.186621	1.348513	-0.274191	2.938197	1.283923	2.347340	3.783302	2.521285
1.093359	1.024615	-0.584982	0.391580	-0.297521	1.909097	-0.317348	0.904775	1.937447	2.668482
-0.738372	1.482383	-0.571378	-1.087526	-0.709256	0.519442	-1.907397	-0.769174	0.340032	2.217594
-2.238696	1.879956	-0.137130	-2.571144	-1.332851	-1.290184	-3.116768	-2.017262	-0.935763	0.883836
-2.800997	1.988316	0.511098	-3.517169	-1.963126	-3.848645	-3.705263	-3.234022	-2.975804	-1.359746
-2.504306	1.849389	0.821017	-3.730457	-2.459504	-6.346179	-3.737891	-4.112457	-4.991424	-3.958905
-1.879150	2.090079	1.439671	-3.439848	-2.771074	-7.532831	-3.490024	-4.371334	-6.038550	-5.887280
-1.368247	2.722655	2.460063	-3.030012	-2.923881	-5.402106	-3.230960	-2.433607	-4.608535	-4.796209
-0.942480	3.426736	3.421581	-2.615690	-2.942353	-2.170465	-3.057481	1.107201	-1.663492	-1.401948
-0.819636	3.600743	3.880066	-2.341545	-2.874577	-1.177061	-2.971531	3.069783	0.083062	0.217495
-0.960089	3.217375	3.638125	-2.305930	-2.804309	-1.375967	-2.969819	3.811210	0.778171	-0.100463
-1.195626	2.026154	2.445259	-2.369998	-2.755279	-1.951427	-2.997425	3.938870	0.872564	-1.367173
-1.388494	0.321742	0.294997	-2.518072	-2.744923	-2.580115	-3.032962	3.753009	0.620943	-2.834248
-1.476118	-0.867874	-2.261864	-2.042290	-2.648438	-2.306492	-2.928084	3.546827	0.837147	-3.691600
-1.476891	-0.107953	-3.170654	0.164654	-1.909269	-0.612046	-2.120089	3.540121	1.532860	-2.822661
-1.420470	0.684889	-1.920691	1.083778	-1.110026	-0.216813	-0.871614	3.471918	1.569371	-1.543095
-1.354741	0.997423	-0.187468	0.491739	-0.845326	0.457267	0.361818	3.316129	2.170945	0.106038
-1.314548	0.202769	0.347603	-0.886736	-1.087361	0.805504	0.677961	2.371045	2.523442	1.409120
-1.300199	-1.536480	-0.412146	-2.405394	-1.602194	0.495281	0.062661	0.574107	1.713586	1.817735
-0.984647	-3.557944	-2.098598	-3.382523	-2.144398	-0.759042	-1.068011	-1.425547	-0.110556	1.192021
-0.178801	-1.050246	-2.526131	-3.010917	-2.413912	-1.745659	-2.119996	-0.655945	-1.316658	-0.248231
-0.118369	1.739358	-0.035251	-2.351405	-2.452748	-3.284683	-2.794728	-0.523678	-3.020032	-2.179699
-0.542530	2.114220	2.085999	-2.095683	-2.470286	-5.094419	-3.107248	-1.381115	-4.705466	-4.168995
-1.076948	1.328764	2.789311	-2.189794	-2.538456	-6.322995	-3.170763	-2.560854	-5.167188	-5.545529
-1.485072	-0.413582	2.180790	-2.455880	-2.642280	-5.063387	-3.119252	-2.554987	-1.615598	-5.591344
-1.635364	-2.220938	0.424934	-2.732548	-2.756045	-2.438615	-3.056167	-0.354002	1.726524	-4.280410
-1.581576	-2.546562	-1.855890	-2.907550	-2.851986	-0.639105	-3.026250	1.977040	3.262330	-2.662248
-1.434944	-1.481419	-3.768328	-2.956759	-2.912971	-0.133304	-3.035293	2.348636	3.556146	-1.717984
-1.316743	0.517837	-3.683418	-2.922135	-2.944644	-0.162175	-3.065122	1.791009	3.296386	-1.428785
-1.260827	1.804439	-1.854933	-2.837688	-2.953426	0.169512	-3.086082	0.837330	2.802569	-0.543528
-1.268723	2.043256	-0.178464	-2.760969	-2.944700	0.653072	-3.089571	-0.074722	2.335913	0.943875
-1.290357	1.020458	0.173865	-2.718307	-2.927415	0.682709	-3.081945	-0.588460	2.079164	1.708212
-1.304910	-0.010652	-0.369788	-2.671918	-2.884529	0.227012	-3.061215	-0.620140	2.084440	1.162711
-1.321499	0.560553	-0.679943	-1.742306	-2.098050	0.579944	-2.806975	0.416258	2.143402	0.135662
-1.333838	2.411405	0.350991	-0.011858	-0.197891	1.250171	-1.947546	2.297659	1.974426	-0.373273
-1.321716	3.390507	1.940407	0.603700	1.198627	1.537090	-0.348755	3.412146	1.276994	-0.202116
-1.304730	3.073797	2.710874	-0.045252	1.384014	1.012801	1.335686	3.367871	0.675218	0.027038
-1.303920	1.737187	2.395436	-1.356949	0.681037	-0.121021	2.290594	2.190176	0.226830	-0.197439
-1.297208	0.313815	1.221842	-2.710072	-0.453201	-2.321310	2.030113	-0.190027	-1.408130	-1.268448
-1.279286	0.042820	-0.202285	-3.450832	-1.608789	-4.663629	0.827152	-2.435916	-2.923701	-2.869382
-1.270202	-0.045889	-1.281940	-2.994124	-2.364566	-5.540896	-0.724371	-3.478356	-3.725971	-4.094312
-1.287439	-1.117282	-2.336529	-1.968096	-2.346142	-4.384553	-1.978684	-3.836078	-3.706931	-4.388262
-1.315195	-1.826196	-2.437832	-0.700089	-1.271227	-2.070067	-1.494529	-3.508400	-3.151026	-2.986945
-1.327244	-2.252819	-1.583481	-0.284422	-0.267503	-0.970144	0.332565	-3.157856	-2.997487	-1.028881
-1.331800	-3.022670	-1.104195	-0.623273	0.149002	-0.579903	1.475432	-3.014129	-3.303287	0.748184
-1.000873	-4.245976	-1.683934	-1.455737	-0.113761	-0.748253	1.297492	-2.936321	-3.599940	1.594942
1.261874	-3.655043	-2.507388	-1.134623	-0.555477	-0.251269	0.442265	-1.430468	-1.815226	1.565061
2.110558	-2.485387	-2.754007	-0.277738	-0.777177	-0.575500	-0.459429	-0.581217	-1.244972	0.653622
1.431544	-2.491038	-3.042666	-0.021731	-0.985312	-1.199507	-1.292926	-0.895780	-1.340784	-0.991105
0.640854	-1.350139	-2.556406	1.506045	-0.684743	-0.243170	-1.283191	-0.816052	0.172411	-1.931554
1.992326	1.571821	0.096560	4.007228	0.650878	1.956040	0.183516	0.827837	2.407182	-0.637646
3.742473	3.345306	3.019184	5.227652	2.213760	2.842875	1.948416	2.205541	3.260452	1.188551
3.882847	4.222178	4.484565	5.435125	3.171492	2.888795	2.952523	2.450735	3.266496	1.965806
3.165008	4.643189	5.036344	5.246143	3.557487	2.686551	3.284136	2.048818	3.015750	1.937358
3.334244	4.850203	5.305091	5.048160	3.720369	2.762122	3.728527	2.032145	2.814059	2.046667
3.703859	4.357735	5.167506	4.320849	3.553718	2.399104	4.228005	1.881615	2.040224	2.033738
2.745447	2.605698	4.122960	2.561248	2.858057	0.839381	4.033382	0.698486	-0.058611	1.160979
1.075580	-1.222952	1.438571	-0.301662	1.608477	-1.984087	2.810399	-1.208141	-3.066789	-0.816478
1.410931	-5.279374	-2.105381	-2.180317	0.276132	-2.783078	1.031580	-1.511542	-3.084961	-2.678187
2.161809	-5.410236	-6.170717	-1.528053	-0.478745	-1.782285	-0.495735	-0.750099	-1.848515	-2.948159
1.535958	-2.841216	-6.258054	-0.539033	-0.609334	-1.344822	-1.502911	-0.871304	-1.380323	-2.627832
0.161649	0.173790	-1.247895	0.536095	0.280009	0.339146	-1.591028	-0.716133	0.752337	-1.578644
-1.296409	1.838065	2.588895	0.778379	1.258149	1.056174	-0.351797	-0.197904	2.210120	-0.252451
-2.204427	2.160852	3.977646	-0.106261	1.347396	0.429873	1.285694	-0.301684	1.997128	0.188678
-2.328553	1.159455	3.778301	-1.602645	0.631737	-1.086952	2.047037	-0.916710	0.801705	-0.429991
-1.940243	-1.215403	2.125439	-3.045572	-0.509106	-2.424566	1.574526	-1.980693	-1.556333	-1.760107
-0.780968	-2.965658	-0.753561	-1.871804	-1.348238	-0.024261	0.578263	-2.125784	-1.816248	-1.899004
0.160296	-1.604636	-2.960598	1.670987	-0.846397	2.599312	0.257485	-1.133073	-0.196624	0.816103
0.102490	-0.802654	-3.308324	3.005223	0.135108	3.190628	0.389963	-0.903214	-0.176321	2.944038
-0.470317	-1.707774	-3.235267	2.214450	0.431506	2.957013	0.109674	-1.557247	-1.459206	3.499743
-1.017373	-3.060524	-3.388354	0.615218	0.307505	2.849418	-0.575193	-2.310698	-2.459582	3.430104
0.680613	-2.432737	-2.859378	0.189368	0.759398	3.278729	-0.924270	-1.360668	-1.121276	3.516818
2.380232	-0.897697	-1.509579	0.800844	1.388556	3.274243	-0.660817	0.014685	-0.072820	3.613278
2.167420	-0.427214	-0.586710	1.197139	1.889465	2.770213	-0.304199	0.130332	0.003788	3.346867
0.921265	-0.623466	-0.037364	0.844207	2.047723	1.281281	-0.249433	-0.648054	-0.984658	2.423207
-0.721641	-1.129757	-0.175788	0.570620	1.665556	-0.586624	-0.433779	-1.479252	-0.871668	0.535463
-2.043159	-0.396881	-0.131608	1.580414	1.335839	-0.400640	-0.106647	-0.882957	1.494475	-0.945388
-2.535194	-0.422979	-0.189249	1.806794	1.016862	-0.744612	0.254331	-0.638005	1.528321	-1.618058
-2.284435	-1.858793	-1.145357	0.670375	0.333708	-2.399577	-0.027899	-1.338846	-0.062318	-2.529293
-1.758870	-4.057975	-2.887648	-1.314651	-0.670193	-4.577053	-0.882877	-2.367022	-2.319546	-3.738362
-1.320244	-5.660944	-4.820996	-3.434180	-1.760457	-4.660504	-1.966020	-2.300588	-1.518832	-4.337505
-1.112717	-5.475899	-5.979681	-4.878918	-2.705093	-2.035994	-2.818433	-1.214776	0.692072	-2.448315
-1.108402	-3.611742	-4.981888	-5.198692	-3.360783	0.003234	-2.320999	-0.276298	1.791174	0.532557
-1.203460	-2.149963	-2.562388	-4.694269	-3.713532	0.348122	-0.453503	-0.485628	0.956090	2.185853
-1.296912	-1.812849	-0.766914	-3.974851	-3.835052	-0.638808	1.311804	-1.492673	-1.196814	2.135926
-1.343579	-2.145591	-0.427950	-3.457660	-3.823907	-2.494933	1.782100	-1.302770	-3.108840	0.591625
-1.368089	-1.976364	-0.982763	-3.262487	-3.774628	-4.152511	1.028303	0.577707	-3.252206	-1.877202
-1.372249	-2.497458	-2.130729	-3.300341	-3.736548	-5.564695	-0.442368	0.707008	-3.582159	-4.479441
-1.370865	-3.762243	-3.723791	-3.453511	-3.727791	-5.273286	-2.094294	-0.284746	-3.984247	-4.983927
-1.363625	-4.487869	-5.156227	-3.611222	-3.745565	-3.947192	-3.428672	-0.781964	-3.572353	-2.871648
-1.363592	-4.238345	-5.334860	-3.718407	-3.772337	-3.921765	-4.097535	-1.415864	-3.463606	-1.756323
-1.376444	-3.655943	-4.013771	-3.704342	-3.758307	-4.467203	-4.106283	-2.236761	-3.609379	-2.138091
-1.379949	-3.189728	-2.815780	-2.661825	-2.923776	-2.391181	-3.500918	-2.754336	-2.792810	-2.588333
-1.374353	-2.344644	-1.957389	-0.713271	-0.874638	-0.211668	-2.366802	-2.537446	-1.512476	-2.053249
-1.372019	-0.933037	-1.245200	0.786667	1.255958	0.985451	-1.193673	-0.110125	0.196528	-1.053963
-1.380126	0.570726	-0.404273	1.483919	2.672959	1.547816	-0.367139	2.406931	1.388095	-0.183450
-1.313135	0.841600	0.106447	1.571829	3.356962	1.456305	0.028021	2.657097	1.294804	0.174894
0.679568	0.466498	0.031843	1.414615	3.332665	1.148627	0.096224	2.141163	1.089905	0.155247
3.044427	1.250691	0.375275	2.433464	2.984755	2.175584	0.513019	2.176100	2.299649	1.376074
3.150518	2.266628	1.398063	3.344081	2.931112	3.093087	1.309724	1.653217	2.370307	3.002628
1.796245	2.453940	1.924671	3.138886	3.091268	3.407152	1.629816	0.327969	1.427096	3.746671
-0.113769	1.793078	1.701035	2.267695	3.237977	3.408938	1.349764	-1.212817	0.012304	3.844538
0.412626	0.775983	0.873445	1.363056	3.128097	3.169586	0.793588	-1.198240	-0.527058	3.359355
2.706772	0.208196	0.048172	1.000269	2.639661	2.867378	0.357508	0.301471	0.028509	2.411654
4.322914	0.542627	-0.264470	1.177121	1.935077	2.643064	0.211364	1.654150	0.834165	1.420328
5.021585	2.002442	0.447586	1.556212	1.243378	2.465695	0.307048	2.370781	1.389104	0.810836
5.141149	2.888449	1.767797	1.851829	0.736775	1.943973	0.493198	2.597415	1.623419	0.426845
4.949718	3.122317	2.965539	1.974054	0.469905	1.259080	0.646762	2.518850	1.614555	0.047570
4.402090	3.119832	3.677694	2.179492	0.456666	0.865142	0.795056	2.276334	1.712098	-0.177257
2.615790	3.272837	4.068500	2.662077	0.772847	0.703031	1.121541	1.497479	1.696103	-0.108999
-0.180296	3.331941	4.235327	3.011100	1.197160	0.561165	1.489395	0.366304	1.522690	-0.053127
-2.992457	3.086485	4.131708	3.131830	1.522178	0.522269	1.743501	-0.652021	1.342012	-0.020602
-3.868879	2.862570	3.895891	3.147292	1.705129	1.178302	1.867304	-0.659078	1.874410	0.796621
-2.904694	2.794541	3.740079	3.118289	1.804072	1.721716	2.072382	-0.254875	2.001970	2.065963
-1.803319	2.869157	3.826025	2.991310	1.804574	1.958362	2.760725	-0.078836	1.790365	2.934368
-1.142618	2.651037	3.773907	2.820021	1.732063	2.074509	3.580517	-0.117512	1.395114	3.129167
-0.945550	1.989176	3.381784	1.990031	1.427003	1.653524	3.721486	-0.689269	-0.013055	2.661358
