X1	X2	X3	X4	X5	X6	X7	X8	X9	X10
-2.036427	-6.404928	-5.972172	-3.803418	-3.955284	-8.102789	-4.610983	-4.219277	-6.276547	-7.870556
-0.996709	-4.908432	-4.595121	-2.387299	-3.657984	-4.436160	-3.602007	-3.559874	-4.347745	-5.613704
1.428950	-2.120773	-1.947474	-0.207786	-2.552390	0.219513	-1.071549	-1.486578	-1.362973	-1.044728
2.421640	-0.168958	0.122296	1.233319	-0.281797	1.841506	1.123933	0.003576	-0.066961	1.050683
1.539862	0.755463	1.585484	1.859532	2.023527	2.097920	1.838823	0.144545	0.814497	1.369924
-0.487373	1.054475	2.073544	1.932627	3.282827	2.161835	1.636435	-0.137082	1.856111	1.130121
-2.751947	1.148736	2.024109	1.394176	3.540741	2.328383	1.619240	-0.286195	2.440705	1.166495
-4.144695	1.245113	1.682598	-0.578808	2.412744	1.879472	1.701369	-0.413039	2.385301	1.127366
-3.996427	1.200659	1.201802	-3.484237	-0.248104	1.146764	1.748412	-0.654565	1.937788	1.256303
-2.858668	0.987250	0.702647	-5.873620	-3.838351	0.488262	1.769973	-0.924135	1.334470	1.480922
-1.770491	0.236155	0.047326	-6.273042	-7.179685	0.225670	1.782898	-1.095710	0.840468	1.662431
-0.261079	-0.182087	-0.106614	-3.490003	-8.006114	0.778604	1.893083	-0.628050	1.264226	1.674402
2.067893	0.897920	0.706509	-0.214320	-5.033791	1.923139	2.221017	0.927195	2.261248	1.683065
3.764935	2.158038	1.605549	1.330885	-1.715730	2.533763	2.582154	2.342683	2.602346	1.720542
4.335705	2.542803	1.823528	1.907481	0.221650	2.678729	2.549537	2.866160	2.397841	1.554019
3.338651	2.153652	1.415870	2.023174	1.755604	2.779297	1.925439	2.385915	1.768704	1.619420
0.812777	1.637469	0.860419	1.672458	2.815289	2.814224	0.956719	1.827005	1.238444	1.864617
-1.616143	1.113579	0.217965	1.062407	2.730234	2.707532	-0.138360	2.025412	1.252382	1.714682
-0.746621	1.381932	0.329452	2.398123	2.034910	3.008799	-0.600356	3.221220	2.416882	1.726768
2.156478	2.393011	1.239883	4.029885	1.629095	3.442939	0.041409	4.424298	3.506963	2.103499
4.036909	3.155244	2.040315	4.552137	1.680070	3.657222	1.007148	5.020670	3.994079	2.448270
3.858074	3.129284	1.974313	3.118829	1.154663	3.186011	1.123722	4.703442	3.535986	2.162854
1.870814	1.925788	0.832253	-0.488887	-0.489427	1.411847	0.228502	2.897839	1.679439	1.052775
-1.286964	-0.775949	-1.277616	-6.075309	-2.838230	-2.599117	-1.231538	-0.458558	-2.966557	-0.323783
-4.386171	-4.431450	-4.000360	-10.321450	-5.020283	-8.965146	-2.780488	-4.146425	-10.507689	-1.812676
-5.732070	-7.979577	-6.267500	-9.310850	-6.027333	-14.624542	-4.008663	-7.577697	-15.883757	-3.727021
-4.551315	-6.990438	-6.250059	-4.241102	-4.699750	-13.982737	-4.565162	-7.714378	-13.557946	-5.628945
-2.469723	-2.857341	-4.123730	0.104542	-0.745382	-4.757891	-3.991557	-5.077286	-5.332598	-5.483677
-1.108861	-0.766555	-2.712936	0.745752	1.496021	-0.759437	-3.106009	-2.451861	-0.566116	-3.739735
-0.755728	-0.653552	-2.405553	-0.071841	1.362930	0.705521	-2.717178	-0.867499	1.569743	-1.348187
-1.094654	-0.856932	-1.685342	-0.181811	0.776237	1.743234	-2.457458	-0.108376	2.651775	0.683334
-1.689560	-0.908556	-1.177638	-0.390879	0.667404	2.035944	-2.147782	0.166593	2.971713	1.604068
-2.158276	-1.540549	-1.647357	-1.741586	-0.161621	0.952476	-2.243980	-0.206625	2.189218	1.046440
-2.305862	-2.950858	-2.862599	-3.448405	-1.787176	-1.938551	-2.727344	-1.377675	-0.024613	-0.797614
-2.166388	-4.737873	-4.379158	-4.399653	-3.548526	-6.705440	-3.326261	-2.935152	-4.197693	-3.526842
-1.916252	-5.473959	-5.081773	-2.072034	-2.892815	-5.092475	-3.482662	-3.773590	-4.829933	-3.670558
-1.724588	-3.759338	-4.102777	0.699871	0.475632	0.544123	-2.841522	-2.645336	-0.287115	-0.544705
-1.656853	-1.524089	-2.596844	2.025060	3.007950	2.159361	-1.876106	-0.866248	1.834933	1.143913
-1.699790	-0.321925	-1.428845	2.363706	4.001517	2.174231	-1.079605	-0.147226	2.057812	1.247541
-1.519800	0.050768	-0.673272	2.363382	4.102191	1.694056	-0.578526	-0.414228	1.624644	0.691090
0.410362	0.815574	0.285670	3.802084	4.097636	2.399331	0.203141	-0.082410	2.144768	0.785515
2.927200	2.421784	1.879242	5.220386	4.468983	3.689534	2.054451	1.514989	3.219108	2.253412
4.379672	3.315244	2.841623	5.575568	4.393178	4.196614	3.741808	2.896312	3.760052	3.275426
4.734006	3.490418	3.092821	5.389031	3.750725	4.342247	4.389738	3.430431	3.900537	3.742752
3.909027	3.112935	2.715368	4.317918	2.914290	4.112149	4.081430	3.047808	3.412384	3.789191
2.739332	2.219152	1.986276	2.084486	1.509128	3.298225	2.992694	1.970577	2.299577	3.340402
2.327989	1.162579	1.015091	-0.487043	-0.312683	1.727731	1.462257	1.012836	0.897682	2.259020
2.809374	0.259522	0.107816	-0.741644	-1.693755	0.024134	-0.003428	0.741930	0.154864	0.661045
3.573763	0.930607	0.829474	2.956785	-0.498814	1.102068	-0.304813	1.699462	1.888542	0.001438
4.087922	2.703572	2.287259	5.405751	3.020661	3.254689	0.926704	3.689159	3.867686	1.356977
4.225510	3.750484	3.443279	5.962471	5.152313	4.001316	2.297384	4.740180	4.509746	2.603219
4.090088	3.894137	3.877588	5.455111	5.633310	4.018078	2.787336	4.519965	4.408092	2.904160
3.771860	3.524757	3.842366	4.160670	5.172745	3.675079	2.570937	3.487755	3.786064	2.687418
2.553173	2.545255	3.144177	2.131038	4.164641	2.723323	1.920084	1.650639	2.327924	2.003388
0.202017	0.809974	1.740899	0.168846	2.984573	1.020218	1.041542	-0.799658	-0.005433	0.817746
-2.534610	-0.717583	0.203050	-0.362196	2.246482	-0.198665	0.598250	-1.630511	-1.186318	-0.123425
-4.043283	-0.613827	-0.388542	0.744586	2.339125	0.603421	1.297931	0.328735	0.071086	0.165293
-2.198808	0.644377	0.013313	2.234497	3.081975	1.988545	2.275936	2.377190	1.561324	1.137450
-0.171716	1.348462	0.210021	2.638888	3.673535	2.317048	2.377762	3.012097	2.266634	1.366453
0.788244	1.513753	0.233752	3.006117	3.931132	2.380336	1.877185	2.870279	2.612483	1.174703
2.143610	1.805529	0.675457	3.891641	4.258102	2.915446	1.651992	2.503190	3.053417	1.474658
3.552616	2.344967	1.554507	4.938567	4.643819	3.556162	2.373823	2.379564	3.570435	2.291126
4.354260	3.073466	2.572665	5.818520	5.160127	4.034245	3.337938	2.723593	4.118166	3.041499
4.525546	3.675145	3.501459	6.219233	5.555080	4.263847	3.900160	3.293256	4.507085	3.429317
4.295879	3.993851	3.879647	6.065679	5.502597	4.274491	4.033425	4.176329	4.758774	3.529284
3.927255	3.947994	3.747314	5.376187	4.682689	3.997246	3.761044	4.698147	4.684864	3.303745
3.490044	3.379552	3.033738	3.463441	2.878083	3.325570	3.017475	4.393934	4.322904	2.696282
2.139768	1.847691	1.450862	-0.921640	-0.286307	1.611803	1.607908	3.090423	3.382204	1.331702
-0.201044	-1.032929	-1.151060	-6.748258	-4.163944	-2.231977	-0.264285	0.638501	1.175782	-1.102069
-2.715514	-3.905565	-3.195091	-3.591244	-6.270031	-5.171994	-0.999225	-2.355269	-1.555030	-2.992918
-4.177222	-3.432555	-2.568956	1.823099	-3.294550	-1.381006	0.485936	-4.177374	-1.989934	-1.334820
-3.859038	-1.191996	-1.254299	3.249927	0.300628	1.179765	1.721258	-3.691183	-1.186789	1.041116
-2.401058	-0.472277	-1.103020	2.165875	1.347874	1.392951	1.736054	-2.589774	-1.532857	1.869015
0.254956	-0.656556	-0.994628	0.598121	0.729849	1.465882	1.748097	-1.381347	-1.061677	2.021313
3.051620	-0.378183	-0.303933	0.108986	-0.294983	1.859110	2.262273	0.279293	0.391413	1.994347
4.571678	0.488678	0.591611	0.738905	-0.840185	2.353659	2.958051	1.877683	1.849260	2.006765
4.918624	1.473724	1.318107	1.184678	-0.843856	2.722177	3.425264	3.416972	2.923509	2.063800
3.890787	1.819386	1.476504	0.350746	-0.886560	2.273824	3.510076	3.990748	2.815619	1.824254
1.319703	0.943248	0.833411	-1.634851	-1.493710	0.305444	2.904217	2.839760	1.270184	0.672795
-2.125887	-0.750671	0.447491	-3.803059	-2.477354	-3.797285	1.644017	0.152696	-2.040500	-1.501872
-5.009862	-2.289528	0.880299	-5.038035	-3.411751	-7.046719	0.744923	-3.228810	-7.341619	-3.263287
-5.547462	-2.967590	1.368244	-4.646983	-3.808120	-4.587652	0.011293	-6.327132	-12.473084	-3.525554
-3.712651	-2.347626	1.784175	-1.403656	-1.868495	-0.043709	-0.716537	-7.120431	-10.220023	-2.305000
-1.628314	-0.797780	2.188875	1.307369	1.538513	1.707857	-1.030886	-5.012192	-3.737535	-0.763472
-0.549616	0.453560	2.451981	2.231927	3.585461	1.850805	-0.967463	-2.577933	-0.589450	-0.073164
-0.458956	0.739510	2.428148	1.172159	3.533523	0.579042	-0.918379	-1.495102	-0.226545	-0.469111
-0.939038	0.140371	2.146188	-1.232453	1.740825	-2.429268	-1.191457	-1.746324	-1.279286	-1.875925
-1.549335	-0.856125	1.790006	-3.625741	-1.127388	-6.719179	-1.787918	-2.653112	-3.012683	-3.843814
-1.938836	-1.779144	1.476175	-5.042119	-4.177373	-10.807077	-2.507266	-3.585719	-5.093353	-5.835266
-1.981069	-1.584760	1.509300	-4.988109	-6.223579	-11.937889	-3.177428	-3.810741	-5.935867	-7.282508
-1.774728	0.142902	1.745816	-4.138959	-6.180152	-7.891408	-3.671094	-1.790248	-3.316979	-7.339201
-1.527545	1.558877	1.593920	-3.377928	-4.686497	-3.913634	-3.956307	0.951346	-0.668111	-6.228021
-1.381431	2.332135	1.819284	-2.943601	-3.219488	-2.145134	-4.058537	2.574113	0.740653	-4.980129
-1.360881	2.769732	2.145462	-0.402937	-1.941143	-0.749910	-3.630789	3.166359	1.903476	-3.581592
-1.417827	2.958987	2.098442	1.500650	-0.472927	0.516445	-2.401170	3.289357	2.569130	-1.745776
-1.506288	2.203107	1.227381	0.966828	-0.043330	0.383349	-1.373398	2.566042	2.360590	-1.018332
-1.571036	0.390121	-0.241624	-0.921969	-0.729766	-0.126377	-0.611993	0.994283	2.011895	-0.882419
-1.096434	-2.265312	-2.208757	-2.628003	-1.965667	-0.808058	-0.642891	-0.890009	1.038819	-1.127371
1.200778	-3.903802	-3.454631	-1.498795	-2.521233	0.746631	-0.923421	-1.475168	0.465172	0.072652
3.360644	-3.051717	-3.385339	0.064326	-1.937528	2.594224	-1.090541	-0.345291	0.233822	1.865054
4.169907	-1.420127	-2.330437	0.903556	-1.071739	3.481116	-1.226109	0.903748	0.984600	2.801995
4.195800	0.235714	-0.527041	1.157917	-0.365567	3.815052	-1.223571	2.081471	2.606866	3.000283
2.876110	0.655653	0.011298	-0.045393	-0.408432	3.179739	-1.420733	2.308669	3.185523	2.317449
0.308998	0.383098	0.712702	-0.763444	-0.366096	1.972698	-1.485511	1.565074	3.326154	1.035875
-2.640273	0.312472	1.640979	-0.722798	0.685931	0.521731	-0.204541	0.274992	2.613647	0.197292
-4.556899	-0.312678	1.610099	-1.619929	0.794264	-2.266837	0.962834	-1.541588	0.398310	-0.800642
-4.321434	-1.349891	1.393064	-2.889391	-0.299559	-6.720114	0.858900	-3.428584	-3.862962	-2.569578
-2.673323	-2.242565	1.266112	-3.843960	-2.065943	-11.362786	-0.143495	-4.691613	-9.772487	-4.847326
-1.193394	-2.151195	1.396429	-4.091658	-3.752111	-13.348400	-1.511756	-4.926433	-13.964311	-6.948351
-0.544039	-0.714124	1.784907	-3.784750	-4.601930	-11.349004	-2.796370	-4.409035	-12.685674	-8.142225
-0.624789	0.299422	1.823464	-3.352284	-4.386383	-8.355422	-3.702045	-3.767487	-8.391735	-8.234630
-1.100713	0.564138	1.777044	-3.098033	-3.618888	-6.641689	-4.130086	-3.409232	-5.433553	-7.682836
-1.590137	0.596136	1.286738	-2.820970	-2.819951	-5.935379	-4.168980	-3.359209	-4.031455	-7.005109
-1.841038	0.730061	0.673519	-1.061707	-0.965038	-2.618786	-3.139973	-3.292837	-2.543791	-4.844073
-1.800937	1.009738	0.378650	-0.637080	0.496883	-0.376415	-0.787811	-3.114867	-2.137544	-1.803258
-1.590599	1.120074	0.517000	-1.461831	0.366278	-0.424073	1.224112	-3.103881	-2.793120	-0.412361
-1.387092	1.130764	0.899970	-2.727685	-0.894735	-1.499074	2.332425	-3.285546	-4.012026	-0.181742
-1.290679	0.982983	0.971452	-3.711551	-2.587802	-2.980981	2.784842	-3.523545	-5.266862	-0.464838
-1.304976	0.789415	0.843430	-4.052508	-3.966381	-4.141329	2.878803	-3.597734	-5.822630	-0.884746
-1.369212	0.828632	0.748612	-3.341583	-4.391939	-3.779437	2.810376	-2.632145	-4.029253	-1.084496
-1.435363	1.067535	0.644369	0.118291	-2.595397	-0.765060	2.535768	-0.701498	-0.710377	-0.176024
-1.473515	0.897147	0.121700	1.239942	0.213534	1.173575	1.787651	0.738693	0.932114	1.178983
-1.481292	0.221991	-0.855488	0.239829	1.068312	1.513450	0.454293	1.827891	1.505538	1.771636
-1.469196	-0.721405	-2.035609	-1.818895	0.241031	1.162848	-1.176093	2.388592	1.307603	1.816079
-1.445423	-2.093636	-3.419394	-3.949785	-1.515233	0.909937	-2.695332	1.709290	-0.155603	1.706825
-1.423333	-3.915070	-4.858959	-4.998566	-3.403373	1.027730	-3.764840	-0.235304	-2.887058	1.686821
-1.414856	-5.707623	-6.003548	-4.702162	-4.583147	1.121403	-4.262926	-2.781955	-6.385383	1.675030
-1.414270	-6.880197	-6.603628	-3.786037	-4.588892	0.762762	-4.305069	-4.950414	-9.008235	1.565723
-1.413682	-7.134054	-6.661448	-3.085496	-3.807223	-0.353933	-4.118877	-5.745140	-9.237942	1.208953
-1.420658	-5.778560	-5.860166	-2.795847	-2.985406	-1.832083	-3.891622	-5.133909	-7.621373	0.753456
-1.416171	-3.692975	-4.628606	-2.803415	-2.525629	-3.782657	-3.601722	-4.070916	-5.797016	-0.178171
-1.406830	-2.701084	-3.597390	-2.962400	-2.450600	-4.693437	-2.536605	-3.101811	-2.707013	-1.392947
-1.395638	-2.542459	-2.583989	-3.136697	-2.613401	-4.102368	-1.684569	-2.178300	-0.505103	-2.597516
-1.383258	-2.524374	-0.880333	-3.263271	-2.849596	-4.117343	-1.620431	-1.935507	-0.615135	-3.778618
-1.381042	-2.384691	0.011891	-3.320749	-3.037916	-3.531810	-2.079627	-1.710739	-1.015001	-3.667148
-1.389666	-2.152454	-0.230084	-1.989576	-2.291991	-1.617052	-2.555805	-0.833868	-1.124977	-1.994176
-1.398419	-1.736169	-0.816420	0.642788	0.640808	0.327606	-2.347634	-0.466106	-0.800769	-0.256535
-1.401915	-0.946989	-1.166802	2.204315	3.308213	1.221680	-1.550684	-0.741015	-0.324549	0.458307
-1.399819	0.458725	-0.785478	2.732062	4.547447	1.705102	-0.706104	-1.125822	0.967339	0.606932
-1.402793	1.663219	-0.091096	2.658321	4.808228	2.390510	-0.127002	0.030157	3.025775	0.845511
-1.074937	2.036526	0.238917	2.096096	4.374824	2.731115	0.117457	1.823952	3.985057	1.104876
1.007175	1.834233	0.284476	2.086254	3.329960	2.961272	0.173854	2.823476	4.155299	1.294685
3.472925	1.827435	0.615573	3.144776	3.051383	3.595683	0.536229	3.128809	3.966377	1.974763
4.819751	2.062105	1.041108	3.961815	3.726828	3.890698	1.111493	3.048248	3.588101	2.601275
4.988177	2.083409	1.082633	3.476128	3.877248	3.485642	1.363191	2.665381	2.720255	2.550103
3.595281	1.157743	0.212162	1.213497	2.624155	1.654927	0.845886	1.414676	0.480073	1.411232
0.729424	-0.745612	-1.286699	-1.253026	0.170308	-1.873860	-0.169311	-0.604447	-1.354488	-0.704145
-2.737701	-1.772917	-1.978432	-0.736466	-1.891445	-2.832473	-0.741033	-1.456917	0.834754	-1.958430
-4.826916	-1.113707	-1.888456	-0.675574	-2.783614	-0.683636	-1.098539	0.637022	3.063436	-1.823968
-3.276772	0.025395	-1.517087	-0.800549	-2.728623	1.147352	-1.469490	3.129782	3.836159	-1.102814
1.163581	1.117248	-0.502381	0.727401	-1.332305	2.576210	-0.787867	4.318482	4.049201	0.370079
4.281330	2.057238	0.659223	2.684411	1.548720	3.646614	0.495943	4.569069	4.457424	2.046170
5.382448	2.669154	1.346148	3.048849	2.982889	3.924735	1.142658	4.796585	4.684008	2.756861
5.327744	2.688707	1.385343	2.583952	2.789338	3.549981	1.083326	4.619658	4.259135	2.589673
4.716079	2.109918	0.921708	1.820291	1.669645	2.674834	0.666358	3.685462	3.214981	1.881901
3.821868	1.352755	0.400879	2.033237	0.445954	1.708443	0.328625	2.324946	1.931132	1.069781
1.997783	0.934116	0.189376	3.074506	0.273740	0.852419	0.503269	0.726704	0.825248	0.513411
-0.682394	0.837565	0.172448	3.814287	1.048719	0.351988	0.954588	-0.786457	0.454795	0.200316
-3.212551	1.296567	0.541276	4.108425	1.949208	0.734183	1.384257	-0.572428	1.537809	0.269440
-4.281853	2.479927	1.683084	4.081303	2.472348	1.422719	1.660211	1.371024	2.658815	0.612547
-3.351932	3.209937	2.310955	3.794594	2.565827	1.871799	1.776779	2.855864	3.295455	0.904946
-1.585495	3.095787	2.297033	2.051321	1.895723	1.483148	1.419132	3.538604	3.156309	0.684084
-0.478229	2.342419	2.267686	-1.285962	0.185861	0.067766	0.392632	3.462058	2.367065	-0.413235
-0.279924	1.663497	2.562130	-1.720557	-1.542510	-0.876377	-0.623710	3.099738	1.906034	-1.509565
0.134078	1.928398	3.021636	2.198194	-1.081025	0.701138	-0.529383	2.881964	2.395930	-0.910894
2.034981	2.554888	3.030156	4.275881	1.158342	2.514575	0.548633	2.824646	3.017811	0.855244
3.332485	2.428261	2.265118	3.705695	2.248049	2.514690	1.081382	2.409920	2.612309	1.418447
2.744683	1.323270	0.701889	1.188901	1.581353	1.205067	0.595111	1.698112	1.483374	0.579549
0.803399	-0.678338	-1.578430	-2.997268	-0.298149	-0.653334	-0.522787	0.603131	-0.869303	-0.940465
-1.656989	-2.360079	-3.486224	-5.707056	-2.154801	-0.429286	-1.719402	-0.280051	-1.333824	-1.867087
-3.501007	-0.638138	-2.609291	-2.238969	-0.802355	2.264632	-2.153802	0.727125	1.635495	-0.466184
-3.745887	1.725326	-0.572529	1.583782	2.404694	3.467166	-1.629660	1.637450	2.868829	1.294684
-2.480582	2.944701	0.988047	3.563810	4.564901	3.835937	-0.494644	1.444621	3.010350	2.252730
0.431199	3.351239	1.822165	4.362675	5.413236	4.061312	0.612580	1.057864	2.994767	2.778182
2.442384	3.070416	1.907030	4.115701	5.470811	3.971157	1.385978	0.875315	2.490849	2.972782
2.302463	2.104787	1.574844	3.365850	5.013300	3.476433	1.871341	0.223790	1.497363	2.763785
0.769702	1.140255	1.795075	2.424512	4.355815	2.355998	1.925267	-0.692202	0.343496	2.096268
-1.316966	0.221116	2.107043	0.098469	2.773615	-0.470297	1.360316	-1.775547	-1.836158	0.559725
-2.945857	-0.246291	2.635945	-0.427047	0.351261	-3.825528	1.286935	-2.724921	-3.102844	-0.986084
-3.306084	0.969457	3.531346	2.589352	0.316972	-1.108631	2.595194	-2.525875	-0.723464	-0.099116
-2.525340	2.153034	3.922904	3.236298	2.359258	1.252005	3.827196	-1.620007	0.504408	1.386400
-1.476562	1.901665	3.375778	1.732470	2.817844	1.116299	4.179761	-1.348007	-0.087296	1.603699
-0.195594	0.560931	2.179315	-0.529417	1.665022	0.370644	4.019639	-1.588653	-1.073325	1.150024
1.462569	-0.764334	0.850343	-2.063096	-0.188619	0.123093	3.781587	-1.213851	-1.469182	0.892037
1.730635	-2.004053	-0.541577	-3.364503	-2.239886	-0.742771	3.478285	-1.096707	-2.551805	0.431008
0.728504	-2.361155	-1.283393	-3.988429	-3.840374	-0.261509	3.174451	-0.687043	-2.433081	0.263667
-0.869293	-0.650014	-0.661163	-3.860203	-4.368144	1.151162	2.947674	0.748461	-1.038997	0.693228
-2.252090	0.813646	-0.053099	-3.366449	-3.861509	1.979332	2.539481	2.178403	0.217646	1.062931
-2.615448	1.298349	0.063701	-0.485759	-2.480299	2.529201	1.668711	3.037205	1.624376	1.111060
-0.385879	2.100006	0.898652	3.621922	0.250824	3.617380	1.422164	3.747486	3.296821	1.973065
2.924341	3.005918	1.968876	5.433879	2.812024	4.288157	2.153790	4.005527	4.132866	3.066543
4.825369	3.505035	2.603456	5.979286	4.138235	4.401385	2.902488	3.808434	4.432043	3.541495
5.328782	3.650718	2.868586	5.961238	4.516387	4.188225	3.338401	3.411357	4.430782	3.535118
5.042743	3.635751	2.950071	5.719899	4.489848	3.871306	3.543487	3.094904	4.294324	3.358257
4.434817	3.536919	2.889736	5.270472	4.154438	3.573444	3.560221	2.985660	4.040313	3.173230
3.893348	3.170324	2.491089	4.200106	3.495100	3.348674	3.210221	2.887919	3.456333	3.182550
3.670334	2.610030	1.912383	3.082214	3.216978	3.374368	2.625675	2.723044	2.789374	3.391485
3.176959	1.679896	0.924199	0.921274	2.510425	2.819556	1.733507	2.179812	1.350062	3.297310
1.582823	-0.218425	-0.838465	-2.521961	0.752841	0.884641	0.390436	0.634684	-1.706915	2.389183
-0.746894	-2.982695	-3.151006	-5.698607	-1.714826	-3.464805	-1.155748	-1.674604	-6.189286	0.219953
-2.857586	-5.256108	-4.849609	-3.678605	-3.616780	-7.057191	-2.276080	-3.432054	-4.191963	-2.619725
-3.669311	-4.591274	-4.474555	-0.833673	-3.351090	-3.933592	-2.164685	-2.840762	0.572994	-3.768721
-2.966002	-2.813419	-2.949598	-0.518426	-2.282116	-0.665576	-0.660639	-1.150763	2.353702	-2.546666
-1.710595	-1.700557	-1.482866	-1.233623	-1.567685	0.174788	1.166727	-0.288857	2.150711	-0.929641
-0.834350	-0.563446	0.505145	-2.135955	-1.217358	-0.318459	2.450934	-0.718167	0.560887	-0.121580
-0.587166	0.055915	1.471306	-3.031195	-1.389896	-1.645295	3.075543	-1.946736	-2.558680	-0.045904
-0.796900	-0.487907	1.184017	-3.499366	-1.923525	-3.428214	3.119195	-3.295978	-6.876980	-0.484169
-0.904545	-1.900651	-0.051038	-3.022546	-2.443627	-5.165642	2.311859	-4.015538	-9.646439	-1.654350
0.822975	-2.577989	-1.254885	-0.341645	-1.969297	-2.326297	1.118759	-2.558278	-4.539373	-2.088791
3.314655	-1.427604	-1.614893	1.674541	-0.506898	1.627807	0.136195	0.249042	0.203909	-0.070374
4.793313	0.119634	-1.287667	2.410432	0.689437	3.032117	-0.416151	2.163897	2.044477	1.939020
5.126215	1.189617	-0.109840	2.281304	1.159949	3.087409	-0.574529	2.829440	2.559362	2.376482
3.969874	1.189410	0.304249	0.726838	0.726317	1.806768	-0.773960	2.174844	1.691021	1.562599
1.292876	-0.090640	-0.458449	-1.308641	-0.476845	-1.344739	-1.247907	0.237726	-0.406846	-0.438390
-2.151059	-1.681411	-1.409936	-0.721734	-1.338363	-4.851077	-1.454038	-2.164402	-2.395689	-2.667337
-4.870322	-1.778547	-1.360226	2.206740	-0.533155	-4.015353	-0.795446	-3.561829	-1.783690	-3.143730
-5.095916	-0.095642	0.438233	3.792443	1.194124	-0.856885	0.319378	-3.040592	-0.033752	-1.740824
-2.472570	1.327272	2.124881	3.350170	2.012278	0.741369	0.870967	-1.633447	0.604007	-0.101498
1.539315	1.941571	2.970266	2.246896	1.715799	1.695742	0.756282	0.039786	1.304963	0.938994
4.231078	2.126409	3.095625	1.172731	0.955586	2.163855	0.424107	1.595159	1.887821	1.285673
4.557422	1.577951	2.318892	-0.460692	-0.052358	1.403551	-0.090130	1.966550	1.292313	0.759668
3.164208	0.327038	0.841682	-1.088769	-0.607247	0.074125	-0.717413	0.991816	0.106724	-0.489694
2.034554	0.283412	-0.132790	0.178954	-0.085842	0.500229	-0.942922	0.206547	-0.047123	-0.837841
2.347611	0.991251	-0.522859	1.463946	0.616755	1.471465	-0.774120	0.565683	0.631764	-0.174535
3.374580	1.544411	-0.472135	1.913498	0.964079	2.411295	-0.478925	1.908635	1.726626	1.305672
3.212344	1.598072	-0.504267	0.761584	0.546655	2.095425	-0.523131	3.156445	2.085058	1.712505
1.607120	0.783780	-1.112989	-1.480073	-0.637554	1.036416	-1.050369	3.158116	2.057994	0.917459
-0.800472	-0.890100	-2.228774	-3.763227	-2.099332	-0.148729	-1.817340	1.845106	1.128100	-0.330450
-2.949000	-3.161972	-3.603817	-4.718719	-3.209298	-2.608512	-2.543555	-0.564095	-1.141107	-2.208464
-2.379087	-3.291439	-3.323988	0.054239	-2.552116	-1.244823	-2.454265	-2.461304	-0.388589	-2.113682
1.248898	0.809868	-0.187119	4.326387	0.701284	2.896643	-0.649331	-0.464457	2.892625	1.603864
3.082956	3.084406	1.693672	5.366256	3.156345	3.748465	1.233767	1.968409	3.768226	3.339503
2.586773	3.334333	2.033410	4.867579	3.763299	3.325080	2.071039	2.397534	3.433996	3.394821
0.708022	2.731397	1.744750	4.042279	3.262640	2.241036	2.157142	1.382529	2.573198	2.582313
-1.633401	1.970210	1.373149	3.504188	2.494879	1.760025	2.076885	0.137790	1.768233	1.726119
-3.297495	1.414267	1.052008	3.467114	1.959184	2.126995	2.024956	-0.686896	1.173086	1.348056
-3.432883	1.197083	0.874482	3.725873	1.875686	2.706282	2.091303	-1.010919	0.979720	1.483362
-2.375166	1.308159	0.961358	3.957367	2.118451	2.876297	2.459611	-0.939993	1.123511	1.838041
-1.211982	1.207701	0.796484	2.966387	2.068943	2.022533	2.598455	-0.878657	0.623669	1.594131
-0.610432	0.152349	-0.185318	0.245800	1.008266	-0.226896	1.981128	-1.234844	-0.238443	0.339028
-0.589845	-1.709966	-1.790448	-3.558089	-0.829514	-3.460706	0.691058	-1.763256	-1.575731	-1.198361
-0.905043	-3.929692	-3.569120	-6.350382	-2.763412	-5.390472	-0.728008	-2.472176	-3.710707	-1.426502
-1.275326	-5.696187	-4.910141	-5.798511	-3.896397	-3.407490	-1.781441	-3.136179	-5.722341	-0.258692
-1.489428	-6.414466	-5.643889	-3.826225	-3.794030	-1.564457	-2.487348	-3.510356	-6.832625	0.770075
-1.489090	-6.275513	-5.868429	-2.474963	-3.002092	-1.441324	-2.921639	-3.576526	-6.802993	0.764268
-1.349037	-5.643247	-5.616337	-1.519631	-1.874391	-2.436829	-3.057556	-3.418869	-5.648961	-0.416142
-0.285346	-4.401661	-4.731628	-0.358457	-0.798525	-1.007124	-2.813563	-2.635723	-2.980854	-1.224419
2.127459	-1.828687	-2.512550	0.960013	0.064883	2.306502	-1.978178	-0.095622	0.534792	0.432276
3.106882	0.212252	-0.373593	0.575139	0.244446	2.918593	-0.341308	1.917674	1.355099	1.683926
2.236467	0.356745	0.144606	-0.968837	-0.435856	1.895980	1.011386	1.761317	0.783354	1.459745
0.479477	-0.597296	-0.383485	-2.392884	-1.498199	0.231289	1.176386	0.590245	1.016706	0.363949
-1.348670	-1.816731	-1.152216	-3.302325	-2.398013	-1.918818	0.973869	-0.694041	0.649725	-0.857380
-2.561636	-3.037757	-2.151067	-3.552858	-2.885258	-3.966635	0.374676	-1.712001	0.586787	-2.301553
-2.679445	-3.069944	-2.435547	-3.276603	-2.900870	-3.085735	-0.614352	-0.808250	1.523344	-3.144730
-1.346629	-2.401870	-2.507822	-1.953486	-2.472326	-1.546384	-1.602835	0.450427	1.436872	-3.229515
1.633153	-1.047772	-1.898026	0.779610	-1.190218	0.589605	-1.820641	1.400664	1.496835	-2.002223
3.095277	-0.041938	-0.930768	1.133485	-0.095538	0.751011	-1.577170	1.511049	0.647760	-1.119667
2.469797	0.307769	0.577001	-0.124972	-0.084922	-0.595156	-1.589548	0.928063	-0.769394	-1.536572
0.564327	0.142064	1.738635	-2.062507	-0.890612	-3.368815	-1.897401	-0.309079	-3.123113	-2.844031
-1.715628	-0.369556	2.324325	-3.692658	-1.978565	-6.728791	-2.321459	-1.953353	-4.822612	-4.511725
-3.254923	-0.724630	2.565170	-4.174566	-2.816396	-6.507155	-2.702339	-2.797492	-2.014798	-5.328815
-3.273664	-0.948736	2.102443	-3.680317	-3.085915	-3.322100	-2.952042	-2.133284	0.965273	-4.754388
-2.191213	-1.473074	0.745029	-2.984178	-2.876020	-1.103787	-3.075084	-0.856322	2.410501	-3.637326
-1.078148	-2.210213	-1.236212	-2.534084	-2.489539	-0.233242	-3.116887	0.060229	2.940789	-2.770969
-0.526642	-2.861150	-3.281834	-2.396622	-2.190054	-0.064790	-2.989324	0.381443	2.978873	-2.274530
-0.543399	-2.815647	-3.832682	-1.230089	-1.868653	0.846473	-1.554044	0.327108	2.958341	-1.077901
-0.877438	-1.016853	-1.646679	1.752912	-0.556513	2.888516	1.261513	0.469711	3.347076	1.437981
-1.252974	0.502916	0.143750	2.097523	0.650049	3.620238	3.079605	0.543965	2.897158	3.127039
-1.474956	0.766310	0.509035	2.077907	1.950132	3.484413	3.259429	0.143014	1.750239	3.556392
-1.482767	0.532651	0.313050	2.260533	3.576024	3.001756	2.651186	-0.520439	0.248546	3.504883
-1.340372	0.193444	-0.078931	2.448792	4.690273	2.389206	1.804895	-1.204516	-1.018422	3.243318
-1.169069	-0.049275	-0.462782	2.558118	5.129842	1.615283	1.059941	-1.634460	-1.318864	2.568856
-1.071275	-0.229116	-0.851029	1.851532	4.779050	0.653913	0.466145	-1.569314	-0.421200	1.373925
-1.067020	-1.003370	-1.737067	-0.220715	3.035867	-1.683465	-0.317847	-1.538877	-0.839041	-0.756217
-1.115547	-2.467240	-3.020895	-2.852337	-0.040689	-5.495623	-1.269933	-1.955982	-2.271196	-3.758802
-0.871680	-4.017733	-4.200029	-4.175120	-3.527994	-8.679409	-2.108786	-2.458947	-3.732999	-6.623147
-0.345191	-4.903350	-4.854264	-3.571023	-5.903233	-8.720480	-2.622007	-2.645582	-4.569155	-7.945141
1.401254	-3.914397	-4.196587	-0.618166	-4.899675	-3.059183	-2.496411	-1.583656	-2.214801	-5.975912
2.931798	-1.628901	-2.070558	0.799986	-1.901435	0.092212	-1.890648	0.099091	-0.417605	-2.796331
2.648519	-0.253107	0.300951	0.199644	-0.158760	-0.237927	-1.596129	0.425609	-0.638371	-1.822208
1.027251	0.259075	1.866729	-1.348540	-0.022682	-1.694877	-1.747670	-0.409320	-0.712175	-2.343369
-1.134761	1.108874	2.896938	-2.960395	-0.855723	-2.327435	-2.142148	-1.104688	0.734701	-2.942352
-2.821141	2.013533	3.365918	-3.798168	-1.995923	-0.577046	-2.557853	0.128651	2.615651	-1.792239
-3.180563	2.084433	2.863574	-3.662182	-2.854387	0.755471	-2.863955	2.036540	2.955574	0.173438
-2.300037	0.898910	1.323884	-2.889617	-3.016237	0.686695	-3.001490	2.147174	1.789070	1.243355
0.058638	-0.879480	-0.734484	-0.766806	-2.211476	1.006814	-2.760311	1.136546	0.281625	1.852382
3.078295	-1.411598	-1.894307	1.497021	-0.610922	1.889775	-1.609939	0.664305	-0.082667	2.209160
4.654938	0.182068	-0.728985	3.311765	1.872096	2.920562	0.925087	1.284828	1.117209	2.592864
4.069802	2.682320	1.626054	4.538058	4.175100	3.444092	3.243032	2.523546	2.682267	2.929874
1.824904	4.046864	2.910690	4.937019	4.933692	3.170184	4.106487	2.956318	3.205983	2.731694
-1.308307	4.257825	3.091836	3.989363	4.325819	2.088723	3.824677	2.086997	2.642047	1.883563
-3.234848	3.671828	2.509567	1.748828	2.372649	1.088648	2.685676	0.333384	1.205351	0.657078
-0.483505	3.066057	2.094396	0.057199	-0.148462	2.036974	1.837197	-0.502252	0.312161	1.213065
3.439849	2.955412	2.119757	0.059077	-1.879698	3.136490	1.969969	0.403155	0.457969	2.758453
5.363879	3.147860	2.126266	1.083284	-1.768274	3.480060	2.002174	1.819324	1.157384	3.442626
5.671106	3.238750	1.948280	2.164068	-0.378981	3.226075	1.674310	2.688316	1.820670	3.220836
4.377476	2.988180	1.686826	4.065590	1.895779	2.971127	1.537502	2.595822	2.463382	2.614604
1.478014	2.881486	1.817029	5.579294	4.602044	3.488215	2.106690	1.802022	3.122295	2.546760
-2.210110	2.817135	1.929911	5.695846	5.700184	3.669863	2.731576	0.792390	3.429000	2.633660
-3.377324	2.486587	1.649349	4.545098	5.111813	3.507760	2.700068	0.698767	3.880143	2.399461
0.520843	2.120433	1.212662	2.598793	3.276285	3.308457	2.131415	2.000899	4.307690	2.070353
4.215601	1.913649	0.819006	0.767318	0.690728	3.172039	1.371701	3.382743	4.563463	1.817626
5.668510	2.049159	0.762768	1.287877	-1.241119	3.310448	0.861445	4.145910	4.786282	1.847481
5.602784	2.427703	0.982986	2.437263	-0.711809	3.474264	0.790452	4.322324	4.820936	2.094006
3.903124	2.285625	0.785634	2.205899	1.270515	3.017509	0.685577	3.631632	4.397824	1.912995
0.676142	1.178525	-0.178935	0.397182	1.847113	1.580021	0.100430	2.031115	3.400024	0.894540
-3.082237	-0.828377	-1.721238	-2.187959	0.951303	-1.532138	-0.833021	-0.243448	0.984783	-0.984016
-5.617655	-3.372177	-3.503202	-4.233110	-0.770609	-6.866128	-1.804572	-2.731857	-3.911221	-3.596341
-5.052380	-5.703430	-5.051650	-4.643023	-2.560552	-12.593813	-2.572215	-4.565565	-11.012696	-6.259341
-2.524583	-6.930363	-5.911977	-3.623077	-3.600742	-14.998358	-2.977088	-4.982377	-16.070348	-7.983964
0.265265	-6.135185	-5.532485	-1.397674	-3.270341	-8.584731	-2.804734	-3.671978	-10.695370	-7.381975
2.707814	-3.335992	-3.668977	0.705441	-1.709943	-1.216546	-2.115187	-1.063539	-2.199383	-4.258941
4.085656	-0.324184	-0.435673	1.713542	-0.089721	1.505179	-1.286978	1.119256	1.066898	-1.042289
3.620430	1.083170	1.591194	0.882463	0.476877	1.233852	-0.924843	1.557474	1.432838	-0.161837
1.646716	1.003859	1.718952	-0.987072	-0.063936	0.066859	-1.149760	0.757334	1.755594	-0.747257
-1.065133	0.828327	1.138613	-2.827499	-1.135922	-1.038312	-1.670880	-0.217584	2.230011	-1.697970
-3.319659	0.838558	0.350091	-1.533311	-0.738836	-0.294474	-1.929762	-0.599836	2.949009	-1.901571
-3.885116	0.975354	-0.067605	1.326196	2.025992	1.601459	-1.430018	-0.095607	3.633598	-0.697795
-2.759027	1.441751	0.959532	2.929950	4.379612	2.724372	-0.542664	0.745523	4.041739	0.652976
-1.251224	2.162383	2.518083	3.445052	5.405477	3.138556	0.235367	1.347559	4.145646	1.442194
-0.353389	2.544417	3.153471	3.348177	5.561839	2.886089	0.712810	1.290438	3.516614	1.586788
-0.203257	2.232458	2.763418	2.877549	5.231110	2.093435	0.907730	0.473221	2.080312	1.213695
-0.533707	1.452141	1.694495	1.200823	4.012320	0.153349	0.708459	-0.833129	-0.751842	0.194524
-1.000548	-0.115957	0.151506	-1.572591	1.429056	-3.129527	0.740385	-2.294003	-5.347601	-1.180675
-1.327796	-1.794613	-1.046108	-3.804564	-2.008295	-5.601047	1.502360	-2.680874	-8.219226	-1.853978
-1.399774	-1.893314	-0.880124	-1.522094	-4.444842	-3.276643	2.717039	-1.258618	-4.073868	-1.006784
-1.282387	-0.456991	0.045085	-0.378507	-4.094264	-0.489529	3.592460	1.219641	-0.029077	0.218313
-1.108595	0.680769	0.662023	-0.700953	-2.543183	0.676673	3.833391	2.950584	1.598347	0.988497
-0.456824	1.162414	0.756487	-0.920480	-1.284339	1.064226	3.244461	3.746772	2.437319	1.057687
0.849754	1.705850	1.488327	-0.792645	-0.517797	1.110387	2.021278	4.144670	2.805483	0.588694
1.465373	2.097562	2.441114	-0.892818	-0.460882	0.496569	0.422815	4.031881	2.657348	-0.484582
2.577787	2.656277	3.354663	0.430367	-0.420540	0.805814	-0.839569	3.642135	2.467436	-1.035594
3.850594	3.459990	4.043871	1.614412	-0.000365	1.588275	-1.262765	2.960586	2.094105	-0.634787
4.279036	3.828944	4.062686	1.911751	0.359313	2.622159	-1.159413	1.946778	1.438934	0.598751
4.139391	3.770720	3.860329	1.681940	0.550701	3.362812	-0.831847	1.269460	1.424200	2.257674
2.751126	2.974396	3.451696	0.120353	0.153122	2.903062	-0.829525	0.487487	0.429678	2.797045
0.301851	1.369368	2.914288	-2.063525	-0.823668	1.407621	-1.256093	-0.885876	-1.756956	2.531828
-2.289293	-0.252787	2.638163	-1.083764	-1.482500	-0.255829	-1.564582	-2.330261	-3.114776	2.076671
-3.729756	-0.205882	2.864434	1.469080	-0.616480	0.495977	-1.055223	-2.792616	-2.101872	2.171551
-3.304920	0.012100	2.357086	1.383557	0.179518	1.342970	-0.714649	-2.574236	-1.983801	2.296327
-1.873779	-0.444939	1.055794	1.334862	1.196668	1.732612	-0.684450	-2.276932	-1.632481	2.290300
-0.687052	-0.724463	-0.325966	1.984103	3.083172	2.218003	-0.448740	-1.859452	-0.605214	2.480581
-0.221924	-0.305075	-1.137013	2.353288	4.490148	2.606323	-0.062060	-0.700824	0.905789	2.748598
-0.344832	0.353971	-1.466794	1.186220	4.270579	2.322205	-0.060224	1.315433	1.706512	2.722731
-0.740034	0.228640	-1.980825	-1.065788	2.436707	1.038089	-0.596688	2.233843	1.155481	2.128776
-1.121907	-0.950766	-2.884476	-3.363036	-0.566709	-1.981491	-1.403955	1.418410	-0.683865	0.439890
-1.301892	-2.766405	-3.891162	-4.419083	-3.753065	-6.394186	-2.188044	-0.499366	-2.631650	-2.320231
-1.260118	-4.274512	-4.517778	-3.977207	-5.710954	-7.596162	-2.756809	-2.154910	-1.222353	-5.008057
-1.107760	-4.644639	-4.593540	-3.019573	-5.265823	-4.317380	-3.060194	-2.288945	1.083910	-6.028931
-0.976517	-4.174036	-4.187653	-2.163742	-3.353359	-2.105450	-2.748182	-1.549575	1.485636	-5.199009
-0.915073	-3.033723	-2.646994	-0.317680	-0.449698	-0.446032	-0.714953	-1.162272	0.903880	-2.638856
-0.927199	-1.846211	-0.844753	0.032029	1.375713	-0.088723	1.633921	-1.358718	-0.732321	-0.515126
-0.978376	-0.995248	1.166849	-0.810253	1.308304	-0.774766	3.013916	-2.029205	-3.324530	0.288572
-1.025229	-0.393950	2.557242	-2.045387	0.024820	-1.184278	3.312551	-2.756897	-5.239121	0.884013
-0.374577	0.116210	2.998618	-2.057048	-1.560846	0.335886	2.561000	-2.208786	-1.202440	1.608714
1.261763	0.482716	2.489339	-0.640946	-2.318098	2.031505	1.296997	-0.164639	1.918760	2.332053
3.406483	0.842047	1.547740	1.351524	-1.513921	3.071255	0.179362	1.793377	3.045714	2.891222
4.597146	1.240135	0.597366	2.482858	0.445228	3.504678	-0.353788	2.771345	3.199606	3.269424
3.897721	0.815793	-0.748949	1.547964	1.433450	2.758735	-0.738814	2.219175	1.949097	3.032519
1.668068	-0.715285	-2.544329	-0.635307	0.935939	0.951057	-1.321434	0.332895	-0.824413	2.221834
-1.302765	-2.090930	-3.143598	-3.070173	-0.474858	-1.977802	-1.985279	-1.967870	-2.750419	0.573098
-3.704073	-0.818886	-0.491659	-4.478449	-2.111904	-4.197162	-2.561948	-2.987967	-0.966507	-1.654467
-4.146287	1.505249	2.144776	-4.254010	-3.252100	-3.879744	-2.939945	-2.085822	1.433770	-3.663161
-2.735570	2.918849	3.444923	-3.245106	-3.460549	-2.166770	-3.122811	-0.562493	2.761276	-4.589455
-1.079241	3.373114	3.917296	-2.406178	-2.950987	-0.852315	-3.170516	0.434608	3.303573	-4.310873
-0.180491	2.878471	3.675619	-2.009797	-2.277707	-0.653875	-3.138917	0.610219	2.907354	-3.642492
-0.085582	1.452606	2.601072	0.220617	-1.371703	-0.297542	-2.749306	-0.083950	1.756053	-2.866120
-0.473832	0.290862	1.354392	3.255475	0.451987	1.412870	-1.375299	-0.864537	1.033342	-0.845191
-0.986768	0.247188	0.428007	4.505128	2.201142	2.299235	0.260922	-1.142925	0.920781	1.108658
-1.328935	0.321867	-0.482133	3.724635	2.773319	2.192489	1.087266	-1.212129	0.173328	2.157781
-1.330140	-0.238374	-1.162954	1.350686	2.151520	1.475664	1.647397	-1.538534	-1.391373	2.446995
0.206071	-0.666218	-0.652048	-0.774713	0.730332	1.776332	2.312764	-1.370793	-1.602749	2.382713
2.993990	0.377549	1.379556	-0.505647	-0.434813	2.832573	2.447716	0.201479	0.181018	2.287953
4.724684	1.827104	2.969137	0.685312	-0.712980	3.068160	1.970099	1.852430	1.545280	1.932177
4.352457	2.264970	3.518933	0.466967	-0.627101	2.126666	0.967416	2.033978	1.214897	0.826883
2.276664	2.030419	3.601930	-0.637282	-0.634738	0.327425	-0.334672	0.735524	-0.313530	-0.253985
-0.788067	1.942020	3.578377	-2.147457	-1.029204	-2.071301	-1.642051	-1.391151	-2.891085	-0.510324
-3.577823	2.100238	3.524873	-3.254908	-1.668608	-3.867916	-2.684659	-3.473633	-5.744347	-0.103481
-4.499984	2.402328	3.315957	-1.806612	-1.962664	-2.792504	-3.107005	-3.812409	-4.909020	0.664569
-3.198004	2.131074	2.386945	-0.154999	-1.388360	-0.619880	-2.699129	-2.305013	-2.620759	1.459872
-1.324621	0.668599	0.491201	-0.320517	-0.981815	-0.066945	-2.324279	-1.293157	-2.051922	1.643974
-0.199082	-1.578559	-2.028834	-1.346233	-1.111680	-0.467786	-2.287406	-0.828907	-1.764690	1.215721
0.017776	-3.910358	-4.579974	-2.495007	-1.597546	-0.853935	-2.489298	-0.887765	-2.244252	0.663495
-0.350339	-5.667054	-6.245652	-3.181188	-2.132159	0.106538	-2.765632	-1.560482	-3.133380	0.689053
-0.904101	-5.580845	-4.913747	-3.219441	-2.461957	0.930185	-2.999274	-2.152211	-1.527130	0.613929
-1.314537	-4.088245	-3.024262	-2.933637	-2.520227	1.397911	-3.001912	-1.792039	1.139385	0.868509
-1.420221	-2.607886	-1.671443	-2.584740	-2.394707	1.709270	-1.795593	-0.867855	2.383913	1.711924
-1.277374	-2.014851	-1.272427	-2.369714	-2.210204	1.165831	-0.479159	-0.531542	1.800756	2.147536
-1.068342	-2.481702	-1.876547	-2.363744	-2.095996	-0.357847	-0.242249	-1.103076	-0.169558	1.796292
-0.927963	-3.566509	-3.003054	-2.472146	-2.091584	-3.362617	-0.806657	-2.170469	-3.419926	0.310739
-0.893452	-4.712277	-4.200266	-2.548877	-2.144582	-7.429991	-1.691652	-3.168291	-7.047242	-2.287711
-0.940878	-5.464895	-5.091855	-2.561786	-2.187642	-10.700382	-2.523368	-3.670972	-9.024215	-5.439123
-1.021253	-5.697846	-5.533554	-2.590778	-2.217314	-11.212943	-3.106460	-3.644034	-8.346480	-8.107324
-1.082563	-5.560233	-5.581710	-2.608335	-2.242856	-9.367717	-3.405640	-3.350738	-6.361675	-9.274931
-1.102446	-4.355558	-4.794725	-1.666581	-1.694976	-6.150365	-3.386007	-3.016729	-4.097019	-8.246773
-1.041104	-1.665327	-2.779789	0.910101	0.951253	-1.478505	-2.638033	-2.457513	-1.252740	-4.686148
-0.722276	0.208603	-1.271723	1.721697	3.042745	0.322657	-1.645903	-1.712977	0.085367	-1.903220
-0.508038	0.264622	-1.102926	0.633856	2.950580	-0.169172	-1.154185	-1.468561	-0.336035	-1.346585
-0.569890	-0.834104	-1.263878	-1.399588	1.278603	-0.378612	-0.260351	-1.753608	-1.582800	-1.024739
-0.806681	-2.194269	-1.202547	-3.379573	-1.274522	-0.764986	1.085382	-2.083298	-2.387261	-0.558815
-1.062868	-3.195898	-1.002942	-4.249764	-3.730677	-1.649860	2.203197	-2.277363	-3.123438	-0.374855
-1.201480	-2.898061	-0.531306	-3.900169	-4.929822	-1.975142	2.851116	-1.094246	-1.892120	-0.304466
-1.190017	-1.509762	0.015337	-3.079733	-4.396124	-1.659091	3.098397	0.979231	-0.407475	-0.214898
-1.092221	-0.808547	0.086328	-2.421365	-3.048422	-1.905901	3.037904	1.535535	-0.553489	-0.408290
-1.001890	-0.647430	0.210918	0.239825	-1.433162	-1.286164	3.130306	0.637773	-0.098938	-0.331301
-0.959515	0.440121	1.059683	3.269523	0.677054	1.272279	3.598810	-0.153451	2.613652	0.830725
-0.966697	1.845940	1.902817	4.483151	2.346221	2.795728	3.950428	0.164847	4.329982	1.951961
-0.997282	2.284283	1.878943	3.542706	2.646938	2.920558	3.614765	0.860028	4.657222	2.260579
-1.026065	1.350735	0.788467	0.988494	1.574092	2.070811	2.353677	0.757010	3.732706	2.022772
-1.046804	-0.378617	-0.753934	-1.381823	0.684534	0.987220	0.706861	-0.234480	1.600095	1.790667
-0.869623	-2.408838	-2.501923	-3.206143	-0.078009	-0.415950	-0.955218	-1.611520	-2.363954	1.507120
0.938658	-3.289577	-3.397526	-1.695078	-0.662021	0.153536	-2.077522	-1.778979	-4.350040	1.622954
3.228520	-1.937818	-2.792815	0.422910	-0.629127	1.399050	-2.251615	-0.129828	-2.232665	1.928889
3.551284	-0.438676	-1.932062	1.376505	0.200641	1.477221	-1.971384	1.358192	0.173183	1.398154
2.132284	0.701276	-1.041989	1.221774	1.523176	1.257562	-1.585014	2.591358	2.127306	0.453668
-0.258927	1.161405	-0.658964	-0.212200	1.541373	1.576455	-1.608547	3.527558	3.659704	-0.390311
-2.568773	1.571864	-0.142816	0.543325	0.843629	2.195248	-1.578996	4.201197	4.684388	-0.357615
-3.596267	2.382835	0.849400	2.878049	0.829703	2.518173	-0.785727	4.484954	4.991789	0.348937
-2.941362	3.081880	1.700776	4.261184	1.574929	2.830584	0.319320	4.408457	4.907850	1.129088
-1.581472	3.374857	2.098514	4.281182	2.272964	3.169957	1.088936	4.124294	4.446134	1.794514
-0.591204	2.724980	1.517020	2.373027	1.892232	2.913517	0.924025	3.126817	2.790908	1.955388
-0.286742	0.781044	-0.036394	-1.281383	0.379746	2.076899	-0.033923	0.912350	-0.985033	1.604974
-0.501786	-2.069998	-2.001213	-3.708279	-0.890238	1.292598	-1.186838	-1.981792	-6.501476	1.075181
-0.930425	-3.880587	-2.944542	-1.249098	0.650943	1.640303	-1.500866	-4.206214	-7.928774	1.522955
-0.941959	-3.021521	-2.004789	0.968057	2.787888	2.004437	-0.123319	-4.177889	-4.155737	2.214731
-0.440576	-1.395822	-0.669106	0.841763	3.013506	1.325523	1.574334	-2.294241	-1.327703	2.056328
0.887489	0.486722	1.372308	0.563593	1.793326	1.480697	2.697012	0.947440	1.677172	1.716763
3.117324	2.532970	3.257893	1.026627	0.207413	3.025865	3.391768	3.944118	3.687284	2.151313
4.722680	3.655044	3.929975	2.446081	-0.624235	4.068575	3.836011	5.431364	4.737752	2.902616
5.271474	4.306185	4.217764	4.496003	0.632114	4.512584	4.288538	5.959055	5.404824	3.549951
4.375998	4.516881	4.080674	5.180943	2.509593	4.408797	4.228645	5.830632	5.648147	3.594157
1.921770	4.231746	3.483020	4.445112	3.259976	4.087030	3.512368	5.237579	5.606647	3.263179
-1.432693	3.036912	2.059349	1.733927	2.423280	2.791943	2.047273	3.751280	4.570186	2.201089
-4.227207	0.615175	-0.149561	-1.426085	1.035245	-0.084172	0.187465	0.930214	2.057239	0.132198
-3.225984	-1.457952	-1.695447	-0.352598	1.552694	-1.278436	-0.995874	-1.890710	-0.604285	-1.307730
-0.136680	-1.908094	-2.283768	0.361178	2.484441	-1.503489	-1.386755	-2.876110	-3.288244	-1.748449
1.291302	-2.242515	-2.976894	-0.497149	1.968050	-3.025846	-1.800815	-2.779881	-6.038438	-2.725667
1.071202	-2.109421	-3.239060	-2.016529	0.234024	-5.412546	-2.383531	-2.582212	-7.520459	-4.242146
-0.050859	-1.035398	-2.740591	-3.382544	-2.062815	-7.783852	-3.000083	-2.629175	-7.147238	-5.835834
-1.334799	0.123862	-2.001394	-3.954548	-3.992454	-9.048428	-3.499926	-2.867516	-5.819071	-6.997364
-2.124545	0.309132	-1.833612	-3.768103	-4.674452	-8.787000	-3.818711	-3.132469	-4.658755	-7.430501
-2.135148	-0.772466	-2.442324	-3.291009	-4.068634	-4.442754	-3.967369	-3.298635	-3.934480	-5.344211
-1.621929	-2.250567	-3.149053	-2.918411	-3.020537	0.639974	-4.004509	-3.020768	-1.432894	-1.056179
-1.067413	-2.808591	-3.379972	-2.783102	-2.273150	2.382746	-3.991799	-1.922567	1.434983	1.489531
-0.150277	-2.542452	-3.275039	-1.886602	-1.870126	2.546870	-3.847826	-0.346848	3.289960	1.866714
2.126637	-0.950705	-2.145718	0.248826	-1.170561	2.750063	-3.169288	1.728916	4.548330	1.675304
3.847078	0.789591	-0.532470	1.197809	-0.359595	2.750899	-1.567219	3.169771	4.894949	1.559509
3.791321	1.315977	0.428209	0.582121	-0.153629	1.883631	0.398600	3.046678	4.104287	1.240052
2.152080	0.578043	0.268589	-1.215738	-0.749339	0.062175	1.201778	1.621815	2.747838	0.282094
-0.194201	-0.908980	-0.686147	-2.768078	-1.753376	-2.091333	0.702132	-0.201682	1.125744	-1.201700
-0.343472	-1.737481	-1.407486	-1.403380	-2.090829	-1.778947	-0.225612	-0.877989	0.244364	-2.092503
2.187114	-0.959535	-1.345544	0.730729	-1.283459	0.305094	-0.935518	0.308487	0.717876	-1.617559
4.444436	0.368395	-0.831941	1.931784	-0.099389	1.667123	-1.241760	1.881267	1.694487	-0.595216
5.390117	1.444396	-0.100626	2.941648	1.353871	2.646432	-1.082928	2.892031	3.099394	0.450790
5.394392	2.526309	1.101794	3.950965	3.450457	3.675636	-0.132008	3.640368	4.716160	1.838276
4.903032	3.659063	2.570194	4.509578	4.964727	4.266856	1.552512	4.179176	5.589827	3.005462
3.839118	4.429587	3.618213	4.468050	5.598216	4.402565	3.114375	4.282941	5.846824	3.609901
1.609087	4.529544	3.903623	3.544129	5.455808	4.035317	3.860349	3.525730	5.546912	3.579996
-1.325003	3.938372	3.487799	2.262948	4.838209	3.037643	3.779877	1.885214	4.435343	2.999188
-3.743086	2.516889	2.430179	1.128376	4.039857	1.183872	2.931105	-0.371596	2.072337	1.777368
-4.272670	0.532753	1.353515	0.684605	2.765376	-1.730442	1.595782	-2.488249	-1.731987	-0.101677
-2.698717	-0.743433	1.283770	0.679917	1.005206	-2.976060	0.211486	-3.390970	-5.178551	-1.822446
0.827295	0.330905	2.567943	2.791633	-0.129684	1.358079	-0.037030	-1.606138	-1.183488	-0.773826
3.901856	3.005885	4.171981	4.290441	1.281832	3.969233	1.617017	2.409572	3.526916	2.226005
5.274257	4.251297	4.700950	3.995127	2.579639	4.372813	3.012449	4.977366	4.895001	3.390770
5.466601	4.424478	4.570714	3.624944	2.773193	4.260380	3.681975	5.836860	5.400660	3.568698
4.790126	4.396410	4.328153	3.966059	2.801236	4.009675	4.125071	5.921638	5.581840	3.581022
2.728537	4.157109	3.936437	4.023970	2.697570	3.393750	4.312198	5.361816	5.325529	3.331093
-0.479298	3.645713	3.380966	3.275850	2.273910	2.333371	4.229845	4.233908	4.508840	2.820233
-3.672068	2.310498	2.308480	0.732206	0.986165	-0.192406	3.621762	2.012635	2.123576	1.622364
-5.145379	0.044056	1.278414	-3.339893	-1.116143	-4.806180	2.293978	-1.222191	-3.281854	-0.395969
-4.013785	-2.581350	0.348704	-7.026983	-3.343732	-7.593135	1.088267	-4.547670	-11.892930	-1.217463
-1.884436	-4.785680	-0.678931	-7.593548	-4.762329	-6.597980	0.499580	-6.643552	-18.516406	-1.040762
-0.447797	-5.980863	-2.075015	-5.561031	-4.802358	-4.468268	-0.236659	-6.142120	-18.318705	-1.456716
-0.055828	-6.072890	-3.636354	-3.589410	-3.894349	-1.930972	-1.384556	-4.018566	-5.772662	-2.120731
-0.389297	-5.363707	-4.870922	-2.639023	-2.915069	-1.400988	-2.678867	-1.998705	-0.376459	-2.996813
-0.604576	-4.590176	-5.470757	-1.935468	-2.287964	-2.076020	-3.734438	-1.133855	0.680865	-4.103200
0.770777	-2.992613	-4.484699	-0.199596	-1.554180	-1.253550	-3.943703	-0.332085	1.444015	-3.864171
1.603559	-0.958564	-2.454600	2.096052	-0.307053	-0.170279	-3.030876	0.189942	1.989830	-2.417311
1.121886	0.980802	-0.342524	3.526371	1.160130	0.674650	-1.501466	0.195051	2.395916	-0.856528
-0.167674	2.535555	1.259766	4.048772	2.163728	1.091326	-0.219748	-0.105284	2.599629	0.110691
-1.551576	3.373185	2.127074	3.917076	2.531007	1.138449	0.505054	-0.450330	2.576923	0.494384
-2.345698	3.416048	2.142279	2.234397	1.975239	0.123051	0.434658	-0.911310	1.554633	0.047838
-1.613744	2.514372	1.289388	-0.584066	0.378847	-1.667437	-0.413296	-1.444169	-0.053636	-1.294563
1.422641	1.428827	0.527599	0.226505	-0.829229	-0.392150	-1.058730	-0.524918	0.867108	-1.566900
4.092120	1.782604	0.969503	3.349076	0.210780	2.404797	-0.560562	1.787481	3.359149	0.566899
4.777587	2.995850	1.927320	4.762176	2.264625	3.559289	0.457904	3.811662	5.018801	2.244922
3.439440	3.526903	2.359002	4.816267	4.013080	3.841965	1.157647	4.251692	5.573577	2.894771
0.647773	3.005914	1.843194	3.022366	4.177353	3.620646	0.946359	3.369401	5.331796	3.033675
-2.625575	1.309035	0.428516	-1.070444	2.587601	2.665120	-0.101752	1.466150	4.196985	2.499178
-4.821866	-1.543679	-1.610959	-6.978003	-0.472271	0.666721	-1.439702	-1.188638	1.135887	1.117230
-4.530094	-4.478833	-2.861277	-7.421215	-3.966000	-1.688579	-1.493873	-3.787382	-4.316570	-0.343782
-2.564686	-4.342993	-1.925536	-1.602821	-5.027101	-1.677402	0.083246	-4.662413	-7.844390	-0.488193
-0.859546	-2.203550	-0.311327	-0.255644	-3.629446	-1.456650	1.380599	-2.872335	-6.194612	-0.310093
-0.161242	-0.547272	0.823342	-0.913179	-2.241701	-1.628917	1.910326	-0.479272	-3.240164	-0.335889
-0.300803	-0.429417	0.849453	-2.429076	-1.776993	-2.415222	1.964180	0.132749	-2.296850	-0.648915
-0.861809	-1.260425	0.364464	-3.098189	-1.955011	-3.142814	1.810998	-0.696250	-2.068107	-1.031585
-1.415051	-1.813649	-0.190392	-0.979867	-1.148966	-2.266209	1.362668	-1.902321	-0.994729	-1.201347
-1.686007	-1.580654	-0.726613	1.085839	1.323950	-0.521386	0.570153	-2.574432	0.195849	-1.085294
-1.618060	-0.918548	-1.081151	2.059816	3.409298	0.629784	-0.295621	-2.421947	0.972163	-0.798722
