X1	X2	X3	X4	X5	X6	X7	X8	X9	X10
-1.016197	-8.543953	-7.892054	-4.495987	-3.242454	-5.843041	-4.049798	-4.627296	-5.314434	-4.317405
-1.011908	-3.127678	-5.506563	-1.768514	0.459816	-3.002900	-3.023923	-1.665939	-2.637041	-2.432829
-1.021593	1.047318	-1.249255	1.189342	1.763891	0.352268	-1.259010	1.984823	0.531481	-0.182613
-1.025801	2.439446	1.649340	2.676882	2.452874	2.074508	0.204970	3.646814	2.142787	1.100724
-1.015574	2.512124	2.469055	2.852344	2.782985	2.658964	0.910162	3.671099	2.318295	1.477822
-1.007008	1.517897	1.841316	1.743028	1.750772	1.974417	0.670007	2.006812	1.031195	0.710844
-0.996865	-0.761607	0.131217	-0.531229	-0.643537	-0.177976	-0.284096	-1.561384	-1.515051	-1.001033
-0.990071	-3.644307	-1.594756	-3.327095	-3.541289	-3.582653	-1.496034	-6.480135	-4.549031	-2.971341
-1.003160	-1.944778	-1.109085	-3.177249	-1.170542	-5.256342	-1.700442	-7.099774	-4.431845	-2.780947
-1.032309	1.369311	1.248674	0.554840	2.365530	-1.393984	-0.407251	-2.287007	-0.878474	-0.258780
-0.521424	2.456578	2.620258	2.980989	3.257609	1.887242	0.986013	0.678975	1.321459	1.493123
2.309358	2.880200	3.097368	3.955636	3.222435	3.342125	1.884732	2.411584	2.362009	2.896529
4.706313	3.023110	3.163192	4.441010	3.521389	4.190013	2.511444	3.411803	3.022051	4.214472
5.896698	3.071193	3.040006	4.800620	4.189711	4.767522	3.069066	3.917472	3.501501	5.073214
6.318257	2.843153	2.757981	4.632587	4.024296	4.896490	3.270745	3.748063	3.378635	5.266947
6.218466	2.367835	2.115399	4.007473	3.164090	4.462395	2.980489	3.172238	2.815754	4.726437
5.347892	1.893298	1.511237	3.425635	2.085033	3.534646	2.621109	2.329512	2.231341	3.619914
4.707616	1.851358	1.345477	3.279468	1.492541	2.579567	2.431121	2.062029	2.083971	2.517148
3.355833	2.045591	1.602219	3.295702	1.171753	1.885114	2.352165	1.678806	1.984084	1.668002
1.092811	2.278336	1.888596	3.116526	0.930840	1.160340	2.203614	0.851590	1.564183	0.984199
-1.424725	2.457302	2.167485	2.856253	0.826207	0.841521	2.489262	0.005328	1.079022	1.136678
-3.163627	2.457170	2.276091	2.653558	0.845720	1.565063	3.188507	-0.470046	0.756403	2.046137
-3.455220	2.527478	2.372764	2.558635	0.895193	2.292661	3.833594	0.114910	1.185273	2.726712
-2.664744	2.279336	2.288513	2.059363	0.253536	2.363142	4.092951	0.440862	1.425638	2.763047
-1.664084	1.467022	1.652171	0.473363	-1.361574	1.307482	3.597456	0.060504	0.697126	1.771465
-0.968772	-0.022004	0.283439	-1.510408	-1.165661	-0.478018	2.352787	0.111550	-0.361923	0.096988
-0.666634	-1.333410	-1.330333	-2.351141	0.953878	-1.408141	0.922279	0.829782	-0.556898	-1.109213
-0.670581	-0.596183	-1.700273	-1.818666	2.182326	-0.275229	-0.248425	2.880190	1.301161	-1.142285
-0.821522	0.238523	-0.964605	-1.467067	1.482284	0.884472	-1.182183	3.826482	2.632024	-1.000650
-0.986620	0.689849	-0.391293	-1.030137	0.344393	1.192499	-1.742087	3.656287	3.132853	-0.928250
-1.116437	1.940182	0.802448	0.579343	0.014329	1.503145	-1.301964	3.175733	3.499358	-0.195241
-1.169362	2.704636	2.039124	2.149788	0.357741	1.766992	-0.259118	2.283945	3.372400	0.608030
-1.161284	2.928150	2.592580	2.972482	0.774649	1.659720	0.676500	1.052847	2.707093	0.959833
-1.140073	2.568011	2.437376	2.553216	0.105217	1.185231	0.899749	1.140918	2.248935	0.631796
-1.126297	1.691536	1.568129	0.818096	-1.528741	0.380361	0.505555	2.581998	2.224207	-0.099819
-1.088030	0.613774	0.479342	-1.771388	-3.402401	-0.223910	0.507246	3.447696	2.383551	-0.250859
-1.057694	-0.555715	-0.439703	-4.382961	-4.685462	-0.753356	0.590484	2.838623	1.966914	-0.436814
-1.075617	-1.514735	-0.818809	-6.033799	-5.008694	-1.978520	0.063491	0.550652	0.252486	-1.413101
-1.111195	-2.139534	-0.815923	-6.042776	-3.541900	-3.739496	-0.880122	-3.239103	-2.357046	-2.727410
-1.147194	-1.978205	-0.677628	-3.881454	-0.831662	-4.355897	-1.603793	-6.267648	-4.131096	-3.178645
-1.173761	-0.411293	-0.233360	-0.419736	0.753203	-2.871987	-1.381125	-4.956991	-3.019999	-2.157155
-1.189237	0.817897	0.884526	1.203812	0.574065	-1.146320	-0.205977	-2.911433	-1.721865	-0.704005
-1.185012	1.595440	1.647447	1.165606	-0.164444	-0.340016	1.185739	-1.098270	-0.586374	0.344144
-0.282427	2.484063	2.247333	1.638335	0.236537	0.848483	2.216399	1.394498	1.665265	1.269575
0.305633	2.487712	2.387535	1.976701	0.181463	1.558657	2.392017	2.061692	2.459377	1.346881
0.152591	1.620274	1.536422	1.257328	-0.625198	1.201492	1.660344	1.940410	2.520141	0.458466
-0.382422	0.110960	0.020909	0.021809	-1.709633	0.375764	0.550577	1.573614	2.421211	-0.667447
-0.984784	-2.360349	-2.053131	-1.743949	-2.914356	-0.898691	-0.744860	0.689937	1.828763	-1.939672
-1.397145	-4.910461	-4.086993	-2.984061	-1.252870	-2.188060	-1.813965	-1.027308	0.357194	-2.788798
-1.534648	-3.552937	-3.467974	-2.427892	1.531337	-2.104634	-2.143854	-2.620719	-1.232263	-2.461953
-1.466820	-1.938055	-1.699549	-1.205862	2.285179	-1.223000	-1.937225	-3.610482	-2.490762	-1.797470
-1.338939	-2.406764	-1.421950	-1.003236	1.172213	-1.371562	-1.887601	-4.412126	-3.762599	-1.981494
-1.221110	-4.047732	-2.516167	-1.665647	-0.928208	-2.605553	-1.995077	-4.804171	-4.752116	-2.630812
-1.150942	-4.765811	-3.831611	-2.214036	-2.889052	-3.828561	-1.936033	-3.285713	-3.956723	-2.941377
-0.943764	-5.180873	-4.766526	-2.717486	-4.285700	-4.691977	-2.023570	-2.308811	-3.160163	-3.267384
-0.398273	-5.588148	-5.384478	-3.048329	-4.499142	-5.049193	-2.265096	-2.234097	-3.064666	-3.551738
-0.342583	-5.828258	-5.484457	-3.327760	-4.163122	-5.219534	-2.586993	-2.992529	-3.589367	-3.870738
-0.622918	-4.215795	-3.796009	-3.595955	-3.764920	-5.346679	-2.927559	-4.054988	-4.355181	-4.163267
-0.995307	-2.037429	-1.328023	-3.537075	-2.048895	-3.736547	-3.135873	-4.672787	-4.759621	-3.614325
-1.279988	-0.242253	0.359962	-2.784560	-0.434989	-0.973627	-2.994278	-4.353935	-4.305389	-2.350482
-0.854844	0.810668	0.867729	-1.946756	0.843314	0.102492	-2.706253	-3.503281	-3.615593	-1.627493
0.909275	1.954857	1.297875	-0.281706	2.434276	1.332233	-1.939737	-1.182430	-1.773173	0.585364
1.699561	2.718508	2.038005	1.083867	2.565391	2.530961	-1.062576	0.345496	-0.399943	2.648448
3.382685	3.604300	3.230929	2.835007	2.697048	3.623891	0.184579	3.255012	1.799653	4.024650
4.820032	3.779847	4.045689	4.256510	2.872535	4.153496	1.560487	4.773646	3.432120	4.355013
4.705527	3.787147	4.127830	4.722608	2.657445	3.985775	2.431060	4.572064	3.665423	3.793115
3.202507	3.119326	3.307258	3.818624	1.292877	2.862359	2.277337	2.738524	2.402314	2.237312
1.145328	0.514181	0.891177	1.618868	-0.984610	0.174304	1.250754	-1.093400	-0.192665	-0.341467
-0.720395	-5.583055	-2.064075	-1.319750	-3.228924	-3.641035	-0.102801	-6.177769	-3.337472	-2.984884
-2.185967	-10.026263	-4.312216	-3.697101	-3.109365	-6.337988	-1.289724	-9.431056	-5.518773	-4.253360
-2.775023	-13.224767	-7.955057	-3.660961	0.374863	-5.183491	-1.844694	-7.481121	-5.107662	-3.615132
-2.519939	-2.794117	-4.617387	-1.695421	2.728644	-1.893325	-1.726148	-3.727135	-3.163927	-2.128192
-1.940991	0.031650	-1.245176	-0.123360	3.056270	0.166061	-1.382742	-1.872113	-1.882542	-1.155394
-0.950088	-0.059590	-0.393685	-0.045064	1.732470	0.336113	-1.380231	-1.336830	-1.929658	-1.277901
2.070296	1.406495	0.583585	-0.244285	0.012766	0.124637	-1.075669	1.392033	-1.083682	-1.014643
4.503435	2.641840	2.014982	0.100661	-1.138668	0.969762	0.410579	2.763759	0.199132	1.215892
5.684574	3.117241	2.817088	0.709324	-1.309257	2.115910	2.112796	3.087317	1.170336	2.964713
6.083906	3.121957	3.032310	1.194307	-0.871576	2.837742	3.252532	3.322915	2.390273	3.396927
5.851007	2.695734	2.728619	1.374083	-0.461603	2.919749	3.736223	2.870846	2.552396	3.074023
4.335757	1.881789	1.946516	0.736872	-0.940698	1.918722	3.378315	1.106702	1.306646	1.824691
1.566959	0.949623	0.869421	-0.689471	-1.573045	-0.344795	2.334849	-0.185534	-0.606810	-0.168173
-1.914211	0.236661	-0.142147	-1.735345	-0.082963	-2.375367	0.969729	0.658468	-1.522522	-1.026135
-4.646608	-0.264153	-0.769369	-2.242573	0.054264	-3.057104	-0.373130	1.860565	-1.441279	-1.179154
-5.179698	-0.536282	-0.905748	-2.744491	-0.962845	-3.376723	-1.597548	2.483695	-1.214510	-1.886273
-3.863017	-0.890480	-1.071992	-3.234798	-2.383241	-3.708636	-2.554252	2.616766	-1.083382	-2.875540
-2.244153	-1.831393	-1.637570	-3.572973	-3.544937	-4.169045	-3.152764	1.556477	-1.493387	-3.782150
-1.191904	-3.847199	-2.921468	-3.703615	-4.038536	-4.787264	-3.427747	-0.801323	-2.382262	-4.240860
-0.745654	-5.380851	-4.373185	-3.673362	-3.936528	-3.829081	-3.490931	-2.194487	-1.508850	-2.348154
-0.729689	-3.287036	-4.429237	-3.266669	-3.186460	-0.438668	-3.367271	-1.324936	0.516723	0.783388
-0.945030	0.253894	-2.089227	-2.499672	-2.459403	2.020212	-3.036459	0.217741	1.924228	2.595884
-1.223780	1.961939	0.368276	-1.058443	-1.014738	2.724292	-2.422288	1.461996	2.735737	3.260089
-1.437956	2.869095	2.229578	1.320686	0.753701	2.734127	-1.158738	1.753589	2.815636	3.562796
-1.543544	3.291762	3.182015	3.059271	1.807930	2.326719	0.209212	1.316836	2.313113	3.441718
-1.564734	3.368319	3.364995	3.843305	2.218083	1.518677	1.186350	0.605533	1.646620	2.610174
-1.527564	3.285875	3.186215	4.027937	2.243257	0.560477	1.715420	0.003364	1.136198	1.424477
-1.481061	3.149123	2.890814	3.917334	2.087195	-0.141985	1.932614	-0.264725	0.926002	0.367079
-1.428582	3.036269	2.651451	3.712375	1.905815	-0.326739	1.983030	-0.214465	0.962600	-0.198534
-1.391244	3.008179	2.570743	3.544245	1.793407	-0.075568	1.965034	0.266798	1.159771	-0.247097
-1.371168	2.503089	2.356033	3.000973	1.091703	0.010881	1.736162	0.171464	0.895612	-0.358396
-1.374040	0.594742	1.085634	1.383096	-0.615232	-1.027989	0.928381	-1.290517	-0.589190	-1.345546
-1.395070	-3.371291	-1.457003	-1.013427	-2.589816	-3.088030	-0.199147	-3.282344	-2.749235	-2.738647
-1.432838	-4.349995	-3.523016	-2.407216	-2.163285	-4.780861	-0.898914	-4.018091	-3.769638	-3.277234
-1.458405	-0.599627	-2.293687	-1.708244	0.947937	-3.983115	-1.008430	-3.352767	-3.082989	-2.635760
-1.463411	1.258803	-0.093341	-0.321583	2.645908	-1.687315	-0.858745	-1.997516	-1.580242	-1.705799
-1.463840	1.126684	0.595594	0.004589	2.043396	-0.342088	-0.948750	-0.275300	0.354490	-1.459843
-1.458215	0.019904	-0.066377	-0.768289	0.176974	-0.272162	-1.417343	0.786664	1.601069	-1.886959
-1.467389	-1.645912	-1.465012	-2.033887	-2.258563	-0.914070	-2.049527	1.185827	2.115985	-2.534044
-1.482005	-3.259277	-2.977102	-3.230660	-4.266646	-1.779273	-2.629556	1.160875	2.195032	-3.068342
-1.051509	-3.989839	-3.966519	-3.830487	-4.749285	-2.440555	-3.017041	0.879932	1.953022	-3.315372
-0.158682	-3.214581	-3.793286	-2.975980	-3.342702	-2.424597	-2.916179	0.017727	1.013740	-2.675476
-0.091043	-3.353271	-3.518141	-2.185018	-2.559630	-2.193820	-2.700982	-1.480559	-0.889694	-0.931330
-0.525966	-3.103877	-3.429818	-2.111383	-2.448185	-1.927381	-2.676476	-0.785159	-2.504603	0.483348
-1.115113	-2.557253	-3.196424	-2.518113	-2.679816	-2.188468	-2.816634	0.409198	-3.113320	0.238320
-1.599827	-1.955144	-2.902002	-3.037688	-2.750186	-3.026288	-3.009639	1.552747	-2.718802	-1.103566
-1.828695	-0.715645	-2.160525	-2.706440	-0.122237	-2.478019	-2.948941	2.440459	-1.380134	-2.024283
-1.839884	0.166068	-1.074366	-1.187863	2.507799	0.236755	-2.380704	2.096867	-0.294921	-1.413380
-1.741130	0.156577	-0.548220	0.330564	3.759319	2.173456	-1.604999	0.600829	-0.141542	-0.350201
-1.198231	-0.091689	-0.502423	1.258303	4.226783	2.730227	-0.891595	-1.269383	-0.406487	0.265119
0.955636	0.598708	0.008689	2.049295	4.449768	3.094705	-0.180205	-1.296251	-0.085782	0.971885
1.511597	1.343788	1.112731	2.334867	4.295517	3.226497	0.289880	-1.088433	0.059276	1.334990
0.898058	1.379782	1.872838	1.762938	3.119059	2.844129	0.248497	-1.617924	-0.590606	1.000663
-0.252321	0.052932	1.399634	0.227015	0.567796	1.774936	-0.360552	-2.942172	-2.105996	-0.028016
-1.435716	-2.866031	-0.455525	-1.801518	-2.836789	-0.135049	-1.267791	-4.346708	-3.881952	-1.502874
-2.007086	-6.013236	-3.201889	-3.600872	-5.530497	-3.093512	-2.157803	-2.781868	-4.589369	-3.159955
0.519203	-3.356291	-4.200776	-3.660443	-4.804718	-5.028505	-2.581576	1.529286	-2.452646	-3.693172
3.517358	0.495228	-1.841377	-1.551110	-2.054917	-2.996181	-2.142166	3.416529	0.235167	-2.465080
5.025117	1.722631	0.387918	0.660533	-0.064818	-0.039406	-0.932458	3.481557	1.327537	-0.763283
4.697127	2.266798	1.644542	2.432300	1.617615	1.612166	1.167847	2.649365	1.696682	0.927678
2.984012	2.627781	2.356372	3.824323	3.374034	2.339344	3.070512	1.423901	1.967962	2.046874
0.262090	2.881168	2.667917	4.429205	3.657080	2.267215	3.740124	0.160295	1.960529	2.079578
-2.679589	2.881018	2.708811	4.427353	3.219524	1.572783	3.545747	-0.625551	1.720005	1.459534
-3.255581	2.644809	2.415369	4.244297	2.681104	0.762281	3.050873	-0.278871	1.591835	0.793831
-0.736337	2.929132	2.622218	4.412243	3.265828	0.984757	2.777587	1.202399	2.091482	0.862729
1.101413	3.378541	3.327898	4.831142	4.524650	1.990776	2.843405	2.200271	2.684528	1.448416
3.379619	3.624536	3.882169	4.984363	4.903747	2.943646	2.985464	2.835684	2.976673	1.982038
4.849331	3.431887	3.920523	4.306802	3.975930	3.172209	2.666438	2.699350	2.468918	1.923061
5.020821	2.931712	3.480459	3.365443	2.545726	3.275266	2.089386	2.152867	1.756079	2.327250
4.020303	2.105907	2.532742	2.396161	0.712781	3.163664	1.516138	1.993694	1.601461	2.315752
3.624582	1.354896	1.251129	1.356686	-0.832539	3.034631	0.850594	2.639791	2.399409	2.007828
3.966724	1.118800	0.339133	0.800034	-1.261408	3.101776	0.321048	2.955539	2.863085	2.275399
4.534328	1.748591	0.458291	0.813658	-0.809420	3.143815	0.016463	2.718892	2.540359	2.236065
4.980326	2.397021	1.363319	1.130961	-0.191591	3.198695	-0.094903	2.708842	2.510300	1.896724
5.210005	2.554121	1.886970	1.456144	0.239233	3.148184	-0.074001	2.359163	2.099027	1.452880
5.253327	2.782734	2.238285	1.646372	0.418529	2.770160	0.387971	1.831081	1.367510	1.116026
4.599114	2.880638	2.483321	1.482862	0.110273	1.925805	0.804373	1.422719	1.081402	0.550182
2.665846	2.396620	2.171200	0.436273	-1.028495	0.072278	0.481660	-0.219335	0.023935	-0.429098
-0.255210	1.339652	1.256033	-1.237772	-2.425785	-2.252014	-0.115302	-2.931609	-1.947012	-0.150284
-3.292380	-0.744805	-0.304318	-2.938606	-3.460222	-2.304551	-0.567076	-4.281439	-2.835442	1.198272
-5.026150	-3.779056	-2.405076	-4.084092	-3.856165	-0.150509	-1.179385	-3.616124	-2.155795	2.169375
-4.768441	-5.116049	-4.103658	-4.426066	-3.728611	1.386120	-1.727541	-3.505190	-2.350369	2.591065
-3.400870	-2.590144	-3.363342	-4.150516	-3.393132	2.081095	-1.194042	-3.750649	-3.217123	2.985295
-2.136075	-0.490719	-1.472846	-3.677097	-3.110055	2.364209	0.202964	-0.844909	-2.225953	3.084907
-1.392584	0.554407	0.018436	-3.308727	-2.961333	2.380602	1.499126	1.702369	0.457540	2.608134
-1.133647	1.004791	0.703176	-3.128850	-2.931359	1.873870	2.305053	3.110177	2.245027	1.798424
-1.216687	1.008916	0.910588	-3.110736	-2.974193	1.076620	2.682184	3.282417	2.903301	1.663134
-1.439296	0.384700	0.571605	-3.181899	-3.032004	0.416458	2.726751	2.490372	2.790382	1.712052
-1.673554	-0.808634	-0.355808	-3.274158	-3.079570	0.280192	2.087645	1.223270	2.359222	1.035726
-1.831385	-2.651900	-1.830263	-3.287393	-2.675963	-0.251438	0.833270	-0.775638	1.231617	-0.460463
-1.890914	-3.922015	-3.343852	-2.421983	0.397809	-0.901682	-0.443328	-3.056507	-0.509430	-1.512898
-1.860136	-2.119105	-3.186282	-0.715251	2.882656	0.247065	-1.140346	-4.115800	-1.856774	-0.324729
-1.789856	-0.593941	-1.863933	0.714401	3.994290	1.802284	-1.123987	-3.662046	-2.279715	0.740980
-1.731128	0.122866	-0.633687	1.424006	4.209892	2.710870	-0.042110	-2.675670	-1.992595	1.474043
-1.684357	0.016805	-0.152683	1.099283	2.995007	2.808969	0.905463	-1.563059	-1.150432	1.415364
-1.667873	0.396334	-0.114861	-0.196098	0.440144	2.333481	0.745139	-0.186799	0.387705	0.587853
-1.684009	0.848312	0.027460	-1.909181	-2.871709	1.475651	-0.144837	-0.070951	0.795466	-0.569641
-1.715782	-0.010587	-0.424520	-3.410916	-5.447643	0.305212	-1.271134	-1.423805	-0.407235	-1.758618
-1.760223	-2.364174	-1.914101	-4.213691	-5.925481	-0.759451	-2.274886	-3.501632	-2.468183	-2.592455
-1.811842	-5.949392	-4.081834	-4.250765	-4.834617	-1.237044	-2.873582	-5.384429	-4.552897	-2.814739
-1.831133	-8.192867	-5.693699	-3.857771	-3.591412	-0.668907	-2.359075	-4.706577	-4.347598	-1.940476
-1.832105	-6.654265	-5.539467	-3.433425	-2.859098	0.444429	-1.650328	-1.789657	-1.484183	-1.124202
-1.563238	-3.591755	-4.196783	-3.126915	-2.531680	0.749895	-1.289420	0.752165	-0.023961	-1.008722
0.541019	0.009926	-1.683502	-2.236726	-1.755999	0.584104	-0.201145	2.818801	0.747523	-0.506295
1.242659	1.282446	0.418986	-1.433517	-1.557916	0.087333	1.259762	3.043316	0.666489	0.018228
0.688664	0.682821	0.796522	-1.483341	-1.982274	-1.186022	2.246065	1.401937	-0.697099	-0.011277
-0.450449	-1.026689	-0.027599	-2.094024	-2.591832	-2.527053	2.690913	-1.879896	-2.783177	-0.216051
-1.668300	-3.797115	-1.634103	-2.827259	-3.074505	-2.424465	2.459798	-6.070227	-4.772987	-0.502481
-2.502674	-4.833536	-3.045643	-2.317265	-1.978969	-0.548549	2.171674	-7.693069	-4.907762	0.490185
-2.747291	-0.710013	-1.643247	0.433412	0.317659	1.861975	2.691311	-3.169809	-1.887289	2.616041
-0.588968	1.689863	0.689345	2.741905	1.653446	2.886931	3.091200	0.556745	0.737684	3.585853
2.476133	2.324677	1.777988	3.361344	1.676629	3.046366	2.791820	2.553609	2.363958	3.518017
2.993089	2.240595	1.807695	2.862322	1.041886	2.449418	1.955252	3.309715	3.243712	2.445649
1.996525	2.021739	1.522581	1.864774	0.025571	1.482710	0.984163	3.649402	3.659898	1.398943
0.175193	1.470261	0.887235	0.748996	-0.599752	0.536553	0.044117	3.191995	3.595363	1.092654
-1.847410	1.436015	0.673769	0.889189	-0.129787	0.263954	-0.228737	2.573731	3.599070	0.958976
-2.845082	0.815068	0.408606	0.711437	-0.525389	-0.029951	-0.406768	1.578891	3.147157	0.301667
0.061563	0.307652	-0.126921	0.415886	-0.364912	0.103080	-0.661451	1.146331	2.479121	0.219007
2.662818	1.262972	0.209135	1.055900	1.940005	1.137716	-0.504758	1.516173	2.233118	0.487202
2.740506	2.172293	1.189860	1.708566	3.460859	1.634439	-0.167097	0.822556	1.386374	0.326547
1.533198	2.334167	1.702296	1.490335	3.121982	1.040757	-0.110518	-0.918791	-0.235192	-0.515517
-0.343673	2.037995	1.523101	0.235824	1.321815	-0.270413	-0.528271	-2.446543	-2.288628	-1.728127
-2.242413	1.607347	0.992890	-1.261222	0.135596	-1.268001	-1.183320	-3.641248	-3.912498	-2.530914
-3.410457	1.608796	0.730391	-1.498154	1.436816	-1.408591	-1.501901	-3.689689	-3.816616	-2.492541
-2.921091	1.953146	0.971253	-0.444454	3.051958	-0.707461	-1.336031	-2.675668	-2.478612	-1.486278
0.457700	2.618920	1.700443	1.384697	4.214051	0.890982	-0.657999	-0.230638	-0.377712	0.176649
1.724218	2.580825	2.103285	2.468131	4.395615	1.833761	0.049764	1.358260	0.847638	0.784276
1.588577	1.883890	1.683472	2.072390	3.105148	1.463583	0.116740	2.361741	0.951270	0.257007
2.505706	1.380162	0.927621	1.149858	1.064800	1.253507	-0.219855	3.372475	1.052777	0.495307
3.826621	1.644453	0.771655	0.685673	-0.723482	1.967289	-0.428172	4.097070	1.558889	0.998723
4.073093	2.019503	1.139007	0.532008	-1.817031	2.453160	-0.502173	4.385407	2.257750	0.938818
2.842672	1.677107	1.126882	-0.208422	-2.754491	1.746359	-0.837616	3.920701	2.114138	-0.147909
0.598630	0.733342	0.424342	-1.479890	-3.367594	-0.241221	-1.357729	2.927108	1.085017	-1.833635
-1.740801	-0.697906	-0.609687	-2.766054	-3.489125	-3.168215	-1.356819	1.044711	-0.545224	-3.040788
-0.471491	-1.613775	-1.620903	-2.697059	-2.276705	-5.187731	-1.105124	-0.813418	-1.766269	-3.154718
2.545685	0.571643	-0.948437	-0.621879	-0.278651	-2.996763	-0.652939	-0.707330	-1.199087	-1.104947
4.429106	2.965335	1.524360	2.594158	1.992745	0.794362	0.565452	1.301166	1.080007	1.064862
5.247680	3.516104	3.062039	4.216096	2.675532	2.674103	2.309238	2.458211	2.369034	2.209025
5.450578	3.191092	3.142427	4.148332	2.198671	2.895617	3.006142	2.526556	2.278004	2.142033
5.196447	2.352540	2.374976	3.266201	1.216856	2.517879	2.675158	2.180985	1.749746	2.074116
3.769262	0.818021	0.985397	1.647257	-0.369141	1.581525	1.705857	1.427749	1.436433	1.442643
1.080153	-0.749588	-0.770206	0.309501	-0.934550	-0.157518	0.630921	0.031023	0.850252	0.132837
-2.374741	-0.694288	-1.349510	-0.105477	-1.077394	-2.140630	-0.070007	-1.802233	-0.092033	-1.012942
-5.174330	-1.562275	-1.726935	-0.730958	-1.585780	-3.799425	-0.775630	-4.017496	-1.759460	-0.941146
-5.853671	-1.786623	-2.027900	-0.499323	-1.082331	-3.471264	-1.122294	-4.482181	-2.540928	0.418247
-4.615516	-2.308053	-2.171994	-0.412195	-1.279981	-2.196714	-0.954761	-4.336654	-3.024319	1.236702
-2.983369	-3.197732	-2.418935	-1.005773	-1.456250	-1.767855	-0.027650	-4.346887	-3.711924	0.988149
-0.755700	-1.696340	-1.870758	-0.526621	1.487515	-1.129567	0.995689	-2.650582	-2.838327	0.474838
2.457436	2.590412	1.320621	2.767783	4.518314	1.511683	2.136723	1.898097	1.645500	1.179550
4.241958	3.686364	3.351759	4.817572	5.497544	3.370953	2.956192	3.704827	3.901688	2.032370
5.016345	3.676171	3.626387	5.151326	5.582425	3.769075	3.061091	3.793635	3.981937	2.119182
4.800793	3.213207	3.156648	4.695962	5.228933	3.509349	2.737375	3.029520	3.245364	1.826979
3.602622	2.179589	2.073633	3.611806	4.609518	2.721155	2.085699	1.287168	1.779034	1.713417
2.948378	1.565319	1.254783	2.735273	4.267216	2.047330	1.524337	0.198822	0.724270	1.849125
1.688646	1.732914	1.171961	2.806884	4.427569	1.946804	1.410795	-0.048410	0.719670	2.428636
-0.316388	2.849867	2.035177	3.821313	4.899531	2.274969	1.853863	0.390396	1.574108	2.797405
-2.405753	3.616703	3.059370	4.767286	5.272554	2.541796	2.478615	0.958446	2.373703	2.599001
-3.727843	3.763534	3.528112	5.205898	5.333496	2.840604	3.064952	1.249432	2.731205	2.343339
-3.881056	3.030570	3.117228	4.502790	4.095485	2.766439	2.973271	0.315053	1.910712	1.610635
-3.225169	0.688056	1.366254	2.429703	1.278224	1.633477	1.966344	-1.927031	-0.245500	-0.049375
-2.430848	-4.702338	-1.807192	-0.744806	-2.923551	-1.032389	0.444060	-4.757049	-3.193962	-2.434353
-1.861999	-10.799689	-5.510582	-4.111648	-6.663108	-4.941198	-1.140402	-6.835117	-5.838100	-4.793923
-1.613173	-16.286345	-8.705702	-6.341626	-7.487185	-8.874891	-2.418839	-7.154575	-7.051161	-6.263076
-1.627356	-17.605734	-9.532440	-6.504660	-5.811028	-11.959529	-3.211213	-6.244068	-6.757118	-6.571861
-1.780634	-12.231252	-8.343205	-5.231032	-3.924627	-11.552892	-3.457178	-5.108773	-5.727688	-6.040136
-1.948057	-4.619116	-4.879906	-3.860442	-2.854833	-8.063332	-3.252146	-2.757081	-2.954641	-5.033698
-2.054382	-0.411647	-1.030741	-3.052208	-2.501103	-4.211484	-3.051116	-0.418717	0.141946	-3.630333
-2.089160	0.351671	0.481551	-2.792819	-2.542483	-0.810955	-3.001410	0.758987	1.754188	-0.904657
-1.165865	0.209996	0.257817	-2.684678	-2.488530	1.608883	-3.015486	1.848490	2.504498	1.423338
0.960467	1.130013	0.141510	-1.821930	-1.778114	2.989217	-2.725043	3.497552	3.333430	2.751329
1.246396	1.173212	0.154707	-1.314185	-1.748932	2.953608	-2.427346	3.522838	3.406133	2.634123
0.436585	0.241859	-0.481184	-1.588259	-2.209048	1.714349	-2.412955	2.546449	2.908465	1.202885
-0.870718	-1.254169	-1.615831	-2.297614	-2.781690	-0.608665	-2.619602	1.044651	2.247150	-1.043187
-2.130353	-2.863683	-2.831734	-3.044162	-3.202006	-3.524906	-2.898436	-0.520676	1.578949	-3.391102
-2.905910	-4.776752	-3.979449	-3.552137	-3.365863	-6.337747	-3.136684	-2.730879	0.052478	-5.195632
-3.047609	-5.396100	-4.139913	-3.737153	-3.346584	-8.398597	-3.295643	-5.207357	-2.336040	-6.125533
-2.741049	-3.520883	-2.325278	-3.674575	-3.231808	-8.972283	-3.374648	-6.768049	-4.782861	-6.162018
-2.328400	-2.049862	-0.678215	-3.512601	-3.136895	-6.409110	-3.399700	-5.613432	-6.081728	-4.017338
-2.009327	-1.240638	-0.352032	-3.305901	-2.626005	-2.289080	-3.385185	-1.081993	-4.792703	-0.816860
-1.860463	0.290686	-0.313280	-1.815857	0.881628	0.344967	-2.915398	1.973295	-1.575737	1.158662
-1.848162	1.365121	0.266779	0.621701	3.360262	1.848716	-1.734832	2.437158	0.602739	2.411393
-1.363733	1.276364	0.390514	1.926180	4.294658	2.303844	-0.719649	1.483322	0.912378	2.870543
0.973089	1.415657	0.466824	2.686681	4.704137	2.478944	0.067062	0.743280	1.025456	2.769105
3.139373	2.190260	1.402071	3.208147	4.829973	2.523336	0.715952	0.765475	1.312616	2.161331
4.503327	2.994382	2.721134	3.600496	4.834339	2.779303	1.352549	1.435213	1.750448	1.711431
5.116363	3.317964	3.437877	3.784712	4.607527	3.385785	2.405135	2.029580	2.056143	2.081099
5.002146	3.025811	3.357804	3.388861	3.367340	3.567343	3.288181	1.926906	1.779151	2.315290
3.540031	1.596637	2.262073	1.966126	0.786889	2.546030	3.057122	0.356258	0.362426	1.270290
0.863535	-1.793416	-0.262067	-0.348241	-2.743708	-0.182747	1.877276	-2.553934	-1.996892	-0.895258
-2.488859	-6.939396	-3.670705	-2.880839	-5.626488	-4.423307	0.365876	-5.944505	-4.521696	-3.079047
-5.100225	-7.557079	-4.754782	-4.702267	-6.222180	-8.736729	-0.240880	-8.019899	-6.200846	-2.525625
-5.510562	-1.916691	-2.071156	-5.069401	-4.826829	-9.253518	0.396723	-6.558377	-6.219186	-0.185941
-1.443940	2.246382	1.170051	-1.775367	-0.785381	-3.055231	1.942283	0.289797	-2.011939	2.105596
2.763044	3.587222	3.140560	2.819507	2.551484	1.874522	3.453557	3.187746	2.027979	3.053152
4.704578	4.008875	3.783383	5.314943	4.814523	3.638098	4.199582	4.159440	3.791315	3.253062
5.413444	4.201924	4.024079	6.274542	5.777987	4.229433	4.483478	4.843985	4.609795	3.280760
5.502075	4.204287	4.063562	6.297226	5.483354	4.210541	4.394786	5.076766	4.743113	3.000417
5.270179	3.873141	3.680562	5.364723	4.046798	3.560724	3.738180	4.855529	4.232472	2.115505
4.918932	3.186003	2.869787	3.619840	1.651539	2.470971	2.659832	4.416722	3.804362	0.974329
4.612412	2.336925	1.859258	1.609465	-0.234854	1.439558	1.523842	3.822093	3.601210	0.105131
4.446149	1.818334	1.199576	0.867445	1.465279	1.305702	0.856747	2.909206	3.197699	0.068003
4.422494	1.823687	1.182479	1.759194	3.485439	1.933783	0.842906	1.955871	2.593082	0.577428
4.488505	1.858986	1.410325	2.622916	3.634035	2.329347	1.210345	1.169243	1.796825	0.934639
4.583015	2.070969	1.616169	2.716418	2.677251	2.222184	1.937086	1.315275	1.054597	1.140675
4.554964	2.826220	2.141885	2.324895	1.183938	1.822624	2.193078	2.678249	1.051322	0.880807
3.432290	2.855818	2.401533	1.307088	-0.870038	0.847383	1.679003	3.211591	0.971754	-0.085152
1.150671	2.012805	1.725962	-0.449385	-3.047070	-1.021486	0.557961	2.969869	0.319583	-1.313653
-1.796337	0.569805	0.365209	-2.444491	-4.428746	-2.655768	-0.467290	2.390814	-0.521406	-0.769672
-4.282532	-1.035727	-1.152569	-3.947431	-4.411427	-2.578990	-1.136928	1.825063	-1.144880	0.647786
-5.137554	-0.521416	-1.544572	-2.929768	-1.809557	-0.197706	-1.346533	1.987704	-0.476267	1.745307
-4.383353	1.510856	0.121225	0.350752	0.560542	1.981626	-0.728591	2.653772	1.128718	1.988274
-1.924028	2.088723	1.324318	1.855951	0.866650	2.717271	-0.229177	3.009594	1.683916	1.400247
0.089492	1.866517	1.447452	1.629818	0.076966	2.478472	-0.290427	2.901812	1.399814	0.612101
1.336728	0.776488	0.611798	0.434418	-1.083025	1.416258	-0.541576	1.694810	0.241836	0.660075
3.175281	0.130996	-0.196276	-0.248704	-1.260435	0.732031	0.124068	0.515414	-0.569911	1.895559
4.412768	1.095235	0.010665	0.774131	0.160304	1.127630	1.008035	0.512275	0.030827	2.924472
4.172818	2.769143	1.629306	2.867091	1.770382	2.023029	1.801842	1.103664	1.520625	3.285485
3.539762	3.127466	2.558852	3.740980	2.059840	2.129110	2.066059	1.946467	2.126037	2.569467
3.597541	2.992348	2.596426	3.466424	1.545400	2.098361	1.756196	3.050584	2.693503	1.440996
3.474254	2.358605	2.082101	2.521987	0.542317	2.364036	1.136153	2.992283	2.749249	0.521420
2.121667	0.399641	0.625561	0.732320	-1.162549	2.044543	0.196898	1.220999	1.329810	-0.594714
-0.086206	-3.126827	-1.901059	-1.607863	-2.934327	1.155691	-0.933644	-1.011793	-0.976842	-1.739669
-2.457114	-6.926654	-4.571720	-3.750617	-4.036869	0.114339	-1.995648	-2.829898	-3.204044	-2.510631
-4.018963	-10.151734	-6.688778	-4.925571	-4.193878	-1.122153	-2.789136	-4.796276	-5.024845	-2.939467
-3.632002	-10.934851	-7.664632	-4.781073	-3.619602	-2.518671	-3.123699	-5.758627	-5.781437	-2.068456
-2.273339	-7.924318	-6.686033	-3.774207	-2.944627	-3.374693	-2.271754	-5.341918	-5.345402	-0.844660
-1.502316	-5.830041	-5.256482	-3.010493	-2.705612	-4.254057	-1.309651	-4.884718	-4.824147	-1.021126
-1.288585	-5.356563	-4.624110	-2.753168	-2.741813	-5.365223	-1.141591	-4.677212	-4.586509	-2.244675
-1.427374	-5.411579	-4.675309	-2.847378	-2.881958	-6.436380	-1.558580	-4.716078	-4.610418	-3.806724
-1.708228	-3.668291	-4.369107	-3.082608	-3.035855	-7.149449	-2.187427	-4.686858	-4.723066	-5.075707
-1.992570	-1.892071	-3.493002	-3.062484	-1.739550	-6.249359	-2.705738	-2.000782	-3.870157	-4.068138
-2.185682	-0.095972	-1.989974	-1.877510	1.389944	-2.618980	-2.648584	0.781369	-1.672574	-1.028759
-2.246500	0.265619	-0.931242	-0.447504	2.848383	-0.173960	-2.145212	0.905863	-0.596740	0.137370
-1.759775	0.505144	-0.505931	0.654628	3.710854	0.667295	-1.518901	-0.000551	-0.410539	0.046581
-1.240893	0.445387	-0.239229	1.221045	3.589752	0.712997	-0.965285	-1.366527	-0.613064	-0.474366
-1.212245	-0.268096	-0.268703	0.626969	1.950037	-0.471693	-0.940351	-3.423220	-1.692637	-1.707706
-1.072157	-0.875285	-0.056588	-0.761643	-0.744882	-2.766664	-1.395208	-5.234425	-3.208610	-3.045186
0.937669	0.305756	0.808017	-1.567730	-2.711595	-3.660659	-1.765312	-3.558971	-3.176583	-1.767811
2.427524	2.289560	2.204926	-1.461179	-3.211471	-1.507985	-1.837456	0.203529	-0.492831	0.688563
3.746567	3.184707	3.167309	-0.497251	-2.012859	1.493290	-1.589469	2.282670	1.769912	2.061902
3.479774	3.311202	3.479675	0.091365	-1.359052	2.811192	-1.345090	2.750378	2.497339	1.943626
1.933266	2.876997	3.208673	-0.416701	-1.651169	2.719141	-1.513813	2.578187	1.846935	0.828746
-0.407911	2.137991	2.613689	-1.565976	-2.309998	1.913336	-1.976773	2.177918	0.545636	-0.620108
-2.792765	1.211576	1.949677	-2.808290	-2.964386	0.808978	-2.513071	1.289086	-0.996783	-0.925160
-4.204006	-0.640524	0.824007	-3.578133	-3.163600	-0.717353	-2.937976	-0.949099	-2.806750	-0.096108
-4.207094	-1.641599	-0.652910	-1.772589	-0.294867	-1.362649	-2.563696	-2.768914	-2.799070	1.347017
-3.330646	0.482393	-0.502509	2.098092	3.467078	1.062171	-0.861501	-1.893477	-0.171830	3.028410
-2.378541	2.397075	1.082912	4.531929	5.136410	3.105972	1.087034	0.000362	2.000349	3.944320
-1.779681	3.493547	2.634619	5.445444	5.714384	3.867621	2.406652	1.826843	3.486164	4.274560
-1.545938	3.898783	3.471971	5.631424	5.804507	4.081828	3.066940	3.404901	4.489303	4.300553
-1.560546	3.952650	3.706524	5.503489	5.667765	3.907713	3.312066	4.250967	4.747433	3.809587
-1.704728	3.791841	3.597769	5.212397	5.197173	3.369714	3.321795	4.366377	4.439946	2.914176
-1.881362	3.246024	3.123353	4.618603	3.942058	2.255441	3.063384	3.448785	3.511048	1.663126
-2.023526	1.711640	1.929859	3.250523	1.461149	0.363223	2.358425	0.950959	1.538716	0.655455
-2.082856	-2.035195	-0.528405	0.774280	-2.256092	-2.173776	1.134364	-3.727047	-1.696066	0.373543
-2.073560	-6.550898	-3.183498	-2.106166	-3.705950	-3.197660	-0.294784	-8.435980	-4.581632	0.685565
-2.035747	-3.867214	-2.350805	-3.315103	-0.419544	-0.404142	-1.297891	-6.191947	-3.870853	1.509206
-1.940496	0.510803	0.526371	-2.976374	0.514910	1.823285	-1.847880	0.195122	-0.821954	1.470298
-1.444479	2.169157	2.280665	-2.451629	-0.079794	2.656308	-2.239081	2.975247	1.888385	1.193778
-1.142077	2.141232	2.491071	-2.077232	-1.094026	2.274348	-2.513106	3.208958	2.873540	0.245721
-0.735272	2.152477	2.029688	-0.180905	-0.337224	2.016627	-1.578535	3.008677	3.540180	0.203752
-0.859331	2.271983	1.853244	1.915432	0.561427	2.312505	0.783143	2.517307	3.863019	1.258311
-1.285437	1.535124	1.412637	2.054868	0.019197	1.851666	2.394430	1.005841	3.087705	1.432364
-1.701910	-0.325908	0.095601	1.008491	0.298622	0.308987	2.554252	-1.760730	1.060196	0.488760
-0.748590	-1.661059	-1.400300	0.458976	2.298070	-0.952281	1.958309	-3.377811	-0.908957	-0.448107
1.105520	-1.091517	-1.761407	0.964402	3.802126	-0.621778	1.272742	-2.349412	-1.461191	-0.691876
3.359830	0.853663	-0.534025	2.261150	4.660056	1.130136	0.971296	0.345708	-0.096106	0.004877
4.704126	2.308416	1.119854	3.365097	4.770070	2.611553	1.089652	2.853181	1.939757	0.930641
5.238470	3.001475	2.229019	3.504756	3.705328	3.194945	1.139850	4.470204	3.673239	1.310729
4.489094	3.002537	2.524900	2.693387	1.773732	2.896126	0.797500	4.775224	4.106557	0.889509
2.414932	3.138296	2.674704	2.379115	2.018744	2.148960	0.590100	4.473188	3.844772	0.467910
-0.708752	3.111059	3.093251	2.439318	2.006063	1.522922	0.743810	3.331131	2.973519	0.364444
-3.905368	2.319128	2.929574	1.396117	0.582062	0.751191	0.637979	0.265530	0.752814	-0.074446
-5.582518	0.758745	2.178745	-0.513056	-1.565940	-0.049940	-0.000430	-5.021908	-2.426480	-0.905564
-5.115137	-1.380199	0.925225	-2.652484	-3.580023	-0.618128	-0.985979	-7.924445	-3.415808	-1.804895
-3.589800	-3.343252	-0.908368	-4.269833	-4.584367	-1.398364	-2.003005	-3.977644	-1.609342	-2.749402
-1.156198	-2.542593	-2.406552	-4.598786	-4.064977	-2.002648	-2.757806	1.557802	0.930594	-3.290353
2.370251	1.036634	-1.236583	-2.531921	-1.274017	-0.585092	-2.714446	4.206806	3.165866	-2.241777
4.456506	2.810536	1.508988	0.265164	0.901132	1.402742	-1.443179	4.879035	3.777532	-0.337783
5.337457	3.327538	2.847964	2.271853	2.976619	2.659448	0.399285	4.912646	3.691351	1.183982
5.184379	3.396067	3.163309	3.078125	3.305332	3.242841	1.522233	4.499166	3.216700	1.827234
3.610819	2.816681	2.731985	2.287195	1.947637	2.583651	1.529704	3.390025	1.926895	1.102696
0.808163	1.559243	1.449614	0.617398	0.882431	0.749692	0.707687	2.016981	0.329332	-0.473649
-1.109100	0.568423	0.030108	-0.248071	2.020716	-0.889983	-0.093152	1.322506	-0.157487	-1.428039
0.747147	1.209267	0.005025	0.900772	3.689753	0.231494	0.212162	1.997772	1.630798	-0.262952
2.432130	2.191054	1.332049	2.425714	4.517108	2.389163	1.727837	2.635177	3.240392	1.651945
2.160797	2.141012	1.986580	2.826666	4.538481	3.015403	2.985590	1.839984	2.990007	2.327671
1.775126	1.439271	1.646309	2.249783	3.460331	2.454757	3.163672	0.747891	1.756760	1.780982
2.825802	0.643914	0.754261	1.475585	1.646720	1.325689	2.492102	0.176842	0.433111	0.685390
4.083707	0.335092	-0.029845	1.040542	-0.172472	0.353496	1.651813	0.525794	-0.038771	-0.140569
4.538662	1.079998	0.172307	0.906282	-1.334732	0.486141	1.575315	2.192253	1.348539	0.241795
3.486602	1.400592	0.754075	0.228026	-2.392833	0.679846	1.676608	3.109469	2.152428	0.602969
1.273833	1.050829	0.645229	-1.099825	-3.224083	0.246384	1.055873	3.353156	2.180735	-0.054411
-1.582759	0.486092	0.063706	-2.604975	-3.612274	-0.171486	-0.112555	3.205092	2.204520	-1.085412
-3.991505	-1.135080	-1.115806	-3.747246	-3.559828	-1.059276	-1.421638	1.497510	1.032328	-2.372330
-4.819193	-4.158136	-3.076125	-4.201553	-3.297962	-2.817360	-2.531012	-1.990511	-1.265928	-3.736519
-4.089070	-7.314936	-5.281855	-3.884521	-1.903772	-3.668862	-3.232128	-5.336009	-3.639976	-4.132205
-2.847118	-5.562111	-5.609401	-2.244281	1.380799	-1.271628	-3.172660	-4.585153	-3.789546	-2.621048
-1.910800	-2.811300	-4.039689	-0.439989	2.531781	1.232761	-2.538374	-3.173924	-2.751637	-0.942632
-1.441689	-0.484718	-2.051874	1.373656	2.804905	2.110365	-1.508511	-1.612781	-1.067848	0.003501
-1.345842	0.306260	-0.619198	2.140026	1.927673	1.676312	-0.635881	-0.769673	0.105024	-0.044817
-1.472290	0.492447	-0.333544	1.660013	1.551199	0.591548	-0.498654	1.179341	1.530683	-0.689752
-1.670604	2.183320	0.726308	2.069869	3.226807	0.703316	-0.111208	3.387139	3.283198	-0.214048
-1.828536	3.246536	2.337698	3.407732	4.195082	1.815225	0.927220	4.361058	4.180370	0.952674
-1.921014	3.420852	3.022327	4.142443	3.918591	2.458897	1.687639	4.363613	4.530454	1.481932
-1.929726	2.827059	2.752685	3.737277	2.467242	2.350960	1.708616	3.175509	3.929959	1.604137
-1.075631	0.926159	1.262740	2.093595	-0.047846	1.299536	0.964162	0.332199	1.945420	1.211763
1.366169	-1.558228	-0.881657	0.253601	-2.079341	-0.038048	0.501404	-2.592426	-0.534346	0.633293
1.853195	-4.344059	-2.762638	-1.493059	-3.464472	-1.499244	0.533173	-5.273431	-3.151656	0.196952
1.060160	-5.932563	-3.724572	-3.049110	-4.047963	-2.504351	1.025691	-6.985838	-5.398343	0.983592
-0.334761	-2.109913	-1.934773	-4.039775	-3.921670	-2.479499	1.621777	-7.039882	-6.480851	2.100885
-1.756583	0.591463	0.306370	-4.297758	-3.477816	-1.961503	1.976752	-6.058850	-6.311468	2.471661
-2.066766	1.557618	1.189575	-3.836461	-2.853109	-1.781808	1.592641	-3.269553	-3.772962	1.514130
-1.959512	1.901731	1.298554	-3.180214	-2.541349	-1.740812	0.543264	-0.518858	-0.222914	-0.274229
-1.850811	1.814657	0.985469	-2.849316	-2.406990	-2.044189	-0.816250	0.395662	1.285517	-2.391491
-1.752682	1.630257	0.624803	-2.207912	0.021563	-2.014985	-1.935240	0.304032	1.505260	-3.637010
-1.233497	0.735843	0.059570	-1.169444	1.343820	-1.574784	-2.392419	-0.668692	0.637654	-3.548746
-0.768138	-1.367666	-1.209310	-0.833131	0.765820	-1.800258	-2.527386	-2.369212	-1.092496	-3.353838
-0.852550	-5.074968	-3.267552	-1.350248	-0.760526	-2.370600	-2.704953	-4.495719	-3.321332	-3.323413
-0.411929	-8.785095	-5.403315	-2.117299	-2.262777	-2.026949	-2.448357	-5.490991	-5.001008	-2.574510
1.398253	-5.849927	-4.965947	-1.869212	-2.182960	-0.755343	-0.833183	-3.193092	-4.188792	-0.819790
1.583784	-2.384566	-2.817049	-1.062794	-0.339449	0.037636	0.619059	-1.853477	-2.730632	0.070030
0.700319	-1.971037	-1.901765	-0.826533	-0.054505	-0.472193	0.776273	-2.095265	-2.361250	-0.518422
-0.660694	-2.047170	-2.152915	-0.473551	0.140113	-1.823461	0.223864	-2.441762	-2.124871	-1.599757
-1.949517	-0.849100	-1.787258	0.836494	0.583429	-2.439436	-0.090642	-1.983034	-1.043011	-1.885368
-2.702797	-0.917435	-1.572885	1.208961	0.887648	-2.612340	-0.448312	-2.211759	-0.931900	-2.119966
-2.799473	-2.084638	-2.096713	0.512046	0.267612	-2.599239	-1.022662	-3.063231	-1.753735	-1.663015
-2.486232	-4.048303	-3.140277	-0.957620	-1.139740	-2.451779	-1.622192	-4.246750	-3.153736	-0.139021
-2.065122	-5.806090	-4.054904	-2.617880	-2.662401	-1.967719	-1.239695	-5.184282	-4.507879	1.602024
-1.740718	-5.659297	-4.101376	-3.853422	-3.647304	-1.332136	-0.032034	-3.858198	-4.932994	2.547926
-1.587486	-3.283162	-3.140298	-4.356052	-3.896092	-1.014485	0.664243	-0.292268	-3.664500	2.072921
-1.583820	-1.540849	-2.205076	-4.227857	-3.616867	-0.510265	0.294990	1.780599	-2.025718	0.704796
-1.654246	-0.804957	-1.758685	-3.813311	-3.198444	-0.332244	-0.704762	2.540390	-1.011116	-1.125787
-1.747287	-0.618967	-1.685755	-3.432374	-2.901863	-1.125121	-1.862690	2.627528	-0.630334	-3.083505
-0.733667	0.183233	-0.991812	-2.983916	-2.451956	-2.359923	-2.789961	2.653563	-0.403641	-4.343792
1.467951	1.781929	0.982768	-1.734293	-1.271270	-2.225289	-3.000903	3.049514	0.413704	-3.747397
1.740046	2.427591	2.341240	-0.929423	-0.802360	-1.615819	-2.823586	2.949274	0.666114	-2.850327
0.863944	2.789555	2.898197	-1.126790	-1.275823	-1.771160	-2.786983	2.517129	0.249593	-2.729426
-0.524089	3.020506	3.131680	-1.701573	-1.891020	-2.003133	-2.874051	2.106854	-0.257116	-2.787883
-1.853959	2.952982	3.069158	-2.417514	-2.537135	-2.174382	-3.045887	1.828606	-0.723256	-2.289023
-2.670143	2.143158	2.329928	-3.076262	-3.005826	-2.328687	-3.260946	1.199268	-1.237538	-1.421806
-2.800693	-0.069854	0.462326	-3.517060	-3.216796	-2.880155	-2.949216	-0.810338	-2.329531	-1.022841
-1.810726	-3.628320	-2.259699	-3.571893	-3.026350	-3.190006	-1.575904	-2.592108	-3.370242	-0.400398
1.574837	-3.325872	-3.636466	-2.311749	-1.707209	-2.003369	-0.387954	0.453826	-1.861489	-0.088888
4.119450	0.170212	-1.803987	-0.285016	-0.309795	0.134995	0.164221	3.249946	0.663429	0.117189
5.310876	2.010998	0.647809	1.191559	0.493141	1.652618	0.519044	4.366729	2.118219	0.416275
5.159425	2.492046	1.906088	1.635933	0.454089	2.083082	0.575296	4.469432	2.434798	0.380549
3.563370	2.454003	2.223933	1.218522	0.054795	1.474540	0.864110	3.894383	1.939624	0.266233
0.785346	2.503306	2.309385	1.592156	0.706327	0.785569	1.557684	3.358186	1.882915	0.558804
-2.538658	2.251044	2.143987	2.176342	1.008578	0.245731	1.792642	2.568285	1.828123	0.502685
-4.933196	1.190930	1.194551	1.526192	0.041459	-0.806716	1.148707	1.728205	1.284190	-0.477744
-2.721618	0.146806	-0.213086	0.219411	-0.994688	-1.779347	0.003050	2.040507	0.876218	-1.651141
2.065508	0.504662	-0.708106	-0.331643	-0.980710	-1.072562	-0.895820	3.186278	1.193446	-1.771264
4.275714	1.012173	-0.158861	-0.008568	-0.550157	0.358547	-1.269008	3.300276	1.388408	-1.201309
4.023117	0.776513	0.019199	0.656075	0.941696	1.145605	-1.288319	2.086237	0.893730	-0.725043
2.433787	1.379748	0.479996	2.581640	3.773387	2.233629	-0.443491	0.801067	1.226579	0.544249
0.435864	2.228678	1.413210	4.339935	5.308551	3.279549	1.001731	0.386383	2.101588	1.953404
0.690956	2.896383	2.405096	5.222886	5.843458	4.226241	2.727402	1.365185	2.909367	3.321837
2.364266	2.844270	2.734300	4.932741	5.237477	4.414915	3.752146	1.827620	2.743737	3.935253
4.109110	2.441026	2.440855	3.848593	3.817909	4.005766	4.037286	2.234377	2.363195	3.888033
5.126587	2.330179	2.135781	2.825049	3.190764	3.841191	4.057351	3.090449	2.964962	3.752242
5.537814	2.169169	1.927921	2.154232	2.430195	3.850907	3.684980	3.171943	3.049536	3.320763
5.568876	2.175647	1.661770	1.692834	1.785264	3.483209	2.765180	2.617205	2.375535	2.354655
5.406714	2.603162	1.810909	1.969722	2.737133	2.962446	1.771787	2.102683	1.774208	1.437739
5.187461	3.036170	2.271812	2.869286	3.672377	2.601756	1.145512	2.027871	1.730674	1.043147
4.531371	3.229256	2.744034	4.133800	4.150614	3.134984	1.290529	2.340985	2.417197	2.048590
2.657181	2.607592	2.484523	4.027487	3.103532	3.383152	1.271816	1.601582	2.005611	2.785632
-0.179469	0.883972	1.130746	2.426024	0.729706	2.339143	0.491291	0.362228	0.464279	1.886582
-3.107933	-2.114571	-1.237817	0.165837	-1.628993	-0.094817	-0.628320	-1.163754	-1.339738	0.004254
-4.760599	-2.284221	-2.697913	-0.254431	-1.175707	-2.661913	-1.063669	-1.676738	-1.461772	-1.283971
-2.648288	0.639831	-1.214945	1.554674	0.925675	-2.275795	-0.533757	0.886971	0.443483	-0.152451
2.025105	2.730674	1.414575	3.769762	2.805863	1.119650	0.615160	3.612907	2.772038	1.714133
4.520796	3.271048	2.763895	4.885641	3.526106	3.161596	1.633575	4.221345	3.647194	2.533824
4.588675	2.731679	2.671559	4.379801	2.608683	3.217521	1.699685	3.165569	2.875623	2.041581
3.377934	0.777207	1.164573	2.452739	0.508298	1.708193	0.794076	0.366548	0.663426	0.491584
2.966693	-2.269951	-1.472217	0.054788	-1.262681	-0.656202	-0.392334	-2.280950	-1.633918	-1.218246
3.111044	-3.726903	-3.521130	-1.311313	-1.153719	-2.085656	-1.195439	-2.403789	-2.286270	-1.946958
2.129437	-2.264508	-3.149520	-1.208545	1.308641	-1.640595	-1.535823	-1.172654	-1.066702	-1.769359
0.801103	0.233941	-0.557102	-0.628307	2.094286	-0.221527	-1.672190	0.620277	1.119886	-1.321138
-0.052346	1.279688	1.328146	-0.504952	1.284236	0.470846	-1.893543	1.351515	1.920770	-1.305125
-1.031483	0.609660	1.420235	-1.147753	-0.497133	0.068909	-2.341136	0.343488	0.877664	-1.873577
-1.820025	-1.534464	-0.066137	-2.107085	-2.317088	-0.863764	-2.883026	-1.849820	-1.259407	-2.558793
-2.202065	-2.676149	-2.097901	-1.340335	-1.574654	-1.777527	-2.813232	-3.078228	-2.355546	-2.566146
-2.190613	-1.317646	-2.546408	0.366425	-0.445548	-1.951894	-2.077734	-2.963195	-1.978825	-1.973667
-1.964556	-1.118646	-2.277075	0.529311	-0.691684	-2.367852	-1.501976	-2.770399	-1.782340	-1.852754
-1.702643	-1.697099	-2.138121	-0.513706	-1.578935	-2.678659	-0.606901	-2.356545	-1.510620	-1.410831
-1.516572	-2.915402	-2.317607	-2.051047	-2.496381	-3.001872	0.436804	-2.850714	-2.183933	-0.898994
-1.413950	-2.669075	-2.220089	-2.230658	-1.605428	-2.728089	1.442178	-2.757102	-2.378396	-0.176652
-1.397906	-0.004218	-0.710491	0.155799	0.498348	-1.224827	2.066011	-1.003686	-0.863535	0.501250
-1.464907	1.672394	1.234782	1.703717	0.974915	-0.123131	1.845250	1.226182	0.410699	0.314062
-1.536659	1.729909	1.992951	1.288154	0.056501	-0.519346	0.779177	1.194031	0.032818	-0.927619
-1.586059	1.021455	1.801701	-0.288143	-1.449997	-1.519477	-0.727884	-0.135481	-1.107671	-2.408567
-1.600690	-0.168902	1.130760	-2.306114	-2.871263	-2.480331	-2.202074	-1.877684	-1.955779	-3.496863
-1.578978	-2.341857	-0.255379	-4.025828	-3.671463	-3.555650	-2.559991	-4.038929	-3.154202	-3.452219
-1.534697	-5.032797	-2.174480	-4.873450	-3.738057	-3.625496	-1.422482	-5.712220	-4.387328	-2.089250
-1.486752	-7.037006	-3.944614	-4.791206	-3.384800	-1.728205	0.066137	-6.192301	-5.214659	-0.425782
-1.456467	-6.907003	-4.618311	-4.226095	-2.973107	0.333562	1.117750	-5.656212	-5.466850	0.636335
-1.458091	-2.474003	-2.510025	-3.672318	-2.703455	1.448179	1.661803	-4.883489	-5.323833	1.082779
-1.466218	0.438752	0.306623	-3.359710	-2.607900	1.443014	1.868497	-4.335528	-5.061936	0.990571
-1.486035	0.499200	1.017473	-3.046156	-2.266686	0.300371	1.919505	-3.913705	-4.644457	0.498754
-1.497459	0.514678	0.718063	-0.963069	-0.281052	-0.885509	1.923459	-2.202602	-2.551246	0.211408
-1.484912	0.867856	0.418431	1.746231	1.536799	-0.778315	1.743371	-0.366961	-0.095101	0.791608
-1.356109	1.226264	0.372644	3.363385	2.535977	0.309405	1.464133	0.663051	1.274252	1.449241
-1.102513	1.663984	0.655651	4.178508	3.676940	1.439600	1.313633	1.260984	1.989356	1.610152
-1.056989	1.871306	1.044396	4.395233	3.839075	2.029128	1.291783	1.427291	2.175149	1.412349
-1.144146	2.123443	1.326005	4.281150	3.982596	2.116955	1.270791	2.379445	2.344679	1.095019
-1.269000	2.674466	1.851920	4.365764	4.790165	2.559258	1.436954	3.875449	3.139838	1.326597
-1.367401	2.939118	2.419670	4.305299	4.796088	3.036823	1.603688	4.298903	3.653836	1.627078
-1.413350	2.362503	2.372679	3.057604	3.207318	2.236925	1.069046	2.866660	2.496884	0.715635
-1.289563	1.071424	1.687584	0.876587	0.634869	0.008445	-0.050982	-0.185799	0.139887	-1.036653
-1.037995	0.202403	0.860285	0.002283	-0.484724	-1.879577	-0.299368	-2.844525	-1.337192	-1.305290
-0.990271	0.461813	0.594965	1.094727	0.215695	-0.823353	0.943812	-2.978595	-0.926057	0.986244
-1.086214	1.200820	0.847457	2.445054	1.284774	1.394619	2.347532	-0.615549	0.834587	3.010726
-1.232449	1.965872	1.490055	3.340019	2.118646	2.583381	3.255388	1.113705	2.071073	3.501448
-1.330127	2.294769	2.073687	3.738725	2.542900	2.664265	3.444474	1.532754	2.250220	3.009989
-1.388152	1.911942	1.926057	3.518842	2.208424	1.933883	2.886183	1.009657	1.679424	1.772331
-0.051182	0.603101	0.759307	2.274882	0.943273	0.366764	1.637459	0.331763	0.690454	-0.125887
2.957924	0.537490	-0.388743	1.382881	0.663248	0.332292	0.361043	2.612494	1.902566	-0.102219
4.948267	2.036888	0.465077	2.000038	1.417019	2.398261	-0.099560	4.760458	3.876632	1.563341
5.850849	2.446028	1.425579	2.391779	1.502254	3.513168	-0.234025	5.169621	4.471040	2.057884
6.081933	2.322833	1.608904	2.241327	1.203185	3.674449	-0.415760	4.901770	4.398134	1.741528
5.175568	1.634365	1.172573	1.466773	0.315976	3.106787	-0.790458	3.868910	3.794449	0.878945
2.939263	-0.373559	-0.246459	-0.150601	-1.168084	1.468984	-1.533153	1.179983	1.971054	0.012474
-0.346353	-3.560975	-2.308079	-2.179693	-2.623879	-1.356488	-2.472625	-3.556289	-1.227258	-0.818364
-3.614014	-4.840880	-2.929444	-3.928104	-3.455088	-4.850534	-3.355170	-7.056022	-3.721320	-2.082582
-5.188873	-2.573171	-1.453201	-4.831363	-3.561746	-6.900801	-4.022208	-4.306454	-2.369069	-3.191006
-4.500533	-0.772769	-0.056261	-4.808292	-3.244757	-5.663399	-4.122810	-0.445567	0.214429	-3.462487
-2.819684	-0.425337	0.182428	-4.270230	-2.833766	-2.790975	-2.841554	1.115616	1.443271	-2.302712
-1.429941	-1.124243	-0.466136	-3.700312	-2.547880	-1.175519	-0.969271	0.485662	0.729488	-1.042862
-0.712967	-1.564548	-0.941064	-3.362655	-2.456201	-1.081201	0.449535	-1.355243	-1.170349	-0.403846
-0.526746	-1.095981	-0.577027	-3.264286	-2.410424	-1.464458	1.221242	-2.129914	-2.014659	-0.119417
-0.657515	0.548766	0.181679	-2.802274	-0.101702	-0.898477	1.626235	-0.571442	-0.308893	0.334664
