X1	X2	X3	X4	X5	X6	X7	X8	X9	X10
-1.808439	-6.178051	-6.516203	-3.204857	-2.904023	-5.881570	-3.975481	-2.513346	-3.888870	-6.307017
-1.804979	-6.150585	-6.506196	-3.186689	-2.895141	-5.883844	-3.963853	-2.505325	-3.871740	-6.308990
-1.802357	-6.082019	-6.478520	-3.160627	-2.883847	-5.869626	-3.942115	-2.518639	-3.868442	-6.297649
-1.786325	-6.046123	-6.456064	-3.120793	-2.871853	-5.824169	-3.908764	-2.534790	-3.873885	-6.253252
-1.080607	-5.240427	-6.104818	-2.693363	-2.796800	-5.294800	-3.644799	-1.707375	-2.879412	-5.902882
1.132474	-1.864608	-3.633988	-0.709054	-2.293777	-2.622939	-2.105464	0.275475	-0.736897	-3.622776
3.047089	0.111604	-1.148154	1.094870	-1.532901	0.017841	-0.586519	1.466650	0.361964	-0.817497
4.064345	1.221911	0.210939	2.015802	-0.714056	1.399814	0.130568	2.046725	1.021442	0.835197
4.226595	2.275520	1.328521	2.620108	0.624328	2.246368	0.579707	2.108374	1.390707	1.768427
3.451396	2.629514	2.007523	2.968767	1.741215	2.320707	1.352302	1.670600	1.544434	2.125519
3.122284	3.245447	2.913155	3.774684	2.366919	2.554603	2.945457	2.058312	2.333704	2.638961
3.401275	3.510161	3.512026	4.229203	2.581107	3.010609	4.021485	2.727628	3.062690	3.237991
3.840647	3.159420	3.484992	3.657649	2.291812	3.042140	4.034965	2.738408	2.800384	3.393545
4.129834	2.278152	2.903095	2.402601	1.657222	2.711936	3.145977	2.361039	2.138742	3.195898
3.553047	0.606669	1.737546	0.601618	0.846646	1.915399	1.600606	1.143155	0.792514	2.673012
2.127756	-2.197576	-0.237527	-1.699683	-0.109359	0.111465	-0.409029	-0.657009	-1.029968	1.191327
0.371078	-4.560545	-2.457722	-3.221299	-1.002954	-2.086438	-1.921274	-1.889968	-1.869487	-1.005789
-1.177688	-2.560013	-2.532350	-1.178716	-1.216518	-2.261065	-1.266021	-1.587524	-0.858037	-1.447695
-2.116663	0.769150	-0.027163	2.167629	-0.608518	-0.581977	1.282011	-0.732357	0.283900	0.232473
-2.345940	2.175574	1.961241	3.790327	0.229191	0.792234	3.165420	-0.356857	0.463178	1.847010
-1.510322	2.531852	2.815888	3.481171	0.703636	1.113234	3.715781	-0.357691	0.019287	2.414382
-0.682870	2.586621	3.277393	2.149088	1.101574	0.900485	3.276269	-0.597904	-0.575292	2.233336
0.895844	2.611417	3.473338	0.652221	1.216048	0.623334	2.230346	-0.001873	-0.408423	1.506381
1.727416	2.887578	3.675897	-0.468855	0.961501	0.440488	1.558426	0.061776	-0.521284	0.751257
2.592528	4.132106	4.300959	0.771425	0.781942	1.069676	2.415643	1.195006	1.007787	0.982761
3.502905	4.981570	4.898368	3.936437	1.681131	2.783046	4.013443	2.535033	2.696485	2.535614
3.492375	5.059687	4.998674	5.929900	3.428124	3.923758	4.766500	2.874295	3.357464	3.743024
2.404869	4.634895	4.706503	6.316134	4.751518	4.041964	4.588203	2.250259	3.063646	4.056079
0.824312	3.551683	3.880104	5.094157	4.908657	3.237029	3.394996	0.628948	1.615155	3.530931
-0.722672	2.008649	2.448349	2.102048	4.021531	1.871847	1.358470	-1.329540	-0.411039	2.134138
-1.799441	0.860313	0.735690	-2.026242	2.484273	0.570185	-0.940333	-2.740891	-2.234311	0.015675
-2.249960	0.591477	-0.708414	-6.044563	0.683603	0.061192	-2.903334	-3.382652	-3.579156	-1.700335
-2.225469	0.740541	-1.453468	-8.562249	-1.018734	0.455764	-4.085691	-3.360199	-4.230753	-1.383624
-2.007748	-0.119549	-2.149907	-7.228102	-2.303299	0.851921	-4.436086	-3.123991	-4.407506	-0.419720
-1.799048	-0.772702	-2.067327	-3.828942	-2.950904	0.922625	-4.036215	-2.657140	-3.694524	0.073396
-1.663561	1.051948	0.625797	0.364432	-2.422417	0.927255	-1.670908	-1.480769	-1.482620	0.495695
-1.087141	3.041504	3.219218	3.414921	-0.441162	1.649162	1.760768	-0.094770	0.312130	1.777677
1.019555	4.045465	4.294654	4.320702	1.262104	2.536709	3.629780	1.054736	1.067662	3.177778
2.269844	4.608000	4.694702	4.397437	2.096932	3.094376	4.470940	1.477004	1.577943	4.000813
1.925366	4.819066	4.791593	4.443213	2.675096	3.278454	4.908422	1.284478	1.813180	4.296029
0.842800	4.347362	4.487308	3.744824	2.922634	2.805963	4.651318	0.702215	1.669923	4.032586
-0.382283	2.919613	3.495568	1.730145	2.430373	1.608240	3.331965	0.623780	2.062987	2.915702
-1.346134	0.156500	1.591353	-1.235583	1.372732	0.100726	1.208964	0.823235	2.481531	0.708099
-1.878660	-3.899028	-1.337288	-4.208534	0.070535	-1.145520	-1.206846	1.049824	2.747425	-2.360527
-2.016117	-7.605731	-4.794990	-5.919151	-1.169107	-1.695931	-3.233985	1.201730	2.883381	-5.399757
-1.941140	-8.003060	-7.190900	-5.556237	-2.112158	-1.719392	-4.354143	0.943346	2.481846	-6.905635
-1.806272	-6.162638	-7.080198	-4.030727	-2.659960	-2.136581	-4.559800	-0.254618	0.993791	-6.624376
-1.696530	-5.223879	-6.301094	-2.702617	-2.863490	-3.178254	-4.250901	-1.708891	-0.991608	-5.869192
-1.627244	-5.078298	-5.827474	-2.062908	-2.845939	-4.363506	-3.831747	-2.829448	-2.841996	-5.175964
-1.600369	-3.835225	-4.729112	-1.464581	-2.634662	-4.387820	-3.177887	-2.954161	-3.166251	-3.334929
-1.597618	-0.262779	-1.265565	0.735044	-1.848656	-2.434673	-1.436373	-1.813625	-1.452320	-0.658492
-1.611341	1.593653	1.086904	3.126860	-0.591769	-0.404858	0.476283	-0.731495	-0.006867	1.060357
-1.619571	2.464458	2.323143	4.283885	0.572283	0.745795	1.593531	0.260689	1.396572	1.728592
-1.604910	2.190471	2.354155	3.673116	1.046539	0.923577	1.390078	0.615371	1.751358	1.537741
-0.560980	1.074737	1.527185	1.820746	0.809447	0.554974	0.427059	0.472188	1.141552	1.060493
0.548134	-0.636940	0.204085	-0.479509	0.240880	0.301720	-0.638533	-0.195642	-0.049435	1.060307
0.536314	-3.148315	-1.720798	-2.756590	-0.474154	-0.274451	-1.720700	-1.372215	-1.636615	1.167614
-0.078276	-4.232628	-3.627753	-4.253249	-1.191121	-1.090274	-2.624138	-2.170978	-2.927196	1.150999
-0.809916	-1.023321	-3.463915	-4.469766	-1.786737	-1.781118	-2.969750	0.403424	-1.128160	0.726172
-1.393710	1.418155	-1.136510	-3.749047	-2.197451	-1.262659	-1.657655	3.094200	1.886826	0.351646
-1.725793	1.830602	0.458427	-2.861463	-2.424202	-0.164618	0.057075	3.467464	2.938670	0.353536
-1.826092	1.175720	0.578317	-2.074434	-2.379428	0.383558	0.502213	2.945111	3.304113	0.157150
-1.795961	1.181889	0.761305	0.156609	-1.401028	1.156707	0.969018	2.556771	3.821749	0.404640
-1.724358	1.694157	1.305667	2.856301	0.063294	1.971689	1.641912	2.423929	4.198596	1.203600
-1.661441	2.283660	1.876854	4.536041	1.438198	2.599036	2.233395	2.575219	4.469992	2.081587
-1.623046	2.709519	2.277859	5.010518	2.330961	3.091915	2.499235	3.670613	4.753223	2.988099
-1.603259	2.497455	2.232944	3.988040	2.400717	3.146498	2.252876	4.040930	4.552705	3.485531
-1.595973	1.530840	1.675705	1.514696	1.725147	2.527106	1.780690	3.064203	3.652698	3.415978
-1.600176	0.375312	1.066916	-1.853525	0.632740	1.969711	1.731154	1.850655	2.964760	3.246208
-1.611634	-0.933066	0.318161	-4.998981	-0.540416	1.939532	1.498625	0.869678	2.508249	3.012563
-1.630861	-2.035209	-0.673793	-5.596903	-1.006997	1.629768	0.801971	-0.245489	1.564094	2.228350
-1.633286	-2.087008	-1.311253	-2.326703	0.187851	1.215741	0.271384	-1.195662	0.480046	1.083569
-0.492274	-0.252137	-0.481116	1.399428	2.159310	1.246270	0.277310	-0.767166	0.255560	0.233691
1.233331	1.480614	1.365558	3.268508	3.513583	1.593847	0.541870	-0.176029	0.004247	0.231970
1.435553	1.136470	1.646304	2.890841	3.595084	0.854705	0.121447	-0.807463	-1.161880	-0.163386
0.706490	-0.468793	0.698456	1.027221	2.722784	-0.986103	-0.844336	-1.864544	-2.546798	-1.448069
-0.298429	-3.003626	-1.077544	-1.580809	1.340547	-3.419062	-1.923402	-2.802484	-3.673090	-3.409730
-1.174332	-5.847745	-3.378792	-3.948444	-0.152417	-5.076774	-2.774136	-3.341579	-4.351488	-5.336845
-1.714739	-6.195762	-5.313445	-4.991497	-1.424013	-3.923273	-3.231376	-3.459976	-4.536816	-5.601488
-1.924908	-1.059781	-4.048461	-2.965309	-2.043324	-1.388049	-2.605344	-2.670010	-2.922969	-3.373501
-1.919785	2.174728	-0.087659	1.273725	-1.504144	0.488705	-0.667735	-1.441186	-0.913186	-0.274504
-1.828821	3.258764	2.525182	4.014598	-0.266199	1.197920	1.107735	-0.663875	0.144470	1.432163
-1.726801	2.883964	2.997221	4.339862	0.667408	0.777561	1.559259	-0.937757	-0.339564	1.648504
-1.648992	1.579873	2.282337	2.816920	0.795675	-0.769765	0.795759	-1.816866	-1.589945	0.557867
-1.608690	0.348500	1.133059	0.032139	0.307794	-2.993638	-0.530589	-2.698269	-2.924441	-1.613917
-1.611758	-1.591903	-0.569684	-3.149491	-0.465391	-5.212878	-1.883037	-3.272857	-3.932747	-4.411027
-1.623499	-3.664255	-2.623389	-5.057173	-0.945516	-6.133797	-2.646674	-3.213876	-3.844778	-7.015885
-1.636674	-3.429917	-3.348581	-3.209770	-0.025145	-3.868962	-1.709602	-2.558241	-2.768270	-6.226463
-1.640796	-2.722280	-2.949149	-0.392152	1.357566	-1.190854	-0.540563	-2.304919	-2.539336	-2.465155
-0.630671	-0.717522	-1.843966	1.011593	1.971793	0.518745	-0.203459	-1.501726	-1.934923	0.348089
1.512404	2.650961	1.357465	2.200989	2.469961	2.394654	0.295698	0.013641	-0.503111	2.093547
2.173302	3.411309	3.019132	2.361141	2.647502	3.105292	0.361900	-0.109332	-0.758160	2.712088
1.973345	3.211266	3.365572	1.334977	2.167663	2.824084	-0.213138	0.269608	-0.854431	2.363958
2.559250	3.154430	3.506757	0.351484	1.362418	2.440720	-0.614004	2.666888	0.772250	1.715037
3.453470	3.506163	3.638892	0.221199	0.627400	2.160968	-0.553789	4.181896	2.058968	1.146849
4.021315	3.771262	3.556146	0.765713	0.153822	2.014712	-0.273781	4.791147	2.672747	0.850365
3.504758	3.391443	3.086727	0.907056	-0.156569	1.535735	-0.331432	4.649739	2.497061	0.497597
2.107543	2.729121	2.586194	0.135026	-0.526214	0.410742	-0.912193	4.185644	2.000447	-0.391268
0.389494	1.776857	2.061864	-1.178994	-0.972452	-0.983875	-1.320184	3.387327	1.268610	-1.599412
-0.738226	0.505907	1.432885	-2.350969	-1.397926	-2.094286	-0.292856	1.689175	0.005552	-2.219584
0.484172	0.039646	1.186245	-1.992147	-1.543808	-1.634261	1.638481	0.444970	-0.487303	-1.252793
2.511406	0.286217	1.251299	-0.197893	-1.268047	-0.061336	2.817393	0.131512	-0.380942	0.444315
3.832536	1.175252	1.714118	1.470797	-0.759083	1.093521	2.861378	0.616953	0.381732	1.428764
4.358777	2.529874	2.802243	2.290097	-0.268980	1.960395	2.900205	1.691057	1.923510	2.038936
3.730329	2.531684	3.117190	1.937922	-0.048183	1.966636	2.444094	1.273898	1.591599	2.084825
2.228242	1.231832	2.358254	0.484512	-0.228580	0.653495	1.185569	-0.219131	0.131580	1.033899
0.396207	-1.262011	0.701188	-1.500495	-0.684557	-1.586102	-0.446887	-2.008295	-1.739582	-0.979396
-1.206823	-4.745848	-1.808211	-3.245819	-1.223120	-3.610509	-1.955260	-3.406578	-3.419078	-2.588720
-2.169660	-8.170009	-4.817789	-4.060799	-1.696679	-4.334211	-2.974899	-4.023963	-4.483325	-2.397320
-2.447368	-9.979170	-7.574691	-3.814742	-2.031475	-4.013920	-3.412496	-4.018566	-4.906619	-1.254374
-2.317358	-9.647586	-9.267099	-3.047530	-2.214643	-3.921421	-3.426632	-3.778597	-4.962509	-0.986014
-2.059568	-8.237765	-9.532980	-2.361476	-2.276523	-4.205273	-3.260053	-3.528984	-4.837589	-1.779621
-1.827542	-6.800083	-8.771726	-2.027337	-2.271007	-4.109612	-3.083163	-2.780161	-3.255726	-2.763002
-1.685962	-5.038487	-7.162126	-2.018966	-2.239191	-2.698194	-2.606040	-1.397589	-0.886895	-2.022240
-0.937418	-2.644963	-4.369660	-1.943135	-2.159915	-0.612955	-1.087816	0.335550	1.023374	0.316095
1.263223	0.328359	-1.109272	-0.878444	-1.834638	1.605806	0.908558	3.035392	2.634452	2.494663
2.872799	1.901736	1.058005	0.550093	-1.279489	2.776763	2.262159	4.324744	3.185339	3.475785
3.711514	2.202186	1.678200	1.502973	-0.722526	2.891216	2.328653	4.358006	2.946566	3.404852
3.545882	1.469855	1.336992	1.632939	-0.341230	2.338156	1.589363	3.026198	1.707325	2.747608
2.360471	-0.412556	0.110522	0.668597	-0.334150	1.013219	0.274811	0.553945	-0.294395	1.707450
0.724438	-2.602465	-1.395662	-0.965542	-0.651901	-0.710237	-1.192607	-1.514719	-2.012810	0.627655
-0.832118	-3.531040	-1.906273	-2.608861	-1.122345	-2.335208	-2.393193	-2.735997	-3.241321	-0.356442
-1.883167	-4.556731	-2.546531	-3.617873	-1.589418	-3.943459	-3.103001	-3.527367	-4.145464	-1.807408
-2.303573	-4.293124	-3.074038	-2.723227	-1.798047	-4.843415	-2.796581	-3.264273	-3.410140	-3.440142
-2.273281	-2.691670	-2.626296	-0.157287	-1.447846	-3.341441	-1.515358	-2.655621	-2.629410	-3.571224
-2.072788	-2.636232	-2.657203	0.981466	-1.049780	-1.092345	-0.926990	-2.680142	-2.878856	-2.426255
-1.877418	-2.433902	-2.709170	1.232461	-0.771039	0.561300	-0.593539	-2.546242	-2.659555	-0.934865
-1.734358	-2.344226	-2.389408	0.716523	-0.651419	1.372616	-0.048240	-2.732969	-3.059340	0.320706
-1.661347	-3.125250	-2.603289	-0.530691	-0.798054	1.431767	-0.105169	-3.070157	-3.684049	0.799751
-1.642221	-4.402149	-3.442541	-1.992088	-1.127732	1.236949	-0.767421	-3.344881	-4.209759	1.042529
-1.656249	-5.565586	-4.567271	-3.088439	-1.500803	0.590723	-1.641181	-2.843844	-3.019513	1.092838
-1.691455	-5.675782	-5.438425	-3.472311	-1.820874	-0.346287	-2.399012	-1.220010	-0.280948	0.498247
-1.726532	-4.270180	-5.068834	-3.224411	-2.044328	-1.107098	-2.864336	0.015854	1.349036	-0.613858
-1.743853	-1.527482	-2.326766	-2.738786	-2.169894	-1.441283	-3.053064	1.039642	2.242227	-1.896247
-1.634468	0.709739	0.477503	-2.311125	-2.209223	-0.876931	-3.052660	2.518901	2.529922	-2.605067
-0.046658	2.079280	2.110108	-1.431309	-2.060876	0.591226	-2.565945	3.702500	2.613578	-1.811210
2.216711	2.563162	2.590515	0.180373	-1.573751	1.752962	-1.480833	4.433528	2.830948	-0.201262
3.677832	3.078986	2.759498	2.551266	-0.615265	2.688452	0.261593	5.149262	3.999940	1.419079
4.352396	3.832911	3.247908	5.069636	1.229460	3.789624	2.600736	5.720855	5.059955	2.983926
4.580575	4.294978	3.814501	6.423911	3.384626	4.552671	4.452899	5.965203	5.503165	4.078488
4.408160	4.099443	3.770593	6.090100	4.345765	4.540867	4.531347	5.815991	5.431083	4.304305
3.319951	3.350100	3.218069	4.159699	4.053008	3.754460	3.348607	4.798227	4.705753	3.769732
2.352433	2.620391	2.432712	0.864463	2.967591	2.033836	1.562521	2.867859	3.261243	2.246149
2.562437	2.829629	2.399079	-2.073434	1.739413	0.229464	0.166286	0.935487	1.736431	-0.030445
3.311648	3.385579	2.777794	-1.358238	1.560034	0.290058	0.093629	0.209400	1.065461	-1.216451
3.702956	3.674956	3.007614	1.486953	2.366868	1.608091	0.726642	0.720572	1.624927	-0.098305
2.950253	3.489142	2.804364	2.460285	2.694550	1.942600	0.637131	0.943887	2.088140	0.837598
1.478237	2.921695	2.514331	1.606665	2.214118	1.325027	-0.174417	1.331357	2.470225	0.739058
-0.170046	1.954968	2.030595	-0.293602	1.210300	0.477431	-1.249005	2.449635	2.993912	0.015991
-1.494399	0.638165	1.286259	-2.442485	0.028626	-0.180722	-2.196805	2.370890	3.004691	-0.762549
-2.213601	0.361917	0.862135	-3.952433	-1.041634	-0.435845	-2.798868	2.035936	2.915560	-0.917350
-2.364128	1.363892	0.770747	-4.237400	-1.809536	-0.373075	-3.046269	2.671322	3.061383	-0.881199
-1.934753	2.088030	0.791202	-3.468521	-2.215648	-0.573568	-3.026495	2.077563	2.153600	-1.135502
0.067564	2.561118	0.966487	-1.672850	-2.161224	-0.796025	-2.419726	1.150131	1.008249	-1.486652
1.142793	2.187152	0.870763	0.100743	-1.727392	-1.002782	-1.552806	-0.251628	-0.286160	-1.667933
0.866340	1.657921	0.747748	2.061197	-0.916748	-1.031652	-0.175069	-1.175271	-0.524088	-1.442616
0.005492	1.529264	1.138098	3.747945	0.178989	-0.463749	1.756585	-1.395683	-0.215793	-0.394434
-0.712784	1.238662	1.579311	4.085528	1.004006	0.026993	3.179590	-1.589786	-0.602593	0.779455
0.404124	0.921092	1.666137	3.230930	1.224194	0.128202	3.180254	-0.612476	-0.468943	1.135545
2.361578	1.172528	1.687852	2.000073	1.077438	0.778626	2.441496	2.566562	1.929220	1.175994
3.690909	1.603664	1.594011	1.028446	0.810614	1.924434	1.518268	4.223840	3.503869	1.417957
4.311678	1.954202	1.521469	1.382064	0.691711	2.648297	1.123431	4.205193	3.731878	1.784947
3.971117	1.986040	1.585847	2.856708	0.972681	2.867923	1.470160	3.067282	2.970446	2.165064
2.644284	0.785036	0.855023	2.874477	1.054210	1.935014	1.129538	0.759711	1.187266	1.705563
0.835096	-1.555608	-0.709492	1.430078	0.667734	-0.221160	0.100999	-2.126678	-1.181115	0.112923
-0.897679	-3.469622	-2.583877	-0.864807	-0.030272	-3.218610	-1.150219	-4.400989	-3.428805	-2.494154
-2.059115	-2.159383	-3.323092	-3.164755	-0.807698	-5.834394	-2.221274	-4.998077	-4.430421	-5.058276
-2.496787	-0.472440	-2.747754	-4.511479	-1.477280	-6.330585	-2.860914	-4.141916	-4.081500	-5.479469
-2.432285	0.375609	-1.007835	-4.435807	-1.938766	-5.558704	-2.208426	-3.582305	-4.153731	-4.405231
-2.185567	0.544886	0.668758	-3.486951	-2.181135	-4.631682	-0.501908	-3.374631	-4.381261	-2.935724
-1.956567	-0.465882	0.750542	-2.527266	-2.258411	-4.307870	0.337981	-3.381593	-4.596073	-2.293934
-1.819288	-1.054561	0.448426	-2.004064	-2.242693	-3.671773	1.109233	-3.459815	-4.730872	-1.866290
-1.430843	-1.015616	0.193691	-1.849351	-2.184599	-2.590773	1.509316	-3.187409	-4.459205	-1.294663
0.090013	-1.196959	-0.367068	-1.276423	-1.974425	-1.679144	1.211354	-2.004708	-3.234995	-1.015632
0.629193	-1.533651	-1.255296	-0.850292	-1.703044	-1.634281	0.338551	-1.883811	-2.960334	-1.337494
0.217738	-0.551660	-1.706115	-1.053286	-1.572552	-2.228397	-0.840195	-2.028163	-2.655253	-2.296629
-0.544960	-0.416593	-1.974160	-1.664586	-1.605994	-2.890038	-1.931274	-2.582477	-3.114299	-3.439593
-1.264089	-0.397468	-2.189750	-1.533376	-1.597871	-3.486084	-2.218455	-2.369285	-2.567857	-4.367663
-1.749757	1.690435	-0.416236	0.859705	-1.030820	-2.448019	-0.753679	0.690699	0.018144	-3.396206
-1.960939	2.975227	1.733933	3.415228	0.025659	-0.237293	1.852882	2.908050	1.809667	-0.634516
-1.982575	3.370427	2.884503	4.407751	0.987913	1.218434	3.476263	3.740593	2.321081	1.504388
-1.915444	3.318846	3.056481	3.518423	1.253946	1.147608	3.168106	3.809806	2.039386	1.877279
-1.788196	3.506174	3.205018	1.315503	0.857587	0.315256	1.815538	3.935273	2.465396	1.083098
-0.382983	3.900036	3.639159	0.358863	0.475129	0.674615	1.040350	4.275504	3.701896	0.502755
1.782179	3.996982	3.887137	2.534545	0.835689	2.226867	1.740599	4.194360	4.382002	1.316889
2.309486	3.739958	3.742790	4.636877	1.625922	3.093545	2.667939	3.590650	4.492978	2.417512
1.554452	3.630518	3.598553	5.129724	2.186858	3.180921	2.898470	2.559934	4.095833	3.123886
0.303668	3.496332	3.492846	3.889406	2.075281	2.449667	2.068688	0.936529	3.085415	3.155497
-0.921587	3.249885	3.248330	1.177997	1.352925	1.067499	0.561708	-0.106293	2.379435	2.420727
-1.783510	2.473181	2.531787	-2.332094	0.316007	-0.576180	-1.097625	-0.506445	1.818774	0.817767
-2.178145	0.580080	1.046470	-5.443594	-0.736272	-2.176460	-2.420852	-1.433550	0.368262	-1.621464
-1.562493	-2.265654	-1.194286	-6.296300	-1.552148	-2.653822	-3.027970	-1.734444	-1.035444	-4.178587
0.825074	-1.447076	-2.309864	-3.435300	-1.814859	-0.385196	-2.467861	1.274035	0.006486	-3.852650
2.904899	0.983940	-1.148075	0.146259	-1.477519	2.095458	-1.270575	3.478454	1.457261	-0.737007
3.447654	1.694330	-0.044955	1.872303	-0.929745	3.078846	-0.435123	4.152471	1.920092	1.527984
2.597593	1.300304	0.033579	1.582042	-0.662243	2.630782	-0.498778	4.044000	1.700775	1.949259
1.096454	0.631088	-0.078269	0.067337	-0.772025	1.151628	-1.120072	3.164368	1.270490	1.104535
-0.488009	0.174884	0.411221	-1.907710	-1.116559	-1.137279	-1.875232	1.215000	0.114113	-0.722847
-1.687516	1.204588	1.503614	-3.027019	-1.115481	-3.151116	-2.218746	-0.442362	0.280207	-3.039237
-2.292934	1.979166	2.366468	-1.987227	-0.020326	-2.328344	-1.747668	-0.542031	1.443070	-3.698689
-2.391455	1.398563	2.069207	-0.797489	0.915588	-0.801426	-1.433227	-0.112723	2.063811	-2.791758
-2.223708	-0.054058	0.924574	-0.595457	1.019657	0.457447	-1.599115	0.275202	2.316645	-1.471184
-2.010407	-2.059236	-0.866083	-1.180177	0.482563	1.341446	-2.023552	0.497247	2.385950	-0.312866
-1.858671	-4.080783	-3.012214	-2.056111	-0.346393	1.370804	-2.456890	0.344798	2.031255	0.132729
-1.781800	-5.190138	-4.982888	-2.659030	-1.161096	0.254193	-2.698444	-0.696800	0.718195	-0.456778
-1.754965	-1.011177	-3.730790	-1.124269	-1.451848	-1.201620	-1.787679	-1.390300	-0.058639	-1.421678
-1.763701	2.612472	0.673322	1.830397	-0.856261	-1.717276	0.003157	-1.518321	-0.353813	-1.577009
-1.772167	3.625236	2.814021	2.873654	-0.156020	-1.890499	0.718949	-0.142681	-0.385005	-1.493967
-1.778566	3.664804	3.141109	1.972300	0.013299	-1.824637	0.232962	2.320472	1.334895	-1.694818
-1.788910	2.987154	2.619244	-0.098064	-0.309911	-1.147051	-0.813727	3.785481	2.753127	-1.814336
-1.791641	1.769972	1.516087	-2.532757	-0.881272	-0.590669	-1.901445	4.111580	2.824448	-1.768427
-1.787359	0.331624	0.125458	-4.343459	-1.472894	-0.568025	-2.698084	3.164853	1.786272	-1.211471
-1.790733	-2.095251	-1.783462	-4.762217	-1.937831	-0.765057	-3.096476	0.990718	-0.099978	-0.224183
-1.785609	-5.187570	-4.078728	-3.981108	-2.219271	-0.569602	-3.178364	-1.609060	-1.739222	0.787689
-1.770930	-6.481622	-5.594408	-2.909448	-2.338083	-0.421585	-2.537415	-2.261722	-0.735499	1.244004
-1.757207	-4.023684	-4.278722	-1.928184	-2.318072	-0.041909	-0.421755	-1.423180	0.517805	1.641407
-1.749491	-0.930395	-1.211450	-0.496313	-1.980476	0.270984	1.990702	-1.278354	0.250029	1.994652
-1.278591	0.318060	0.772948	0.157477	-1.591281	0.109190	3.029083	-1.524373	-0.714771	2.112636
0.690729	1.046623	1.351922	0.510164	-1.230232	-0.131750	2.794303	-0.822539	-0.964866	1.683372
1.618361	1.669888	1.439691	0.445553	-0.955354	-0.635319	1.824494	-1.002408	-1.708834	0.643269
1.405831	1.528572	1.266272	-0.311471	-0.937494	-1.658193	1.232046	-1.599327	-2.431909	-0.888273
1.832722	1.191939	1.062493	-0.589303	-0.977287	-1.487313	1.426964	-0.664712	-1.087492	-1.269087
1.802840	1.401054	1.354948	0.987299	-0.619046	-0.027477	1.863460	-0.172553	-0.071533	0.347653
0.951597	1.047357	1.488865	2.335236	-0.046755	0.677571	1.830408	-0.713640	-0.452656	1.681984
-0.204183	-0.507675	0.631964	1.959186	0.124201	0.034492	0.926629	-1.874604	-1.691085	1.738312
-1.224086	-3.041048	-1.051386	0.327165	-0.180729	-1.329727	-0.434576	-2.983232	-3.057758	1.086080
-1.313021	-5.627420	-3.201402	-1.714779	-0.741884	-3.020600	-1.682460	-3.070090	-3.575731	-0.404127
0.677582	-5.117009	-4.383774	-2.338817	-1.148019	-3.144796	-1.963656	-1.057020	-1.517848	-1.963752
2.713088	-2.312003	-3.642361	-0.954703	-1.143679	-1.080408	-1.334847	1.132927	1.077088	-2.105706
3.128685	-0.470765	-2.055169	1.049779	-0.782404	0.733219	-0.375645	1.331146	1.391316	-0.952247
2.228609	-0.536210	-1.385258	1.764543	-0.445645	1.379336	-0.033055	0.158435	0.292090	0.061524
1.204670	-1.149763	-1.691774	1.083849	-0.451854	1.316034	-0.422288	-0.857764	-0.509701	0.344404
1.083716	-0.294612	-1.416345	0.102033	-0.619336	1.662549	-0.817193	-0.075290	0.779307	0.644313
1.053242	0.084017	-0.860461	-0.912143	-0.859595	2.034774	-0.721089	0.384878	1.179825	1.013227
2.060741	0.760953	0.364956	-0.965603	-0.990234	2.439330	0.871404	0.688942	0.961299	1.683523
2.977680	1.162543	1.346938	-0.073890	-0.889614	2.749355	2.621150	0.574771	0.375637	2.383055
2.575847	0.703659	1.389136	0.269231	-0.808540	2.530655	2.977211	0.803109	-0.232500	2.499869
1.971629	0.251880	0.827523	0.088791	-0.872618	2.133613	2.192138	2.147163	0.407242	2.046782
1.367354	0.477238	0.564339	1.051230	-0.654271	2.132502	1.569708	2.086936	0.758931	1.689164
0.367167	-0.146380	0.042918	1.653126	-0.311802	1.957746	0.934365	0.705809	-0.178597	1.372273
-0.665570	-0.940417	-0.523801	1.105958	-0.151841	1.553984	0.863619	-1.191636	-1.443728	0.988252
-1.469256	0.158618	-0.112200	0.575147	0.605898	1.654924	1.473766	-2.393440	-1.729610	1.091608
-1.873725	1.359539	0.649281	0.725914	2.010852	2.244535	1.679727	-1.448571	0.246865	1.528902
-1.868490	1.370197	0.808715	1.001312	3.103494	2.768541	1.314880	0.019419	1.780011	1.952951
-1.774447	0.935611	0.759545	0.421637	3.140162	2.647659	0.308520	0.717195	2.373136	1.853460
-1.240079	0.909837	1.158817	-0.739653	2.326031	2.187328	-0.899973	1.163382	2.691458	1.292208
-0.800597	1.257766	1.798629	-1.910511	1.084861	1.824025	-1.898499	1.202696	2.735518	0.678674
-0.857655	1.287316	2.156043	-2.827503	-0.255847	1.167115	-2.611879	1.005315	2.646135	-0.115394
-1.151104	1.147106	2.267931	-3.261811	-1.414894	0.097944	-3.004699	0.794834	2.553821	-1.224533
-1.459369	1.254638	2.353487	-2.503885	-1.622380	-0.384911	-2.729868	0.865990	2.741863	-1.677556
-1.480364	1.190319	2.159770	-0.424634	-0.134507	0.607021	-1.645685	0.977458	2.720661	-0.062092
0.224738	0.802600	1.570459	1.425775	1.522799	1.594350	-0.502710	0.961471	2.072102	1.754794
2.422497	0.283942	0.748178	2.268181	2.211590	1.965691	0.188083	0.943820	1.275262	2.663210
3.776706	0.078286	0.038931	2.521138	2.261001	1.989303	0.598996	1.045652	0.864973	2.862699
4.385636	0.639397	0.060381	3.010460	2.675956	2.157176	1.219964	1.330108	1.039352	2.699422
4.584740	0.975476	0.372552	3.301369	3.221757	2.183221	1.631075	1.390649	0.993832	2.287901
4.586250	1.043357	0.498519	3.165684	3.212417	1.817597	1.657811	1.400085	1.067905	1.536911
4.406248	1.724306	1.109250	3.718588	2.951533	1.701013	2.137346	1.633506	1.666360	1.084193
3.421721	2.064733	1.684522	4.388406	2.717267	1.574627	2.670371	1.172338	1.643956	1.054208
1.750496	1.480999	1.515355	3.995029	2.341431	0.820888	2.419246	0.393757	0.858463	0.708568
-0.092471	0.191912	0.667346	2.457016	1.901246	0.148151	1.450172	-0.343518	0.093125	0.045569
-0.916562	-1.137950	-0.531225	0.390823	1.342199	0.273448	0.313990	-0.087197	0.710173	-0.390683
0.688547	0.033072	-0.361533	0.864006	1.083192	1.181905	0.609312	1.061069	1.742072	0.175394
2.711227	1.767644	0.974680	3.493730	1.434681	2.330466	1.998140	1.955487	2.436461	1.484100
3.918001	2.419321	1.892411	5.021463	1.986437	3.119045	2.911090	2.159810	2.381389	2.546408
4.446373	2.131303	1.887532	4.815883	2.128239	3.269410	2.744571	1.973829	2.031262	2.856697
4.541767	1.350021	1.360112	3.529256	1.806337	3.064563	1.978010	1.509822	1.377945	2.672502
4.285986	0.174317	0.465755	1.558072	1.192073	2.348507	0.982643	0.876470	0.576745	1.985566
4.166663	-0.762975	-0.432427	-0.173897	0.533406	1.273175	0.207896	0.637278	0.148185	0.846954
4.150944	-0.747755	-0.938729	-0.720667	0.034964	0.293585	-0.152431	0.606013	-0.027748	-0.376268
3.487474	0.410823	-0.732059	-0.566131	-0.324806	-0.666781	-0.456499	-0.032940	-0.473536	-1.515186
2.210523	1.429794	-0.299932	-0.758407	-0.736718	-1.662230	-1.049380	-0.031461	0.529085	-2.696294
1.971454	2.622496	0.834394	-0.679422	-1.083834	-1.285810	-1.357451	1.265099	2.189358	-2.851659
2.785220	3.537590	2.394064	0.100603	-1.140380	0.256944	-1.076244	2.422077	3.240941	-1.470641
3.675129	3.579462	2.957575	1.034594	-0.934448	1.491138	-0.544090	2.999711	3.671185	0.166452
3.938102	2.826371	2.629408	1.504713	-0.657810	1.778137	-0.177313	2.471623	3.003362	1.006226
3.042018	0.971598	1.499021	0.958261	-0.603354	0.801822	-0.409797	0.774091	1.360857	0.637846
1.454978	-2.173767	-0.392218	-0.267060	-0.814291	-1.208928	-1.010677	-1.394903	-0.761126	-0.799089
-0.248772	-6.419698	-2.985474	-1.814788	-1.213273	-3.313706	-1.776712	-3.260213	-2.856797	-2.907964
-1.556682	-10.206857	-5.827023	-3.153250	-1.686863	-3.580553	-2.473095	-4.210728	-4.330509	-4.496906
-2.224575	-11.685100	-8.209365	-3.831094	-2.123387	-2.269505	-2.965441	-4.317776	-5.029827	-4.582758
-1.400843	-9.523954	-9.123529	-3.411548	-2.393139	-0.560127	-3.029039	-3.031098	-4.159216	-2.970566
1.157193	-4.592153	-7.116559	-1.499760	-2.253655	1.355812	-2.264628	-0.862951	-2.126726	0.058151
2.596856	-1.684185	-4.172788	0.282063	-1.800035	2.485157	-1.360816	0.809763	-0.795626	2.176679
2.267066	-1.310946	-2.832811	0.538067	-1.493898	2.596640	-1.192709	0.532192	-1.122086	2.882078
1.111575	-0.766357	-2.353884	-0.397923	-1.504829	1.994711	-1.613661	-0.770075	-2.166825	2.639189
-0.235277	0.483705	-1.553707	-1.509926	-1.415177	1.184638	-2.023895	-2.066587	-2.751135	1.698075
-1.332161	1.184423	-0.547170	-1.227231	-0.234468	1.121087	-1.669794	-2.530863	-2.371127	0.745725
-1.965707	0.674532	-0.334818	-0.313255	1.175068	1.361234	-1.168707	-2.345012	-2.270074	0.519331
-2.157506	-0.991931	-1.141740	-0.262407	1.606382	0.546219	-1.270611	-2.580897	-2.860427	0.018374
-2.074971	-3.585266	-2.667263	-1.055436	1.126805	-1.398876	-1.805423	-2.969287	-3.578713	-1.398897
-1.891200	-6.467726	-4.537626	-2.193629	0.148167	-4.012179	-2.436052	-3.281114	-4.142367	-3.613279
-1.725169	-8.214965	-6.172900	-2.990466	-0.946375	-6.441287	-2.791289	-3.308303	-4.124017	-6.104055
-1.628159	-4.435182	-4.865214	-1.369753	-1.543197	-6.153264	-1.215631	-2.231332	-2.202008	-6.464821
-1.591248	-0.252712	-1.591064	1.639430	-1.193342	-2.345944	0.835199	0.725271	0.177916	-3.100120
-1.590215	0.837404	-0.060976	2.638331	-0.642819	0.076316	1.297777	2.618350	1.084818	-0.431928
-1.600494	0.577629	-0.059333	1.705738	-0.532967	0.307035	0.507273	3.134720	1.336802	0.162420
-1.615300	-0.499577	-0.902186	-0.373591	-0.857905	-0.653647	-0.808121	2.107397	0.584825	-0.574764
-1.617496	-0.216075	-1.056209	-2.466429	-1.359571	-1.612028	-1.910807	0.233493	-0.521315	-1.872237
-1.617644	1.347779	0.220018	-1.511201	-1.412985	-0.774500	-1.421278	-1.141918	-0.487218	-1.858475
-1.622756	2.309475	1.424077	1.697869	-0.748497	0.844557	0.183577	-1.029970	0.236807	0.104154
-1.397587	2.691488	2.016030	3.950214	0.219487	1.786410	1.583008	1.604976	1.699397	1.931021
0.374308	2.801789	2.237952	4.626466	1.001372	2.290923	2.216182	3.234828	2.429886	2.893513
1.600290	2.297365	1.933383	3.739098	1.184801	1.943755	1.822245	2.670044	1.650358	2.930722
1.987738	1.221380	1.266400	1.653086	0.774751	0.761793	1.454417	1.276095	0.389097	2.130243
1.504741	0.269519	0.827740	-0.640852	0.109391	-0.549266	1.978060	-0.457578	-0.595874	0.915041
0.483763	0.436519	1.072799	-0.482894	-0.203586	-1.063186	2.967616	-1.390245	-0.444332	0.042186
-0.604554	0.373149	1.089708	1.228373	0.129666	-0.683105	3.069672	-1.834241	-0.523912	-0.315671
-1.422755	0.009277	0.639085	2.155529	1.040571	-0.040828	2.340347	-0.383083	-0.218803	-0.377951
-1.835454	-0.817106	-0.283533	1.623694	1.506654	0.338535	0.993261	0.582209	-0.357216	-0.488927
-1.931339	-1.425350	-1.128860	0.597420	1.701701	1.045237	0.103506	0.137072	-0.746957	0.113947
-1.860056	-1.490648	-1.486458	0.239105	2.275754	2.059222	-0.082175	-0.672755	-0.947621	1.554618
-1.744193	-1.276230	-1.473267	0.688688	3.065448	2.737417	0.074512	-1.396635	-1.016516	2.652443
-1.654410	-0.065999	-0.706761	1.395617	3.728887	2.990981	0.890911	-1.811355	-1.025464	3.121717
-1.609634	1.895954	0.990903	1.892673	4.137529	2.808226	2.299311	-1.936650	-1.018116	3.112833
-1.609233	2.777847	2.184489	1.853889	4.203803	2.067486	3.306560	-2.036010	-1.230905	2.669956
-1.612599	2.595397	2.376174	1.412177	3.960691	1.226495	3.415835	-1.124152	0.173314	2.017890
-1.608030	1.806466	1.929669	1.172037	3.809652	1.026834	2.765242	-0.539373	0.758533	1.727265
-1.194846	1.233272	1.553030	1.354948	3.852360	1.374049	1.858832	0.358860	1.827943	1.877773
-0.729250	1.463406	1.883783	1.793512	4.019772	1.998426	1.093269	1.252090	2.834744	2.266416
-0.740453	1.820940	2.374332	2.045041	4.170881	2.156537	0.559367	1.257011	2.822455	2.254560
-1.011354	1.597172	2.372281	2.041935	4.253235	1.725531	0.277935	0.355966	1.919190	1.715260
-1.317503	0.726100	1.763382	1.746246	4.203408	0.878244	0.107424	-0.880140	0.555840	0.730768
-1.549724	-0.916349	0.489422	0.851020	3.719024	-0.395387	-0.328882	-2.136347	-1.015653	-0.522276
-1.674986	-2.482395	-1.020709	-0.313733	2.933305	-1.319394	-0.498620	-2.997264	-2.427817	-0.854391
-1.700607	-1.327580	-1.285219	-1.725182	1.764902	-1.785242	0.256952	-3.508376	-3.628135	-0.031494
-1.675578	0.547233	-0.446053	-2.998233	0.348070	-1.985189	0.800874	-3.654929	-4.340962	0.894361
-1.639345	1.135075	-0.055578	-3.699278	-1.047539	-2.251176	0.322791	-3.584787	-4.597762	1.208894
-1.607100	1.139440	-0.233820	-3.723538	-2.170911	-2.768336	-0.728287	-3.479023	-4.637820	0.831935
-1.583424	1.478436	-0.006355	-3.348078	-2.885074	-3.587062	-0.988825	-3.415799	-4.607539	-0.275323
-1.583071	1.840676	0.664808	-2.633454	-3.154643	-4.131551	-0.160371	-2.031688	-3.377296	-1.610307
-1.585496	1.332286	0.770573	-1.557971	-2.970505	-4.005558	0.217536	-0.771539	-2.264001	-2.802100
-1.582593	-0.338842	-0.113953	-1.163143	-2.678907	-4.178495	-0.300159	-1.131290	-2.518579	-4.098886
-1.576928	-3.080257	-1.776295	-1.505927	-2.513891	-4.726064	-1.286254	-2.045868	-3.193175	-5.245155
-1.584096	-6.399121	-3.935472	-2.232024	-2.510672	-4.830372	-2.300314	-2.941222	-3.846377	-4.661384
-1.594075	-8.757068	-6.061483	-2.926867	-2.608685	-3.438905	-3.049450	-2.645304	-2.388664	-2.265652
-1.579295	-8.344352	-7.340864	-3.299524	-2.738493	-0.632031	-3.437291	-1.065868	0.226610	0.297856
-1.568349	-6.417462	-7.469470	-3.322622	-2.856096	0.848679	-3.546306	0.108093	1.648209	1.351259
-1.574640	-5.093321	-6.954540	-3.126754	-2.933951	0.579829	-3.496117	-0.015744	1.305455	0.973437
-1.586896	-4.029960	-5.915868	-2.895848	-2.966482	-0.849974	-2.840456	0.026451	0.383864	-0.450951
-1.592845	-2.713063	-3.760738	-2.752778	-2.972441	-2.614626	-0.908436	-0.688178	-1.047947	-2.096544
-1.603813	-1.959652	-1.844354	-2.727531	-2.974202	-4.152445	0.822693	-1.876985	-2.594700	-3.222865
-1.610817	-1.219699	-0.354830	-2.770440	-2.975058	-5.246231	1.132956	-2.949086	-3.787335	-3.870057
-1.610935	0.159111	1.200125	-2.489502	-2.921610	-4.916786	1.316350	-3.354008	-3.858800	-2.791916
-1.611983	1.971542	2.686259	-0.270378	-2.386013	-2.583547	2.479932	-2.453092	-1.980266	-0.136314
-1.045488	2.780421	3.446770	1.988038	-1.427211	-0.510439	3.580599	-1.381809	-0.915689	1.611161
0.989982	2.721670	3.474341	2.707456	-0.672880	0.777344	4.020235	-0.259840	-0.342294	2.487007
1.873441	1.984823	3.031400	2.031864	-0.404514	1.157179	3.924813	-0.464915	-0.887618	2.832185
1.396913	1.022291	2.470035	0.195902	-0.657216	0.882386	3.386359	-1.499510	-2.049210	2.759518
0.363369	0.073598	1.950313	-2.169971	-1.228307	0.686954	2.119130	-2.629279	-3.204941	2.440301
-0.698449	-0.633062	1.510521	-4.160127	-1.883026	0.664057	0.281279	-3.427152	-4.008855	1.971881
-1.479280	-0.043283	1.543729	-3.560304	-2.246358	0.689450	-1.060604	-2.966779	-2.854421	1.587728
-1.870972	1.737287	2.282422	0.279952	-1.783787	0.845160	-0.686456	0.794913	1.133575	1.414301
-1.943129	2.767710	2.924217	3.105754	-0.804598	1.229994	0.391829	3.340545	2.991737	1.422704
-1.846117	2.490634	2.673693	3.297155	-0.211806	1.040289	0.502124	3.963132	2.956444	1.287909
-1.724748	1.802773	2.035623	1.709496	-0.296059	0.353497	-0.291848	3.935121	2.407113	1.037434
-1.650016	1.298573	1.640122	-0.946764	-0.847656	-0.381814	-1.447928	3.687205	1.787673	0.822539
-1.617826	2.055709	1.989797	-2.833677	-1.433120	-0.350380	-1.979261	3.616255	1.878267	0.978399
-1.617189	2.950019	2.800932	-0.981621	-1.384908	0.497616	-0.960646	3.758464	2.399127	1.647104
-1.614080	3.065695	3.150321	1.202065	-0.967463	1.004700	-0.104664	3.625396	2.252816	2.147640
-1.619275	2.214475	2.742382	1.376093	-0.854625	0.595610	-0.339304	2.343731	1.098319	2.065400
-1.637633	0.240052	1.540301	0.117583	-1.150860	-0.652193	-1.213105	0.041118	-0.728692	1.368121
-1.635869	-1.930354	0.261636	-1.786221	-1.677573	-2.656949	-2.206964	-2.364991	-2.515320	-0.302569
-1.557753	-3.885172	-0.953086	-3.518235	-2.233473	-4.939860	-2.979527	-3.890968	-3.765696	-2.989664
-0.126997	-4.546038	-2.082680	-3.745668	-2.584469	-5.702483	-3.081613	-2.916607	-3.130486	-5.885925
2.155286	-3.203785	-2.523047	-1.799083	-2.464413	-3.484743	-2.283723	-0.879087	-1.569198	-6.211714
3.644904	-1.631431	-2.265559	0.437102	-1.977197	-1.090093	-1.248592	0.511848	-0.457776	-3.793871
3.622128	-0.824431	-1.927959	1.303376	-1.519088	0.137006	-0.776346	2.060026	0.809355	-1.495347
2.467113	-0.371306	-1.805611	0.734260	-1.314434	0.944142	-1.037188	3.535068	2.617310	-0.145209
0.833945	0.731555	-1.148647	0.107642	-0.536412	1.452914	-1.165760	3.773925	3.058953	0.596752
-0.726154	1.883051	0.052893	0.279272	0.992748	1.417265	-0.794635	2.676315	2.499491	0.818748
-1.801636	2.582910	1.209529	0.742813	2.319286	0.980226	0.303032	0.725508	1.252380	0.764888
-2.261841	2.732838	1.877753	0.374287	2.571552	0.292149	1.525136	-1.768058	-0.661557	0.573182
-1.752743	2.204796	1.946110	-0.695899	1.879819	0.020373	2.341761	-3.339037	-2.243046	0.510581
0.643906	1.517279	1.815742	-1.156812	0.782720	0.799650	2.980742	-2.079455	-1.791185	0.990394
2.869590	1.020020	1.725693	-0.452344	-0.217351	1.911031	3.397089	-0.251598	-0.599843	1.792920
3.870688	0.907019	1.796033	0.610289	-0.844882	2.459899	3.072283	0.477684	-0.154782	2.229922
3.348625	0.908031	1.924915	1.232656	-0.680984	2.246464	2.090498	-0.016300	-0.401250	2.031314
1.937207	1.212771	2.099373	1.804431	0.612721	1.746077	1.152866	-0.713962	-0.349945	1.436066
0.358940	1.815988	2.521584	2.648152	2.205485	1.756077	0.869420	-1.070729	-0.192816	1.168753
0.489128	2.026066	2.708416	2.648529	2.834162	1.594552	0.545076	-0.705352	-0.184028	0.909586
1.305936	2.136926	2.771661	1.834017	2.495527	0.860691	0.041116	-0.716253	-0.671570	0.306847
1.079197	2.287664	2.738777	0.105094	1.482195	-0.857880	-0.826392	-1.617334	-1.859323	-1.090304
0.244028	2.577658	2.782591	-2.058189	0.125252	-3.309041	-1.568601	-2.668527	-3.011929	-3.201547
-0.680708	2.878335	2.959598	-2.449486	-0.587280	-4.526384	-1.442761	-2.719044	-2.447759	-4.731597
-0.941908	2.711417	2.921551	-0.106897	0.367407	-2.685669	-0.464174	-1.834809	-1.118195	-3.639521
-1.037333	2.596935	2.824878	3.129625	2.226879	0.047263	1.119844	-0.747288	0.505334	-0.791487
-1.243397	2.699635	2.740655	5.013995	3.653696	1.677360	2.414084	-0.179451	1.262091	1.644210
-1.291812	2.627776	2.547005	5.455521	4.064190	1.973536	2.932218	0.016894	1.544855	2.571320
-0.846961	2.642625	2.467956	5.527219	4.192627	2.063575	3.430296	0.389483	1.993694	2.773915
-0.774028	2.756553	2.643368	5.506816	4.486813	2.261925	4.155549	0.504524	2.234304	2.852380
-1.011284	2.461856	2.569988	5.116138	4.786915	2.237606	4.199338	0.119881	1.848039	2.704242
-1.335023	1.532343	1.970814	3.935513	4.829255	1.706277	3.416867	-0.738385	0.931555	2.064459
-1.491962	0.214634	0.991413	2.254372	4.650905	0.899204	2.231411	-1.462359	0.037119	0.973048
-0.041421	-0.437411	0.143521	1.208495	4.436943	0.695554	1.312993	-0.740883	0.202690	0.072262
2.179714	0.060426	0.008127	1.758033	4.357937	1.885708	1.141048	0.469598	0.880994	0.817669
3.192816	0.707947	0.367125	2.882090	4.388500	3.043581	1.519235	0.816971	1.064423	2.428009
2.626920	0.973661	0.851649	3.253336	4.375496	3.431727	2.331615	0.098289	0.533758	3.382635
1.278619	0.434615	0.821117	2.624185	4.111755	3.195465	2.487978	-1.160350	-0.557399	3.570328
-0.247058	-0.823639	0.036904	0.848463	3.229930	2.284856	1.527951	-1.052118	-1.282921	2.968449
-1.470382	-1.147499	-0.333682	-1.622194	1.792986	1.061397	-0.061363	0.930123	-0.726075	1.563078
-2.140257	-1.698745	-0.850358	-3.921736	0.098421	-0.561830	-1.738638	1.264198	-0.814737	-0.829360
-2.311920	-3.073700	-2.033177	-5.106573	-1.511564	-2.857319	-3.036820	0.067017	-1.823685	-4.008177
-2.201352	-2.613399	-2.857244	-4.536513	-2.629791	-5.041917	-3.295129	-0.488858	-1.946915	-7.463567
-2.026507	-0.582084	-1.983340	-1.135669	-2.332498	-4.597787	-1.841530	-0.425646	-0.756037	-8.107822
-1.889769	0.636952	-0.567838	2.061166	-1.150247	-2.479348	0.027391	0.838295	0.385117	-4.455249
-1.816067	0.574771	-0.212414	2.595598	-0.412217	-1.393568	0.414452	2.123371	0.849945	-1.755689
-1.786185	-0.194342	-0.708570	1.290472	-0.443901	-0.892096	-0.311964	2.529874	1.499775	-0.817567
-1.787826	-1.614025	-1.784134	-1.015426	-0.984428	-0.043865	-1.463775	1.894601	1.727832	-0.465351
-1.801573	-3.687746	-3.301033	-3.437915	-1.718981	0.442499	-2.548560	0.196316	0.636720	-0.448046
-1.809267	-5.869971	-5.002245	-4.964789	-2.403269	0.474036	-3.279782	-1.432321	-0.096749	-0.677451
-1.127930	-6.156992	-6.056249	-4.629905	-2.851186	0.771653	-3.435560	-0.903682	1.035249	-0.654744
1.061774	-2.417718	-4.320964	-1.103291	-2.587977	1.766137	-2.049982	0.705764	2.094261	0.356003
2.963843	0.066512	-1.634942	2.309154	-1.636527	2.228213	-0.186063	1.380997	2.205955	1.366423
3.908053	1.591137	0.465475	4.420799	-0.347838	2.263821	1.528099	1.785679	2.430029	1.936908
3.530285	2.329949	1.727412	5.345482	1.202514	2.127973	2.651388	1.434899	2.344940	2.196185
2.170865	2.671735	2.445045	5.662148	2.884898	2.029231	3.309359	0.783248	2.179167	2.303011
0.416446	2.614321	2.531435	5.148585	4.053636	1.752161	3.229431	-0.276744	1.423681	2.140724
-1.191621	2.449471	2.320061	3.751719	4.523447	1.127155	2.496524	-1.441895	0.387459	1.519814
-2.108345	1.924221	2.044514	1.761353	4.487153	0.291106	1.459138	-2.275193	-0.680430	0.521501
-0.765165	0.844389	1.351818	-0.299931	3.843966	-0.508100	0.360712	-1.761567	-1.064449	-0.721841
1.678634	0.410506	0.619108	-1.197218	2.715512	-0.031827	-0.340238	-0.655154	-0.804821	-1.117148
2.535064	0.804973	0.246673	-1.045061	1.346878	0.820206	-0.791180	-0.589612	-0.931830	-0.578333
1.878273	1.550884	0.348995	-1.039903	-0.109495	1.264429	-0.666792	0.301017	0.556246	0.107996
0.578311	2.637121	1.415936	-0.763654	-1.314494	1.869422	0.642751	1.977291	2.351409	1.159154
-0.793200	2.825855	1.923026	-0.751775	-2.082782	2.010960	1.117218	1.534899	1.995341	1.717025
-1.822051	2.162380	1.554413	-1.309894	-2.547007	1.443062	0.428027	-0.144911	0.467351	1.385353
-2.293345	0.347265	0.319729	-2.151270	-2.825825	0.508195	-0.818817	-2.259131	-1.542350	0.392701
-2.348595	-2.644461	-1.642860	-2.885633	-2.983063	-0.382099	-2.095490	-3.963787	-3.400701	-0.952242
-2.234913	-6.559615	-4.115214	-3.260435	-3.065757	-0.901548	-3.050670	-4.616895	-4.312675	-2.207297
-2.108070	-9.230858	-6.424800	-3.138283	-3.011214	-0.672486	-3.486600	-3.078461	-1.854780	-2.680089
-1.986734	-7.693576	-7.040175	-2.074295	-2.221863	-0.129254	-3.106809	-1.795023	-0.575489	-2.075617
-0.778664	-4.317280	-5.730233	-0.348590	-0.910432	-0.024969	-2.100638	-0.819584	-0.036866	-1.333890
1.362428	-0.568293	-2.606298	1.991002	0.863539	0.787550	-0.411276	1.128588	1.107540	0.033046
1.932806	0.892276	-0.391245	3.330234	2.516027	1.651480	0.788324	2.027303	1.515197	1.581072
1.472522	1.377914	0.511970	3.467786	3.548257	2.071784	1.160260	2.888808	1.945958	2.531874
1.842877	1.566934	0.861351	2.959763	3.811081	2.499926	1.090347	3.644514	2.389934	3.067561
2.783240	1.519535	0.886500	2.081361	3.299492	2.861359	0.756874	4.022583	2.623652	3.338173
3.043129	1.338102	0.774134	0.986638	2.266931	2.937464	0.548473	3.249076	1.939500	3.397141
2.136985	1.636489	0.991311	-0.581376	0.897549	2.532754	0.983206	2.100284	0.862270	3.163804
0.680307	2.274728	1.550390	-2.245963	-0.548190	1.909172	1.729123	1.837448	0.449184	2.582766
0.328801	3.090138	2.332835	-1.934132	-0.969778	1.988087	2.671593	2.726040	1.410735	2.168641
1.594239	3.570655	2.976236	0.764733	0.258635	2.687743	3.372288	3.084357	2.006602	2.371575
2.663860	3.515254	3.348897	2.490805	1.361091	2.673244	3.745891	2.245660	1.475441	2.514300
2.301362	2.799007	3.242422	2.286031	1.492422	1.647729	3.671678	0.268017	-0.034548	2.095232
1.069268	1.262656	2.618044	0.673858	0.823637	-0.377364	3.326815	-2.284183	-1.963370	1.041315
-0.272333	-1.248746	1.475455	-1.601477	-0.254882	-3.029000	2.674010	-4.231628	-3.540157	-0.570328
0.132048	-3.472583	-0.052158	-2.911456	-1.281342	-4.427293	1.723059	-2.635275	-1.670719	-2.227300
1.807146	-3.020718	-1.139583	-1.855473	-1.802568	-2.430066	0.810367	0.177624	1.072393	-2.365980
3.142087	-0.641770	-0.487479	0.223305	-1.759563	-0.191447	0.163058	1.121041	1.564274	-1.230085
3.834212	0.634233	0.589122	1.683258	-1.409039	0.807273	-0.146275	1.137558	1.260881	-0.143651
3.757086	1.021681	0.871922	2.076353	-1.052822	1.321976	-0.309764	0.427587	0.411558	0.638592
2.611788	1.185422	0.682377	1.198280	-1.000277	1.192807	-0.823027	-1.190502	-1.163052	0.758643
0.862160	0.843981	0.138079	-0.586395	-1.298519	0.590562	-1.624080	-2.716707	-2.189200	0.237298
-0.935838	-0.024018	-0.866501	-2.593341	-1.791404	-0.284769	-2.422993	-2.381715	-0.696310	-0.736290
-2.263333	0.005554	-1.502882	-4.022376	-2.300150	-1.232033	-3.003210	-1.257551	0.851230	-1.962542
-2.871588	0.281459	-1.500291	-3.732422	-2.618960	-1.234672	-2.989704	-0.229783	1.982211	-2.595332
-2.737079	0.939624	-0.676201	-0.340604	-2.240812	0.302174	-1.475774	0.293130	2.302925	-1.236865
-0.711593	2.656785	1.189352	3.601934	-0.787030	2.132698	0.926508	2.369485	3.465864	1.116786
1.284233	3.648277	2.794398	5.893884	1.658021	3.363137	2.978748	3.426621	4.323789	2.929346
1.506557	3.519073	3.097147	6.130722	3.580641	3.522553	3.521533	3.111487	4.298846	3.495484
0.669312	2.540031	2.553837	4.799845	4.239074	2.807955	2.804332	1.755025	3.379458	3.157077
-0.530301	0.329714	1.186874	1.820072	3.713452	0.985903	1.228481	-0.190381	1.991285	1.771667
-1.623622	-3.346420	-1.038783	-2.205168	2.394736	-1.884798	-0.684925	-1.301571	0.345326	-0.855492
-2.333583	-6.565648	-3.618148	-6.096960	0.679303	-4.357496	-2.381215	0.069247	-0.347201	-3.496951
-2.611653	-6.461498	-5.478552	-7.952419	-0.964197	-4.748038	-3.354355	1.577294	-0.080688	-4.393969
-2.607020	-3.159450	-5.067631	-4.896371	-1.383999	-2.907670	-3.060269	2.485401	0.614781	-3.284544
-2.497376	-1.671254	-3.853927	-1.443257	-0.970270	-1.613703	-2.478146	2.122320	0.317690	-2.029645
-2.389600	-2.050916	-3.556902	-0.156068	-0.768850	-1.911647	-2.306790	0.799997	-0.736361	-1.931134
-2.328008	-2.948743	-3.886424	-0.448839	-0.998218	-3.059057	-2.477500	-0.431436	-1.611936	-2.769512
-2.306916	-4.394432	-4.625847	-1.484783	-1.498074	-4.320609	-2.767512	-2.209766	-2.833977	-3.658713
-1.776383	-5.607286	-5.439317	-2.429922	-2.033794	-4.564762	-2.909429	-3.326938	-3.452913	-3.024072
0.340228	-2.826392	-4.493507	-1.906481	-2.264089	-2.684060	-2.366973	-2.323827	-2.404287	-0.748812
2.328796	-0.166906	-2.172943	-0.124521	-2.015187	-0.334239	-1.351249	-0.751596	-1.101314	1.359255
3.087229	1.419628	-0.279945	1.780984	-0.944812	1.345910	-0.232523	1.444189	0.659810	2.588984
2.377828	2.321468	1.016507	2.710065	0.737958	1.869355	0.438582	1.563518	0.783278	2.913145
0.974125	2.371782	1.319664	2.107532	1.609215	0.960253	0.176680	0.220043	-0.343055	2.157556
0.638390	2.309136	1.258549	0.830315	1.490502	-0.620405	-0.405788	-0.799947	-0.974432	0.422582
1.134512	2.330798	1.252451	-0.132600	0.876649	-1.689355	-0.753204	-0.307027	-0.737426	-1.634905
1.699204	2.493465	1.352701	-0.510080	0.092717	-1.715305	-0.920690	1.616313	0.464409	-3.090080
2.064560	2.219820	1.256609	-0.313873	-0.606864	-0.985630	-0.889774	2.834477	1.352319	-3.011782
2.173471	1.804703	1.201631	0.167485	-1.069264	-0.043988	0.124588	3.303576	1.745782	-1.429188
1.320664	1.188125	1.150523	0.029756	-1.397810	0.621025	1.508854	3.162198	1.566575	0.301693
-0.052184	1.111870	1.367273	-0.166118	-1.109099	1.562126	2.686684	3.186069	2.289859	1.687930
-1.432411	2.026940	2.341579	0.439963	0.332058	2.667484	3.577349	3.383125	3.088512	2.786981
-2.419157	2.610595	3.043438	1.033361	1.757074	2.823533	3.907143	2.839165	2.666459	3.177348
-2.886037	2.336085	2.930059	1.176878	2.493395	2.020255	3.398869	1.158339	1.467028	2.734258
-2.944915	1.204378	2.148903	1.126774	2.849973	0.605169	2.286453	-1.257380	-0.209110	1.575696
-1.955657	-0.769154	0.682765	0.554684	2.525512	-1.440722	0.769314	-2.999054	-1.600229	-0.526792
-0.178368	-2.648694	-1.021753	0.092683	1.703350	-2.886121	-0.492774	-3.150569	-2.196198	-2.883036
0.166708	-2.943793	-1.705364	-0.597631	0.598817	-3.826651	-1.537157	-2.136538	-2.346628	-4.945949
-0.412597	-1.961663	-0.877721	-1.547845	-0.589396	-4.551072	-2.362099	-2.136144	-2.915622	-6.196959
-1.281176	-0.825526	0.310391	-2.436730	-1.646508	-4.358038	-2.891384	-1.693114	-2.923391	-4.951364
-2.056334	0.022625	1.300589	-2.950600	-2.417367	-2.334830	-2.487913	-2.160975	-3.329522	-1.452849
-1.655390	0.807678	2.112033	-2.650093	-2.795945	0.063983	-0.643918	-2.340687	-3.108591	1.425386
0.480026	0.956291	2.223075	-0.986666	-2.609746	1.635176	0.747758	-1.480112	-1.890328	2.593192
2.325133	0.587642	1.716935	0.935318	-1.984173	2.338856	1.174211	-0.626511	-0.888175	2.796696
2.812175	-0.157868	0.776870	1.890774	-1.312108	2.420852	0.927095	-0.706191	-0.881794	2.501843
1.938419	-0.878227	-0.479582	1.387346	-1.019463	1.825236	0.053954	-1.842270	-1.889638	1.614310
0.402716	-2.365362	-2.171161	-0.120872	-1.155092	0.826707	-1.103493	-3.220405	-3.002108	0.210071
