X1	X2	X3	X4	X5	X6	X7	X8	X9	X10
-0.372707	-5.626155	-4.697216	-1.980926	-2.538040	-4.296998	-2.996591	-2.650449	-1.963706	-5.050144
-0.393613	-4.880328	-4.239645	-1.273383	-1.077488	-3.945191	-2.727455	-2.527413	-1.855527	-2.485498
-0.420306	-1.794678	-2.482369	0.058774	1.872960	-2.298015	-2.055923	-2.278500	-1.453125	0.745560
-0.439829	-0.430013	-1.621989	0.914404	3.751526	-0.356928	-1.459798	-2.071783	-0.975093	1.287299
-0.448543	-1.053079	-2.139003	0.532501	3.628525	0.470747	-1.447670	-2.148199	-0.851039	0.944624
-0.449938	-2.183224	-2.306688	-0.031608	2.840077	0.525106	-0.532910	-2.227679	-1.071162	1.395884
-0.460824	-1.632949	-0.984694	1.063922	3.007241	0.768375	1.752965	-1.114777	-0.923792	2.067546
-0.492927	1.191530	1.154134	3.653701	4.268737	1.765071	3.700666	2.173856	0.951090	2.903342
-0.526528	2.888006	2.164935	5.218942	5.408705	2.998690	4.128145	4.184358	3.249821	3.132221
-0.549309	3.912607	2.733997	5.666233	5.957538	3.762613	3.691359	5.051777	4.544368	2.860459
-0.563107	4.255583	2.810593	5.201319	5.850714	3.908942	2.729957	5.305530	4.819721	2.023824
-0.573726	3.444072	1.641652	3.247010	4.522197	3.313727	1.013325	4.927621	4.201959	-0.132110
-0.589584	1.077826	-0.380888	-0.169610	1.696489	1.804105	-0.344216	3.564711	2.573824	-2.770933
-0.609580	-2.099321	-1.533490	-4.043166	-2.447267	-0.379925	0.209288	1.299523	0.022430	-3.704757
-0.634279	-2.278050	-0.784835	-6.165569	-6.536372	-2.512129	1.489075	-1.282518	-2.724832	-0.768113
-0.653387	-0.083575	0.347568	-5.487403	-8.474776	-3.039589	2.393669	-3.291557	-4.566237	2.212283
-0.518788	1.714355	1.148460	-3.246098	-6.984966	-1.547349	2.816386	-3.568572	-4.620724	3.786597
0.711007	3.158485	1.849979	-0.192124	-3.424050	1.292352	2.517214	0.857795	-1.911045	4.567394
2.034529	3.703090	1.939927	0.902895	-0.922802	3.295964	1.273555	3.474579	1.391815	4.488906
2.250645	3.692245	1.759341	0.348338	-0.303169	3.780590	0.086073	4.378750	2.911397	4.010103
1.587439	3.322253	1.332843	-0.786081	-0.756000	3.331819	-0.959807	4.320058	3.059838	3.017703
0.550196	2.314174	0.609692	-0.999933	-1.277449	2.146105	-1.225240	3.047725	2.131199	0.862132
-0.414402	0.980466	-0.207646	-1.352592	-1.812636	0.228165	-1.039721	0.923558	0.314238	-3.447467
-1.026747	0.188905	-0.683652	-1.606204	-1.861400	-2.159016	-1.361553	-0.513731	-1.697674	-8.875537
-1.238730	-0.140718	-0.932935	-0.799510	0.408122	-3.589878	-1.555434	0.826021	-1.864668	-7.882790
-1.174591	-1.015827	-1.487442	-0.083722	2.474664	-2.871929	-1.296290	0.898991	-0.727071	-4.045313
-1.002318	-2.414893	-1.626453	-0.429575	2.446008	-1.561068	0.159079	-0.101741	-0.311312	-0.659189
-0.846453	-2.425507	0.367838	-1.317581	1.053794	-0.831294	1.705430	-1.426953	-0.776040	0.629234
-0.767274	-1.140269	2.177827	-2.198816	-1.082960	-0.864573	2.588268	-2.606541	-1.670408	0.857397
-0.773634	0.181029	3.092519	-2.730390	-3.233720	-1.397292	2.922978	-3.365710	-2.538462	0.490993
-0.821544	1.386441	3.310620	-2.804997	-4.536256	-2.095700	2.764939	-3.639750	-3.052005	-0.467419
-0.872551	1.286716	2.855330	-2.610995	-4.583328	-2.849616	1.530556	-3.604547	-3.115754	-2.577447
-0.908539	0.159354	1.559135	-2.221071	-3.772138	-3.445655	-0.382835	-3.454895	-2.891919	-2.411906
-0.927866	-0.937653	-0.098368	0.307283	-1.937357	-3.106462	-1.373063	-2.827643	-2.134818	-0.998402
-0.941593	-0.328164	0.431207	2.631506	0.278995	-1.899429	-0.780610	-2.085189	-0.829199	-0.303792
-0.957013	1.201696	2.106916	3.551440	1.484516	-0.810872	-0.003768	-0.574777	0.295076	-0.069254
-0.973722	2.031984	2.687531	3.798423	2.022149	-0.048838	0.685847	0.088242	1.123833	-0.195408
-0.991228	1.410249	1.617995	2.705326	2.001960	0.036716	0.402235	-0.444165	0.921860	-1.276054
-1.003219	0.925592	0.208788	0.511326	1.301251	-0.630017	-0.593104	-1.444956	-0.156798	-3.289432
-1.009670	0.943634	-0.572022	-2.210121	-0.223218	-1.908020	-1.815684	-2.489024	-1.662457	-4.016476
-1.018187	1.959105	1.163562	-3.442466	-1.870602	-3.011495	-2.545652	-3.104099	-2.882057	-2.375866
-1.031296	2.862711	2.799607	-3.185513	-2.993818	-3.518635	-2.752112	-3.384863	-3.312642	-2.361153
-1.048184	3.254092	3.466513	-2.490685	-3.134634	-3.777898	-2.803605	-3.459230	-3.176894	-3.096307
-1.072103	2.560842	2.682840	-1.016154	-0.453023	-3.541125	-2.390149	-3.225354	-2.614134	-3.054262
-1.094690	0.512769	0.644373	0.055711	2.271504	-2.671698	-1.777176	-2.963769	-1.924931	-2.799660
-1.112015	-2.023810	-1.396129	-0.198725	2.596513	-2.005737	-0.554918	-2.989163	-1.667483	-2.069726
-1.124084	-1.224018	-1.019952	-0.596860	1.497293	-1.814387	1.317245	-3.052342	-1.834991	-0.762055
-1.133318	1.848425	1.158522	1.275208	0.544931	-1.474088	3.169372	-2.537444	-1.542754	0.998008
-1.145288	3.341756	2.489945	3.242583	0.554422	-0.578212	4.297073	-1.895139	-0.599069	2.116912
-1.153041	3.609110	2.665234	4.218333	1.186498	0.381932	4.447216	-1.439636	0.326697	2.285338
-1.153858	2.776452	1.675372	3.819594	1.483772	0.871973	3.437306	-1.482993	0.645943	2.173714
-1.153908	0.194799	-0.637064	1.874343	0.707875	0.756288	1.341371	-2.081639	-0.036779	2.015686
-1.162031	-4.555377	-3.519055	-1.136931	-0.809098	0.298868	-1.248674	-2.128293	-0.879620	2.082660
-1.180570	-9.406251	-5.392085	-4.078522	-2.477582	0.252710	-3.402733	-1.200205	-0.010713	2.370471
-1.196785	-10.370957	-5.451076	-4.544892	-2.283962	0.555251	-4.123497	-1.245522	0.684911	2.568570
-1.205349	-6.534698	-4.137874	-2.160664	0.794338	0.843493	-3.222113	-1.718622	0.404497	1.888586
-1.203163	-3.247489	-2.941822	0.018791	3.368626	0.743471	-1.960214	-2.241089	-0.451188	0.222773
-0.925557	-1.330447	-2.003273	1.402292	4.585970	0.360590	-0.978552	-2.001427	-1.246057	-1.479966
-0.069792	-0.298092	-1.326904	2.096010	5.018080	0.233112	-0.287487	-1.443013	-1.282758	-2.341240
0.382575	-0.785202	-1.715516	1.494132	4.461359	0.022437	-0.389664	-1.722649	-1.248003	-3.392224
0.218811	-2.363218	-2.451481	-0.177713	2.566334	-0.828231	-1.180720	-2.429313	-1.637160	-4.862934
-0.299997	-2.884290	-0.732699	-2.195425	-0.570168	-2.214260	-2.146438	-3.126865	-2.311000	-5.452010
-0.875967	-0.461057	1.695822	-3.653656	-4.187114	-3.349755	-2.875503	-3.622062	-2.950767	-5.268466
-1.281204	1.066302	2.771686	-3.962194	-6.711375	-4.100723	-3.199743	-3.617893	-3.308793	-5.062711
-0.780211	1.789837	2.694859	-2.270825	-6.259177	-3.890891	-2.778579	0.199974	-2.068707	-2.845852
0.730453	2.232157	1.933124	-0.144714	-3.462805	-1.641580	-1.869825	3.694173	1.792042	-0.066287
2.531848	2.582458	1.204916	1.449603	-0.814316	1.316319	-0.898478	5.176928	4.844285	1.726073
3.591923	2.291225	0.298455	1.735839	0.463412	3.028974	-0.458204	4.999449	5.738499	1.926233
3.310710	0.986600	-1.097906	0.589257	0.276324	3.082488	-0.913548	3.535340	4.817974	0.778668
2.065543	-1.942284	-3.043738	-1.245179	-0.767046	2.193268	-1.768244	1.030887	2.217998	-0.816401
0.411824	-6.260324	-4.711279	-2.968963	-2.094076	1.058733	-2.561054	-2.021754	-1.794386	-2.152484
-1.089838	-9.712231	-5.361949	-3.841869	-3.181798	0.265518	-3.051405	-3.807542	-5.927111	-2.633155
-1.877701	-6.876612	-4.132165	-3.383308	-3.603618	-0.113087	-3.123951	-0.829315	-7.062289	-2.346914
-0.772254	-0.801289	-1.353723	-0.016841	-2.277682	0.242246	-1.839223	1.901775	-2.562547	1.054063
1.601641	1.287647	-0.084117	2.073420	-0.383330	1.340930	-0.456878	2.538751	1.111051	3.079638
3.353742	1.516926	-0.026864	2.433328	0.627060	2.255465	0.074613	2.330180	2.368114	3.848235
3.525536	0.502779	-0.953405	1.259988	0.380096	2.598196	-0.421798	1.816791	2.846221	3.935708
2.873105	-0.525091	-1.601975	0.027989	-0.413501	2.823439	-1.103172	1.947828	3.387930	4.050106
2.682727	-0.304068	-1.166402	0.087864	-0.800436	3.325174	-1.114278	2.661266	4.114703	4.132589
3.145903	0.533684	-0.453555	0.898266	-0.615554	3.744258	-0.694705	3.262222	4.664994	3.992117
3.792359	1.230058	0.048344	1.629123	-0.160273	3.831212	-0.277023	3.594964	4.902640	3.178660
4.262134	1.594439	0.281340	2.019351	0.258386	3.579931	-0.021842	3.734482	4.904090	1.884431
4.476925	1.549166	0.212631	2.089685	0.491790	3.127102	0.073452	3.499669	4.557875	0.923575
4.282613	0.755104	-0.229842	1.538195	0.402273	2.497748	0.345088	2.446471	3.268881	1.556417
3.280989	-0.594774	-0.572506	0.360158	0.461211	1.693202	1.443659	1.061555	0.861360	2.390010
2.241980	-0.119649	0.250963	-0.129397	0.431172	1.082906	2.690136	2.248309	-0.743487	2.816634
2.217453	1.757014	1.553500	0.473113	0.338605	1.572647	3.561880	4.208326	1.614621	3.229621
2.983217	2.956830	2.196016	1.299380	0.256630	2.748306	3.665118	5.294200	4.540167	3.277166
3.803573	3.211500	1.990628	1.834692	0.210658	3.569699	2.765432	5.471183	5.770788	2.927598
4.313512	2.689946	1.184790	2.033500	0.197032	3.816487	1.415665	4.921329	5.735290	2.991248
4.431959	1.958570	0.405841	1.852180	0.150066	3.560767	0.127589	3.697839	4.522204	3.118751
3.979035	0.814673	-0.468077	0.990472	-0.175318	2.769813	-0.959167	1.754452	1.998827	2.590175
2.750256	-1.825125	-2.163545	-0.713306	-1.016597	1.129452	-1.997657	-0.942537	-1.777309	0.673490
0.995863	-5.397018	-3.782926	-2.186361	-1.916014	-1.238166	-2.672088	-3.539650	-5.701950	-0.319112
-0.772498	-4.411153	-2.341098	-0.076386	-0.931465	-2.714643	-0.821409	-3.883611	-7.144613	1.681221
-2.023094	0.223045	0.580976	2.620034	0.866315	-1.308679	2.404012	-0.325259	-3.299665	3.680138
-2.489854	2.626908	2.236115	3.959137	2.086684	1.235081	4.194172	2.257535	1.063863	4.680432
-2.289316	3.289669	2.707228	4.422037	2.601758	2.825943	4.808572	2.659009	2.889639	4.995361
-1.083560	3.517154	3.287337	4.706511	2.847812	3.404918	4.807582	2.292883	3.040623	4.983314
0.103159	3.254268	3.357887	4.555864	2.810962	3.366776	4.205048	1.192393	2.309869	4.547659
0.399948	2.355529	2.468523	4.157351	2.511699	2.782444	3.125532	-0.208571	1.053844	3.423432
0.002620	1.410907	1.832744	3.766783	2.134919	1.745514	2.234599	-1.417306	-0.182900	1.491042
-0.676286	1.475325	2.619852	3.234932	1.737088	0.846831	2.107131	-1.392030	-0.233590	0.687245
-1.306647	1.590370	3.152581	1.676606	1.144491	0.775675	1.400040	-0.357817	1.391010	1.476058
-1.704434	2.191279	3.745820	0.026175	1.724671	1.493210	1.501253	1.407549	3.181268	2.298838
-1.846377	2.380779	3.934086	-0.842661	2.986770	2.068341	2.089499	1.358486	3.457817	2.170312
-1.752986	2.449869	3.835734	-0.707049	3.882276	2.057086	1.700121	1.829215	2.570141	1.505764
-1.312794	2.344107	3.392490	-0.648315	3.535029	1.767307	0.540821	2.618908	1.494722	-0.006511
-0.974796	1.445534	1.846707	-1.307548	1.857999	0.903048	-1.061427	3.052636	0.598330	-2.516558
-0.934147	0.010982	-0.471195	-2.201743	-0.809636	-0.468267	-2.508428	3.222271	0.157272	-5.133550
-1.104924	-1.346282	-2.602117	-2.893455	-3.709201	-1.852422	-3.364967	3.250950	0.200546	-3.669799
-1.337481	-1.597941	-3.258968	-3.161782	-5.634725	-2.406260	-3.574442	3.210620	0.496032	-1.725497
-1.529959	-1.196805	-2.791976	-2.842446	-5.176371	-2.238086	-3.311589	3.166261	0.789250	-1.112620
-1.192659	0.314880	-1.191386	-0.691380	-0.720936	-1.303021	-2.220220	3.557822	1.345312	0.065583
0.492882	2.080008	0.593486	1.733033	2.981729	0.609898	-0.600552	4.282052	2.702258	1.363375
2.404637	2.713052	1.207567	2.477399	3.728140	2.072900	0.221826	4.570475	3.521074	1.580473
3.020251	2.231563	0.703899	1.824845	3.204192	2.354040	0.018675	4.113193	3.292702	0.734442
2.339484	0.696196	-0.479836	0.868521	3.012761	1.664268	-0.471538	2.583113	1.954460	-0.752003
1.126248	-1.265465	-1.509545	0.487559	3.377786	0.410928	-0.723199	0.609729	-0.162070	-1.761791
0.825829	-1.511186	-1.248756	1.419807	4.109419	-0.336809	-0.250803	-0.425974	-1.642487	-1.026125
0.971846	-0.610926	-0.584434	2.657363	4.679329	-0.181537	0.479091	-1.277252	-1.810881	-0.083045
0.676908	0.592776	0.165588	3.693701	4.552613	0.244233	1.282859	-1.839312	-1.039296	0.466838
-0.029745	1.346641	0.594599	4.122906	3.723197	0.440426	1.742236	-1.678273	0.089884	0.986026
-0.845546	1.866650	0.890134	4.155710	2.562980	0.906871	1.890739	-0.345490	2.032536	2.381030
-1.492688	1.981174	0.922787	3.862581	1.636135	1.636772	1.805969	0.423680	3.455036	2.622975
-1.841946	1.901618	0.706949	2.817349	1.936973	1.784190	1.207876	-0.129572	3.191661	1.702929
-1.914033	1.892344	0.705149	1.354511	3.030681	1.218058	0.809667	-1.248929	1.590992	0.267549
-1.504439	1.376801	0.331712	0.321653	3.864312	0.298776	0.588948	-1.852230	-0.726901	-1.189322
-0.291441	0.181597	-0.540889	-0.159682	3.544273	-0.550989	0.109914	-1.674221	-2.611009	-2.461882
1.454282	-0.724235	-1.074113	0.285144	2.317771	-0.974134	-0.280705	-0.658964	-2.887523	-2.173287
3.032695	-0.580615	-0.897821	1.429754	0.824796	-0.610608	-0.233193	0.348392	-1.543221	-0.851404
3.992077	0.506151	-0.125212	2.704157	0.083493	0.267689	0.397840	1.042343	0.197568	0.415037
4.355995	0.894384	0.010669	2.815242	-0.141815	0.946803	0.595922	1.173938	1.099830	0.684036
3.869820	-0.084285	-0.918435	1.570842	-0.558796	0.817070	-0.004622	0.209812	0.767778	-0.512519
2.585848	-2.089626	-2.349084	-0.451417	-1.342052	-0.348466	-1.052736	-1.151377	-0.597896	-2.651225
1.099118	-4.279206	-3.488412	-2.318295	-2.063087	-2.091516	-1.938166	-2.397060	-2.214401	-5.090961
-0.361915	-6.291729	-4.331509	-3.633430	-2.674322	-4.012132	-2.626081	-3.565075	-3.630051	-7.138777
-1.498198	-6.987885	-4.238717	-3.961185	-3.050412	-5.655234	-3.003162	-4.326056	-4.424174	-7.717983
-2.101191	-4.676727	-1.530974	-3.573336	-3.159083	-6.543746	-2.744585	-4.678054	-4.499621	-6.206585
-2.205087	-2.022870	-0.266773	-3.024943	-3.079387	-6.391337	-1.285123	-4.730562	-4.149918	-3.978042
-2.020298	-1.728765	-0.908389	-2.649154	-2.945085	-5.683990	-0.872556	-4.630085	-3.736936	-3.237291
-1.777093	-2.659004	-2.319050	-2.351810	-2.538268	-4.484448	-1.296219	-4.481104	-3.455330	-1.678932
-1.605664	-3.388978	-3.223745	-1.344430	-0.254060	-2.685264	-1.624147	-4.184317	-3.158671	1.076065
-1.527113	-2.992335	-2.626953	-0.178708	2.456498	-0.712248	-0.675341	-3.545525	-2.551765	3.120350
-1.520597	-1.849727	-1.260455	-0.071079	3.240272	0.982273	1.276196	-1.871739	-0.508313	3.999680
-1.549451	-0.899028	-0.022741	-0.926207	2.277463	1.851477	2.521860	-0.488598	1.814286	3.732652
-1.586667	0.127019	1.804344	-2.077329	0.210128	1.777584	2.845752	-0.431262	2.635836	2.342024
-1.617142	0.399986	2.509863	-2.982157	-2.371844	0.635848	2.093726	-1.429060	1.656949	-0.853492
-1.635448	-0.592980	1.550904	-3.344122	-4.513700	-1.396809	1.006133	-2.748042	-0.562137	-6.265870
-1.633640	-2.744506	-0.672799	-3.231360	-5.310555	-3.852564	-0.581155	-3.868669	-3.277439	-12.403553
-1.618747	-5.334695	-3.405526	-2.820276	-4.708140	-6.149848	-2.123155	-4.500192	-5.429020	-12.923931
-1.152006	-3.939798	-3.449729	0.087157	-2.437971	-6.338809	-1.980032	-3.350226	-5.202485	-3.500120
-0.456392	-0.808093	-0.743126	2.108994	-0.074567	-2.806071	-0.690404	-2.227886	-2.548848	1.067175
-0.248621	1.575750	1.825512	3.401338	1.472284	0.772969	0.890699	-1.655359	-0.293269	2.732147
-0.513619	2.718848	2.624807	4.028993	2.289095	2.624496	2.371703	0.335474	1.081913	3.462525
-0.987147	3.205277	2.873591	4.125859	2.533192	3.156242	3.773424	1.845014	1.974013	3.513154
-1.426829	2.785897	2.369433	3.080632	2.133110	2.754382	4.255754	2.262793	2.087139	2.824130
-1.704428	1.354733	1.142764	1.329011	2.202207	1.611466	3.917592	1.285565	1.155585	1.391903
-1.801006	0.449160	0.295217	0.867600	3.252283	0.113207	2.936148	-0.211882	-0.334878	0.331642
-1.720118	-0.039388	-0.356756	0.949055	4.137473	-0.510931	1.568192	-0.234598	-0.698387	1.519010
-0.673773	0.989866	-0.043836	1.078194	3.830568	0.701509	0.169231	2.514195	1.764573	3.170018
1.107592	2.577361	0.945436	0.991118	2.531314	2.230567	-0.782723	3.400663	3.661375	3.183648
1.846668	2.975316	1.065886	-0.131220	0.249445	2.348578	-1.683703	2.415002	3.285639	1.488589
1.423895	2.776930	0.740320	-1.741965	-2.558845	1.052919	-2.446365	0.553732	1.409247	-2.283552
0.596477	2.442410	0.725726	-2.544591	-4.687954	-1.065396	-1.843837	-0.427500	-0.441403	-4.391887
0.838669	2.037104	0.989830	-1.007728	-4.315614	-1.720619	0.510810	0.684254	0.470406	-1.367609
2.138528	1.347280	0.727927	0.873878	-2.114273	-0.370041	1.450209	1.404589	2.069384	0.432059
3.428970	0.548249	0.182525	1.935803	-0.163493	0.900162	1.332020	1.519883	2.371555	1.037629
4.195542	0.862898	0.314600	2.295090	0.829818	1.386177	1.088915	1.394697	1.779943	1.207491
4.482118	2.284158	1.439615	3.189636	1.495633	1.448176	1.871862	1.377351	1.028477	1.726307
4.480184	3.188481	2.163303	4.187928	2.320435	1.585190	2.578752	1.485404	0.869188	2.048243
4.355236	2.902579	1.722997	3.941558	2.400000	1.832825	2.302510	1.385284	0.851437	2.058224
4.151018	1.788632	0.640743	2.865371	1.744718	2.243817	1.411312	1.023804	0.613333	1.912619
3.373157	-0.281319	-0.992899	0.637404	0.331021	2.360442	-0.025907	0.936877	0.028789	1.906098
1.903587	-2.155625	-2.051890	-2.306144	-1.594329	1.917849	-1.306956	1.656400	-0.279370	2.343283
0.129179	-2.523961	-1.631176	-4.681710	-3.376886	1.129393	-0.466102	2.003574	-0.191908	2.375736
-1.424064	-2.682344	-1.133185	-5.281996	-4.353541	-0.061329	1.308610	0.964860	-0.559395	1.527005
-2.335539	-2.426241	-0.679184	-3.296503	-4.007887	-1.587370	2.593218	-0.761576	-1.538466	0.359160
-2.524736	-1.321550	-0.418016	-0.026328	-2.088771	-2.690000	2.747369	-1.957779	-1.919089	-0.989158
-2.258727	-1.164295	-1.102223	0.518265	-0.922655	-2.674073	1.532966	-1.614953	-0.337201	-2.300761
-1.880856	-1.587603	-2.103111	-0.340349	-0.900441	-1.658282	-0.366489	-0.717692	1.800352	-2.427375
-1.538005	-1.645857	-1.693310	-1.604203	-1.509374	-0.024401	-2.175607	0.080102	3.072396	-1.138057
-0.427567	0.406016	1.570280	-1.283395	-1.786375	1.447684	-1.555275	0.743957	3.268776	1.138381
1.554941	2.725780	3.666984	0.298883	-1.211544	2.341131	1.350546	1.056871	2.478958	2.444357
3.255815	3.924266	4.074775	1.534285	-0.332519	2.485991	3.136322	1.305058	1.312607	2.808209
3.866609	4.059978	3.396752	1.468443	0.052570	2.014319	2.879168	0.805202	0.349986	1.772499
3.191520	3.067300	1.613810	0.206363	-0.308801	0.576863	1.340095	-0.653705	-1.096108	-0.969240
1.677038	0.597817	-1.060795	-0.751077	0.518992	-1.513319	-0.430387	-2.297497	-2.662322	-3.723224
-0.114837	-3.478107	-3.559665	-1.033167	2.015359	-2.287185	-1.658476	-3.541550	-3.619998	-1.951393
-0.998545	-6.776145	-4.286081	-0.637067	2.191064	-0.779140	-2.071309	-2.985224	-3.497633	0.369609
0.275710	-4.202271	-2.488975	0.867733	2.072887	1.439900	-1.326084	-0.966250	-1.955827	2.610715
2.358527	-0.154236	-0.396214	2.529614	3.073935	3.011190	-0.000129	0.592010	-0.036713	3.765121
3.485151	1.682920	0.591984	3.018344	4.190721	3.455413	0.758582	1.892042	1.268811	3.512717
3.144856	2.111232	0.635011	2.412527	4.671669	2.977359	0.615323	2.734181	1.836705	2.233407
1.838158	1.786281	0.157410	0.998092	4.293265	1.793616	-0.062719	3.110187	1.831374	-0.286987
0.155535	0.956165	-0.330848	-1.163107	2.615704	-0.001224	-0.339719	3.196584	1.407524	-2.996508
-0.733275	1.068315	0.444873	-1.344469	0.220598	-1.500901	1.221180	3.525080	1.177289	-1.597080
0.431104	1.537762	1.022875	0.408304	-1.543223	-1.096768	2.220273	3.489992	1.710805	0.353169
2.234269	1.750237	1.788361	1.573101	-2.004480	0.231070	1.930839	2.691683	2.047465	0.953506
2.785282	1.971770	2.543203	2.662794	-1.007167	1.077074	1.420434	1.118312	1.466799	1.337567
2.105111	1.698114	2.109305	3.215631	0.532421	1.423402	1.140857	-0.236691	0.458329	1.046358
0.768782	0.787376	0.722595	2.104959	0.845506	0.981145	0.237492	0.415046	-0.300123	-0.398333
-0.664224	-0.352117	-0.986895	-0.158713	0.011074	-0.164945	-1.098702	1.644804	-0.390998	-2.600314
-1.720910	-1.212662	-2.258921	-2.763638	-1.381445	-1.631311	-2.312910	2.479933	-0.013139	-4.677496
-2.170613	-1.473550	-2.678848	-4.491095	-2.751786	-2.873396	-3.040767	2.907167	0.438727	-5.453659
-2.113476	-0.915485	-2.280849	-4.668262	-3.631383	-3.434983	-3.246610	3.068991	0.729123	-4.894395
-1.827903	1.280441	-0.589508	-3.633653	-3.456874	-3.265189	-3.075269	3.105610	0.836037	-3.600545
-1.550086	2.925176	0.889338	-2.279111	-1.933148	-2.554807	-2.666927	3.094695	0.871913	-2.491656
-1.387196	3.604249	1.534294	-1.766121	-1.116663	-1.696378	-2.470616	3.049394	0.816320	-1.422908
-1.341787	3.571686	1.575254	-1.853306	-1.203477	-0.420003	-2.161932	3.011959	0.711730	0.062370
-1.367241	2.796128	1.290428	-2.185919	-1.778745	0.985223	-0.291520	2.719661	0.563987	1.570342
-1.415448	0.707654	0.396115	-2.512002	-2.451660	1.899599	1.691759	1.320710	-0.170427	2.293125
-1.453571	-2.971543	-0.954503	-2.715338	-2.953740	1.981722	2.419267	-0.834217	-1.593380	1.750529
-1.471512	-7.768470	-2.799855	-2.768823	-3.175132	0.931651	1.551819	-2.925971	-3.191102	-0.443163
-1.472201	-8.814457	-3.771910	-2.724851	-3.135700	-1.082721	-0.128700	-1.676368	-3.647354	-3.830952
-1.456974	-3.987519	-2.928484	-2.662314	-2.982022	-3.004235	-1.656908	1.430001	-1.074560	-4.799837
-1.428570	-0.106854	-1.359572	-2.569892	-2.800956	-2.803598	-1.924672	3.356079	2.510337	-2.584805
-1.401648	1.684637	-0.198525	-2.377158	-2.397683	-0.900801	-1.644434	4.189253	4.406983	-0.261826
-1.384587	2.139463	0.336272	-1.278874	-0.039542	1.147690	-0.686648	3.902798	4.873176	1.575641
-1.379182	1.325186	-0.208228	-0.151953	2.435773	2.481007	-0.300534	2.692747	4.014624	2.168516
-1.382267	0.723928	-0.393956	1.148738	3.090769	2.935944	-0.121264	2.168971	2.250764	2.323695
-1.389009	0.744894	-0.068487	1.869574	2.608400	2.968680	0.061170	2.391991	0.584214	2.117102
-1.392379	1.057022	1.213134	0.996927	1.068136	2.701446	-0.488182	2.703202	-0.396789	1.367491
-1.387553	1.352832	2.387419	-0.749616	-1.177805	2.218538	-1.439639	2.387327	-0.685641	0.295591
-1.378811	0.370606	1.786609	-2.587749	-3.404812	1.566790	-2.309260	0.888444	-1.234294	-0.905517
-1.377610	-1.981572	-0.208925	-3.728645	-4.729538	0.878945	-2.848704	-1.262522	-2.244312	-1.698511
-1.382970	-4.895352	-2.304448	-3.865203	-4.761106	0.443250	-3.042845	-3.381762	-3.335421	-0.483392
-1.383918	-5.485772	-1.921517	-3.361106	-3.960976	0.535782	-2.997638	-4.793136	-4.100338	0.598556
-1.374241	-3.256352	-1.502887	-2.765393	-3.048282	0.680924	-2.876599	-5.256073	-4.330323	0.362339
-1.362347	0.121088	-0.721219	-2.376793	-2.441212	0.205382	-2.760210	-5.062220	-4.125257	0.536231
-1.352741	1.865080	-0.128845	-2.264344	-2.225296	-0.688110	-2.693871	-4.672582	-3.757204	1.331727
-1.346379	2.464685	0.124909	-2.335935	-2.302244	-1.547442	-2.673581	-4.376727	-3.486027	2.040999
-1.347882	1.808306	-0.411367	-2.016822	-1.650187	-1.924021	-2.531270	-4.132790	-3.324534	2.617286
-1.350492	0.119881	-1.326806	-0.807935	0.995016	-1.314950	-1.940691	-3.773444	-2.995159	3.172510
-1.348898	-2.452621	-2.372331	-0.185843	2.552563	0.161813	-1.494397	-3.322858	-2.460191	3.380432
-0.875435	-1.927047	-1.404588	1.773124	2.939344	1.883366	-0.525396	-0.633781	-0.059520	3.574990
0.854915	1.121258	0.524756	3.479261	3.211026	3.419264	0.905632	1.888010	3.107813	3.562903
2.830194	2.668724	1.393606	3.609280	2.667789	3.925592	1.283259	2.603802	4.237384	2.920065
4.126679	2.755594	1.208639	3.040419	1.598651	3.518452	1.035376	2.631999	3.834628	1.827228
4.704801	2.409633	0.811349	2.381777	0.488807	2.672154	0.652410	2.893381	3.431202	1.001290
4.821678	2.610113	1.238612	3.231732	0.511260	2.129243	1.088331	3.322369	3.753971	1.929209
4.714001	3.124663	1.997769	4.632829	1.817384	2.479097	2.153352	3.403711	4.204153	3.604976
4.548849	3.129670	2.088852	5.030389	2.861562	2.974328	2.688421	2.983598	3.852251	3.849017
4.424786	2.357912	1.337392	4.278776	2.785759	2.858683	2.231578	2.291128	2.637294	3.015233
4.373246	1.147510	0.300055	2.938999	1.982349	2.140060	1.341505	1.636479	0.928127	1.337278
4.328236	-0.066015	-0.576985	1.569184	1.059104	1.103052	0.481442	1.075394	-0.596199	-0.785581
3.744347	-1.457303	-1.468507	0.361396	1.317099	0.010968	-0.255981	-0.101057	-1.666186	-2.987073
2.413048	-3.454599	-2.715390	-1.115231	1.319881	-1.261350	-1.130150	-1.726298	-2.541327	-5.460925
0.688698	-5.336217	-3.776892	-2.288433	0.392964	-2.835331	-1.947145	-3.224381	-3.239459	-6.943400
-0.908082	-4.355840	-3.182996	-0.823938	0.314621	-4.112565	-1.767278	-3.577289	-3.277489	-4.296662
-1.926272	0.391028	-0.302969	2.854965	2.820037	-3.140693	0.151559	-0.411137	-1.341443	0.004280
-2.180149	2.927975	1.660213	4.863194	5.005303	-0.408348	1.909526	1.931846	1.330988	2.234775
-1.646292	4.042533	2.655637	5.543979	5.850380	1.795530	2.822746	2.616612	3.078926	3.152596
-1.022719	4.750097	3.310400	5.356323	5.521286	2.886777	2.896975	3.582028	4.320703	3.444747
-0.726813	5.150385	3.755721	5.011184	5.054375	3.536214	2.754223	4.281626	5.012703	3.620911
-0.748535	4.936293	3.493981	4.290800	4.208798	3.689434	2.392799	4.333179	4.742781	2.957135
-0.928324	3.418052	1.840777	2.245342	2.307214	2.933203	1.201335	3.280838	3.313998	0.663708
-1.123844	-0.655225	-1.152593	-1.041401	-0.696526	0.951984	-0.570164	1.172067	0.421584	-4.128767
-1.251139	-8.960073	-4.627094	-4.376455	-4.027492	-1.762171	-2.247421	-1.543819	-3.398551	-10.959281
-1.289691	-16.160993	-5.538105	-3.621076	-5.557419	-4.878135	-2.624103	-3.429073	-6.428818	-9.670249
-1.012695	-6.988574	-2.629923	0.611509	-3.195400	-4.995438	-1.157891	-1.728086	-3.513400	-1.638514
0.417341	0.055871	-0.494134	2.444443	-0.394045	-0.989606	-0.012584	0.997140	1.848619	2.458699
1.641940	1.371146	-0.249398	2.061652	0.620221	2.062751	-0.045586	1.879819	4.180280	3.942156
1.724856	0.933333	-0.867784	0.386372	0.161843	3.082671	-0.882580	1.880027	4.562235	4.330061
0.992859	-0.136493	-1.071442	-1.798221	-1.030061	3.004234	-1.889372	1.485114	4.125338	4.160614
-0.056163	-0.887697	0.422619	-3.545288	-2.360406	2.230186	-2.658768	0.258711	2.694920	3.388073
-0.990402	-0.944941	1.513094	-3.254564	-3.109458	0.716406	-2.795859	-1.390385	0.034224	1.473609
-1.539457	0.303094	1.681371	0.630016	-1.815205	-0.582719	-1.300170	-2.402138	-2.692397	-0.003038
-1.436555	2.189176	1.854022	3.576059	0.578949	-0.132046	0.636215	-2.189362	-3.480803	0.145290
-0.675668	2.821213	1.632273	4.806082	2.342644	1.051221	1.892190	-1.468703	-1.920931	0.593170
-0.131487	2.625389	1.107586	5.016941	3.086690	1.551471	2.323663	-1.250835	-0.186792	0.753346
-0.100113	2.449850	0.999866	5.006338	3.961025	1.421414	2.473784	-1.184884	0.764864	1.136088
-0.407873	3.094562	2.316866	4.358570	4.823342	1.114077	2.233026	-1.410289	0.918796	1.006470
-0.331256	3.812173	3.498463	2.914895	4.689968	0.584619	1.351991	-1.179554	0.329894	0.346920
1.076889	4.329661	3.760054	2.602734	3.818801	0.259276	0.957388	0.159213	0.056289	0.561534
2.398727	4.309923	3.287332	2.619323	2.541494	0.478446	0.951957	1.822687	0.633999	0.530063
2.467929	3.221765	2.153990	1.431963	0.523073	0.470326	0.231261	2.136660	1.112790	-0.527342
1.596645	0.863761	0.450977	-0.643448	-1.991060	0.019321	-1.008450	1.801145	1.646278	-1.717768
0.331309	-2.820396	-1.728705	-2.565428	-3.748480	-0.377181	-2.153117	1.407614	2.470117	-2.141091
-0.830493	-4.699134	-2.762448	-2.601555	-1.918854	-0.143162	-2.478274	1.963708	3.326666	-1.115218
-1.546074	-2.542576	-2.319711	-2.161735	-0.036931	0.649600	-2.454364	3.353582	4.157820	-0.199370
-1.753126	-0.274104	-1.614209	-2.016119	0.212264	1.288318	-2.512388	4.044531	4.499767	-0.061769
-1.626200	0.807549	-1.206553	-2.098438	-0.553561	1.077886	-2.631086	3.237526	3.580715	-1.261056
-1.392817	1.686062	-0.600904	-2.254429	-1.733672	-0.218737	-2.743316	1.341719	1.199073	-3.489200
-1.196079	2.202302	-0.004451	-2.368680	-2.797236	-2.307210	-2.452856	-1.162878	-2.253895	-5.176624
-1.087988	2.528762	0.820102	-2.400292	-3.363357	-4.426059	-0.434246	-3.470547	-5.630112	-3.308469
-1.052916	2.742004	1.526678	-1.610715	-3.087176	-4.357993	1.818969	-4.627417	-7.187126	0.231381
-1.062244	2.365707	1.452781	-1.104411	-2.384800	-1.676014	2.767406	-4.749329	-6.028063	1.854962
-1.094890	0.590888	0.030490	-1.268527	-1.883838	0.711484	1.987682	-4.472776	-4.102681	1.943931
-1.128827	-2.180992	-1.821955	-0.866935	0.028118	1.932346	0.522705	-3.925687	-2.687994	1.667546
-1.147343	-4.080145	-2.874291	0.024885	2.635549	2.582514	-0.745769	-2.292400	-0.973704	1.699186
-1.153679	-3.314657	-2.649182	0.731281	4.221144	3.034829	-1.399263	-0.310909	1.560328	1.647458
-1.149000	-1.501385	-1.935662	1.068716	4.848614	3.053243	-1.463674	0.901072	3.358092	1.323758
-1.134622	-0.129740	-1.305926	1.106217	4.919364	2.705726	-1.238054	1.485105	4.124648	0.923344
-1.118685	1.156202	-0.536935	0.849923	4.548665	2.180240	-1.065526	1.670183	4.232559	0.505873
-1.117617	1.486645	-0.285530	0.947622	4.175764	1.761451	-0.857579	1.702726	4.036124	1.176324
-1.130504	1.845841	0.261054	2.400830	3.750400	2.098942	0.027597	1.836436	3.941364	2.522362
-1.146459	2.142298	0.772477	3.730067	3.041001	3.003668	1.039234	1.889124	3.993849	3.224802
-1.149292	2.066327	0.892423	4.400261	2.316621	3.365896	1.683364	1.213507	3.461867	2.864623
-1.141027	1.367925	0.420369	4.126255	1.619170	2.782133	1.704980	0.008489	2.034125	1.437128
-1.128815	-0.347413	-0.840231	2.767215	0.497953	1.158765	0.855091	-1.461968	-0.268046	-1.352830
-1.115204	-1.061620	-1.146924	2.324813	0.057433	-1.100391	0.481731	-2.262560	-2.307382	-3.198515
-1.101388	-1.582137	-1.506801	1.648859	0.065434	-3.030652	0.178988	-2.733063	-3.120748	-3.337229
-1.087672	-2.967906	-2.579896	-0.010063	-0.482791	-3.872281	-0.737291	-3.210592	-3.265259	-0.503386
-0.987823	-4.467392	-3.646213	-1.802096	-1.395061	-3.313273	-1.790641	-3.326201	-3.172213	1.285527
-0.479957	-4.710859	-3.888220	-2.445612	-2.081606	-2.285402	-2.366449	-2.760355	-2.782705	1.099413
0.022522	-4.498627	-3.886709	-2.364026	-2.286847	-1.824316	-2.577724	-2.644983	-2.422083	-0.500692
0.083203	-3.414367	-3.329407	-1.285967	-0.410261	-1.949253	-2.329155	-2.748615	-2.284752	-2.313767
-0.204165	-0.557683	-1.693479	0.110019	2.468735	-2.003456	-1.695323	-2.793911	-2.158227	-3.184277
-0.617781	0.495788	-1.027818	0.984580	4.219329	-1.711885	-1.137024	-2.101664	-1.892773	-2.739587
-0.975015	0.449523	-1.055765	1.304408	4.906831	-1.159308	-0.833751	-1.567844	-1.437720	-1.820635
-1.181982	1.096184	-0.544224	1.280253	5.006589	-0.705827	-0.728290	-1.744070	-1.262528	-1.140594
-1.242337	2.162648	0.297927	1.054776	4.759468	-0.519176	-0.747805	-2.151357	-1.396646	-0.910936
-1.210219	2.656866	0.603231	0.167417	3.619174	-0.804704	-1.116105	-2.699599	-1.820599	-1.785823
-1.148636	2.655070	0.470701	-1.232830	1.264266	-1.776608	-1.809209	-3.233064	-2.485053	-3.470652
-1.098129	2.705926	1.157387	-2.285877	-1.598816	-3.193679	-2.420925	-3.560654	-3.125474	-4.891793
-1.066175	3.301001	2.840107	-1.613188	-1.421316	-4.111616	-2.344909	-3.447070	-3.253509	-4.089560
-1.043644	3.439853	3.659724	-0.147612	1.585367	-3.646438	-1.759556	-3.163712	-2.808269	-2.449150
-0.452473	3.100776	3.836819	1.141528	3.423912	-2.203377	-1.066839	-1.587625	-1.907007	-0.856860
0.636029	2.251621	3.346601	1.192521	3.252677	-0.834463	-0.659339	-0.108028	-0.747141	-0.376280
1.041483	0.145396	1.781712	0.084615	1.709539	-0.462448	0.449155	-0.461760	-0.562947	-0.049152
0.717339	-2.973438	-0.340532	-1.450812	-0.691584	-0.796770	1.787128	-1.487179	-1.305639	1.562486
0.029266	-5.771896	-2.085199	-2.701121	-3.187498	-1.016184	2.615250	-2.582206	-2.431598	3.069928
-0.670261	-6.382793	-2.500275	-3.210882	-4.761910	-0.836820	2.956959	-3.411387	-3.417123	3.692180
-1.152232	-3.401620	0.023039	-2.970773	-4.839148	-0.690072	3.023196	-3.813723	-3.911581	3.151298
-1.350383	0.135336	2.492107	-1.600351	-2.959091	-0.850064	3.119139	-3.678716	-3.677746	2.017194
-1.335970	1.562329	3.201045	-0.385717	0.169908	-0.979890	3.215060	-3.403285	-2.971380	0.655565
-1.229751	1.220486	2.322339	0.082734	1.337110	-1.209473	2.929149	-3.219744	-2.444183	-0.960999
-1.124363	1.061542	1.412519	1.341780	1.556389	-1.420917	2.129201	-1.126716	-1.541110	-1.978315
-1.059251	1.456243	1.706177	1.087789	0.867308	-1.422861	0.579037	1.600834	-0.110590	-2.901381
-1.030593	1.427534	1.378138	-0.184588	-0.534572	-1.423196	-1.309913	3.076136	0.997198	-3.455002
-1.023717	0.803823	0.171724	-1.735505	-2.117905	-1.503201	-2.873379	3.724340	1.504427	-3.510410
-1.032543	-0.051149	-1.267999	-2.904986	-3.315104	-1.626831	-3.676722	3.938149	1.545666	-3.125219
-1.048713	-0.737898	-2.293014	-3.286945	-3.756475	-1.404350	-3.698244	3.943132	1.339370	-2.107672
-1.074672	-0.984845	-2.587752	-3.025738	-3.520354	-1.013450	-3.287633	3.873313	1.084666	-1.772215
-1.097834	0.051703	-1.448158	-2.576169	-2.997065	-0.854117	-1.875956	3.637710	0.878272	-0.980332
-1.107022	1.749725	0.367940	-2.247205	-2.553919	-0.974506	0.519583	2.347882	0.235243	-0.193918
-1.105714	2.145231	1.010388	-2.092232	-2.324868	-1.448935	2.143874	0.239268	-1.090367	0.228290
-1.088332	1.052539	0.507821	-2.070237	-2.271019	-2.103602	2.860458	-2.063774	-2.641724	0.329641
-1.072693	-1.014022	-0.217106	-2.146664	-2.331866	-2.691410	3.047981	-3.765491	-3.815317	0.216143
-1.066196	-2.881703	-0.294231	-2.223065	-2.423929	-2.968229	2.990794	-4.303277	-3.998318	0.094496
-1.059115	-4.227586	-0.685527	-2.272030	-2.509553	-2.898946	2.860346	-4.233962	-3.557282	-0.016372
-1.054726	-4.554788	-1.126739	-2.280340	-2.557753	-2.699486	2.749770	-3.963610	-3.107776	-0.126771
-1.059866	-3.846115	-1.338933	-2.303762	-2.585711	-2.447762	2.677775	-3.031784	-2.360359	0.111140
-1.080487	-2.568790	-1.565280	-2.312211	-2.588781	-1.549515	2.106818	-1.032111	0.042937	1.362021
-1.096486	-1.377642	-1.273488	-2.066598	-2.508718	0.031865	0.618504	0.467294	2.454000	2.875842
-1.101019	1.361120	1.694722	0.456091	-1.153708	1.858822	0.160977	1.510697	3.916144	4.405846
-1.098062	2.884555	3.501832	1.820285	1.123730	3.304918	1.497669	1.962581	4.512974	5.138101
-1.088740	3.175292	4.060837	1.259916	1.680919	3.830553	2.519669	1.962860	4.408589	5.137574
-1.074057	3.095277	4.197155	0.475688	2.169558	3.670528	3.109536	1.875052	4.018646	4.466535
-1.006691	3.015597	4.196190	0.080130	2.968521	3.191242	3.409894	1.868681	3.680233	3.311799
-0.325275	3.571766	4.167713	0.004513	2.734241	2.729419	3.481915	2.209901	3.617876	2.947743
0.471621	3.809093	3.531326	-0.387489	1.425985	2.566022	3.320738	2.158505	3.553814	3.437807
1.545565	3.902751	2.830045	0.080685	-0.142633	2.508410	3.307932	1.866072	2.874388	3.454464
2.169461	2.938796	1.463477	-0.032691	-1.583061	2.015604	3.068455	0.681362	1.247798	2.386545
1.844570	0.244222	-1.032620	-0.871389	-2.749513	0.657781	1.808166	-1.011526	-1.216228	-0.470077
0.940984	-4.623110	-3.948712	-1.788374	-3.339577	-1.494935	-0.191191	-2.493565	-3.738365	-5.432342
0.467743	-7.727461	-4.697657	-0.885528	-2.736782	-3.633948	-1.697136	-2.254151	-4.663446	-7.553935
0.366378	-3.872568	-2.169030	1.828797	-0.686121	-4.074575	-1.349993	-1.717883	-3.088141	-4.263678
0.125640	-0.112817	0.924165	2.541769	0.741929	-2.996310	-0.739699	-1.756426	-1.254039	-2.333916
-0.288450	1.114331	2.312606	1.445507	0.632250	-2.102392	-1.068639	-2.275792	-0.784621	-2.060093
-0.580418	1.321711	2.670061	-0.274330	-0.341010	-2.054453	-1.762631	-2.461620	-1.282578	-2.390116
0.373546	1.178894	1.966474	-0.481383	-1.022651	-2.041313	-1.790850	-0.928923	-1.461907	-1.483209
2.302091	0.904335	0.717546	0.678114	-0.860631	-1.163890	-1.166928	0.659171	-0.745993	0.540365
3.714290	0.281324	-0.771455	1.403331	-0.365608	0.135367	-0.693847	1.148375	0.083788	1.210685
3.704806	-1.544590	-2.778868	0.694001	-0.475758	0.480247	-1.048597	0.293598	-0.040678	0.085329
2.601570	-4.229329	-4.598034	-0.779556	-1.178052	-0.401672	-1.858652	-1.130120	-1.054974	-2.409818
0.976759	-6.695568	-5.477112	-2.268122	-2.063045	-2.129140	-2.647900	-2.518327	-2.411133	-5.668687
-0.158274	-4.840954	-4.087915	-2.209699	-2.489967	-3.824476	-2.834911	-1.843435	-2.760223	-5.471887
0.332496	1.141468	0.034934	-0.507835	-1.570361	-3.366634	-2.103447	0.003460	-0.725975	-2.304848
0.959489	3.616041	3.059771	0.634927	0.941416	-0.988924	-0.292321	1.150089	1.946452	0.886657
0.911741	3.894638	3.978822	0.475390	2.143207	1.053429	1.620165	1.168232	3.165915	2.124466
0.349936	3.207205	3.853194	-0.589281	1.585103	1.759415	2.436391	0.753816	3.149086	2.136820
-0.371153	0.974671	2.198464	-1.865111	0.018261	1.203274	1.710745	-0.436957	1.867173	0.520315
-0.964442	-3.268820	-0.679587	-2.749886	-1.867945	-0.400562	0.027770	-1.865707	-0.481857	-2.419898
-1.206390	-6.235470	-1.292836	-2.825767	-3.345709	-2.427489	-1.392485	-2.781719	-3.136179	-4.787811
-0.165480	-3.396551	-0.082272	-0.972081	-3.283464	-3.450367	-0.090347	-1.527404	-4.247186	-1.886584
1.410442	-0.115925	0.805169	1.261373	-1.686991	-2.181073	2.154345	-0.284718	-2.575938	1.052818
1.912609	0.806312	0.769257	1.760345	-0.320754	-0.345064	3.277379	-0.260745	-0.388560	2.052266
1.416079	0.131120	0.000728	0.707321	-0.208524	0.358025	3.409720	-1.098362	0.099745	1.898014
0.427364	-1.319404	-0.891857	-1.018706	-0.914821	-0.058510	3.132449	-1.893272	-0.666602	1.109940
-0.583454	-1.265542	-0.144352	-2.314707	-1.331273	-0.976347	2.161448	0.011991	-1.298910	-0.273158
-1.286844	-0.155119	0.541315	-2.752994	-1.191833	-1.693112	0.369087	2.136366	-0.759271	-2.185660
-1.567859	0.634616	0.547484	-2.202713	-0.413387	-1.833046	-1.533454	3.401549	0.401248	-2.521499
-1.527512	1.515754	1.565625	-1.796035	-0.104740	-1.170714	-2.989729	3.971009	1.316380	0.220972
-1.354018	2.448912	2.230295	-1.828140	-0.647357	-0.109257	-3.744448	4.164037	1.682657	2.353856
-1.064095	3.281406	2.182996	-1.844178	-1.569189	0.789973	-3.632006	4.287406	1.686124	3.555992
0.235242	4.138198	2.560378	-0.396082	-1.818771	1.737239	-0.970588	4.635749	1.934097	4.602071
2.272696	4.278886	2.591968	1.300689	-1.092084	2.721827	1.666992	4.269003	2.120630	5.027216
3.566040	3.359665	2.063958	1.693830	-0.368697	3.074192	1.952968	3.045410	1.627605	4.225725
3.406473	1.472847	1.834254	0.638421	-0.497731	2.250074	0.746972	0.922349	0.176488	1.459040
2.234456	-1.875985	0.719153	-1.094546	-1.254209	0.237614	-1.038324	-1.529876	-1.837472	-5.176911
0.627499	-5.790119	-0.834859	-2.713456	-2.189128	-2.270255	-1.505036	-2.390630	-2.679294	-9.517290
-0.621023	-5.784145	-1.419522	-2.977362	-2.763338	-2.665252	0.064699	-0.779088	-0.353121	-2.676668
-0.203370	-2.607759	-1.437304	-1.227588	-2.291911	0.038000	0.982491	0.500130	1.778584	1.178822
0.610738	-1.759486	-2.245091	-0.577012	-1.766589	2.233271	0.423453	0.088170	1.840620	2.097956
0.774916	-2.012899	-2.443237	-0.942115	-1.725871	2.949170	-0.211302	-1.024846	0.431280	2.100718
0.357668	-1.676986	-0.544731	-1.715636	-2.044383	2.754063	-1.123974	-2.207843	-1.696131	1.301290
-0.302827	-1.972186	-0.331755	-2.403791	-2.456125	2.097311	-2.189450	-3.086550	-3.689497	0.073858
-0.902001	-3.115171	-1.493059	-2.760548	-2.765000	1.239341	-3.022703	-3.306725	-4.588886	-1.563593
-1.269163	-3.577666	-2.670891	-2.432329	-2.123305	0.306904	-3.311245	-1.757707	-2.360355	-2.525187
-1.387019	-3.568746	-3.119968	-2.095687	-1.401003	-0.571636	-3.255629	-1.176648	0.180037	-3.689352
-1.339664	-4.009654	-3.682325	-2.057761	-1.359553	-1.773413	-3.174868	-1.581026	0.611841	-4.946291
-1.234994	-3.495753	-3.507226	-1.173666	-1.514986	-3.179724	-2.787459	-2.082904	-0.251511	-4.668891
-1.142773	0.484960	-0.974637	1.116707	-0.767404	-3.814582	-1.441141	-2.100126	-1.088217	-2.666573
-1.094676	2.414855	0.364485	1.474309	0.045101	-3.529402	-0.937782	-2.315655	-1.757011	-1.914435
-1.091262	3.174433	0.958364	1.203245	1.751624	-2.728508	-0.977314	-2.433657	-2.171156	-1.197010
-1.109502	3.072165	0.880869	0.795846	3.334844	-1.272001	-1.120249	-1.294051	-1.079680	1.324126
-1.133107	1.782807	-0.201376	-0.162846	3.434311	0.690900	-1.509591	0.260132	1.519738	3.193298
-1.149210	-0.496178	-1.273532	-1.418997	2.195331	2.084907	-1.019754	0.914070	3.196444	3.965810
-1.149753	-3.747247	-2.256068	-2.523799	-0.059899	2.266344	-0.045548	0.221347	2.908312	3.125001
-1.137524	-7.232526	-3.484109	-3.123530	-2.767831	1.146865	-0.359799	-1.038080	1.124150	1.008592
-1.123396	-8.493040	-4.218384	-2.620593	-4.759575	-0.714563	-1.266514	-2.192038	-1.495894	-0.007367
-1.120685	-3.997662	-2.928444	-0.294748	-4.160673	-2.054668	-1.471868	-0.606268	-3.096348	-0.257765
-1.131700	-0.788612	-1.919924	0.182786	-2.700755	-2.274468	-1.796439	1.944332	-2.065717	-1.245391
-1.150920	0.395916	-1.560902	-0.574504	-1.936094	-1.921451	-2.387912	3.419240	0.008244	-2.484695
-1.169004	0.837670	-1.382652	-1.743045	-1.878794	-1.252787	-2.952305	4.385831	2.164665	-2.488336
-1.179460	0.790563	-1.229864	-1.689110	-1.866464	-0.162877	-2.880297	4.339841	3.875851	-1.233815
-1.179989	0.096896	-1.418338	-0.765135	-1.649001	0.749038	-2.347790	3.388392	4.305455	0.459862
-1.176529	0.027567	-0.915812	1.707304	-0.551748	1.259424	-0.965193	1.985979	3.471522	2.736077
-1.168194	1.305095	0.351600	3.726049	1.571843	1.758901	0.645164	2.256547	2.338636	3.935343
-0.925619	2.804024	1.857402	4.804970	3.978487	2.719235	2.614254	3.301337	2.006052	4.650337
0.531725	3.317103	2.269965	4.834245	5.193669	3.941654	3.384473	3.953555	2.725870	4.857464
2.431973	3.138824	1.885230	4.162004	5.490716	4.801482	2.893778	4.233368	4.064845	4.690903
3.107079	2.023906	0.644068	2.530063	4.771896	4.959429	1.512305	3.823523	4.752365	3.832503
2.963804	1.517222	0.275072	2.265176	3.349411	4.526170	0.607118	3.808355	5.032538	3.244381
3.143760	1.599660	0.421633	2.545556	1.617410	4.188249	0.372407	4.097844	5.222871	2.895960
3.700775	1.676344	0.579696	2.394192	-0.211197	3.875991	0.085072	4.307498	5.190978	2.335810
4.262657	2.124691	2.035898	2.057061	-1.436134	3.375746	0.330359	4.036129	4.629515	1.787666
4.619103	2.541300	3.179482	1.744897	-1.616131	2.577689	0.739215	3.409100	3.223939	1.034252
4.758493	2.730303	3.672526	1.569199	-1.045594	1.594700	0.617348	2.771910	1.330277	0.336169
4.753532	2.845286	3.960868	1.538518	-0.338135	0.839715	1.188394	2.326384	-0.256414	0.793808
4.544275	2.743509	4.033641	1.252529	0.010757	0.648734	2.271536	1.745540	-0.931826	1.444779
3.631494	2.042135	3.768003	-0.040663	-0.467832	0.416093	2.765254	0.397082	-1.349348	1.340829
2.047688	1.230928	3.465682	-1.843827	-1.566472	-0.074237	2.794836	-0.288268	-0.887513	1.206031
0.237731	0.677039	3.261946	-3.363485	-2.810949	-0.418781	2.630920	-0.483686	0.351365	0.882181
-1.252391	0.404534	3.154188	-3.979351	-3.722608	-0.846548	2.451672	-0.986506	0.523760	0.346384
-2.041563	0.006411	2.684054	-3.715565	-3.998453	-1.368216	2.335716	-1.827772	-0.390371	0.216791
-2.121401	-0.820587	1.417984	-2.301967	-2.038507	-0.860143	2.402593	-2.446614	-1.703443	1.355804
-1.798310	-1.724676	-0.434719	-0.560153	1.336092	0.785372	1.931179	-2.631677	-2.593939	1.847279
-1.154829	-2.083181	-2.095524	0.791497	3.440477	1.857880	0.857586	-1.927097	-2.548660	1.514829
0.577044	-0.885361	-1.837556	1.800950	3.868561	2.153456	0.489437	0.022355	-1.245575	1.465987
2.448727	0.118158	-0.668857	1.795789	2.970867	2.004589	1.446534	0.978313	0.148389	1.546380
2.957707	-0.323576	-0.478874	0.459642	0.875904	1.245061	2.152741	0.397364	0.318792	0.935106
2.256577	-1.949000	-1.422896	-1.595978	-2.119219	-0.265544	1.570680	-0.770515	-0.579718	-1.004265
0.938317	-4.077363	-2.830070	-3.396000	-5.059276	-2.292990	-0.016583	-1.412209	-1.510751	-3.515752
-0.440841	-3.107866	-2.504075	-1.696783	-5.574101	-3.280922	-1.148945	-0.169085	0.081598	-2.646136
-1.433992	-0.453384	-1.019432	1.701976	-2.619470	-2.010219	-0.777090	0.517830	2.193751	-0.656287
-1.846172	1.243569	0.615899	3.510496	0.359875	-0.323115	0.311651	0.415787	2.734689	0.738347
-1.788665	2.373887	2.630434	3.902428	1.770865	0.673334	1.675768	-0.028693	2.184866	1.511449
-1.514314	1.984372	2.665906	2.596700	1.482261	0.627098	1.420965	-0.925995	0.726859	0.536109
-1.246449	0.455020	1.197345	-0.079605	-0.017580	-0.466362	-0.000953	-0.298019	-1.095301	-1.612202
-1.082378	-0.312464	-0.378825	-3.373136	-2.144212	-1.945100	-1.808583	1.830299	-1.621261	-3.974155
-1.027438	-0.683620	-1.744305	-5.662358	-4.145130	-3.189221	-3.289503	1.966973	-1.164483	-5.943990
-1.045761	0.010904	-1.905907	-5.784778	-5.246497	-4.119497	-4.028933	0.839638	-1.131011	-6.837446
-1.090855	1.002713	-1.240524	-4.513108	-5.192781	-4.757277	-4.081446	-0.729339	-1.639951	-6.469913
-1.135091	1.696314	-0.470012	-2.700846	-3.242329	-4.931339	-3.594243	-2.097181	-2.282455	-4.578422
-1.165129	1.248689	-0.276571	-1.244271	-0.526427	-4.222642	-1.758908	-2.839469	-2.587128	-1.730567
-1.176051	0.670323	0.240789	0.661374	0.728772	-2.854098	1.173950	-2.634659	-2.210154	0.918303
-1.176401	0.944541	0.942916	1.155950	0.755552	-1.432583	2.764730	-2.309539	-1.461161	1.795169
-1.168227	0.580261	0.483856	0.082024	-0.367315	-0.939448	2.406520	-2.350567	-1.314327	0.913866
-1.152140	-1.254626	-1.210054	-1.695744	-2.123661	-1.533559	0.762768	-2.496448	-1.727708	-1.488300
-1.137769	-4.188193	-3.353485	-3.347186	-3.804689	-2.838997	-1.404748	-2.632410	-2.343446	-5.012512
-1.133646	-4.861840	-3.726551	-2.331019	-2.721472	-3.913159	-2.669150	-1.046988	-2.283586	-4.998033
-1.141974	-1.214531	-1.382500	1.715621	1.480350	-2.851063	-1.346992	0.221207	-0.709989	-1.061187
-1.148246	1.273195	0.458841	3.988931	4.099026	-0.435059	0.645143	0.596050	0.943460	1.441490
-1.149558	2.117493	1.232007	4.565371	4.576655	1.287151	1.956604	0.441832	1.738168	2.424061
-0.921803	2.362801	1.512486	4.492593	3.934257	1.846604	2.574412	0.513846	1.804421	2.723305
-0.039423	2.577422	1.921215	3.809245	2.706330	1.905963	3.183393	0.792116	1.740279	2.809696
0.495543	1.650700	1.347147	2.091148	1.631609	1.561058	3.251007	0.188570	1.033010	2.291568
0.387558	-0.289804	-0.055281	-0.027613	1.522199	0.862206	2.345748	-0.696225	-0.175879	0.891040
-0.110362	-2.859916	-1.754555	-1.569178	2.105780	-0.030993	0.760900	-1.454296	-1.375390	-1.076390
-0.684418	-4.508994	-2.791045	-1.425869	2.796979	-0.806645	-0.762329	-1.837251	-2.049265	-2.385970
-1.111912	-2.180363	-1.589455	1.433719	3.626566	-0.825431	-0.709570	-1.399057	-1.450394	-0.961815
-0.841427	0.805709	0.251390	3.669153	4.324112	0.250770	0.571929	0.099716	0.250251	1.270299
0.774421	1.926206	0.951616	4.093318	4.529328	1.684379	1.281075	1.491626	1.773157	2.280928
1.941052	1.367939	0.252443	3.067203	4.054910	2.286074	0.863325	1.273939	1.984655	1.774992
1.905485	-0.342719	-1.228758	0.858850	2.730606	1.689078	-0.332307	0.232826	0.950341	0.062001
1.084675	-0.579569	-1.370919	-1.355741	1.631192	0.321859	-1.434571	-0.880004	-0.623564	-1.849699
-0.008711	0.710572	-0.442438	-2.323850	1.409124	-0.730496	-1.999389	-1.662573	-1.952352	-1.779408
-0.946290	1.859767	0.413811	-1.877927	1.880628	-0.168306	-2.061869	-2.022747	-2.496407	-0.248526
-1.430978	2.495460	1.007225	-0.889894	2.481847	1.100590	-1.548476	-1.970662	-2.235192	0.813139
-1.449231	2.816021	1.642888	-0.177697	2.877451	1.737580	0.311962	-1.677920	-1.496441	1.654913
-1.100575	2.834193	1.950155	0.307758	3.045805	1.708917	1.848433	-1.090050	-0.733671	2.048891
0.394982	2.354988	1.613527	1.365292	3.252983	1.566025	2.101570	0.671744	0.251663	2.188022
2.471518	2.165060	1.400863	2.265687	3.472194	1.734295	1.701465	2.091407	1.337347	2.144350
3.551598	2.174346	1.237034	2.162360	3.467662	1.904581	0.852364	2.069781	1.755939	1.378097
3.194077	1.230886	0.282278	1.367547	3.210219	1.544204	-0.235277	1.110571	1.182956	0.017199
1.958778	-0.725176	-1.077251	0.118307	2.541413	0.674722	-1.215871	-0.078399	0.053715	-1.830110
0.520403	-2.605046	-0.646414	-1.756974	0.750806	-0.728975	-2.236735	-0.874453	-1.246380	-4.254111
-0.707644	-4.019335	-0.620066	-3.710548	-2.131164	-2.514998	-3.140880	-1.157352	-2.191057	-6.329070
-1.448430	-4.744927	-1.403513	-3.727585	-5.086722	-4.251100	-3.302998	-1.466154	-2.560465	-5.813032
-1.657390	-2.256192	-0.700761	-0.270274	-5.194412	-4.570927	-0.745380	-1.203609	-1.752250	-1.205258
-1.517485	-0.660736	-0.247789	1.301149	-3.144308	-3.057922	1.426926	-1.061119	-0.565612	0.693706
-1.271763	-1.150581	-1.213447	0.730134	-2.083063	-1.418153	1.166440	-1.370347	-0.288382	1.018173
-1.079779	-1.080648	-1.454754	0.826125	-1.389294	0.172961	0.478316	-1.299688	-0.399545	1.586587
-0.988097	1.056934	0.112244	1.800879	-0.420678	1.674551	0.340055	-0.868049	-0.121738	2.198227
-0.980074	2.509132	1.340134	2.157655	0.142925	2.693585	0.335006	-0.596817	0.323665	2.956357
-1.012073	2.691498	1.307729	0.879774	-0.454618	3.108836	-0.486092	-0.949141	0.111084	3.165848
-1.042861	2.516574	1.183237	-0.746956	-1.762985	2.927820	-0.960674	-1.364051	-0.695352	2.855148
