X1	X2	X3	X4	X5	X6	X7	X8	X9	X10
-0.506019	-5.021370	-4.116143	-2.446979	-3.021262	-4.025094	-2.117138	-2.507417	-3.323929	-3.415546
-0.512720	-5.068919	-4.162861	-2.463186	-3.024960	-4.059818	-2.115056	-2.530822	-3.345362	-3.456780
-0.518821	-4.212238	-3.620756	-1.721884	-2.200369	-3.570390	-0.788487	-2.073655	-3.031093	-3.269956
-0.528369	-1.243419	-1.483901	0.688243	-0.169802	-1.490214	1.041655	-1.153044	-1.684060	-2.025272
-0.541443	1.132474	0.529030	1.796661	0.373428	-0.212154	2.423162	-1.145444	-0.781862	-0.527740
-0.541617	2.255525	1.847722	1.178096	-0.229860	-0.254827	3.204076	-1.616083	-0.930102	0.433525
-0.535983	2.437717	2.028198	-0.298243	-1.263378	-1.183557	2.213697	-2.163175	-1.652100	0.502739
-0.082440	2.414250	1.679260	-1.544782	-1.903849	-2.139416	0.540052	-1.330070	-2.248512	-0.249398
1.402452	2.765081	1.665179	-1.280134	-1.584432	-1.414726	-0.864391	-0.045283	-1.786699	-0.821079
2.124945	2.153606	1.056310	-0.932162	-1.648735	-1.139041	-2.265948	-0.348155	-1.482037	-1.274942
1.693258	0.215500	-0.435867	-1.170548	-2.077400	-1.908168	-3.065299	-1.213719	-1.776374	-1.987137
0.621364	-2.549361	-2.275431	-1.725340	-2.548059	-2.873946	-3.083879	-2.074091	-2.365127	-2.798575
-0.478549	-4.871065	-3.746590	-2.277654	-2.916947	-1.722016	-2.695835	-1.416450	-2.256906	-2.804096
-1.138252	-4.127634	-3.798808	-2.619930	-3.133573	0.229445	-2.286221	1.094711	0.072887	-1.784927
-1.231983	-2.545082	-3.178953	-2.717433	-3.205218	1.023480	-2.013432	1.897174	2.178819	-0.786125
-0.979582	-0.513633	-1.829742	-1.619052	-2.076734	1.662289	-0.358437	2.352468	3.448558	0.002893
-0.677307	2.445222	0.861344	1.140061	0.218448	3.368227	1.551588	2.739161	4.347457	1.511601
-0.498745	3.537679	2.261792	2.609701	1.099102	3.888204	1.638240	2.207625	4.500059	2.695194
-0.465122	3.264851	2.156574	2.067688	0.542606	2.600947	0.385700	0.626508	3.458232	2.397737
-0.524859	2.730660	2.049661	0.403446	-0.651766	-0.044598	-0.839569	-0.932774	1.591677	0.846058
-0.611925	2.040409	1.972473	-1.430708	-1.100818	-1.928376	1.028466	-0.638930	0.577817	-0.811080
-0.675550	1.509684	2.062048	-1.805235	1.077070	0.386897	3.160124	0.582855	1.435129	-0.366118
-0.698538	1.117711	1.825684	-0.651845	3.139402	3.536064	3.296781	1.545470	2.844547	1.812047
-0.693439	1.150314	1.477796	1.176048	4.482227	4.921752	2.940482	2.253336	3.899539	3.502486
-0.685085	1.444605	1.370619	2.827146	5.171159	5.227559	2.192151	1.995046	4.222374	4.310652
-0.669869	0.975512	0.792967	3.142126	5.270595	4.456668	1.022340	1.230103	3.499642	4.029956
-0.654965	1.352072	0.645633	2.650857	5.112679	2.987847	0.003868	0.881630	2.315185	2.922060
-0.646665	2.001739	0.888475	1.913765	4.878990	1.459543	-0.433579	-0.014497	0.895158	1.416253
-0.597009	1.815629	0.782055	1.345114	4.691384	0.520734	-0.221882	-0.285029	-0.370603	0.071586
0.481694	2.180556	1.141262	1.699567	4.811221	1.327422	1.013484	2.573971	-0.058259	-0.179188
2.606677	2.713179	1.796523	2.660748	4.595697	2.718112	1.930117	3.733412	1.403012	0.919541
4.296770	2.630652	1.927237	3.235458	3.819342	3.102363	2.124485	3.747828	2.224426	1.902340
4.952372	2.016407	1.520162	3.063413	2.588603	2.679965	1.525875	3.061574	2.265588	2.132464
4.210511	0.358921	0.268427	1.884536	0.721628	1.135182	-0.112262	1.300427	1.413205	1.391055
2.309503	-2.245978	-1.622994	-0.067746	-1.473447	-1.505663	-2.099474	-1.000780	-0.155736	-0.317883
-0.045761	-4.974332	-3.534724	-2.107302	-3.350887	-4.447691	-3.472754	-3.005144	-1.973710	-2.560589
-1.917895	-6.787608	-4.917443	-3.494601	-4.371063	-6.549969	-3.699443	-4.076808	-3.532774	-4.687596
-2.542263	-7.187970	-5.505615	-3.871115	-4.502905	-7.035983	-3.175227	-4.245119	-4.458479	-5.987014
-2.032911	-6.701591	-5.490612	-3.530919	-4.139114	-6.341981	-2.556548	-3.989754	-4.717031	-6.121733
-1.176471	-6.051480	-5.221149	-3.000543	-3.667798	-5.452695	-2.174690	-3.662752	-4.551527	-5.489364
-0.580158	-5.565272	-4.838899	-2.621571	-3.314504	-4.878280	-1.509096	-3.437996	-4.252959	-4.720059
-0.385253	-3.667596	-1.975119	-2.309745	-2.410704	-4.054217	0.756696	-3.255329	-3.932545	-3.660230
-0.481784	-0.960335	1.271338	-1.473520	-1.245902	-2.968654	1.663687	-2.771306	-3.397431	-2.433220
-0.683160	1.036029	2.685641	0.857265	0.544216	-1.299414	2.340871	-1.749806	-1.965314	-1.180533
-0.842678	1.715884	2.708102	2.979853	1.903689	0.197791	2.663451	-0.964797	-0.349674	-0.027276
-0.796476	2.028938	2.669679	4.080028	2.687849	1.035840	2.803202	-0.279375	0.754905	0.755977
0.234077	2.571770	2.913862	4.707768	3.303260	1.863369	3.071323	0.805525	1.668137	1.407019
1.088074	2.594306	2.883484	4.779407	3.416766	2.088223	2.881374	0.763845	2.056929	1.781323
1.010791	1.616146	2.006315	3.922092	2.668240	1.307022	1.518561	-0.202855	1.623687	1.481608
0.293937	-0.058907	0.359424	1.878061	1.044218	-0.676618	-0.885253	-1.665148	0.320079	0.241950
-0.561075	-1.052257	-1.165341	-0.880155	-1.023913	-3.384870	-3.324259	-2.959721	-1.441709	-1.761973
-1.145495	-1.921225	-2.522517	-3.401352	-2.953927	-5.673234	-4.483656	-1.608389	-2.887918	-3.971077
-1.311988	-2.124850	-3.182175	-4.697198	-4.171184	-6.101565	-4.123512	-0.095317	-3.037756	-5.502812
-1.176649	-2.924823	-3.749244	-4.541112	-4.503769	-5.534338	-3.171632	-0.523353	-2.914604	-5.905755
-0.951916	-4.101626	-4.188848	-3.684157	-4.254042	-5.061020	-2.428305	-1.631951	-3.061159	-5.541120
-0.799492	-4.017557	-2.554795	-2.916054	-3.804262	-4.912655	-2.072222	-2.777640	-3.386822	-4.981021
-0.756363	-3.270413	-0.925594	-2.508302	-3.410098	-4.967181	-2.028331	-3.571375	-3.718926	-4.573218
-0.800416	-2.661025	-0.874395	-2.369301	-2.785765	-4.620427	-1.985113	-3.911172	-3.959083	-3.901645
-0.872742	-1.620590	-1.070698	-1.630514	0.174927	-1.998978	-1.119414	-3.508059	-3.708437	-1.403136
-0.925634	-1.163693	-1.296711	-0.245883	2.808217	1.321585	-0.105305	-2.877255	-2.892116	1.679242
-0.940008	-0.044357	-0.680869	1.762971	4.527141	2.901381	1.689042	-1.811770	-1.540288	3.340416
-0.926288	2.249518	1.239753	3.869942	5.555900	3.345055	3.162994	-0.691742	0.222532	3.698047
-0.913255	3.603930	2.687029	4.945027	5.759675	3.411180	3.674641	0.645428	1.986080	3.441912
-0.810494	4.094316	3.333885	5.232704	5.765788	3.253476	3.810590	1.196348	2.938055	2.906834
-0.166643	4.328810	3.721074	5.427365	5.932544	3.237850	3.904607	1.398596	3.245047	2.522568
0.248021	4.034911	3.582840	5.282948	5.779258	3.001857	3.384266	0.879787	3.041534	2.303088
0.124311	3.064688	2.632928	4.076357	4.878869	2.096255	1.610693	0.351491	2.476411	1.659464
0.357099	2.650312	1.979712	2.426124	3.916348	2.358411	-0.050122	1.147900	2.592996	1.245801
0.918214	2.389807	1.598789	0.557683	2.195975	2.869822	-1.912030	0.753061	2.435625	1.575034
1.430874	2.321592	1.207782	-1.006553	0.216976	3.203949	-2.284419	1.300796	2.256259	2.152313
2.582120	2.848140	1.452439	-0.807948	-0.812826	3.552167	-0.985918	3.329536	3.054176	2.598585
3.801022	3.274079	1.880998	0.529463	-0.706402	3.674316	0.313142	4.870671	4.188447	2.896498
4.526441	3.562614	2.486091	1.682640	-0.086057	3.635173	1.022082	5.598574	4.932792	3.128046
4.737132	3.510707	2.613428	2.270050	0.531955	3.382517	1.322394	5.615159	5.238868	2.950463
4.629945	3.287702	2.601664	3.166187	1.780327	3.064447	2.367204	4.957766	5.051667	2.529430
4.414057	3.191170	2.735072	4.447313	3.131107	2.965233	3.404350	4.006660	4.504527	2.274532
4.185475	2.897660	2.599163	4.969778	3.570243	2.862981	3.326758	2.912701	3.741584	2.212166
3.362230	1.622092	1.603107	4.021430	2.735185	1.811740	1.665413	1.038081	2.536196	1.611674
1.685683	-0.394293	0.548842	1.773515	1.019699	-0.588578	-1.142564	-1.474042	0.558374	0.016312
-0.327895	-2.571001	-0.880388	-1.221749	-1.140807	-3.817895	-3.970924	-1.732978	-1.657713	-2.350292
-1.896948	-2.709665	-1.942426	-3.854382	-3.056663	-6.020942	-5.060574	0.469109	-2.658033	-4.697443
-2.438550	-0.719009	-1.904142	-5.033828	-4.198774	-5.835229	-4.404655	2.058173	-2.144973	-5.987806
-2.060237	0.311370	-1.591468	-4.667217	-4.461842	-2.975817	-2.387605	2.811236	-1.086662	-5.237250
-1.375843	0.388702	-1.086012	-3.240552	-3.669852	0.346772	0.283303	2.345356	-0.332871	-2.376669
-0.878800	0.098860	-0.800815	-1.094365	-2.075119	2.601798	0.958684	1.600118	0.828975	1.140795
-0.709532	-0.824458	-1.309363	-0.328964	-1.635798	3.061777	0.109976	0.671717	1.863693	3.081128
-0.785862	-2.450642	-2.434446	-0.766201	-1.904616	2.254348	-1.414599	-0.956509	1.681203	3.498936
-0.963464	-4.155783	-3.694109	-1.699659	-2.419872	0.663595	-2.802899	-1.690883	0.500630	3.104348
-1.121089	-3.478433	-3.461227	-2.579710	-2.904908	-0.704935	-1.030027	0.151698	-0.601851	2.483066
-1.196519	-1.258643	-1.656214	-3.100535	-3.249980	-0.512294	1.020941	1.790196	-1.000677	2.195533
-1.196069	-0.059471	-0.768423	-3.171808	-3.050490	-0.015589	0.894925	2.664716	-0.805033	1.649573
-1.161146	0.354331	-0.657799	-2.686476	-1.980769	0.154999	-0.220600	3.004817	-0.294065	0.939367
-1.135198	0.204431	-1.031617	-2.326717	-1.784642	0.159934	-1.851161	3.038300	0.085386	0.827267
-1.126234	0.256684	-1.099426	-1.793109	-1.605725	0.289364	-1.289656	3.074668	0.394748	1.348872
-1.127415	0.628928	-0.277061	-1.263727	-1.636277	0.925797	1.201587	3.032080	0.624469	2.330032
-1.133537	0.662648	0.128011	-1.396661	-2.101949	1.273836	1.529718	2.951783	0.597449	3.046479
-1.131040	0.406262	-0.223777	-1.941639	-2.671219	0.721969	0.353315	2.879051	0.436872	2.881858
-1.126499	0.681027	-0.505408	-2.527588	-3.104182	-0.690715	-1.527608	2.823863	0.256877	1.578147
-1.136816	0.745505	-0.771394	-2.607035	-1.840420	-1.798803	-2.599977	2.857938	0.203152	-0.517779
-1.165594	0.699218	-0.864911	-1.897151	-0.049626	0.012688	-2.691431	2.905388	0.373259	-0.947629
-1.189067	0.632473	-0.389137	-1.576941	-0.024292	1.754345	-2.671608	2.880651	0.421118	0.765111
-1.186161	0.996145	1.034616	-1.805613	-0.836170	1.935893	-2.594453	2.882872	0.374609	2.207417
-1.169504	1.425651	2.296389	-2.277853	-1.902890	1.677039	-0.655682	2.495597	0.422814	2.875757
-1.166633	1.158091	2.798189	-2.705608	-2.835569	1.770484	1.353184	0.874808	-0.170157	3.232685
-1.170747	0.482534	2.889616	-2.926488	-3.409744	1.902270	2.709998	-1.469077	-1.405696	3.223057
-1.171934	0.004363	2.991700	-2.954520	-3.607610	1.929017	3.410845	-3.723025	-2.857979	2.972265
-1.178442	-0.498285	2.740466	-2.889848	-3.568741	1.616505	2.565262	-5.061530	-4.086410	2.230236
-1.190325	-0.996005	2.288764	-2.821100	-3.436357	1.195654	0.296218	-5.337346	-4.818645	1.103129
-1.200519	-1.411633	1.738435	-2.769242	-3.297463	1.262175	-2.679481	-5.046023	-5.037643	0.739493
-1.206836	-2.405597	0.386439	-2.642943	-2.623174	1.481236	-4.520283	-4.581985	-4.888372	1.101966
-1.214332	-3.410534	-1.420998	-1.967974	-1.409657	1.524420	-3.411904	-3.974300	-4.358564	1.182525
-1.226935	-2.449523	-2.040117	0.261004	0.350286	1.839005	-0.147733	-2.879462	-2.939295	1.140805
-1.237147	-1.194217	-1.703477	2.088069	1.271298	2.142809	1.089320	-2.403636	-1.483253	1.197226
-1.244095	-1.516023	-2.044289	2.096930	0.974641	1.573353	0.920424	-2.629660	-1.175562	0.779544
-1.251421	-1.270407	-1.751035	2.139045	1.187555	1.293612	1.301491	-2.390282	-1.010164	0.297372
-1.261807	-0.287460	-0.647952	2.766246	1.790388	1.778965	1.792785	-1.997295	-0.514115	0.486627
-1.257640	0.211123	0.350148	2.927243	1.777958	2.142395	1.699121	-2.084683	-0.269731	0.959591
-1.249054	-0.268403	0.635961	1.952207	0.852441	1.930340	2.255949	-2.727862	-0.777532	1.197235
-1.245139	-1.449609	0.247087	0.076095	-0.643319	0.696502	2.297373	-3.516677	-1.872839	0.902436
-1.250509	-3.023670	-0.697379	-2.027204	-2.182972	-1.494049	0.823051	-4.121423	-3.131159	-0.043886
-1.255937	-2.980191	-0.292033	-3.070317	-1.256174	-2.612376	-0.784316	-4.137396	-3.969039	-0.377513
-1.263153	-0.479651	1.497723	-0.945039	2.096287	-0.638094	0.001198	-2.784204	-3.144072	0.849949
-1.268325	2.112620	3.205898	2.643171	4.541441	2.067595	1.966677	-0.324438	0.213732	2.461827
-1.268205	3.322081	4.110392	4.718072	5.707159	3.731947	3.280873	1.246272	2.996850	3.621180
-0.807775	3.759891	4.339430	5.565064	6.252579	4.311404	4.062723	2.442137	4.328543	4.153705
1.000038	3.777683	4.061398	5.838637	6.170056	4.408882	4.221549	2.963011	4.783652	4.429236
2.340003	3.182715	3.261057	5.506386	5.540214	3.716789	3.687200	2.273234	4.378460	4.070410
2.116394	2.512935	2.468711	4.972681	5.207317	2.499636	3.144981	1.038934	3.428871	3.011667
0.978719	2.865375	2.956380	4.735449	5.399995	1.647933	2.982831	0.194658	2.395701	1.735138
0.295062	2.899168	3.127833	4.455910	5.518687	1.576550	2.377010	0.372892	1.621990	0.880363
-0.132644	2.335496	2.433822	3.496587	5.317894	1.476395	1.120970	1.486602	1.088693	0.423964
-0.610518	1.639246	1.397418	2.154226	4.999152	1.644018	-0.168112	2.397331	0.904803	0.953922
-1.070734	0.996863	0.324116	0.784258	4.275266	1.764232	-1.332755	2.837780	0.896254	1.985902
-1.227959	0.293379	-0.772584	-0.700976	2.627252	0.993286	-2.333284	2.808315	0.836975	2.086154
-0.990264	-1.006596	-2.025915	-1.953619	0.279894	-0.679926	-2.922825	1.492591	0.381708	1.012757
-0.847238	-3.135176	-3.560384	-2.828356	-2.296244	-3.248465	-3.103275	-0.765723	-0.817272	-1.140984
-0.930774	-5.207692	-4.753543	-3.217844	-4.229694	-5.526422	-3.006245	-2.868134	-2.129466	-3.726096
-1.142177	-4.646241	-3.175541	-3.217773	-4.980966	-4.561268	-2.802742	-2.943875	-1.952128	-4.113396
-1.342971	-2.068561	-0.256519	-3.036659	-4.736082	-2.120709	-2.619177	-1.757634	-0.186478	-2.377974
-1.455467	-0.242296	1.496432	-2.747959	-3.698190	-0.508086	-2.265231	-0.678257	1.449073	-0.671597
-1.467520	0.844333	2.423441	-1.639722	-0.096220	0.444690	-1.136380	-0.310432	2.299372	0.192289
-1.411807	1.152484	2.711669	-0.128939	2.696397	0.735882	-0.238718	-0.703843	2.090730	0.333693
-1.343700	0.630074	2.005622	0.740333	3.206055	0.736767	0.196055	-1.014497	1.661859	0.036154
-0.787053	0.556983	1.231652	2.127650	3.375746	1.588555	1.673101	-0.445018	1.278908	0.173467
1.102683	1.719449	1.403151	4.002661	3.771475	2.985765	3.130624	1.423101	1.599515	1.350328
3.074773	3.166536	2.312864	5.194942	4.135931	3.604603	3.890132	3.385412	2.561698	2.511122
3.711182	3.994005	3.095041	5.460885	4.124118	3.424245	3.723839	4.039122	3.268512	2.935367
2.765745	3.986871	3.056181	4.581712	3.252550	2.312905	2.165091	3.903638	3.181945	2.426044
1.439467	3.567571	2.503459	2.739577	1.866286	0.462497	0.047962	3.287354	2.498767	1.004673
1.435798	2.944126	1.857144	1.052790	0.770107	-0.861921	-1.172170	2.330615	1.601105	-0.661099
2.034759	1.584950	0.763868	-0.084985	-0.208981	-0.808506	-1.932047	1.027375	0.533191	-1.749151
1.738197	0.273142	0.318079	-1.237497	-1.445127	0.099153	-2.642790	0.908233	-0.490250	-1.900350
0.603956	0.104973	1.040033	-2.313116	-2.600299	0.871298	-3.017278	1.500709	-0.964926	-1.392465
-0.802189	0.239608	1.199714	-3.026274	-3.359430	1.137184	-3.043892	2.073206	-0.923670	-0.864945
-1.868323	0.688080	0.723122	-3.269392	-3.657004	1.268470	-2.846168	2.420454	-0.637273	-0.480865
-2.245718	1.386081	0.286748	-3.170221	-3.617003	1.150197	-2.641568	2.107870	-0.439767	-0.322998
-2.048900	0.764662	-0.713945	-2.965882	-3.438832	-0.029808	-2.547103	0.526361	-0.917120	-0.833664
-1.614522	-0.892190	-2.215587	-2.767610	-3.205230	-0.834148	-2.396637	-0.921583	-1.350706	-1.638604
-0.357802	-0.926280	-2.171416	-0.809689	-1.097235	1.017901	0.196215	-0.080227	0.028345	-0.919337
1.825570	1.116199	0.027856	2.827175	1.958678	2.840354	2.722630	1.177004	1.736892	1.123906
3.562226	2.498047	1.753314	5.004975	3.706798	3.364950	3.958246	1.972530	2.707704	2.484117
4.366662	3.058619	2.557933	5.787930	4.487754	3.310961	4.349856	2.346333	3.103023	2.963176
4.485709	3.177165	2.818049	5.883574	4.722434	3.039180	4.174650	2.427382	3.172143	2.925056
4.262179	2.707369	2.424814	5.229865	4.239800	2.427112	3.043089	2.134846	2.826830	2.445376
3.964744	1.908424	1.668655	3.885670	3.252620	1.493642	1.313184	2.134720	2.141342	1.477700
3.758557	2.104923	2.070191	2.486419	2.799849	1.366567	0.140328	3.013272	1.910158	0.915425
3.233362	2.371990	2.778025	1.705954	3.301972	2.254828	-0.372936	2.559478	2.052397	1.495650
1.838638	1.252190	2.074457	0.700312	2.726727	1.961551	-1.391363	0.818859	1.275397	1.609466
0.275397	-0.693518	0.410266	-0.474675	1.466207	0.378825	-1.802020	-0.825134	-0.157969	0.591818
0.475377	-0.386251	-0.437056	-0.434133	0.580533	-0.871630	-0.865091	-0.785278	-1.054517	-0.786747
2.123714	0.908212	-0.239307	0.569880	0.260729	-0.866432	0.318665	-0.174901	-1.029763	-1.519742
2.927460	0.599935	-0.508081	0.934180	-0.288718	-0.890274	0.437091	-0.774856	-1.038433	-1.543888
2.226213	-0.988390	-1.676957	0.176398	-1.244649	-1.537858	-0.580809	-1.311523	-1.638416	-1.283505
0.596324	-2.052428	-2.630183	-1.151077	-2.233349	-1.589833	-1.536612	0.137529	-1.903322	-0.220979
-1.189226	-1.534478	-2.099998	-2.430044	-2.963632	-1.212108	0.329047	1.560982	-1.463252	0.839699
-1.635786	0.461233	-0.066526	-2.175060	-0.831349	-0.094078	3.126106	2.911156	-0.212169	1.390196
0.439625	2.099977	1.863214	0.429076	2.367598	1.751557	4.774567	3.140716	1.190825	2.046567
2.888291	2.620991	2.699784	2.597027	3.368603	2.600252	5.412974	2.928896	2.006232	2.522696
3.830212	2.378140	2.719941	3.040924	2.967113	2.660231	5.125872	2.307388	2.714322	2.644536
3.010994	1.472151	2.111583	1.883768	1.554492	1.929588	4.252881	1.868642	3.018454	2.196999
1.079333	0.984784	1.573015	-0.162163	-0.400978	1.033763	3.260252	2.544075	3.296068	1.422549
-1.144140	1.542060	1.565430	-2.297314	-2.332238	0.484006	2.638132	3.294131	3.569861	0.713521
-2.146203	2.287436	1.914345	-3.229847	-3.111645	0.754817	2.941690	4.040746	3.843804	0.510052
-0.194748	3.235335	2.632328	-1.659279	-1.906665	1.936013	3.382458	4.443760	3.893650	1.564312
2.561189	3.784176	2.982760	0.596813	-0.318593	2.934845	2.735328	4.557405	3.586464	2.981113
4.166437	3.949541	2.985392	1.985346	0.742303	3.324627	1.533066	4.533813	3.146478	3.798835
4.648248	3.580490	2.568900	2.498201	1.283897	3.015612	0.390570	4.159933	2.688610	3.747729
4.206489	2.361118	1.499248	2.280087	1.345885	1.931879	-0.752884	2.777576	1.869709	2.781865
2.613328	-0.207849	-0.469894	1.077482	0.523153	-0.390812	-2.162630	0.262807	0.330559	0.669797
0.264907	-3.995720	-2.978692	-0.734858	-0.790142	-2.842589	-3.157806	-2.837468	-1.709892	-2.339669
-1.289087	-6.382673	-4.606982	-1.886634	-1.505647	-2.118548	-2.303698	-3.432175	-3.297284	-4.546060
0.005688	-3.997553	-3.728408	-1.000516	-0.939342	0.921421	-0.560628	-1.509844	-2.997353	-3.289728
2.465472	-1.019031	-1.938463	0.705464	0.043044	2.726290	0.639216	0.207475	-1.471929	-0.345433
4.054652	0.823548	-0.467821	1.908522	0.815727	3.382381	1.164258	2.228732	0.830748	1.850366
4.596290	2.199008	0.769768	2.406624	1.232323	3.645975	1.200056	4.002840	3.098072	3.228131
4.497782	2.740206	1.426239	2.443579	1.372606	3.521691	0.954298	4.449169	4.282303	3.663585
3.646548	2.156966	1.049965	1.830065	0.886856	2.724646	-0.107309	3.774541	4.474036	3.130684
1.815183	0.581935	-0.234648	0.368942	-0.262440	1.114809	-1.725289	2.434653	4.075555	1.594000
-0.488151	-1.531091	-1.894129	-1.440176	-1.602319	-0.869527	-3.117526	0.795046	3.386890	-0.759121
-2.389558	-3.906408	-3.586319	-2.925155	-2.716540	-3.057065	-3.653855	-1.432184	2.060704	-3.450831
-3.113929	-6.045503	-5.006081	-3.610806	-3.346565	-5.229821	-3.415873	-3.668312	-0.070883	-5.901602
-2.687590	-7.134171	-5.672152	-3.545937	-3.504486	-6.625865	-2.173750	-5.093733	-2.599324	-7.267559
-1.862322	-7.001883	-5.527616	-3.143634	-3.380744	-6.799210	-1.442916	-5.471607	-4.819197	-6.978503
-1.251383	-6.424259	-5.313251	-2.757481	-3.171500	-6.307707	-1.502392	-4.683080	-6.036838	-5.918465
-0.965727	-4.443710	-4.594269	-2.501860	-2.946989	-5.305948	-1.794041	-0.979615	-5.323862	-4.914248
0.082261	-0.880809	-2.532171	-1.491379	-1.858116	-2.742689	-1.001380	2.277457	-2.396680	-3.598690
1.636331	1.229072	-0.587878	-0.064157	-0.729865	-0.290540	-0.507537	3.435308	0.324060	-1.894625
1.940229	1.032322	-0.356933	0.167151	-0.721573	0.173194	-0.340284	2.744956	1.069904	-1.024860
1.052658	-0.410270	-0.819526	-0.593283	-1.318011	0.314899	0.669235	0.800366	0.318732	-0.593219
-0.378792	-2.633057	-1.885707	-1.705414	-2.065299	-0.233277	0.327288	-1.584102	-1.184460	-0.600966
-1.661080	-3.555769	-2.382146	-2.638160	-2.682445	-1.590839	-0.594459	-1.111610	-2.358158	-1.317317
-2.260087	-2.090866	-0.806712	-3.108048	-3.059996	-3.114501	-1.871839	-0.714065	-2.625361	-2.467421
-1.225939	-0.479576	0.821940	-2.386849	-2.420049	-3.646592	-1.785926	-0.275227	-2.399380	-3.484486
1.294986	0.456032	1.202201	-0.396892	-0.910212	-1.986670	-0.697662	0.301309	-1.445081	-3.207598
2.668969	-0.028772	0.396255	0.698020	-0.331577	-0.997806	-0.532210	-0.381531	-0.939531	-2.322048
2.256961	-0.842698	-0.672022	1.307608	0.354959	-1.067069	0.403653	-1.287978	-0.949641	-1.835492
0.769269	-0.628593	-0.820787	2.474547	1.543721	-0.721436	1.605728	-1.781456	-0.647215	-1.217490
-0.990706	0.093896	-0.202332	3.509330	2.463828	0.997782	3.032177	-1.890620	-0.156061	0.451507
-2.246982	0.924710	1.001107	4.061934	2.980949	2.796028	4.541165	-1.799819	0.260417	2.601993
-2.569894	1.270449	1.809180	4.008605	2.932269	3.118726	5.118029	-1.919811	0.384234	3.529024
-2.171366	0.518943	1.598819	2.760020	1.854688	1.997316	4.627794	-2.651319	-0.275776	3.174636
-1.591141	-0.259826	0.738308	0.532911	0.142209	-0.460063	2.541566	-3.518015	-1.558684	1.661593
-1.204831	-0.382140	-0.322603	-1.962021	-1.693919	-3.971696	-1.239488	-4.184723	-3.017751	-1.031203
-1.095522	-0.125823	-1.196859	-3.794548	-3.131589	-7.320738	-5.436904	-4.534955	-4.239615	-4.287478
-1.167594	0.184428	-1.650816	-4.342986	-3.820433	-8.889834	-6.978566	-4.487871	-4.912272	-7.380845
-1.299659	0.507813	-1.638980	-3.871331	-3.850175	-7.254066	-5.505331	-2.974543	-3.729290	-8.708403
-1.397653	0.272690	-1.720256	-3.135132	-3.558746	-3.720931	-3.508363	-0.421636	-0.696272	-6.956956
-1.428530	-0.073807	-1.860554	-2.618674	-3.235219	-1.229008	-2.274415	0.769047	1.665398	-4.108193
-1.411267	0.340684	-1.533998	-2.354518	-2.929234	-0.315496	-1.646046	0.949787	2.689385	-2.173438
-1.200742	1.570816	-0.186549	-0.745485	-1.106655	0.449242	1.096234	1.391434	3.265044	-0.962359
0.305482	2.832310	1.920811	2.418182	1.610973	2.277155	4.246716	2.483819	3.973999	0.981004
2.472159	3.555406	3.290120	4.582996	3.725239	3.864546	5.831027	3.336933	4.562557	3.313219
3.581154	3.627611	3.721727	5.276655	5.067137	4.577928	5.970976	3.318489	4.821257	4.736513
2.998527	2.707745	3.000884	4.592640	5.438612	4.214489	4.621509	2.207685	4.376395	4.867407
1.273476	1.062333	1.677849	3.141336	5.336573	2.949401	2.585320	0.268662	3.089915	3.961894
-0.813366	-1.338904	-0.175828	1.097984	4.309735	0.545585	-0.708262	-2.107647	0.981947	1.947291
-2.337253	-3.831815	-2.271125	-0.831436	2.643904	-2.976837	-3.081282	-3.616902	-1.585440	-1.340251
-1.579382	-1.995909	-1.864333	0.539324	2.117824	-3.409663	-0.288763	-1.516617	-2.329439	-4.394219
1.247001	1.451029	0.761755	3.599925	2.850510	0.177720	2.601891	0.944788	-0.341236	-3.370448
3.551285	2.914354	2.338864	5.177615	3.520405	2.658875	3.705564	2.381665	2.161308	0.075074
4.567640	3.066944	2.643519	5.062088	3.322648	3.192620	3.920737	3.280681	3.082936	2.104950
4.659347	3.063371	2.637317	4.238368	2.908997	3.247190	3.555790	4.020247	3.283885	2.777694
3.703471	3.004724	2.987975	3.109588	2.194273	2.726358	3.372506	3.921392	3.085073	2.702549
1.705198	1.990431	2.562030	1.123582	0.715707	1.221172	3.115867	2.525787	2.050517	1.965832
-0.707881	-0.205826	1.144891	-1.312314	-1.100200	-0.709884	1.613320	0.044865	0.176193	1.219347
-2.592976	-3.430830	-1.168415	-3.341852	-2.692956	-2.207555	-1.012821	-2.885580	-2.145314	0.895129
-2.852700	-5.009539	-3.208911	-3.968473	-3.363391	-2.542809	-3.314758	-4.235927	-4.088928	0.909614
-1.861887	-1.875809	-3.101356	-3.367306	-3.367650	-2.462576	-4.126736	-1.387364	-4.190343	0.420172
-0.971968	1.593901	-0.633028	-1.806942	-2.313291	-1.022790	-0.107196	0.924638	-1.016522	-0.211723
-0.263666	2.905348	1.463569	-0.407042	-1.323806	1.514233	2.707990	1.827147	1.769390	0.254315
0.502073	3.126713	2.088963	0.192899	-0.873319	2.828154	2.697277	1.867787	3.071969	1.260192
0.533021	2.697890	1.663595	-0.267424	-1.194597	2.429218	1.074641	1.355580	3.375193	1.336252
-0.079207	2.065825	0.852503	-1.284021	-1.835511	1.135429	-1.482498	0.743641	3.246252	0.468964
-0.895168	1.356141	-0.039412	-2.308157	-2.486109	-0.541621	-3.861748	0.104988	2.878921	-0.951702
-1.510665	0.169052	-1.183587	-2.967454	-2.952617	-2.456584	-4.748270	0.477598	1.975036	-2.624313
-1.735269	-0.950690	-2.165224	-3.159307	-3.172542	-3.943967	-4.161691	0.909378	0.807647	-4.105184
-1.634879	-1.755489	-2.043074	-3.019618	-3.187714	-4.742904	-2.287989	0.526968	-0.590752	-4.969979
-1.410342	-2.058266	-0.979716	-2.788990	-3.118810	-4.968740	-1.223050	-0.801366	-2.084853	-5.027241
-1.237655	-2.105345	-1.006808	-2.630921	-3.049094	-5.124198	-1.230692	-2.518437	-3.502416	-4.823781
-1.180821	-1.573812	-1.426307	-2.579987	-3.006724	-4.551987	-1.735709	-3.965541	-4.545467	-4.505779
-1.211093	-2.238432	-2.476006	-2.590898	-2.978907	-4.120880	-2.312321	-4.653860	-5.020950	-4.252971
-1.271674	-3.526435	-3.668882	-2.633957	-2.981118	-4.057406	-2.131229	-4.336834	-4.548667	-4.192655
-1.322762	-4.208180	-3.966997	-2.692500	-3.011550	-4.259109	-1.739017	-3.671045	-3.919569	-4.169020
-1.342299	-2.457513	-2.842604	-2.727483	-3.026058	-4.377514	-1.854945	-0.914230	-3.081226	-4.216252
-1.329337	-1.740682	-2.426333	-2.720550	-3.016960	-4.295760	-2.154427	-0.425354	-2.338980	-4.245945
-1.301177	-2.400854	-2.936854	-2.688627	-2.999657	-3.777434	-2.461406	-0.503984	-2.284187	-3.463456
-1.280656	-2.392564	-3.226332	-2.674251	-3.001808	-2.199923	-2.663720	0.806995	-2.019535	-1.238784
-1.272070	-1.610787	-3.001745	-2.676573	-3.012794	-0.661505	-2.732354	1.956627	-1.314965	0.914104
-1.275784	-0.594954	-2.458084	-2.686162	-3.026345	0.170609	-2.680751	2.597359	-0.608649	2.111020
-1.276021	0.925708	-1.335543	-2.692685	-3.041073	0.431456	-2.573161	2.871127	-0.136210	2.526331
-1.265766	1.273460	-0.768724	-2.602555	-2.530460	0.187179	-2.262917	2.275030	-0.050069	2.328304
-1.251599	0.253404	-1.190824	-1.936232	-0.527380	-0.522038	-1.638918	0.608229	-0.542534	1.299039
-1.244227	-1.825674	-2.354586	-1.516691	-0.107188	-1.175900	-1.665395	-1.691706	-1.561719	-0.360874
-1.249948	-3.684471	-3.495066	-1.661759	-0.671392	-0.132566	-2.034964	-3.791449	-2.826782	-0.830271
-1.264349	-3.937642	-2.952330	-2.103297	-1.601289	1.379864	-2.464878	-4.884239	-3.926373	0.556479
-1.278569	-2.921001	-0.842512	-2.553789	-2.504495	2.245198	-2.741632	-5.092606	-4.632484	2.146784
-1.279099	-1.864428	0.763263	-2.826259	-3.119943	2.536530	-2.796956	-4.830906	-4.909339	3.041885
-1.161464	-1.190519	1.562112	-2.821931	-3.293558	2.505571	-2.477005	-4.110360	-4.836513	3.307496
-0.485570	-0.221796	2.099944	-2.184717	-2.752740	2.002041	-1.871295	-1.755092	-3.994359	2.957969
-0.066133	0.570948	2.242922	-1.574749	-1.433339	1.118837	-1.457002	0.057906	-2.560711	2.292572
-0.215418	0.630165	1.568275	-0.702872	1.117954	0.728358	-0.862282	-0.072208	-1.538334	1.899496
-0.698587	0.814622	0.587725	-0.413996	1.510754	0.430733	-1.154203	-0.373047	-0.523765	1.619689
-1.190234	0.229400	-0.768540	-0.944914	0.636517	-0.215525	-1.897425	-1.365316	-0.108244	1.152641
-1.475288	-1.047811	-1.890641	-1.409192	-0.355436	-0.805089	-1.653145	-2.428422	-0.637049	0.949462
-1.519388	-0.899024	-1.058411	0.152435	0.158223	-0.615532	0.306532	-2.531698	-0.931154	0.989780
-1.423500	0.121949	0.353825	2.385635	1.333186	-0.056610	1.827284	-2.150714	-0.641019	0.860053
-1.304673	0.899487	1.283096	3.719179	2.244934	0.316535	2.547636	-1.709861	-0.139803	0.530244
-1.229726	1.914778	2.505793	4.193316	2.733861	0.531738	2.679568	0.105468	0.482932	0.177733
-1.217120	2.463820	3.218203	3.777596	2.435003	0.372615	1.691690	0.520744	0.874604	-0.161385
-1.242323	1.932871	3.101744	2.125333	1.156570	-0.990115	-0.490012	-0.503282	0.201423	-1.091864
-1.274553	0.909320	2.642594	-0.364376	-0.640561	-2.669005	-3.012500	-0.914240	-0.397533	-2.519983
-1.290065	0.042258	2.203602	-2.857541	-2.427053	-3.655946	-4.555656	-1.148710	-0.468415	-3.808950
-1.286901	-0.573285	1.857345	-4.385546	-3.666038	-4.526126	-4.512576	-2.142503	-1.125729	-4.797433
-1.270861	0.131900	1.918811	-4.529016	-4.127040	-5.119224	-3.612475	-3.257424	-2.258118	-5.197174
-1.246478	0.652339	1.511573	-3.403947	-2.078858	-3.840207	-2.088201	-3.823038	-3.308990	-3.596357
-1.225803	0.142669	0.417908	-1.319838	1.507858	-1.481596	-0.595120	-3.658671	-3.554663	-1.320433
-1.225635	-1.017759	-1.038452	0.201065	2.962394	-0.280631	-0.156076	-3.442213	-3.204665	-0.162635
-1.239871	-2.933847	-2.887793	0.229575	2.422024	-0.892525	-0.862636	-3.602112	-3.109840	-0.447578
-1.258293	-5.083679	-4.696776	-0.728660	0.926765	-2.666486	-1.983309	-3.893073	-3.423075	-1.834025
-1.273491	-6.672738	-5.927864	-1.974872	-1.009906	-4.796192	-2.943097	-4.124933	-3.900446	-3.774308
-1.279394	-7.089405	-6.223962	-2.967264	-2.844495	-6.403688	-3.392607	-3.651923	-4.284118	-5.618892
-1.266572	-3.996996	-3.323111	-3.429127	-4.040292	-6.466323	-3.303954	-0.634182	-3.786045	-6.595248
-1.245712	-0.398545	0.222407	-3.414336	-4.410963	-4.941520	-3.012682	1.527518	-2.375080	-6.028709
-1.228780	1.253349	1.999067	-3.164066	-4.192721	-3.081466	-2.174009	2.564212	-1.047882	-4.113758
-0.831015	1.821992	2.396809	-2.576690	-3.405126	-1.368546	-1.123946	3.254363	0.426823	-2.215928
-0.081784	1.304183	1.582693	-1.822625	-2.622511	0.935397	-1.039985	2.852983	1.909968	-0.092587
0.120062	-0.298815	-0.178837	-1.678349	-2.449676	2.050434	-1.631558	1.433331	2.270002	1.138749
-0.244699	-2.869705	-2.592969	-2.026889	-2.639715	1.658020	-2.408114	-0.851256	1.332411	1.037684
-0.837628	-5.679486	-4.992443	-2.527091	-2.949267	-0.002576	-2.970038	-3.269458	-0.453637	-0.183266
-0.824196	-6.615308	-6.086788	-2.490813	-2.754653	-2.286541	-2.459659	-3.611852	-2.312685	-2.140634
-0.177123	-5.051156	-5.354017	-1.689462	-2.122182	-3.812659	-1.498482	-3.344715	-3.399000	-3.914689
0.044879	-2.469920	-3.312184	0.324235	-0.400957	-2.082136	0.463408	-2.624714	-3.117605	-3.894581
-0.271160	-0.443825	-1.258670	2.411882	1.217861	1.047338	1.742336	-1.890381	-1.745520	-1.551686
-0.830672	-0.046234	-0.649842	2.850880	1.373687	2.533991	1.247367	-1.004885	-0.085819	0.607761
-1.312663	-0.769824	-1.257976	1.669190	0.404957	2.744331	-0.448270	-0.276700	1.332099	1.435086
-1.543429	-1.863019	-2.319757	-0.399491	-1.065825	1.908589	-2.561747	0.130456	2.169997	1.062419
-1.532322	-2.821702	-3.349277	-2.566502	-2.554845	0.390919	-4.045343	0.287710	2.539836	-0.161322
-1.407430	-3.182741	-3.890313	-3.763380	-2.393142	-1.031915	-3.713608	0.155682	2.579646	-1.707979
-1.282877	-2.869848	-3.613823	-2.750341	0.595789	-1.131056	-1.906154	-0.683248	1.956967	-2.611201
-1.218582	-2.845906	-3.317928	-1.113067	1.942628	0.149067	-1.049589	-1.949883	0.640182	-2.148299
-0.713236	-2.859777	-3.188671	-0.117834	2.298323	1.394818	-0.331359	-1.977923	-0.936810	-0.947072
1.142509	-1.464173	-2.175724	0.930773	2.237211	2.351853	0.467394	-0.528528	-1.518328	0.930713
2.754492	-0.675611	-1.461779	1.353700	1.511560	2.409645	0.334377	-0.203124	-1.382233	2.376959
2.712634	-1.580177	-2.038393	0.584796	0.046189	1.429943	-0.863304	-1.175435	-1.737177	2.724223
1.421821	-3.051335	-3.180001	-0.926210	-1.730393	0.169183	-2.408917	-1.201721	-2.435547	2.333846
-0.370627	-3.359058	-3.809591	-2.505432	-3.272505	-0.787067	-3.534201	-0.313564	-2.559624	1.771725
-1.868164	-3.574387	-4.157120	-3.233817	-3.796430	-1.441651	-3.028274	-0.820453	-2.606121	1.182884
-2.491768	-2.309945	-3.098360	-1.163535	-1.785050	-0.946783	-0.375156	-1.317238	-2.136662	0.935871
-2.252725	0.294458	-0.919480	1.752521	0.521158	0.473077	1.533308	-1.568090	-1.161437	1.552207
-1.667068	1.752092	0.615539	3.396513	1.853543	1.415428	2.382967	-1.631220	-0.292845	2.321112
-1.205864	1.849099	1.107018	3.957540	2.452951	1.442069	3.125462	-1.599720	0.226308	2.369801
-1.020271	1.625337	1.505175	3.970895	2.644707	1.122543	4.194377	-1.551390	0.440339	1.946713
-1.055571	1.128024	1.648914	3.464484	2.277135	0.626773	4.550047	-1.838618	0.296628	1.395206
-1.189116	-0.198172	1.088373	1.859176	0.951330	-0.602288	4.134544	-2.707270	-0.606346	0.525403
-1.309027	-1.732966	0.264928	-0.584035	-0.936134	-2.269804	3.392791	-2.331455	-1.930944	-0.613451
-1.356037	-1.778745	-0.108545	-3.054843	-2.843033	-3.267736	2.729147	0.116515	-2.514965	-1.539463
-1.341370	-0.873594	-0.187860	-4.570564	-3.890649	-3.147949	1.664560	1.812937	-2.055458	-1.914288
-1.297055	0.058621	-0.390210	-4.025842	-1.885993	-2.029417	-0.136597	2.704163	-1.008294	-1.918129
-1.269533	1.435739	-0.070177	-1.984029	-0.292393	-0.989268	-1.215801	3.143143	0.017536	-1.696516
-1.268441	2.773761	1.051453	0.873190	1.030936	0.509333	-0.279520	3.254665	1.055661	-0.240159
-1.277154	2.960884	1.461713	2.243803	1.250250	1.310014	-0.100620	2.090699	1.289416	1.542985
-1.283455	2.244567	0.834216	1.625098	0.314718	0.516564	-1.027358	-0.113453	0.349134	1.940619
-1.276846	1.157067	-0.167957	-0.105805	-1.167103	-1.457323	-2.347875	-2.708966	-1.308963	0.987238
-1.257879	0.202420	-0.876570	-2.164075	-2.708266	-4.131902	-3.413949	-4.715184	-3.167720	-1.091775
-1.246232	-1.399138	-2.014111	-3.765772	-3.861531	-6.586467	-3.817269	-5.526857	-4.700356	-3.872415
-1.167653	-3.332717	-3.341142	-3.933452	-3.889410	-7.414658	-2.588757	-4.528613	-5.261761	-6.530471
0.018514	-1.661601	-2.319328	-0.770107	-1.294755	-2.936629	0.224607	-0.210818	-1.998293	-6.030524
2.164010	1.014154	-0.310677	2.154281	0.800956	1.269366	1.868890	2.285647	1.837555	-2.246071
3.809017	2.542758	1.249696	3.613444	2.108407	2.913960	2.424975	3.342943	3.709813	0.861920
4.535629	2.811757	1.657362	3.762082	2.732265	3.288816	2.114339	3.663641	4.320239	2.170392
4.535668	2.942638	1.893127	3.079452	2.385376	3.043644	2.235150	3.481692	4.370230	2.372349
3.510233	2.758243	2.021538	1.486604	1.122323	2.143691	2.581284	2.423439	3.923084	1.962867
1.497872	2.274503	2.359234	-0.768253	-0.539635	0.281764	2.963318	0.358194	2.605589	0.948320
-0.845156	2.142033	3.091726	-1.000272	0.817613	-0.660275	4.022534	-0.677844	1.190369	0.093199
-2.542142	2.476982	3.639395	0.772732	2.834700	0.647530	4.230192	0.726948	1.016496	0.477491
-2.929411	2.131678	3.148901	1.707286	3.783901	1.451779	3.043443	1.325880	1.008576	0.992434
-1.922038	1.185520	1.890593	1.901806	4.054487	2.181963	1.253750	1.584681	0.654999	1.643061
0.651658	1.908042	1.410031	2.774004	3.984093	3.429279	0.986950	3.190716	1.223942	2.869720
3.082022	3.357748	2.145244	3.980217	3.795335	4.210021	1.751601	4.297043	2.409176	3.866419
4.324803	3.971101	2.757066	4.407219	3.340786	4.295753	2.392273	4.739763	3.130950	4.041694
4.083436	4.126693	3.209907	4.338900	2.865150	3.798981	3.659902	4.609988	3.331559	3.629964
2.765293	3.932519	3.388504	4.074210	2.547078	2.879594	4.712415	4.436809	3.217706	2.829889
1.935537	3.767392	3.544802	4.175725	2.735216	2.408291	5.393928	4.562999	3.261843	2.223788
2.343346	3.702687	3.654639	4.529206	3.190156	2.806911	5.576267	4.682285	3.448619	2.541248
3.234687	3.537101	3.537770	4.988281	4.245782	3.522778	5.339354	4.181589	3.519453	3.468351
3.172944	3.106357	3.262953	5.163244	5.017185	3.836354	5.114576	2.865538	3.194155	4.161698
2.232330	2.668343	2.945687	5.128975	5.460881	3.832943	4.550588	1.648478	2.660269	4.406713
1.961021	2.783516	3.178180	5.109262	5.657069	3.851784	3.627627	1.384892	2.396821	4.401703
2.696872	2.806408	3.361550	4.649389	5.516671	3.687127	2.260696	1.452072	2.109047	4.171653
3.640936	2.674890	3.378827	3.859944	5.064381	3.297363	0.902801	1.554050	1.738473	3.703639
4.198267	2.515190	3.314321	3.046436	4.607505	2.678402	0.279064	1.723944	1.463562	2.753796
3.786039	2.243137	3.135100	2.255431	4.207560	2.136311	-0.176655	1.623433	1.821568	1.473331
2.211300	1.756269	2.779025	1.322459	3.852734	1.627749	-0.584411	1.283802	2.355079	0.106138
0.011161	1.185361	2.002844	0.757584	3.754913	1.411486	-0.253595	1.581688	2.821964	-0.801312
-1.871875	1.604780	1.489549	1.574364	4.077634	2.028719	0.807847	3.042932	3.547834	-0.397097
-2.404877	1.913793	1.210708	2.164591	4.191172	2.503805	1.032582	3.575995	3.981422	0.601952
-0.419144	2.441219	2.002483	2.720496	4.446295	2.917652	1.812360	3.735180	4.159830	1.457690
2.405353	3.082745	3.180761	3.524674	4.532308	3.367784	3.142235	3.735862	4.310346	2.277410
4.136999	3.210239	3.725654	3.444995	3.772850	3.442254	3.956947	3.531322	4.234053	2.738867
4.719478	2.859081	3.493957	2.711791	2.482484	3.521477	3.929382	3.244903	4.005864	2.939376
4.636944	2.031837	2.556540	1.808444	1.035315	3.418532	2.721296	2.773262	3.472440	2.794072
4.290487	1.494169	1.875614	1.133780	-0.118727	3.229742	0.811821	2.669904	3.096995	2.356175
3.961285	1.428251	1.763982	0.876773	-0.670771	2.642151	-0.933462	2.443709	2.834845	1.627049
3.803585	1.304873	1.688852	0.953431	-0.681626	1.567719	-1.575224	1.964245	2.165923	0.560842
3.820541	1.378648	1.976191	1.144216	-0.447052	0.423622	-1.181387	1.595786	1.306137	-0.570977
3.919415	1.695054	2.379528	1.292081	-0.195730	0.156105	-0.487034	1.947387	1.283656	-1.186146
4.001865	2.014924	2.637536	1.346949	-0.036309	0.841704	-0.010711	2.463739	2.163096	-0.912161
3.657212	1.539567	2.010417	0.997865	-0.310447	1.114415	-0.312897	2.111734	2.639803	-0.419323
2.851602	0.225394	0.536853	0.278699	-0.860828	0.393500	-1.042843	0.962647	2.079110	-0.530409
1.427598	-1.397126	-1.361911	-0.550280	-1.420128	-1.236824	-1.396903	-0.734437	0.711300	-1.373040
-0.176496	-1.264376	-1.950803	0.291475	-0.535244	-1.113702	-0.020286	-0.599029	0.342967	-1.278745
-1.277849	-0.506804	-1.613951	1.382576	0.032406	0.171820	0.232354	-0.003751	1.333242	-0.227942
-1.750156	-0.908461	-2.019817	0.948112	-0.587681	0.341989	-0.742820	0.203646	2.052895	0.057953
-1.729181	-1.438448	-2.446204	0.088636	-1.090283	0.050711	-1.374095	-0.001368	2.277055	-0.235324
-1.492250	-2.298338	-2.945676	-0.621824	-1.463259	-0.494283	-1.573425	-1.039855	1.544680	-0.877064
-1.267384	-2.239781	-2.673763	-0.059008	-0.905151	0.164888	-0.703619	-1.923833	0.437307	-1.060876
-1.152426	-2.727638	-2.858367	0.138500	-1.081170	0.626489	-1.047876	-3.030284	-1.029143	-0.878737
-1.145607	-4.031382	-3.779043	-0.642892	-1.622265	-0.349495	-1.932683	-3.876963	-2.751941	-1.336508
-1.197319	-4.228039	-4.151684	-1.254126	-0.134498	-1.144491	-1.970397	-2.641932	-2.849483	-2.084824
-1.260109	-2.238740	-2.331554	-1.007121	1.639443	-0.426986	-1.516173	-0.903182	-0.560537	-2.042329
-1.299166	-0.929613	-0.959229	-0.931707	1.578696	0.030503	-1.789777	-0.274523	1.238540	-1.618651
-1.307117	-0.666721	-0.232170	-1.541837	0.368551	-0.760816	-2.496178	-1.051090	1.255777	-1.643322
-1.285950	-0.993971	0.364986	-2.472642	-1.416864	-1.843411	-3.200179	-2.403630	0.047929	-1.310382
-1.255484	-1.047538	0.940217	-2.648662	-2.598654	-2.146056	-2.441982	-3.318742	-1.596059	-0.280870
-1.038754	-0.512250	1.463286	-1.685489	-2.729976	-1.238187	-1.599007	-2.460188	-2.358930	0.900568
0.240912	0.769574	2.078624	-0.219619	-0.519612	0.550524	-0.383447	0.080602	-0.491608	1.507345
1.148823	1.451281	2.410272	0.842347	1.716892	1.802307	0.010400	0.948914	1.603336	1.688839
0.953574	1.019665	2.082697	0.683115	1.855382	1.858303	0.109310	0.212636	1.998814	1.796412
0.054907	-0.123188	1.101993	-0.491887	0.753352	1.020634	0.790014	-1.374869	0.988499	1.869283
-0.975374	-0.645542	-0.140902	-2.021592	-0.998730	-0.122488	0.147655	-2.379025	-0.459953	1.824335
-1.672669	-0.396578	-0.869519	-3.366352	-2.945909	-0.693718	0.572990	-1.865840	-0.666867	1.638327
-1.861487	-0.432312	-1.171577	-3.457182	-3.781440	-0.796451	1.024385	-1.107922	0.200036	1.062245
-1.674386	-0.383352	-1.111379	-0.958785	-2.176063	-0.632317	1.218946	-1.040699	0.742163	0.192360
-1.379054	-0.950072	-1.260282	0.733585	-1.225125	-0.537266	1.478192	-1.748007	0.357699	-0.227327
-1.162119	-1.473462	-0.828323	0.885310	-1.136149	-0.289286	2.276596	-2.699463	-0.682206	0.554829
-1.088717	-2.332345	-0.744376	-0.184329	-1.848786	-0.262616	2.728070	-3.709893	-2.183327	1.644055
-1.124858	-3.266437	-0.974038	-1.839725	-2.878419	-0.436210	2.855669	-4.423681	-3.777093	2.315396
-1.194209	-3.933039	-1.306112	-3.384260	-3.825084	-0.667840	2.577374	-4.732456	-5.031305	2.529568
-1.245338	-4.402654	-1.994338	-4.042787	-3.293217	-1.273968	1.133519	-4.592942	-5.576188	2.009523
-1.263391	-3.972688	-2.423061	-2.910319	-0.188638	-1.565859	-0.652377	-3.990031	-5.036567	0.657765
-1.250384	-2.151760	-1.108676	-1.097120	1.940955	-0.918017	-1.953730	-2.880934	-3.333430	-0.827103
-1.229860	-0.780454	0.388453	-0.364765	1.942354	-0.284568	-2.871575	-2.795247	-2.120228	-1.051037
-1.213940	0.399735	1.423722	-0.903996	0.718442	-0.152138	-2.998475	-3.301175	-2.184764	-0.102867
-1.208106	0.863172	1.409384	-2.056734	-1.177928	-0.495413	-3.165356	-3.897201	-2.953488	0.909518
-1.206582	0.651123	0.507178	-3.199210	-3.225212	-1.239886	-3.257399	-4.313132	-3.907208	1.331826
-1.204231	0.200018	-0.752057	-3.912284	-4.794025	-2.662704	-3.306241	-4.533211	-4.705779	0.693984
-1.210252	-0.821654	-2.242254	-4.101933	-5.432899	-4.581354	-3.290559	-4.621265	-5.203533	-1.094717
-1.215180	-2.397600	-3.596749	-3.384552	-2.886730	-5.346148	-1.546248	-4.290971	-5.146443	-3.432803
-1.212422	-2.833000	-3.040533	-1.693397	0.704031	-3.170961	1.666133	-3.189306	-4.292416	-4.238310
-1.198552	-1.126614	-0.990897	0.039406	2.740568	-0.366938	3.676000	-0.033767	-2.525293	-2.398402
-1.187165	1.441966	1.561642	1.960264	3.597439	1.526665	4.772045	2.183331	-0.152448	0.281921
-1.191524	2.802575	3.202054	3.128203	3.501171	2.109833	5.113076	3.170741	1.440996	1.879628
-1.213754	3.295852	3.926161	3.708699	3.512414	2.232074	5.152478	3.113017	2.167181	2.494203
-1.227691	3.085378	4.029601	3.654419	2.987913	1.890025	4.727150	1.871067	2.015695	2.543000
-1.217723	2.138349	3.644229	2.357442	1.488028	0.967633	3.704905	-0.346668	0.884706	2.341871
-1.189583	0.865945	2.930695	0.092309	-0.643253	-0.040392	2.689549	-1.110159	-0.771883	2.183184
-1.153584	0.522673	2.055285	-0.950670	-1.538924	0.143001	1.904227	0.733916	-1.240837	2.344951
-1.104599	0.671584	0.985249	-0.267397	-1.483601	0.886545	0.411488	2.150356	-0.434781	2.608095
-0.243107	1.310914	0.208787	0.440466	-0.349413	1.520672	-0.652082	3.309978	0.493097	2.687897
1.819543	2.101730	0.348162	1.477785	1.407318	2.467666	-0.502998	4.090280	1.544318	2.946031
3.598488	2.265938	0.498327	1.943998	1.675493	2.766047	-0.298158	4.348592	2.161244	3.086772
3.864517	1.419448	-0.108770	1.337877	0.828729	1.893484	-1.010862	3.369943	1.912349	2.435002
2.644333	-0.791382	-1.733245	-0.257184	-0.776250	-0.455498	-2.264319	1.148748	0.615258	0.548666
0.592225	-4.103754	-3.863905	-2.232563	-2.669844	-4.045856	-3.416722	-1.953375	-1.385427	-2.463468
-1.451320	-6.629280	-5.536444	-3.864172	-4.313781	-7.639387	-3.978908	-3.392563	-3.456618	-5.804829
-2.632822	-3.579898	-4.716418	-4.556972	-5.174133	-8.745625	-3.678880	-0.925430	-4.122110	-8.671592
-2.617182	-0.266492	-2.437657	-2.731868	-3.585989	-5.499738	-1.211123	0.995748	-2.439392	-8.218767
-1.895416	1.057879	-0.657289	0.600687	-0.919634	-0.860230	0.929883	1.647603	0.534146	-4.172697
-1.178305	1.086906	-0.030316	2.433877	1.140549	1.835048	1.779076	1.087209	2.022790	-0.353345
-0.807172	0.173337	-0.334278	2.551718	2.533104	2.363511	1.642492	-0.290327	1.806769	1.347528
-0.767214	-1.120407	-1.012149	1.860013	3.255500	1.770225	1.537587	-1.829782	0.766084	1.449541
-0.905760	-1.890908	-1.057763	0.944435	3.467372	0.856319	2.447934	-3.019751	-0.607368	0.979498
-1.001914	-1.890297	-0.755243	-0.204480	2.652203	-0.397485	2.849831	-3.754619	-2.077894	0.337454
-0.984999	-1.158003	-0.614538	-0.927128	1.346637	-1.868410	2.354618	-3.505110	-3.175989	-0.550008
-0.969107	0.256489	0.057717	0.291933	0.623029	-1.368699	2.868384	-0.353443	-2.395979	-0.418940
-0.988198	1.781794	1.522148	2.053567	0.596710	0.405445	3.259681	2.021363	-0.296709	0.691035
-1.029194	2.457664	2.228881	3.130536	0.933146	1.609485	2.872077	3.110358	1.753758	1.484316
-1.067704	2.555855	2.150101	3.525211	1.295116	2.157906	2.170296	3.784179	3.235018	1.730562
-0.885583	2.602708	1.926350	3.599671	1.635168	2.384776	1.743425	4.252507	4.004086	1.682744
0.639210	2.867255	2.002722	3.945129	2.243455	2.745315	2.185984	4.617601	4.175404	1.950366
2.715820	3.112615	2.233526	4.405384	2.761722	3.249072	2.737485	4.712317	4.072361	2.886385
3.382690	2.921378	2.102878	4.304192	2.640035	3.251321	2.382474	4.437087	3.703833	3.579446
2.487482	2.654051	2.039487	2.982224	1.472569	2.474115	0.552536	4.094891	3.333429	3.345596
0.722316	2.653382	2.353704	0.533510	-0.160321	0.793661	-2.059605	3.545111	2.685865	2.008024
-1.104846	2.909058	2.820760	-1.766748	-0.122886	-0.755774	-3.326932	3.259296	1.951476	-0.182200
-2.218614	3.131975	3.126883	-3.063734	-0.375445	-1.188776	-3.677779	3.219346	1.837652	-2.343081
-2.302305	3.150808	3.179623	-3.358109	-0.475666	-1.417582	-2.991913	3.045049	1.534622	-3.883906
-1.745404	2.963783	2.819978	-1.889957	1.195408	-0.729926	-0.892618	3.011541	1.211838	-3.789388
-1.021053	2.711837	2.293958	1.203655	2.836730	0.854104	1.527911	3.329564	1.502034	-1.730677
0.596703	2.540273	1.917039	3.530025	3.361490	2.085108	2.982333	3.294987	2.145973	0.575894
2.084057	1.662850	1.252365	3.792215	2.831979	2.047725	3.400946	2.057411	1.975784	1.700710
2.128126	0.206977	0.136690	2.728346	2.516065	1.068395	2.555014	-0.019230	0.907734	1.553220
1.098376	-0.295004	-0.648448	1.295553	2.688418	-0.058497	0.928734	-2.211809	-0.516257	0.642575
-0.314969	0.246382	-0.659947	0.156775	3.013104	-0.792040	-0.763446	-3.689351	-1.835206	-0.555470
-1.445347	1.134189	0.496604	-0.269569	3.292969	-0.899336	-1.624561	-4.069408	-2.651559	-1.520558
-1.780471	0.900209	0.667352	-0.017432	3.497891	-0.165468	-1.123939	-3.462498	-2.826886	-1.197811
-0.286225	0.634548	0.496018	1.087781	3.845258	1.566168	0.733860	-1.194137	-1.936737	0.955274
1.715862	0.383545	0.113778	1.946936	3.642619	3.009520	1.185624	0.328730	-0.175741	2.965544
2.812127	0.570872	-0.210262	1.920917	2.683102	3.306534	1.020604	1.182881	1.494212	3.552881
2.592957	0.733040	-0.261872	2.067707	1.731795	2.557474	1.183383	0.728343	1.979379	3.006959
1.340382	0.081242	-0.675309	1.891785	0.477831	0.827604	0.403084	-0.620265	1.413116	1.536460
-0.279961	-1.638891	-1.686608	0.635460	-1.347537	-2.194266	-1.266547	-2.424941	-0.075554	-1.010637
-1.560153	-4.086420	-3.260582	-1.255960	-3.238532	-5.799383	-3.009415	-3.992351	-2.083280	-4.181684
-2.034592	-6.382881	-4.896405	-3.050485	-4.610184	-7.439826	-3.973952	-4.439695	-4.024166	-6.136186
-1.778471	-5.857734	-5.330736	-3.794028	-4.825077	-4.994618	-3.364966	-1.664610	-4.598541	-3.893261
-1.077145	-3.947900	-4.692203	-3.242307	-4.204089	-2.459592	-2.319508	-0.445427	-3.593471	-1.151046
0.758586	-1.657695	-3.223182	-1.588939	-2.747792	-0.318036	-0.715203	1.292327	-0.784581	0.189455
2.688888	-0.095972	-1.746123	0.031769	-1.552182	1.225278	-0.014102	2.054143	1.839101	0.793189
2.996360	-0.269991	-1.636129	0.178056	-1.598495	1.275240	-0.607519	1.751450	2.866326	0.585339
1.938557	-1.089116	-2.250288	-0.765196	-2.290356	0.502579	-1.746343	1.629440	3.083791	-0.312678
0.258847	-1.701594	-2.763446	-2.074267	-3.136289	-0.392004	-2.804692	1.427999	3.057209	-1.443548
-1.260250	-1.795604	-1.912737	-3.162086	-3.841912	-1.232816	-3.337310	0.664611	2.722182	-2.434099
-2.004509	-1.655782	-0.352340	-3.722324	-4.284394	-2.471316	-3.323398	-0.978606	1.574865	-3.299886
-1.899009	-1.469122	0.746963	-3.510106	-3.145304	-3.409247	-2.488927	-2.748497	-0.331060	-3.909031
-1.373585	-0.871539	1.490718	-2.180425	-0.404237	-2.671662	-1.323261	-3.799996	-2.256325	-3.583063
-0.885496	-0.138004	1.750256	-1.342273	0.054301	-0.946747	-1.205549	-4.374705	-3.833344	-2.438394
-0.645026	-0.394489	0.914804	-1.457607	-0.714765	0.358286	-1.646746	-4.268598	-4.751884	-1.288562
-0.272468	-1.318870	-0.669714	-1.813203	-1.701341	1.313094	-1.662359	-2.184754	-3.484576	-0.344286
1.356842	-1.119445	-1.312592	-1.024700	-1.705173	1.853308	-0.593823	-0.142643	-1.360990	0.802560
3.344523	0.091298	-0.167210	0.428115	-1.057718	1.794646	0.436519	0.979192	0.018006	1.503796
