X1	X2	X3	X4	X5	X6	X7	X8	X9	X10
-1.259950	-5.196005	-4.016950	-2.568985	-1.932940	-5.370333	-1.796215	-3.495706	-4.803823	-5.080596
-1.264623	-5.009874	-4.026816	-2.568918	-1.932798	-5.267117	-1.802035	-3.454371	-4.740608	-5.045300
-1.266471	-4.761839	-3.984094	-2.563583	-1.922736	-4.807561	-1.808680	-3.216224	-4.308135	-4.725557
-1.269128	-4.853932	-3.938621	-2.562375	-1.908015	-4.678669	-1.818303	-3.083702	-3.945107	-4.515875
-1.163955	-4.670838	-3.930201	-2.533542	-1.888261	-4.798515	-1.820308	-3.113556	-3.870598	-4.574627
-0.080635	-1.710507	-3.512101	-1.934084	-1.637498	-3.355351	-1.629759	-1.964324	-3.285531	-3.662829
0.457383	-1.299127	-2.645640	-1.419687	-1.382468	-2.132264	-1.433837	-0.312796	-2.118668	-2.260785
0.247919	-2.412171	-2.276240	-1.461204	-1.410749	-2.505660	-1.432374	-0.155966	-1.656450	-2.132431
-0.279017	-4.109320	-2.544007	-1.837509	-1.635238	-3.573511	-1.554678	-1.089324	-1.987838	-2.960634
-0.830171	-4.841493	-3.049449	-2.276106	-1.877892	-3.990407	-1.705600	-2.399765	-2.773289	-2.645687
-1.241185	-1.567627	-2.285703	-2.596761	-2.023350	-4.151467	-1.818519	-3.480075	-3.659756	-1.985657
-1.471836	1.050257	-0.474674	-2.616935	-1.705304	-3.430555	-1.833881	-3.609316	-3.719865	-1.865822
-1.550563	1.962338	0.855198	-1.787520	0.204049	-0.552888	-1.564429	-2.230591	-1.739558	-0.595774
-1.531873	1.632756	1.171228	-0.227840	2.520889	1.125593	-0.995624	-1.002088	0.124570	0.878371
-1.475381	1.031282	0.897092	1.515062	4.068139	1.790254	-0.226293	-0.435683	0.967135	1.814799
-1.431436	1.276512	0.521930	2.176702	4.554901	1.962698	0.176923	0.688656	1.352424	2.056101
-1.407675	2.169740	1.070188	2.075816	4.430425	1.902197	0.197501	1.401647	1.420451	2.096305
-1.400527	2.500205	2.379431	1.652727	4.059322	2.185483	0.033831	0.830784	0.923626	2.560943
-1.414715	2.095493	3.242250	0.818333	3.044691	2.289107	-0.307906	-0.083502	0.089843	2.599912
-1.439649	1.752142	3.482174	-0.431346	1.196147	2.258123	-0.826558	0.434182	-0.302006	2.144080
-1.476484	1.587860	3.343066	-1.721252	-0.909653	1.749362	-1.216388	1.821140	-0.008167	1.235127
-1.502848	1.928984	3.292541	-2.696969	-2.524329	1.091521	-0.454465	3.037083	0.913252	0.404533
-1.510475	2.235776	3.226460	-3.202555	-3.168340	1.162398	1.104996	3.946752	2.406759	0.817007
-1.004304	2.701545	3.007537	-3.091656	-2.900414	2.259597	2.414725	4.513903	3.667957	2.329483
1.294202	3.372496	3.026318	-1.548250	-1.788406	3.662783	3.346590	5.026447	4.485576	4.037116
3.516644	3.704999	3.209038	0.617424	-0.171207	4.288200	3.647256	5.273792	4.754379	4.782909
4.702969	3.590971	3.351745	2.376790	1.800150	4.528505	3.672368	5.138387	4.680157	4.997931
4.504863	2.133702	3.141217	2.658470	2.355269	3.868457	3.610754	3.964752	4.050098	4.411106
3.282226	-1.246072	1.995331	1.643315	1.431144	1.838106	2.808656	1.497785	2.600736	2.064339
1.521496	-4.451252	0.029142	-0.006874	-0.197877	-1.610845	1.407654	-1.787633	0.350272	-2.617076
-0.302683	-2.912409	-1.863480	-1.714848	-1.768275	-3.591442	-0.108167	-4.786689	-2.350687	-5.880376
-1.634453	-0.821171	-2.679631	-2.965271	-2.704370	-2.364588	-1.306591	-6.213681	-4.902024	-9.962245
-0.853170	0.405628	-2.326994	-2.826789	-2.587067	0.384560	-1.774349	-4.749729	-6.000983	-3.652365
0.290268	1.605203	-1.256826	-1.257004	-1.585647	2.312731	-1.468693	-0.757594	-3.707317	1.850255
0.416567	2.602631	0.189561	1.126749	-0.126102	2.875886	-0.557709	2.483596	-0.132881	3.479075
-0.042554	3.133807	1.451202	2.951277	1.115409	2.727286	0.427011	3.964546	2.271727	3.485900
-0.676573	3.226158	2.193433	3.645600	1.665766	2.542178	1.002992	4.572831	3.668235	2.921719
-1.226853	2.846208	2.279339	2.926430	1.145108	2.204023	1.108953	4.754220	4.403629	1.972219
-1.568527	1.852845	1.922663	1.296012	-0.093353	1.734778	1.042462	4.504269	4.655937	0.930825
-1.714358	0.822276	1.090393	-0.125088	-1.181763	1.186946	0.724593	3.507742	4.516203	-0.075873
-1.728920	1.204628	0.819048	0.424191	-0.938916	1.462913	1.457280	2.220645	4.292336	0.672699
-1.676791	1.982414	1.920424	2.038762	0.254752	2.027074	2.760232	1.229839	4.129504	2.324413
-1.615182	1.052356	2.692195	2.636475	0.954958	1.529095	2.984875	0.271306	3.626357	2.559128
-1.575487	-1.218125	2.026648	1.889250	0.704645	-0.137973	2.100043	-1.043661	2.398529	1.069460
-1.548418	-2.966009	0.349420	0.454550	-0.014242	-1.535496	0.725865	-1.812312	1.112429	-1.615991
-1.535222	-2.447953	-1.443386	-0.572743	0.480039	-0.203680	-0.420757	-1.355140	0.670761	-2.559335
-1.531182	-0.912036	-2.340761	-0.856188	1.711369	1.506994	-1.013390	0.186103	1.099338	0.072048
-1.533524	-0.680767	-2.362381	-1.167545	1.737258	2.009347	-1.348063	1.280128	1.957566	2.460931
-1.177349	0.677573	-1.883660	-0.625070	1.001203	2.624477	-1.247391	1.670154	2.762481	3.703720
0.961764	2.305629	-0.367116	1.745215	0.921632	3.650019	-0.236671	2.372142	3.627135	4.461740
3.239381	2.976068	1.178002	3.194076	1.145303	3.878190	0.651574	3.349359	4.055239	4.426818
4.570794	3.275825	2.190372	3.734050	1.277763	3.487573	1.081772	3.826027	4.033829	3.631602
5.182805	3.608712	3.264007	4.479271	1.833840	3.089304	1.611369	3.694891	3.831420	2.575955
5.244159	3.503213	3.876759	5.134781	2.567907	2.820553	2.181506	3.281117	3.637271	1.911521
4.944509	2.755748	3.622210	5.072204	2.721260	2.291606	2.305969	2.553598	3.277454	1.437345
4.658084	1.509077	2.639126	4.320450	2.124908	1.575486	1.894917	1.836958	2.716561	0.920126
3.634798	0.209529	1.134004	2.770691	0.883889	-0.007407	1.026718	0.699638	1.729566	-0.378001
1.983064	-0.199917	-0.420737	0.562849	-0.692516	-2.587592	-0.082037	-0.988332	0.153484	-2.933302
0.126646	-0.689714	-1.495997	-1.750533	-2.053598	-5.337297	-1.105891	-2.715069	-1.794753	-6.010337
-1.429327	-2.448157	-2.262100	-3.505754	-2.789641	-6.405569	-1.828798	-3.898124	-3.708359	-6.389905
-2.329893	-4.659682	-3.000404	-4.291736	-2.881583	-6.352422	-2.204901	-4.275651	-5.158673	-5.008352
-2.549784	-6.308768	-3.678571	-4.217765	-2.623426	-6.086379	-2.317557	-4.054192	-5.879761	-4.221124
-2.286383	-6.497036	-4.178290	-3.744689	-2.325996	-5.186021	-2.286406	-3.649022	-5.940421	-4.066665
-0.334093	-2.659644	-4.055095	-2.485205	-1.835048	-1.613380	-1.964274	-2.527786	-4.994860	-2.249553
2.187104	-0.241269	-2.782928	-0.484080	-0.946385	0.897205	-1.259686	-0.502309	-2.779209	0.724987
2.754007	-0.540730	-1.649638	0.367624	-0.487937	1.081875	-0.850314	0.372249	-1.163437	2.134459
2.054665	-0.420813	-1.381558	-0.020810	-0.698012	-0.300077	-0.956851	-0.209424	-0.892926	1.403101
0.838123	0.214727	-1.357475	-0.966652	-1.196463	-2.585713	-1.312605	-1.510321	-1.508186	-1.085797
-0.431199	0.249315	-1.276415	-2.007579	-1.762307	-5.131500	-1.682235	-2.861370	-2.551638	-5.098497
-1.410547	-0.845201	-1.462095	-2.811405	-2.182733	-6.371649	-1.950585	-3.567813	-3.595326	-8.625789
-1.947097	-1.585474	-1.819965	-3.235234	-2.372575	-4.549812	-1.875776	-2.315006	-3.736287	-5.534563
-2.087143	-1.534796	-1.698919	-3.299977	-2.375274	-2.967989	-0.675127	-1.159410	-3.341262	-1.063609
-1.983230	-0.227394	-0.934541	-1.952473	-1.799820	-2.057661	0.587889	-0.974434	-2.825543	0.624099
-1.623828	0.868464	-0.037580	0.803237	-0.388575	-0.898002	1.297895	-1.033745	-1.821163	1.008072
-0.049780	2.118437	0.835284	3.248252	1.199650	0.806866	1.735369	-0.395844	-0.265930	1.425614
0.708580	2.908059	1.607931	4.352797	2.124088	2.091027	1.908943	0.213491	0.993095	2.065499
0.485788	3.082974	2.093162	4.605790	2.466092	2.549105	1.858973	0.176475	1.514885	2.435049
-0.153744	2.180691	2.066839	4.376547	2.474520	2.080103	1.677197	-0.273228	1.520538	2.074356
-0.840423	-0.098813	1.187720	3.250657	1.626891	0.447943	1.054628	-1.072141	0.905633	0.373468
-1.377926	-0.890804	0.171783	2.188641	0.550221	-1.326576	0.667927	-1.782724	0.015144	-2.052468
-1.691735	-0.185512	0.350849	2.174660	0.246252	-1.733473	0.936019	-1.942085	-0.479573	-2.941493
-1.808021	0.969173	1.163448	2.806319	0.667105	-0.233191	1.969089	-1.566683	-0.401142	-0.711139
-1.797127	1.829971	2.072662	3.434158	1.244661	1.684197	3.158670	-0.517681	0.265436	2.214259
-1.736920	1.630135	2.390115	3.638613	1.523758	2.152046	3.402884	0.445178	1.345649	3.114877
-1.663263	0.154963	1.671986	2.788265	0.976391	1.321026	2.570188	0.543096	1.873215	2.305026
-1.603243	-1.174557	0.158523	1.084506	-0.237239	0.418014	1.117668	0.355515	2.173844	0.773114
-1.565631	-0.311014	-1.106233	-0.947364	-1.552041	0.161344	-0.412631	0.271244	2.463174	0.137703
-1.542503	-0.276992	-1.600669	-2.697193	-2.470171	0.255217	-1.595837	0.321985	2.699544	0.620924
-1.531684	-1.566138	-1.927991	-3.713911	-2.795899	-0.388371	-2.257345	0.069635	2.520870	0.425741
-1.536637	-3.710366	-2.505238	-3.950811	-2.682757	-1.575856	-2.476925	-0.857785	1.547895	-0.194283
-1.526747	-5.649685	-3.267995	-3.712907	-2.427972	-2.512063	-2.449407	-2.095813	-0.089961	-0.264419
-0.274529	-2.951468	-3.676819	-2.555736	-1.607045	-1.600796	-2.093911	-2.545577	-1.742251	0.718120
2.206387	0.226039	-2.621088	-0.063899	0.414568	1.030716	-1.078027	-0.969688	-1.845060	2.627235
3.370514	0.637999	-0.999337	1.403201	1.435878	1.991679	-0.070098	0.622411	-0.872540	3.539682
2.935952	0.382761	-0.375862	1.189711	0.970547	1.598987	0.048890	1.329190	-0.182914	3.072450
1.737712	0.187989	-0.521695	0.043482	-0.315395	0.698245	-0.469048	2.129652	0.411856	1.284136
1.217885	0.180070	-0.931160	-0.935533	-1.507658	0.936827	-1.018858	2.478037	0.818351	-0.456135
2.381352	1.254070	-0.929623	-0.467571	-1.585315	2.407596	-1.006405	2.673833	1.247777	1.150165
3.805287	2.450571	-0.125236	0.798188	-0.759990	3.533285	-0.575189	3.598263	2.120591	3.562862
4.321213	2.369804	1.032305	1.605945	-0.002753	3.775432	-0.201642	3.952739	2.755899	4.394508
3.570887	1.224759	1.850378	1.208662	-0.074331	3.191560	-0.333545	2.852027	2.405174	3.950563
2.210231	0.363112	2.080502	0.055387	-0.778276	2.104982	-0.828714	1.471069	1.497754	2.435373
1.987493	1.248518	1.751223	-0.423663	-1.235309	0.953982	-1.076915	1.117724	0.899932	-0.291688
3.042398	2.646063	1.637510	1.423099	-0.308189	1.110430	-0.360717	1.642590	1.151342	-1.874529
3.620849	2.482377	1.757325	3.212008	1.236123	2.126886	0.628450	2.092134	1.801946	0.036292
2.968259	1.084305	1.249140	3.361540	2.475186	2.560549	0.856072	1.415050	1.753801	1.851892
1.640040	-1.172560	0.121454	2.619040	3.150840	2.136973	0.516007	-0.068767	1.018082	2.180110
0.110890	-3.086388	-1.225527	1.598434	3.396945	1.154126	0.004852	-1.715099	-0.098301	1.356076
-1.180493	-1.542034	-2.105352	0.779146	3.508082	0.142476	-0.397286	-2.865439	-1.228246	-0.103045
-1.968491	0.869155	-1.638315	0.365181	3.561969	-0.471881	-0.612041	-3.182671	-2.066126	-1.559723
-2.229649	2.452742	-0.289080	0.306711	3.579025	-0.214941	-0.680798	-1.644991	-1.966395	-1.917089
-2.033180	2.439037	0.751066	0.463582	3.578961	0.887833	-0.662817	0.801413	-0.778547	-0.591884
-0.080136	2.079445	0.996135	1.173091	3.653194	2.397144	-0.408126	1.961704	0.392434	1.623816
2.602583	1.626971	0.887065	2.039701	3.241481	2.984869	0.001703	2.356822	1.285144	2.889264
4.083792	1.115917	0.693185	2.389120	2.160228	2.620511	0.569707	2.251198	1.724815	2.879274
4.783197	1.198801	0.870640	2.371292	0.865728	2.048642	1.743698	1.927802	1.786111	2.507941
4.814062	0.946483	1.410761	2.139125	-0.101250	1.710429	2.890270	1.591416	1.670846	2.679471
3.907936	-0.148722	1.574719	1.229475	-0.901686	0.969107	3.423623	0.602561	1.013564	2.825055
3.334800	-0.116978	1.455784	0.485065	-1.266309	0.793541	3.628744	-0.218652	0.190458	3.029247
2.537422	-1.147976	1.137627	-0.072672	-1.261064	0.242128	3.326831	-0.656469	-0.483948	2.516960
1.247368	-3.209632	0.065363	-0.929919	-1.429133	-0.663158	2.199913	-1.417256	-1.399920	0.703291
-0.148621	-5.383570	-1.601716	-1.896664	-1.782656	-0.291821	0.639197	-2.373291	-2.528027	-0.637238
-1.267252	-5.892765	-3.274360	-2.676558	-2.137896	0.553080	-0.848178	-3.127649	-3.550188	0.136823
-1.891164	-2.082704	-3.080000	-2.150128	-1.657072	1.543725	-1.604805	-3.322320	-3.975275	1.937069
-2.057225	-0.282707	-0.727777	-0.268938	0.672213	2.540182	-1.348639	-2.847054	-3.373137	3.255240
-1.944932	-0.277508	0.656662	0.944669	2.775405	2.857584	-0.889582	-2.347161	-2.538473	3.401061
-1.758058	-0.566344	0.596871	1.437765	3.803089	2.862367	-0.537802	-2.112151	-1.958575	2.908839
-1.594109	0.886453	0.358669	2.033535	4.244492	2.996184	0.542797	-1.896519	-1.400517	2.583249
-1.479291	2.126793	0.889164	2.188845	4.229978	3.011696	1.647060	-1.627690	-0.986573	2.487096
-1.316024	3.112429	1.782897	2.680023	4.210726	3.287539	2.009177	0.093774	-0.020382	2.707397
0.375822	3.797987	2.584402	4.121033	4.655930	3.897580	2.295234	2.447741	1.732533	3.538244
2.800867	4.420898	3.362529	5.485906	5.303436	4.414343	2.733869	4.155362	3.346025	4.359393
4.383507	4.514508	4.142231	5.889979	5.564430	4.607810	2.900464	5.161252	4.339955	4.704897
4.732618	3.703512	4.286154	5.364411	5.105441	4.359438	2.510796	4.967735	4.508109	4.447072
3.847144	1.537988	3.731937	3.783050	3.436512	3.270418	1.487827	3.330653	3.763350	3.042414
2.407087	-2.046725	2.503541	1.383304	0.806366	0.694030	0.167792	0.478709	2.146759	-0.821083
2.152494	-2.574092	1.090490	-0.480177	-1.605869	-2.151455	-0.753783	-1.941692	0.231029	-5.676508
2.424146	-1.532511	0.211886	-0.966613	-2.513389	-3.212450	-1.032334	-2.228220	-1.056009	-10.729829
1.871579	0.754310	0.428947	-1.267153	-2.420200	-3.883403	-1.233251	-1.548293	-1.873210	-10.021247
0.823647	2.114037	1.320763	-1.761737	-2.162307	-3.830760	-1.532354	-0.007027	-1.868819	-5.749513
-0.305027	2.155058	1.546820	-2.305940	-2.050583	-4.063258	-1.838690	0.451107	-1.745019	-3.234093
-1.207024	1.664639	1.102796	-2.612553	-2.048760	-4.686062	-2.029692	-0.347557	-2.055200	-2.944192
-1.718157	0.830727	0.485616	-1.837083	-1.702361	-4.444087	-1.816014	-1.561228	-2.413406	-3.234344
-1.875294	0.318280	-0.230558	-1.272763	-1.442970	-4.404386	-1.616383	-2.691269	-2.807009	-3.907487
-1.803375	-1.071356	-0.998238	-1.388359	-1.555227	-4.720532	-1.655197	-3.475727	-3.351174	-4.950097
-1.650119	-3.219332	-1.981531	-1.889192	-1.885553	-4.579233	-1.719675	-3.800968	-3.949923	-5.428193
-1.509318	-2.694390	-2.433535	-2.452780	-2.212824	-4.349596	-0.809073	-3.770316	-4.472587	-4.456122
-1.407606	-1.005586	-1.653658	-2.867388	-2.404931	-3.448715	0.801360	-3.269907	-4.263749	-2.255470
-1.358287	0.107725	-0.259856	-3.073755	-2.448874	-2.196702	2.086543	-2.266797	-2.833228	-0.248312
-1.355849	-0.000229	0.573695	-3.126440	-2.410877	-2.097693	2.624890	-1.805313	-1.893483	0.321304
-1.371716	0.238376	0.505560	-3.099210	-2.363077	-2.269711	2.092505	-2.052064	-1.895569	0.058549
-1.397453	0.547858	-0.083572	-3.042671	-2.333670	-1.486821	0.873668	-2.652915	-2.525335	0.471248
-1.423406	0.697949	-0.757155	-2.999534	-2.336290	-0.760431	-0.489925	-2.998533	-3.016729	1.138711
-1.445458	-0.082303	-1.381174	-2.987270	-2.367419	0.120139	-1.591068	-2.224082	-1.899415	1.869793
-1.438558	-1.717950	-2.074150	-2.981762	-2.390449	0.452962	-2.242715	-1.080594	-0.134561	2.232221
-1.430272	-4.110297	-2.886991	-2.969488	-2.379776	-0.142033	-2.485544	-0.900807	0.451682	1.963583
-1.425281	-6.203249	-3.711919	-2.953556	-2.347563	-1.195475	-2.486304	-1.590428	-0.109387	1.255769
-1.427107	-6.965108	-4.372069	-2.939421	-2.317256	-2.205385	-2.403934	-2.597332	-1.346932	0.462077
-1.432364	-6.637474	-4.754869	-2.927735	-2.300911	-2.796264	-2.324478	-3.439168	-2.839677	-0.011765
-1.433125	-5.383963	-4.661379	-2.899704	-2.297979	-2.908152	-1.850584	-3.857446	-4.205905	0.017942
-1.425393	-4.686927	-4.118551	-2.785486	-2.270452	-3.351765	-1.225214	-3.858948	-5.112032	-0.613245
-1.406933	-3.992631	-3.457182	-2.721077	-2.249859	-3.821152	-0.496321	-3.677241	-5.501500	-1.616110
-1.388660	-3.349457	-2.438229	-2.737485	-2.255347	-3.080534	0.768548	-3.511925	-5.522477	-0.536756
-1.373769	-3.205411	-1.364365	-2.802367	-2.290530	-2.126432	1.601750	-3.436950	-5.374917	1.218672
-1.366495	-3.935452	-1.123752	-2.877755	-2.335127	-1.800610	1.302858	-3.426769	-5.195903	1.905328
-1.386459	-3.998233	-1.789736	-2.940361	-2.362744	-1.907993	0.343328	-3.448886	-5.057648	1.777726
-1.409314	-1.203172	-2.243161	-2.979714	-2.376316	-2.067765	-0.073997	-3.449911	-4.966387	1.341538
-1.418250	-0.416831	-1.532218	-3.005602	-2.388625	-2.490353	0.655628	-3.278872	-4.835783	0.394372
-1.414885	-0.264587	-0.823231	-3.012636	-2.396555	-3.039499	1.108633	-2.279474	-4.331594	-1.358394
-1.417432	-0.065368	-0.497016	-2.978007	-2.321808	-3.163165	0.662018	-0.244405	-2.977514	-3.572991
-1.414444	0.013854	0.187082	-2.375981	-1.023779	-2.560611	-0.113288	0.434827	-1.914003	-4.871983
-1.413623	-0.258857	1.117688	-1.333049	0.980539	-1.668769	-0.721074	-0.170806	-1.514891	-3.939967
-1.413365	0.064667	1.449473	-0.976547	1.444886	-1.120557	-1.232812	-0.234822	-0.824436	-2.440600
-1.406680	0.990605	1.048036	-1.235190	0.563026	-0.171065	-1.659367	1.399817	0.795015	-0.880200
-1.394616	1.738366	0.537835	-0.284273	0.010579	1.287372	-1.434063	2.175494	1.787009	0.842664
-1.385143	2.029693	0.431787	2.192855	1.702539	2.703828	-0.301836	1.718568	2.079433	2.586606
-1.311957	1.466268	0.548653	3.735759	3.673292	3.297409	0.744305	0.605822	1.920994	3.444148
-0.917085	0.245474	0.251996	3.648090	4.104215	3.169859	0.925110	-0.523951	1.316637	3.325146
-0.762356	-0.461055	-0.477063	2.344891	2.878807	2.499013	0.327349	-0.140096	0.696098	2.309414
-0.865339	-0.941701	-1.269587	0.357345	0.629855	1.023541	-0.603592	1.249783	0.407577	0.010467
-1.064765	-2.524844	-2.110908	-1.697903	-1.782402	-1.565109	-1.468255	1.432237	-0.058068	-3.979947
-1.253728	-2.573067	-2.872448	-2.375189	-3.092320	-4.241317	-1.800388	0.360157	-0.860380	-8.520344
-1.333421	-0.757713	-2.658376	-0.294392	-2.073742	-3.936404	-1.150484	-0.930931	-1.206621	-8.403978
-0.791735	1.258589	-1.329761	2.349126	0.006053	-0.664864	-0.029951	-0.913289	0.018289	-2.114847
-0.478732	2.020936	0.186721	3.748017	1.449136	1.879056	0.825438	0.265062	1.977469	2.070099
-0.566308	1.703135	1.102915	3.734063	2.211408	3.019562	0.969825	1.150268	3.174635	3.434516
-0.837344	1.108604	1.087617	2.653332	2.128120	2.961854	0.458421	1.328354	3.561466	3.330259
-1.114706	1.243231	1.154413	0.820181	0.959007	2.240974	-0.419420	1.008670	3.471747	2.224399
-1.295817	0.868174	1.564345	-1.226743	-0.733104	2.012228	-1.303708	0.542600	3.174083	1.611569
-1.388750	-0.012472	1.861695	-2.847969	-2.161804	1.983876	-1.944919	-0.063561	2.629101	1.748192
-1.422932	0.034677	1.855229	-3.077479	-1.537901	1.838413	-2.105392	-1.037688	1.552553	1.655537
-1.426099	1.342798	1.549734	-1.476035	1.019726	1.953370	-1.671419	-1.466792	0.780853	1.523800
-0.898091	2.049516	1.261455	1.202128	2.936785	2.775696	-0.664317	-0.472893	1.377351	2.279265
0.922771	2.104462	0.992822	2.808870	3.131461	3.218373	0.174866	0.945210	2.255395	3.034029
1.548784	1.994544	1.208600	3.611380	2.472330	3.111175	0.730024	1.251219	2.454923	3.235644
1.135800	1.757464	1.966801	3.973442	1.684659	2.323030	1.064757	0.600245	2.102453	2.591933
0.295318	0.717180	2.252997	3.796039	1.002922	0.903598	1.311319	-0.501094	1.397592	1.094822
-0.563589	-1.277436	1.739897	2.610066	0.005253	-1.276848	1.785790	-1.857965	0.188144	-1.144331
-1.203870	-3.419700	0.768972	0.708460	-1.198838	-3.636045	2.333023	-3.122362	-1.460408	-3.281052
-1.554602	-4.688383	-0.214055	-1.358789	-2.203523	-5.150090	2.710699	-3.930157	-3.228621	-3.962526
-1.665806	-5.493750	-1.155395	-3.006691	-2.742800	-5.762628	2.427832	-4.195598	-4.744160	-3.688255
-1.634401	-4.972751	-2.285109	-3.859236	-2.835750	-5.958894	1.370365	-3.868206	-5.629583	-3.883551
-1.544159	-2.157808	-3.152231	-3.960939	-2.687397	-4.970440	-0.008195	-1.717666	-4.893221	-4.143311
-1.450482	-0.087134	-3.178639	-3.531712	-2.230968	-3.107315	-1.221021	1.044204	-2.670332	-3.667059
-0.435203	1.804155	-2.175396	-1.858364	-0.201306	-0.230034	-1.649072	2.974941	-0.191752	-1.383139
0.716566	2.257335	-0.647115	0.034370	1.806831	1.358451	-1.333664	3.942794	1.649697	0.982595
0.794254	1.792973	0.081541	0.393400	1.872899	1.080061	-1.194347	3.972948	2.342275	1.265038
0.272493	0.961378	-0.076112	-0.303701	0.618297	-0.002865	-1.394290	3.551101	2.323866	0.133185
-0.440964	0.562033	-0.659053	-1.198921	-1.031298	-1.197565	-1.670337	3.059065	2.008063	-1.802119
-1.044941	1.721159	-0.746274	-0.410463	-1.640459	-0.660307	-1.341791	3.028117	2.102422	-2.314644
-0.175112	3.495176	0.390025	1.887799	-0.552248	1.596483	-0.315092	3.896051	3.172615	0.419717
0.946965	4.066984	1.879999	2.923999	0.501759	2.591205	0.365989	4.706948	4.185785	2.504517
0.954332	3.898140	2.453240	2.237557	0.310659	2.419354	0.135634	4.835747	4.564264	2.686573
0.354715	2.827895	2.225077	0.641430	-0.691798	1.653426	-0.596262	4.267894	4.505083	1.748493
-0.409650	0.992097	1.802914	-1.224222	-1.844800	0.459040	-1.306874	2.856368	4.071015	-0.172378
-1.066162	-1.129317	1.453114	-2.778562	-2.652154	-0.485620	-0.868869	1.004886	3.418590	-1.879956
-1.472291	-2.842115	0.995194	-3.600126	-2.927839	-1.114328	0.602900	-0.788714	2.557634	-1.950851
-0.484646	-0.899387	0.689374	-2.073510	-2.157542	-0.836351	2.116186	-1.832711	1.438161	-0.462737
2.075504	0.909767	0.875649	0.675630	-0.633259	0.430586	2.974723	-0.962771	0.713676	1.434364
4.034989	1.867370	1.387548	2.270232	0.406722	1.323501	3.497791	0.561544	0.511075	2.549572
4.903309	2.271583	2.272889	2.780329	0.734585	1.705988	3.808303	1.520811	0.636507	3.006020
4.420746	1.711930	2.999603	2.358395	0.369446	1.289316	3.568018	1.248139	0.475589	2.613812
3.031707	0.904103	3.076333	1.497786	-0.306796	0.972263	2.587846	0.299240	-0.060703	1.517022
1.880418	1.711014	2.675041	0.913019	-0.816589	1.708241	1.331483	0.763833	-0.057325	1.128623
1.894949	2.660014	2.672000	1.242963	-0.218616	2.918328	0.463803	2.638548	1.038048	2.554665
1.457053	2.820438	2.907871	1.464432	1.403762	3.271847	-0.094166	3.683179	1.993608	3.335555
0.574914	2.201014	2.663912	1.094322	2.259577	3.194384	-0.558483	3.815976	2.350988	3.577214
-0.380168	1.120248	1.624681	0.053154	1.575994	2.415825	-1.095751	3.478351	2.228721	3.013812
-1.148675	0.148123	0.119187	-1.261964	-0.015876	0.777044	-1.614147	3.018039	1.860077	1.063962
-1.589561	-0.081816	-1.189606	-2.287587	-1.697106	-1.244588	-1.956105	2.687408	1.458828	-2.447336
-1.730289	0.052118	-1.815836	-2.584454	-2.678353	-2.613506	-2.032512	2.595480	1.204886	-6.236199
-1.694178	0.226132	-1.881404	-2.654892	-2.934568	-3.019305	-1.992100	2.634000	1.058240	-7.813967
-1.592385	0.497607	-1.344913	-2.723657	-2.788373	-2.462511	-1.081733	2.683485	0.975100	-4.908689
-1.489497	-0.545302	-0.683502	-2.814548	-2.566633	-2.196770	0.058420	2.122280	0.657363	-1.607788
-1.054771	-2.257336	-0.875354	-2.737959	-2.363780	-2.787708	0.241434	0.592132	-0.222830	-0.879096
-0.524292	-3.611075	-1.707637	-2.267246	-2.093950	-3.449518	-0.180500	-1.309957	-1.386191	-1.616073
-0.480067	-2.168397	-2.375351	-0.518333	-1.309696	-2.871355	-0.384682	-2.823083	-2.234813	-1.951437
-0.727051	-0.387078	-2.077638	1.761898	-0.056575	-1.193387	-0.032103	-3.192899	-2.163439	-0.395429
-1.060061	1.765923	-0.964837	3.316606	1.280417	0.058636	0.543577	-2.415366	-1.362757	0.919770
-1.345881	2.730655	0.429329	3.716039	2.679224	0.906957	0.841937	-0.753289	-0.290469	1.586533
-1.522256	2.769921	1.163019	3.150758	3.472724	1.149788	0.627920	0.785714	0.446053	1.479429
-1.584565	2.234827	1.128510	2.140687	3.631885	1.194418	0.152553	2.137066	1.036622	1.033525
-1.562997	1.523709	0.760149	0.739502	2.765445	0.811090	-0.473212	2.899294	1.393259	0.206445
-1.526882	1.228826	0.887535	-0.911385	0.905338	-0.029176	-1.166864	3.155020	1.534567	-1.119910
-1.327498	1.683104	1.579185	-2.209834	-1.037402	-0.215792	-1.707520	3.387442	1.998970	-1.868802
0.525842	2.437515	2.375702	-1.939192	-1.858648	0.476892	-1.707517	3.773870	2.553541	-0.945054
2.071324	1.780279	2.467461	-0.774438	-1.619944	0.724823	-1.343189	3.672808	2.749546	0.299057
2.015521	-0.556989	1.363604	-0.492502	-1.450231	-0.536585	-1.251558	2.219901	2.055966	-0.158862
1.161158	-3.885325	-0.538529	-1.011084	-1.666700	-2.316799	-0.888566	-0.338617	0.531643	-1.639932
0.047548	-6.445186	-2.176758	-1.845673	-2.076864	-2.126931	0.193256	-3.253084	-1.576791	-1.781226
-0.942554	-6.215824	-2.900264	-2.603461	-2.431441	-1.143327	0.584791	-5.435592	-3.830961	-0.998335
-1.592525	-4.211047	-2.070090	-3.078785	-2.615703	-1.575219	0.119190	-6.056019	-5.696808	-1.235844
-1.877332	-3.648141	-0.917636	-3.269421	-2.651544	-3.111810	-0.719771	-5.414240	-6.760459	-2.803285
-1.901656	-3.973221	-0.884668	-3.232322	-2.503112	-4.905748	-1.510385	-4.476756	-6.962689	-5.158815
-1.794538	-3.250418	-1.681965	-2.497740	-1.020985	-3.989306	-1.858262	-3.710463	-6.354041	-5.745954
-1.671413	-0.536690	-2.263670	-1.193740	1.326884	-0.383891	-1.689733	-3.179166	-5.191112	-2.064490
-1.577217	1.169421	-1.426781	-0.053247	2.953975	1.697247	-1.302131	-2.881541	-4.010402	1.320312
-1.517020	1.299520	-0.350132	0.625964	3.636008	2.654284	-0.954785	-2.474653	-2.931026	3.060425
-1.490571	0.983879	0.061284	0.905342	3.741089	3.016616	-0.738852	-0.771219	-1.317787	3.690502
-1.481214	0.021235	-0.202210	0.940915	3.590479	2.569895	-0.643857	0.277750	-0.086013	3.183262
-1.485060	-1.003046	-0.858256	0.727462	3.163336	1.834643	-0.674996	0.560496	0.977391	1.872853
-1.504723	-2.018546	-1.711354	-0.034029	1.850638	0.890333	-0.964322	0.453728	1.769738	0.078058
-1.522605	-0.891654	-2.263678	-0.203819	0.203284	0.736397	-1.009886	0.341888	2.332235	0.098788
-1.522435	0.819470	-1.329027	1.148691	-0.482424	1.550302	0.396477	0.507947	2.828021	2.411314
-1.166204	1.292987	0.368112	2.509240	-0.141244	1.943894	2.205411	0.388680	2.820345	3.865890
-0.028016	0.463281	1.071562	2.687139	0.117649	1.558559	2.634397	-0.033333	2.195363	3.944054
0.295186	-0.334455	0.538980	1.815881	-0.252440	0.261605	1.878289	-0.220985	1.129040	2.612258
-0.023752	-0.117628	-0.485128	0.318356	-1.066157	-0.812313	0.584276	0.973149	0.595363	-0.311072
-0.579458	0.128745	-1.324063	-1.321304	-1.846084	-0.191067	-0.740736	2.468598	1.303301	-3.313891
-1.101903	0.674668	-1.676147	-2.063636	-1.009843	1.049763	-1.352870	2.714297	2.192033	-2.153758
-1.462386	1.885974	-0.759745	-1.507326	1.178280	2.093898	-0.212514	2.080611	2.733309	1.926110
-1.505045	2.864893	0.946161	-0.430953	2.871393	2.606662	1.601818	1.613107	3.063937	3.664269
-1.378467	2.784917	2.167609	0.456155	3.637049	2.755015	2.467707	1.947600	3.390444	3.936070
-0.901942	2.319659	2.655686	1.016121	3.803721	2.661355	2.180099	1.925512	3.444499	3.609983
0.909803	1.978114	2.841826	2.091089	3.932496	2.771241	1.647437	1.700707	3.198721	3.499177
1.589491	0.542072	2.477459	2.451143	3.404754	2.209441	1.018260	0.882155	2.479279	3.170730
1.152046	-1.638989	1.496183	1.592732	1.828262	0.978990	0.463557	-0.627502	1.158946	2.392582
0.246653	-2.416034	0.295488	0.582232	0.776737	0.473383	0.774885	-1.971553	-0.167152	2.127309
-0.694209	-0.070935	0.084737	1.160872	1.742523	0.921671	1.898370	-2.553171	-0.987566	2.350103
-1.414271	2.109037	1.646652	2.959352	3.527335	1.785425	3.029744	-1.594593	-0.676621	2.796964
-1.804054	2.417000	3.028499	4.126548	4.179283	1.898297	3.440200	-0.423221	0.145211	2.783407
-1.903434	2.057510	3.066021	4.452556	3.607133	1.575362	3.075000	0.030970	0.851571	2.088217
-1.842175	1.413352	2.217438	4.172240	2.361607	1.944742	2.311294	0.375154	1.756291	1.685282
-1.689268	1.524706	1.098642	3.981334	1.741570	2.876254	1.657276	0.803195	2.647666	2.346736
-0.111079	3.119333	0.852326	4.528164	2.936908	3.856262	1.650440	1.702572	3.474498	3.739888
2.424892	4.031897	1.915935	5.197519	4.474692	4.400130	2.080999	2.905188	4.149026	4.710957
4.135538	4.029139	2.832424	5.147827	4.927374	4.408758	2.179852	3.394485	4.315719	4.881532
4.975486	3.570446	3.187079	4.475217	4.077125	4.002643	1.815594	3.058144	3.909694	4.371690
5.232070	2.980165	3.264391	3.501156	2.384652	3.286869	1.235892	2.838005	3.238031	3.185570
4.522463	1.408397	2.702662	2.080802	0.282673	1.809837	0.475909	2.793088	2.500292	0.705696
2.977659	-2.083522	1.137745	0.164657	-1.774579	-0.953428	-0.450822	1.676825	1.240174	-3.814311
0.993996	-6.662067	-1.165883	-1.782449	-3.142825	-4.242014	-1.132953	-0.438970	-0.641260	-8.349876
-0.907458	-9.198052	-3.218999	-3.225210	-3.526666	-6.986695	-1.209844	-2.882362	-2.854262	-12.310750
-2.203825	-7.599662	-4.495158	-3.580236	-2.536550	-6.921940	-1.227421	-4.721359	-4.858669	-9.915083
-2.705227	-5.139084	-4.786402	-2.939658	-0.851578	-3.279647	-1.292925	-5.119893	-5.809673	-3.603895
-2.607047	-2.717311	-4.345879	-2.445177	-0.321487	-1.763625	-1.509240	-3.640393	-5.179433	-0.697532
-2.255367	-1.040399	-3.630900	-2.357892	-0.799565	-1.666713	-1.796071	-1.219792	-3.485371	-0.505346
-1.682419	0.735930	-2.700547	-2.453232	-1.639496	-0.770168	-2.020885	1.626564	-0.554601	-0.724554
0.534651	2.457963	-1.281330	-1.610537	-1.927374	0.919302	-1.816683	3.752709	2.068899	0.186040
2.983935	3.467310	0.501450	0.114649	-1.285711	1.959250	-1.151034	4.726090	3.329649	1.527646
4.420147	4.067093	2.157315	1.853448	-0.218938	2.554809	-0.318303	5.004580	3.837057	2.497210
4.582750	4.218024	3.595867	3.470070	1.014565	3.032162	1.080488	4.816758	4.194027	3.343267
4.369610	4.247993	4.368914	4.437846	1.881693	3.456530	2.831162	4.762411	4.523558	4.028254
4.457839	4.089858	4.485940	4.512524	2.023919	3.672984	3.937715	5.011287	4.789766	4.368952
4.681013	3.870578	4.294962	3.970083	1.521238	3.677170	4.328699	5.256127	4.914867	4.343535
4.545326	3.335518	3.865519	3.058199	0.722300	3.419796	4.318058	5.267367	4.892784	4.002920
3.499170	1.568445	2.937887	1.514999	-0.381335	2.247381	3.821547	4.381710	4.382624	2.712196
2.353370	-0.602557	1.238818	-0.087854	-1.388695	0.099990	2.661385	2.354155	3.152309	-0.317949
1.029286	-0.906920	-0.644524	-1.146997	-1.293136	-2.352671	1.176190	-0.579696	1.151171	-4.936070
0.874268	1.341699	-1.472082	-0.540723	0.792602	-1.737670	0.101521	-2.888144	-0.982116	-6.992426
2.352059	3.147717	-0.300882	1.673418	3.192015	2.047126	0.044368	-1.499562	-0.747869	-0.312842
3.837630	3.748939	1.591607	4.175200	4.728936	3.884850	1.003394	1.379481	1.338815	4.060631
4.673241	3.667507	2.713392	5.516239	4.961599	4.300704	2.052587	2.877541	2.772144	5.010240
4.357502	3.174625	2.910923	5.747974	4.204550	4.101977	2.509110	2.851300	3.176419	4.880964
3.079649	3.034699	2.928072	5.314002	2.859021	3.603087	2.370551	1.846768	2.994146	4.069433
1.291919	2.399765	3.069063	4.113019	1.135858	2.993240	1.698835	0.758443	2.796309	2.584975
-0.528972	1.270484	2.821047	2.019968	-0.814222	2.481832	0.573107	0.578878	2.728623	0.678283
-1.893451	-0.779692	1.762880	-0.547250	-2.425853	2.154032	-0.625799	0.789805	2.701949	-0.524241
-2.546591	-3.719383	-0.097196	-2.866840	-3.227893	1.577324	-1.575355	0.435641	2.341643	-0.697867
-2.586445	-6.626967	-2.366047	-4.240112	-3.229126	-0.064671	-2.134412	-0.668071	1.349807	-1.363210
-2.174236	-7.114485	-4.450212	-4.445209	-2.837570	-2.701880	-2.342714	-2.124848	-0.276239	-3.029576
-1.008153	-2.523855	-5.214500	-3.395203	-2.079435	-3.828680	-2.181536	-1.776801	-1.604191	-4.100719
-0.460182	0.054807	-3.972792	-1.880967	-0.474981	-2.169563	-1.794419	0.556017	-1.463511	-2.769312
-0.548328	1.513087	-2.121196	-1.170046	0.321571	-0.581705	-1.571185	2.555690	-0.046406	-0.912314
-0.908179	1.350777	-0.837028	-1.321616	-0.084076	0.216031	-1.619966	3.256039	1.620210	0.158996
-1.281688	0.384015	-0.127137	-1.867363	-1.075995	0.006237	-1.800677	2.594237	2.398130	0.088113
-1.550495	-1.473389	0.374465	-2.438536	-2.056841	-1.381715	-1.980977	0.788207	2.038254	-1.314266
-1.635940	-4.121968	0.052556	-2.829051	-2.639482	-3.511372	-2.098526	-1.689632	0.762927	-3.871203
-0.126918	-3.254905	-0.934102	-2.235146	-2.456656	-3.837905	-1.902912	-3.253872	-0.809296	-5.576884
2.383608	-0.482861	-1.319276	-0.389179	-1.407651	-0.337052	-0.652752	-2.098785	-1.469670	-1.883845
4.083348	1.507442	-0.118682	1.401900	-0.229683	1.777438	1.446404	0.154635	-0.839355	2.146646
4.779958	2.178417	1.946782	2.425102	0.520515	2.267823	2.885921	1.564156	0.206800	3.477624
4.210854	1.396550	2.993845	2.165629	0.396061	1.332341	2.812780	1.403981	0.523823	2.878524
2.773152	-0.088341	3.044493	0.935695	-0.459421	-0.723339	2.191405	-0.020181	-0.124093	0.718307
0.917163	-2.467870	2.455382	-0.689198	-1.519415	-3.315583	1.772585	-2.012074	-1.423357	-2.758944
-0.871965	-5.522019	0.941926	-2.195184	-2.336392	-5.844861	1.048143	-3.807116	-3.009575	-6.968022
-2.128674	-5.601676	-1.037525	-3.191048	-2.693113	-7.235274	0.016876	-4.539056	-4.412438	-10.565369
-2.651779	-3.440701	-1.870613	-3.133618	-1.714327	-5.785181	-0.883155	-4.044710	-5.074379	-9.651061
-2.600104	-0.748040	-1.553731	-1.859275	0.763797	-2.390076	-1.247997	-3.237817	-4.837137	-3.505438
-2.288515	0.002033	-0.968915	-0.404438	2.798689	-0.389674	-1.162928	-2.672565	-4.080922	0.346475
-1.973072	-0.533937	-0.877736	0.562388	3.759349	0.303939	-0.904408	-2.466526	-3.312716	1.407337
-1.766966	-1.738208	-1.299870	0.959668	3.906482	0.359424	-0.688703	-2.520662	-2.797465	1.162982
-1.672703	-3.418426	-2.102061	0.561545	2.958283	0.449953	-0.762294	-2.671412	-2.537806	0.463055
-1.299819	-3.247045	-2.988249	-0.358257	1.056956	1.387362	-1.088728	-2.112125	-1.575647	0.821379
0.826675	-0.190565	-2.962990	-0.454473	-0.731201	2.736077	-1.131492	-0.063257	0.520547	2.229348
3.113543	2.518413	-0.901956	0.536001	-1.319878	3.336163	-0.734756	2.112054	2.507445	3.275368
4.451270	3.494383	1.665567	1.661653	-0.795545	3.236734	-0.212919	3.195182	3.532264	3.413768
5.068543	3.643334	2.798768	2.391707	0.009606	2.652128	0.187264	3.223007	3.656469	2.806751
5.233475	3.420800	2.842567	2.745322	0.699079	2.023163	0.418453	2.658201	3.224185	1.767168
4.530465	2.219735	2.219284	2.721701	1.839897	2.095027	0.469829	1.543399	2.382910	1.295298
2.989498	-0.236676	0.886589	2.259761	2.984410	2.355096	0.275325	-0.209176	1.062663	1.491810
0.989833	-3.363887	-0.847603	1.639818	3.656135	2.351073	-0.028471	-2.082852	-0.543892	1.798448
-0.944749	-5.161099	-2.419164	1.113654	3.881011	1.726198	-0.297627	-3.392186	-2.053641	1.475029
-2.282717	-4.745064	-3.316490	0.810360	3.847291	0.875353	-0.465778	-3.807473	-3.100940	0.761957
-2.805666	-3.367750	-3.429342	0.718128	3.721124	0.551689	-0.538715	-3.548316	-3.525429	1.022141
-2.694649	-1.203725	-2.950845	0.472329	3.143240	0.191810	-0.655003	-3.147645	-3.557522	1.668895
-2.314169	0.127744	-2.217690	-0.291395	1.629705	-0.731998	-0.978119	-3.030379	-3.672154	1.679290
-1.946038	0.852135	-1.587299	-1.186406	-0.122993	-1.205644	-1.353636	-3.174331	-3.959807	0.952517
-1.697711	0.785601	-1.104874	-1.263943	-0.010263	-0.860408	-1.431163	-3.207850	-4.043059	-0.095640
-1.569408	0.724514	-0.884690	-0.559282	1.720623	0.018354	-1.199023	-1.857731	-3.221377	-0.692230
-1.528111	0.945483	-0.685452	0.233643	3.173847	0.884999	-0.894523	0.594934	-1.427107	-0.273108
-1.537114	1.237398	-0.502983	0.354037	3.184743	0.613736	-0.820617	1.539203	-0.271154	-0.162564
-1.563829	1.389332	-0.372456	-0.287851	1.826902	-0.124113	-1.064186	1.459391	0.033206	-0.652283
-1.600103	1.491185	-0.331211	-0.663216	0.008938	-1.392991	-1.242409	0.401978	-0.352010	-1.786366
-1.627366	1.194422	-0.139322	0.689485	-0.735919	-1.658828	-0.735230	-0.933192	-0.733815	-2.031315
-1.643739	-0.062688	-0.142538	1.876860	-0.452270	-1.405219	-0.130867	-1.899420	-0.797658	-1.402405
-1.645067	-1.361805	-0.553073	1.592781	-0.452508	-0.937857	0.313805	-1.871014	-0.184674	-0.628354
-0.860531	-0.664384	-0.415249	0.650973	-0.823200	0.143193	1.288004	-0.764485	0.978381	0.713410
1.537142	1.173574	0.746309	0.500306	-0.783647	1.900453	2.539382	1.222446	2.381277	2.622233
2.828020	1.747775	1.763664	0.967603	0.081365	2.791196	3.034513	2.652097	3.388432	3.665722
2.492611	1.669874	1.835013	1.641012	0.987985	2.572869	2.613508	3.060838	3.674521	3.402617
1.939572	1.200657	1.187548	2.200418	1.302168	1.640520	1.826708	2.361453	3.236036	2.081492
2.569370	1.972023	0.559484	2.452302	1.106409	1.434214	1.031347	2.250970	2.653164	1.161571
2.750069	1.878836	0.346924	2.103442	0.539026	1.598890	0.308678	2.980471	2.343553	1.743191
1.962955	1.602196	0.015373	0.950706	-0.430591	1.294460	-0.480832	3.378530	2.018330	2.390001
0.708254	1.235383	-0.298188	-0.573587	-1.449582	0.573116	-1.206524	2.987489	1.510478	2.473531
-0.580124	0.450426	-0.382460	-1.984757	-2.165928	-0.354834	-1.739647	1.769179	1.061417	1.524045
-1.568870	0.000319	-0.332032	-2.928905	-2.447997	-1.551835	-2.038271	0.097676	0.708950	-0.616822
-2.097369	0.187436	-0.488472	-3.303515	-2.399857	-3.316823	-2.153541	-1.795303	-0.140352	-4.121004
-2.207559	1.061138	-0.513507	-3.254912	-2.220041	-4.391700	-2.160160	-2.203671	-1.035521	-7.679873
-2.062677	1.178878	-0.415573	-3.029490	-2.055936	-4.881481	-2.125374	-1.820594	-1.840483	-9.186961
-1.844316	0.941278	-0.536077	-2.801788	-1.964661	-5.297218	-2.090848	-1.921247	-2.766284	-8.120609
-1.655245	0.146659	-0.864899	-2.653556	-1.947530	-5.605328	-2.069349	-2.462810	-3.718906	-6.190026
-0.967243	-1.361694	-1.467230	-2.294936	-1.850104	-4.646569	-1.962947	-2.812098	-4.322169	-4.263976
-0.477299	-2.423151	-2.234189	-1.914495	-1.691939	-1.792537	-1.822095	-2.792388	-4.345207	-1.838704
-0.533419	-0.779893	-2.605282	-1.903029	-1.693649	0.489814	-1.809600	-2.251927	-3.152293	0.196749
-0.870846	0.792690	-2.153498	-2.135542	-1.816788	1.432675	-1.888205	-1.149783	-0.863463	1.249658
-1.241787	1.601090	-1.308745	-2.413283	-1.952839	1.752130	-1.977019	-0.152867	1.085303	1.975922
-1.520242	1.626176	-0.634851	-2.626236	-2.040247	1.291615	-2.041906	0.276599	2.068908	2.018342
-1.671450	0.236399	-0.623663	-2.728661	-2.056221	-0.249801	-2.077895	-0.214719	1.917885	0.600557
-1.708705	-1.924340	-1.390507	-2.743417	-2.028808	-2.147238	-2.091762	-0.999674	1.117743	-2.126485
-1.684788	-2.235577	-2.330291	-2.713207	-1.998759	-1.587964	-2.093881	-0.424374	0.278261	-3.125252
-1.649013	-1.238528	-2.740392	-2.660133	-1.972193	-0.026854	-2.084644	1.311596	-0.001238	-0.263924
-1.121363	0.241709	-2.482583	-2.413744	-1.875549	0.822793	-2.011798	2.774602	0.311159	2.027353
0.944750	1.292736	-1.455244	-1.116476	-1.295072	2.131526	-1.414056	3.694113	1.166391	3.160923
1.832491	0.498553	-0.532291	-0.145778	-0.752445	2.583070	-0.436990	3.167676	1.453881	3.312901
1.455896	-1.267593	-0.605208	-0.236197	-0.782725	2.221805	-0.176849	1.288184	0.756365	2.420126
0.520479	-4.074771	-1.538222	-0.935631	-1.194637	1.288276	-0.542226	-1.359003	-0.646200	0.604539
-0.499525	-6.477975	-2.875588	-1.754873	-1.652678	-0.173433	-1.044549	-3.842908	-2.379053	-1.591877
-1.316546	-5.925374	-3.570135	-2.392689	-1.948288	-1.300421	-0.548356	-5.205922	-4.029423	-1.384225
-1.790827	-2.392792	-2.204899	-2.746171	-2.054759	-2.052100	0.707080	-4.290565	-4.913843	-0.125176
-1.057592	-0.079335	-0.476675	-2.456861	-1.888896	-1.206127	1.167098	-0.911322	-3.806654	1.266018
1.449731	1.100864	0.387072	-0.800297	-1.092137	0.969008	1.047444	1.650089	-1.368966	2.873085
2.633688	0.769920	0.617074	0.504162	-0.341697	2.050741	1.169978	2.428299	0.726429	3.814884
2.259833	-0.727903	0.396750	0.471297	-0.330153	1.429583	1.805072	1.484389	1.164127	3.460804
1.182614	-2.442162	-0.037828	-0.353264	-0.844181	0.035403	2.489475	-0.450665	0.398506	2.245423
-0.089136	-0.651110	-0.322417	-1.404212	-1.474119	-1.198142	2.587483	-1.550459	-0.686303	0.610876
-1.174666	0.689455	-0.339591	-2.280818	-1.923073	-2.390484	1.777812	-1.058572	-1.374617	-1.957977
-1.843025	1.171876	-0.408980	-2.802972	-2.110180	-3.902411	0.489191	-0.997983	-2.096701	-5.412999
-2.068388	1.357890	-0.090899	-2.973463	-2.094643	-5.287647	-0.792859	-1.656152	-2.983735	-8.668225
-2.004879	1.116526	0.189146	-2.902635	-1.977635	-6.057897	-1.717963	-2.596117	-3.882380	-9.936994
-1.836292	0.715101	-0.011865	-2.748351	-1.859639	-6.189022	-2.195893	-3.377249	-4.612368	-8.514702
-1.678047	-0.755631	-0.660142	-2.616406	-1.793567	-5.989614	-2.327646	-3.766723	-5.073540	-6.291654
-1.558960	-1.884235	-1.714083	-2.540684	-1.782470	-5.730890	-2.283140	-3.788392	-5.263761	-4.867828
-1.497220	-1.217445	-2.496344	-2.522128	-1.807017	-5.567179	-2.195737	-3.639291	-5.275369	-4.476178
-1.480891	-0.232224	-2.565325	-2.525708	-1.829223	-5.507155	-2.130470	-3.493987	-5.207798	-4.779607
-1.484790	0.297774	-2.076586	-1.590232	-1.464822	-4.572674	-1.800475	-3.235648	-4.797711	-4.646566
-1.510252	1.002190	-1.234943	0.895424	-0.223999	-2.070088	-0.852409	-2.359142	-3.381639	-2.481301
-1.328994	2.808525	0.042783	3.075643	1.159596	0.381753	0.225782	0.084321	-0.950666	0.283490
0.597499	4.275316	2.024642	4.634766	2.309479	2.533645	1.231292	3.096869	1.695507	2.578683
2.988370	4.821849	3.729310	5.640958	3.178907	3.678665	2.081069	4.775088	3.491422	3.906467
4.457146	4.720796	4.508550	5.914639	3.494704	3.839097	2.489638	4.920212	4.133279	4.154822
5.150985	4.337577	4.377491	5.780425	3.315108	3.760235	2.499374	4.815592	4.285592	3.862332
5.309172	3.564037	3.676997	5.201878	2.769523	3.492863	2.189915	4.879420	4.308950	3.246690
4.501987	1.613011	2.354457	3.797127	1.623637	2.591206	1.388175	4.426989	3.960659	2.160687
2.892616	-1.759514	0.586223	1.634899	0.094683	1.196981	0.252250	2.730822	2.866046	1.068767
0.892712	-2.765061	-0.303166	0.028479	-0.406769	-0.106896	-0.583736	0.066695	1.130218	0.198985
-0.974372	-2.128717	0.381224	-0.092637	0.095248	-1.188026	-0.763870	-2.563044	-0.697766	-0.700106
-2.202604	-2.173652	1.211359	-0.296097	0.158451	-2.781365	-0.940084	-4.335823	-2.484145	-2.410249
-2.619577	-2.234177	1.104575	-0.901500	-0.376268	-3.924084	-1.277097	-4.493531	-3.580666	-4.500285
-2.459981	-0.960887	0.793604	-1.642823	-1.119023	-2.774938	-1.645457	-2.351050	-2.266338	-4.801882
-2.075255	-0.184177	0.932607	-2.250509	-1.699224	-1.103056	-1.929606	-0.118953	0.156111	-3.036431
-1.731695	0.527565	1.276365	-2.611883	-1.970787	-0.746080	-2.063071	0.629202	1.492786	-1.628805
-1.540893	1.478763	1.759605	-2.748695	-1.989626	-1.554529	-1.276168	-0.070196	1.330751	-1.249876
-1.456685	2.363169	2.619353	-2.728053	-1.877401	-2.470213	0.354038	-1.279248	0.241281	-1.045961
-1.419458	3.202158	3.395438	-1.841370	-1.445871	-1.963852	1.261491	-1.085400	-0.677079	-0.705762
-1.414191	3.568072	3.880253	0.683778	-0.196398	-0.296669	1.513670	-0.124482	-0.705142	0.179739
-1.429328	3.758446	4.074358	2.930142	1.180582	1.131341	1.513656	1.606621	0.384188	1.179973
-1.446101	3.820957	4.110124	3.582737	1.734607	1.583346	1.204154	3.109859	1.676050	1.588725
-1.473471	3.589094	3.949986	2.715397	1.155581	1.597502	0.415346	3.889316	2.562020	1.717589
-1.495208	3.037576	3.412771	1.265308	0.610460	1.781425	-0.475320	4.079976	2.958349	2.309138
-1.496949	2.711194	2.592144	-0.248329	0.352799	1.703024	-1.185956	3.875031	2.876212	2.794932
-1.486724	2.123682	1.573254	-1.611943	-0.198836	1.164327	-1.713215	3.221321	2.384605	2.775614
-1.466032	0.322464	0.228736	-2.526604	-0.910417	0.093205	-2.034819	1.564910	1.259874	2.230063
-1.441469	-1.028542	-1.328948	-2.920442	-1.508360	-0.510761	-2.185804	-0.838707	-0.453707	1.610598
-1.383634	-2.529565	-2.532990	-2.930360	-1.843148	0.068117	-2.237791	-3.212151	-2.449932	1.606054
0.061537	-1.938680	-3.144989	-2.034280	-1.619816	0.443221	-2.011828	-3.876105	-3.838388	1.338200
2.540810	-0.151946	-2.610025	-0.020646	-0.641591	1.085092	-1.329838	-1.694010	-3.157437	1.023611
4.261520	1.002507	-1.401491	1.765931	0.443610	1.630365	-0.559959	0.826991	-1.182007	0.926598
5.117887	1.494046	-0.364066	2.761619	1.129469	1.910352	-0.007298	2.195996	0.533675	1.019730
5.461666	1.642970	0.191692	3.144614	1.369032	2.016184	0.281448	2.644130	1.546259	1.187552
5.533890	1.908563	0.423276	3.193964	1.336002	2.427809	0.381716	2.926787	2.459775	1.640387
5.484124	2.367850	0.625504	3.284338	1.743459	3.181224	0.463405	3.365105	3.467306	2.482041
5.059980	2.355955	0.924450	3.516558	3.158563	3.781692	0.633479	3.648713	4.212243	3.326599
3.771732	1.634030	0.827987	3.205291	4.198312	3.510026	0.536341	3.230297	4.269545	3.246072
1.903328	1.345844	0.587511	2.148457	3.862063	2.594642	0.150334	2.850468	3.768771	2.510314
-0.084236	2.328395	1.425091	0.525656	2.263855	1.589905	0.385925	2.794723	2.960671	2.169661
-1.638573	2.826024	2.756265	-1.169210	0.105388	0.921691	0.764321	2.446036	2.130012	2.323608
-2.419113	2.249881	3.126973	-2.045335	-1.621720	0.916407	0.538331	1.701053	1.777816	2.568656
-2.493601	0.105171	2.238191	-2.034325	-2.217644	0.274432	-0.004111	0.490174	1.409460	1.906660
-2.181834	-3.589442	0.274084	-1.975544	-2.084521	-1.462589	-0.699878	-1.177703	0.418619	-0.414889
-1.793279	-3.884662	-1.890014	-1.611425	-1.534958	-2.514768	-0.461530	-2.483331	-0.706325	-3.305422
-1.493063	-0.535954	-1.978294	0.480436	-0.005418	0.149187	1.318316	-2.145388	-0.511359	-1.551273
-0.447711	1.912814	0.001589	2.988952	1.638992	2.713976	3.147004	-0.884487	0.374279	2.406723
2.025524	3.267866	2.144552	4.850581	2.909090	3.777515	4.172513	1.019293	1.595232	4.208301
4.004861	3.668707	3.425061	5.314600	3.258837	3.817712	3.990574	2.747276	2.598448	4.340763
4.637742	3.058915	3.822083	4.705129	2.652463	3.073479	2.968030	3.280520	2.917669	3.376916
3.905551	1.603100	3.466330	3.109154	1.275429	1.479184	1.416015	2.510393	2.621805	0.783192
2.423157	-0.848028	2.623349	0.863343	-0.381085	-0.791789	-0.246489	1.005494	1.997099	-3.611777
0.687889	-4.426230	1.066598	-1.421507	-1.707269	-3.686737	-1.582919	-1.009572	0.754756	-7.131142
-0.296255	-5.229722	-1.055992	-2.771010	-2.193919	-5.055282	-2.273877	-2.466075	-0.653534	-11.694007
0.724976	-1.134379	-2.697339	-2.165710	-1.628985	-1.743222	-2.171603	-1.307687	-0.352479	-6.878647
2.322628	0.793580	-2.591997	-0.341541	-0.492438	1.492282	-1.545750	1.309478	1.591437	0.298728
2.699464	1.457157	-1.772795	0.517629	0.064859	2.231101	-1.186152	2.560694	3.002397	2.379752
2.370299	2.169987	-0.719943	0.517247	0.006089	2.162392	-0.716588	2.693431	3.628422	2.471553
1.402837	1.588692	0.340750	-0.171409	-0.486787	1.463573	0.454517	1.916727	3.547352	1.818192
0.226228	0.270126	0.823524	-0.824524	-0.353184	1.091890	1.750677	0.321091	2.649924	1.142069
-0.800406	-0.524899	0.929512	-0.644592	1.397064	1.322535	2.736418	-1.477547	1.162700	1.234966
-1.466407	1.416910	1.194283	0.457841	3.402256	1.800033	3.373505	-2.538868	-0.293401	1.833890
-1.733394	2.282490	1.894653	1.739429	4.508270	2.350435	3.748032	-1.893096	-0.490568	2.648036
-1.722379	2.352116	2.208529	1.710087	3.935741	2.014015	3.681383	0.198789	0.081487	2.601535
-1.582833	2.757706	2.021819	1.141655	2.268837	1.748661	3.032992	2.459118	1.490935	1.970699
-1.428573	3.576804	1.964909	1.721885	0.915561	2.067330	2.481595	3.305996	2.953149	1.638983
-1.298884	4.018892	2.492567	2.986366	0.717781	2.322447	2.800564	2.917369	3.615560	2.022916
-1.228159	3.982147	3.103128	3.836401	1.251374	2.304703	3.445376	1.631188	3.404867	2.842834
-1.209313	3.153961	3.168100	3.406774	1.277085	1.675207	3.520955	-0.243465	2.415329	3.264180
-1.207263	1.018079	2.270370	1.956380	0.522835	0.355899	2.598593	-1.972550	0.952862	2.475259
-1.205946	-2.892708	0.436570	0.042112	-0.549323	-1.243371	1.057079	-2.862003	-0.553420	0.597653
-1.209249	-7.460364	-1.915990	-1.745886	-1.448111	-2.428853	-0.570028	-3.167858	-2.135146	-1.282266
-1.211823	-9.289632	-4.146181	-2.920230	-1.899325	-3.503260	-1.842077	-3.177098	-3.595595	-3.233559
-1.224996	-7.523742	-5.555869	-3.274685	-1.915239	-4.539844	-2.544356	-3.091743	-4.673369	-5.401503
-1.214290	-5.004345	-5.650932	-2.677096	-1.547533	-4.751790	-2.634940	-2.913421	-5.063605	-6.648770
-1.194023	-4.078466	-4.993692	-2.074414	-1.231818	-2.966015	-2.504598	-2.780331	-4.956010	-5.112524
-1.180009	-2.959105	-4.334126	-1.872022	-1.180893	-0.629417	-2.415034	-2.404657	-4.567304	-0.838591
-1.182327	-2.613057	-3.799358	-1.957568	-1.303504	0.191282	-2.401320	-1.428545	-3.768642	1.743923
-1.194830	-3.230836	-3.614065	-2.156799	-1.452335	-0.071135	-2.430749	-1.124130	-3.257312	2.430968
-1.190804	-3.387206	-3.703458	-2.311872	-1.537817	-0.726485	-2.464880	-1.225261	-3.090803	2.083692
-1.175318	-3.723821	-3.823201	-2.321492	-1.521856	-1.918891	-2.409505	-1.481338	-3.094156	0.390238
-1.165120	-3.454410	-3.504573	-2.307946	-1.478421	-3.149367	-1.465493	-1.979076	-3.328813	-2.322914
-0.795256	-2.506036	-2.600110	-2.177845	-1.406693	-3.616649	-0.125781	-2.401740	-3.643029	-4.621090
