X1	X2	X3	X4	X5	X6	X7	X8	X9	X10
-2.542377	-4.568038	-5.850456	-1.049567	-1.527489	-5.724635	-3.117255	-4.226774	-4.789739	-4.111943
-2.319299	0.466370	-1.774108	-1.764728	0.766553	-2.067776	0.856104	-1.109911	-1.144055	0.061419
-0.837689	-0.262591	-1.331899	-2.178393	-2.065190	0.089562	1.585795	-1.569765	-2.077517	2.764355
3.440037	-2.266029	-1.989161	0.773147	-2.524316	1.323760	-1.096163	3.512961	0.925067	1.863564
0.555064	-3.670552	-0.890521	-1.192397	0.580578	0.200696	0.897450	-1.225037	-1.356009	-0.010356
-2.337725	1.067933	0.632089	2.807583	1.106692	-1.450748	1.316551	0.722238	-0.566853	-1.041708
0.241855	-0.154182	-1.608960	-4.511304	-2.202072	1.463806	-0.489240	1.437581	2.796630	-0.758995
-1.331714	0.429496	-2.574496	1.753251	0.013786	-0.795262	0.737592	0.692089	1.480233	-0.461420
-2.396247	1.314458	1.381051	4.680558	1.975865	-0.387070	0.306763	0.424158	2.176348	-0.430886
2.380237	4.932497	4.337754	6.167723	7.424065	2.484659	2.550090	4.401685	4.104170	2.530503
2.983522	2.447505	3.976285	5.146056	2.670082	4.216407	1.424688	2.437665	2.549591	1.891843
-0.234510	-1.534627	0.932616	-6.512237	-1.741785	-0.030146	-0.886731	-4.855805	-4.499594	0.348630
-0.585177	-0.582405	3.057120	-3.704048	-4.924139	-0.706822	-4.046252	-2.733629	-1.599294	-3.197742
-1.209496	0.777161	3.430069	-1.499569	-1.217184	1.618861	-2.458364	1.908689	6.498787	-0.438576
-2.046485	-1.154838	-0.428762	-1.441796	0.371974	1.288781	-1.805254	-1.411356	-0.723460	-0.410479
-1.216364	-1.751109	-3.662100	-2.780721	-3.033569	-3.826581	-0.434713	-0.231667	-4.348641	0.743243
3.048650	0.685038	0.116330	1.047161	-2.223520	2.338554	-1.381631	4.541050	2.773336	1.882086
5.086337	1.272893	-0.270199	0.446754	-0.632785	1.951266	-1.890398	2.311392	1.795966	0.700342
2.662180	2.449147	-2.013111	-1.176137	-1.253771	0.921334	-2.127108	-1.113847	-2.301260	-1.083395
-3.370842	-1.858010	-1.397430	-2.546007	-2.044489	-1.807962	-3.475552	-4.329672	-4.218449	-1.048332
2.494753	-2.215488	-2.422781	-0.068855	-3.387345	-2.743743	-1.824425	-1.012088	-2.341908	-3.629377
2.864445	-0.333497	1.604511	1.342623	-0.956451	-1.708429	1.572778	1.151700	0.026855	-1.351537
0.101715	0.768150	2.369024	1.787029	3.070484	-0.344242	3.257162	-3.604714	-2.123767	0.679879
-3.108356	1.613743	-0.111465	1.257164	3.628548	1.574299	1.009130	-0.143636	0.644717	1.824865
-2.126287	-0.173530	-0.509081	0.110629	3.780129	0.714972	-0.780416	3.264428	3.568801	0.751410
-0.486900	1.685520	4.388056	0.812424	3.977814	2.113256	2.916026	2.541572	2.283876	2.285507
-0.770912	-0.518922	3.884124	-2.158552	-0.509909	0.685230	0.961657	-5.062510	-4.960667	-0.007354
-2.043044	-0.625168	1.563499	-4.771499	-4.530256	-0.902727	-1.487024	-0.002526	-0.955034	-1.818782
1.276286	-1.411031	-0.432038	-0.523320	-1.458740	-0.002236	-3.026218	-1.224782	-0.956435	-2.539187
2.354957	2.174475	2.577792	6.632182	3.481424	3.986383	3.568774	1.497915	2.117522	0.186023
0.662151	1.773834	-0.016533	2.851705	3.780418	1.273507	1.242149	1.199556	-0.397771	3.525137
-0.094852	-3.761667	-3.534831	-9.190957	-2.645573	-5.815484	-3.940398	-1.614664	-5.413022	-1.758356
-3.067071	-0.887443	3.652676	2.605894	-0.492067	1.368688	3.151829	-1.381754	1.858459	0.490135
1.296476	2.649488	4.108971	5.236051	5.389319	3.388303	5.973526	2.231077	6.308564	3.277400
2.651469	2.013311	-0.363965	1.599008	3.438467	1.537039	4.366686	2.482223	3.985685	2.948328
0.353291	1.746710	-3.422052	2.033259	0.510857	1.279376	1.497603	2.055776	3.642514	-1.307892
-2.467677	-0.098133	2.595592	6.172396	4.298971	1.824191	1.325469	2.562926	5.013741	2.854330
1.105048	-1.122035	-1.852849	-1.696288	-1.564311	-1.464734	-0.192824	-1.452435	-1.902842	-0.331116
-1.324553	-2.075515	-6.436193	-6.953202	-3.781510	-7.687222	-5.015084	-4.826315	-7.770543	-3.967042
-2.227196	-0.646790	-3.060857	-2.646156	-1.446645	-5.237992	-2.107521	-2.986022	-4.726271	-4.253859
-0.836798	-0.423480	-4.581558	-1.985258	-0.095937	-0.589866	-0.276145	-1.903664	-3.601034	1.668525
5.287724	1.615397	1.606589	2.190380	1.436393	1.881537	0.373833	3.220448	4.348260	0.946196
2.419555	0.595921	2.049667	-0.873552	1.270322	2.563897	-2.061097	0.640308	1.343502	-0.349054
2.176779	1.431372	-0.732438	-0.732765	-3.753570	2.115593	2.265153	4.173606	4.072285	-0.710537
0.522382	1.896731	2.956859	-0.758272	-2.194505	-0.139193	2.600972	3.565134	4.681500	0.998738
0.454648	0.153876	-0.676057	-1.894384	-1.428105	1.140719	-0.796754	2.702184	3.074741	0.523259
2.541864	-2.554312	-4.577700	-0.638315	-1.243792	-0.607191	-2.069538	1.075548	-2.097701	-1.337482
1.060117	-2.447954	-1.036883	0.548623	2.452011	-1.103740	1.437409	-4.012983	-3.042233	-0.648197
-1.510407	0.269927	2.862679	1.643515	1.936182	2.814454	3.102071	-0.191816	-1.884061	1.836705
-1.127319	2.061812	3.437374	6.222749	0.808800	0.388472	4.205236	-1.464160	0.801807	3.717715
-3.241931	0.356978	1.946890	3.707608	0.735641	1.059697	4.255389	-0.233921	1.466364	6.313522
-0.075354	-0.279095	-0.254586	0.746680	1.763584	1.349412	0.867916	-0.259806	1.362705	2.597719
-3.178397	2.810471	-0.062066	3.077148	1.727406	-0.461799	-0.032398	-1.830823	1.379423	0.939596
0.993429	2.736454	2.594438	3.115198	-0.134614	-0.267353	-1.239668	0.535421	0.206013	-2.638356
3.804516	4.182132	3.030516	1.277515	1.991002	3.345536	1.156791	3.353221	3.127268	0.264756
0.951156	-0.403116	-2.449343	1.099381	0.022432	2.147151	0.236365	1.216870	1.345083	-0.720878
-1.401658	1.169289	0.952250	3.712883	-0.433146	0.758180	-0.144062	-0.525337	-2.706646	-0.943864
-2.247434	1.713924	6.262084	2.134203	0.806549	-0.538292	2.957095	0.493495	0.618875	-1.839011
-1.113276	3.614768	4.111450	0.833925	1.037394	-1.021078	0.583720	-1.068740	-2.224157	-1.332725
-1.906291	0.216301	1.811238	-0.461266	0.678271	-1.323790	1.289299	-1.217645	-0.931447	-1.841713
0.313718	-1.509999	-2.204061	0.645013	2.050257	0.650260	-0.924285	2.139676	0.334702	0.623718
0.405047	-2.307854	-4.317856	-2.349054	0.228835	-3.014340	-1.767047	2.341219	-0.287615	-2.820538
1.434093	1.871617	1.172443	1.738115	1.212584	2.214101	2.775798	0.973981	1.343300	-1.639987
1.994855	1.041294	0.165428	2.112206	2.123387	1.052073	0.337035	1.297960	2.883844	1.094366
-1.337271	0.404055	-3.441509	-4.626499	-0.422977	-1.493433	-1.971953	2.836455	3.513014	-1.299784
-1.930483	-1.604519	-4.777077	-3.975317	-2.669923	-2.089726	-4.137879	-0.251338	-2.156692	-1.780143
-2.627382	1.457353	0.097117	-0.898762	-0.021569	2.096588	-1.833560	0.327883	-0.810976	0.686886
-0.753267	0.236851	2.465264	-3.134052	-1.649832	-1.237198	0.803990	-0.128784	-2.335140	-0.183003
-0.808837	2.311258	2.948358	4.913898	-0.220029	-2.511491	0.263656	-2.790339	-0.463686	-0.284211
-0.447990	1.741354	1.956490	3.221971	1.477727	2.693506	4.615122	-1.569180	0.877085	1.569956
-0.040421	2.452922	2.426452	2.764252	1.789119	2.122087	3.441774	-0.655307	1.134273	2.018896
-1.367529	-3.153255	-5.431761	-2.605874	-0.122567	-5.937450	-1.368703	-3.440917	-5.311424	-3.011493
0.863291	-5.604295	-5.430657	-1.269924	-1.090543	-3.237208	-2.074823	-2.061108	-2.607707	-4.425215
4.632744	-1.431813	0.930456	-0.673013	-3.369023	-0.788189	0.408500	1.573223	-0.774075	0.685929
-0.863864	-4.178426	-3.515028	-5.829155	-3.996719	0.241007	-1.469849	-2.028021	-5.596729	1.329737
-1.972529	-4.442848	-2.545717	-3.695465	-3.024542	-3.487420	-4.704784	-3.247935	-3.663870	0.213907
-2.021742	1.681106	1.532684	-2.963458	-4.834303	-3.229870	-2.196218	1.256284	2.837204	-2.958461
-0.393698	3.742721	3.439467	2.562053	-0.673012	3.132860	1.934233	1.778741	4.525992	2.989032
-2.595190	1.834085	2.886725	3.071853	1.749322	3.043571	4.441558	1.325243	2.293294	3.712085
-1.430008	-1.380016	-0.882548	-5.043471	-1.128609	-2.045032	-1.245957	-1.070806	-0.210689	0.149698
-3.143845	-5.233594	-5.769559	-6.250732	-3.213313	-2.488945	-4.453526	-0.483598	1.534443	-4.156330
-1.355192	-3.730260	-2.960915	-1.853842	-3.126196	-2.356564	-1.984362	0.976773	2.799790	-3.240297
-1.886041	-2.690525	-1.432923	-0.480715	-1.446165	-1.357283	-1.257177	-0.360187	1.868354	-0.147403
-0.154081	-3.949399	-2.904989	-1.574562	-0.981625	-5.299394	-1.486984	-4.820169	-7.786165	-2.729048
0.341197	2.293907	5.337379	4.312405	1.991720	1.757810	-1.635295	-0.161865	1.036333	-1.344830
3.715702	5.234486	6.002175	7.153876	4.453366	5.439237	4.318577	5.351431	5.562949	3.816053
-0.055656	1.095328	1.909692	2.424639	3.825311	2.334196	1.665620	0.638030	0.254483	3.649501
-1.492065	-2.101473	-7.952077	-7.546614	-3.330547	-5.273503	-1.823776	-4.860562	-5.608464	-2.231784
-0.560617	-4.947624	0.239261	-6.779494	-2.476310	-7.362150	-3.626625	-6.468234	-4.407692	-4.434899
-2.085900	-2.710632	-1.017201	-0.570410	-2.886876	-4.414833	-3.530737	-2.246478	-1.064200	-5.148042
-0.954304	-1.280202	-0.038970	2.283731	-2.551147	-1.435941	1.312978	-1.375084	-1.041689	0.596689
0.580480	-0.891539	1.341446	5.701320	0.785081	2.251139	2.915307	-1.926444	2.727042	3.391996
1.662865	0.612454	1.649641	2.946250	1.177309	2.798320	2.218942	-0.617949	1.778193	3.596383
-0.688541	-2.179426	-4.511892	-5.440986	-2.561860	1.800515	-1.944729	1.808412	-1.694136	1.335553
0.580474	-2.013884	-1.028161	2.662008	1.006979	1.713140	-0.541315	-3.870952	-0.953846	-3.537492
3.113219	0.847881	2.799927	3.812525	1.118531	-0.134891	2.145774	1.367167	2.401563	1.604952
3.549904	0.660166	1.304865	3.124062	0.117202	0.233337	1.300430	1.534579	0.319791	-0.761611
-0.802062	3.211872	0.571446	-0.441686	-0.084502	0.058840	-0.457757	2.176093	3.952937	2.905722
-2.438567	2.868697	2.320064	4.324279	0.071927	1.021334	3.972606	4.800619	5.508999	2.127854
1.510095	2.587345	3.261910	2.628554	4.368997	4.450136	3.506509	1.702364	-0.058923	3.270990
2.403035	3.204215	5.843678	4.572238	4.449617	3.507063	5.070747	3.198237	1.121370	4.028735
-0.041139	4.696211	6.175062	1.303731	3.893899	0.998132	5.251710	2.257847	-0.007223	1.906691
-0.284619	0.587935	2.570254	-2.997767	1.096051	1.241861	1.614093	3.346801	1.892895	-0.020637
-1.257996	-0.917808	-0.124752	-2.681354	-1.868313	3.240267	-2.224710	6.698107	4.894423	-1.097243
-0.786265	-0.678215	-2.191161	-1.948230	0.531619	1.154469	-0.946305	1.035972	2.674959	-1.497725
3.341184	-1.286881	-3.143281	-0.574891	-2.886239	-0.615416	0.254102	-0.596897	-1.255098	-1.198076
4.646755	-1.795999	-2.089617	0.385766	-1.500975	-0.868168	0.707707	0.888806	-0.591451	-0.630992
0.314256	-1.171963	0.357825	-1.070853	-1.695272	1.099930	-0.468594	3.532687	1.880597	0.032632
1.050293	1.623934	4.909940	0.977857	-0.068115	1.921196	-0.488505	4.705751	4.945745	0.819500
1.540870	-0.109701	0.610623	-3.546597	-2.304487	-2.683351	-2.745428	0.198904	1.639989	-1.115082
-2.846208	-3.507558	-8.952030	-4.807309	-2.854672	-6.969192	-4.264967	-3.293651	-6.335374	-5.054209
-0.758935	-3.787330	-2.905224	-0.304870	-1.547450	-2.777811	-2.523422	-4.237410	0.143355	-1.857575
0.469891	-0.981507	-0.081164	1.324130	0.379395	0.870912	0.514204	-1.152169	-0.976228	1.249825
5.669676	-0.176678	-1.145651	-0.354200	-2.368616	-0.583405	-0.977587	0.783274	0.854573	-1.507705
2.119920	1.162467	-1.143889	2.410251	-0.282064	-1.125547	-1.503597	2.915720	1.351755	-0.376057
0.302929	3.310840	0.123118	-0.515305	3.044172	0.996106	0.257675	2.806972	1.872116	0.300473
-2.326298	2.385353	0.379270	2.027345	3.426814	1.405069	-0.931368	1.387629	1.915651	-0.719810
0.778344	3.829117	1.344365	5.103614	4.573682	1.870059	3.146975	-0.462307	1.837456	2.717802
-1.465946	3.255347	2.573902	1.975317	2.345999	2.929993	1.326706	2.258061	2.902729	1.812513
-2.624865	1.574956	-0.939720	-6.607932	-1.812012	-3.513214	-3.202870	-0.250767	-1.989735	-0.794071
-0.332014	3.100657	3.122100	-5.489117	-0.864829	-3.390447	-0.082849	-5.103593	-7.088539	-0.345644
0.395809	-3.356534	-2.099438	-3.667821	-2.734427	0.660908	-0.686428	-4.140920	-7.026089	-0.832501
-3.116896	-6.317503	-9.177431	-3.970027	-3.143283	0.785167	-2.551700	-3.576951	-4.256387	-0.492335
-2.605030	-5.402233	0.338921	-3.580818	-2.272273	0.489742	-3.746560	-4.132090	-4.850537	-0.409740
-1.117593	-5.020510	-4.258078	-3.541676	-1.441473	1.885545	-1.019801	-3.592841	-7.555046	-2.465712
-2.027786	-5.266117	-2.840226	-2.291982	-1.085956	-4.534709	-0.285116	-3.848611	-5.196715	-2.433744
2.316092	-4.013436	-3.966818	-1.369417	-3.896900	-2.396312	-1.236298	0.650497	-0.486351	-1.406430
1.619538	0.573949	-1.268550	0.675739	2.922422	0.719550	-1.634739	0.194974	0.881642	-0.796065
-0.791848	0.193956	0.913483	1.896305	3.187933	1.139884	-0.744530	0.828014	4.523660	-0.613244
-0.566368	2.960302	5.079387	2.131801	4.533060	4.324001	3.578439	3.259510	3.754597	2.130239
-2.505022	2.301206	2.935868	5.024147	0.396926	-0.718591	3.436175	0.451254	-1.528050	2.176490
-0.806612	3.715785	4.646032	2.973363	0.404456	1.176516	3.391489	1.611237	2.884912	2.761513
0.940161	3.177759	1.175388	0.864169	-1.122624	2.374327	-1.114010	3.955250	1.231878	0.595515
0.372395	0.270246	-3.741857	-3.747914	-3.417592	-2.704150	-4.419410	0.638983	-1.499556	-1.932702
-0.270710	-3.939335	-6.837296	-0.987568	-1.787623	-2.656111	-2.518703	-2.333572	2.137604	-2.625530
-1.573656	-5.491065	-0.656018	0.862728	-0.854593	-0.353051	-2.946577	-1.808928	-1.156449	-1.840167
1.734756	-0.311026	2.923286	1.005993	-1.560581	1.858732	-0.960422	4.717807	3.338881	3.143293
1.182126	2.048302	0.448524	-1.681355	-1.902964	2.796941	-3.222427	3.288220	1.359087	1.493953
-0.534148	-0.142962	-3.231893	-3.691497	-2.505719	0.536778	-0.753482	2.670902	2.169764	0.595319
-1.568066	1.461800	-0.608655	-0.995815	-3.751327	1.346444	-2.586976	2.437539	1.267005	-1.590808
-0.272329	-0.897293	-0.941551	-1.039694	1.049732	-0.874463	-0.622200	1.369521	-0.793197	-2.297022
3.495063	-1.605723	0.379730	-0.685416	-0.778221	1.721358	0.623357	0.146336	1.139552	-0.468221
-0.501989	-2.938970	-6.211102	-3.550266	-1.140670	-1.168896	-1.463096	-2.328529	-2.255855	-3.510102
0.953415	-2.062118	-1.520035	-0.553330	-3.132596	-3.358427	-1.597648	-3.182385	-3.407524	-2.862661
4.599975	3.281752	3.258441	3.984405	2.923216	5.630261	2.341008	0.612256	0.799736	2.149903
5.572491	5.128256	5.353839	6.790453	4.167881	3.143764	7.134681	3.036681	4.098520	3.272092
0.112366	2.965212	4.631569	5.139923	5.584513	-0.561224	7.416180	-0.614022	2.206918	2.986009
-2.280700	2.789836	-0.547657	5.986626	5.289725	1.389492	2.128711	-1.441265	-0.117276	3.276055
-0.519105	0.565644	-1.242728	0.687871	4.087327	1.537506	-0.909819	-1.381159	1.483330	0.166932
1.623652	0.035451	1.128266	2.428264	4.877628	3.236810	-0.148703	1.780783	5.930027	2.658940
0.706774	-0.941929	3.433936	1.567512	3.868938	1.350296	4.140963	-1.758251	1.174509	4.061780
-1.519336	0.408618	0.922793	1.770019	2.249862	1.755555	2.503185	4.563930	1.986165	3.797352
0.022424	-0.681295	0.042747	0.129389	1.061806	1.744378	-1.158835	2.073112	1.563389	0.708557
-1.922744	-0.697755	1.210208	-1.312379	0.380973	2.277356	-1.384292	-3.041114	-2.600029	-2.585206
-0.501635	3.163449	5.282785	3.234618	-0.355836	1.008679	0.307914	3.684641	3.520203	-0.648837
-2.700148	5.228927	2.140588	4.560976	0.537381	2.859135	1.450984	4.716467	0.925977	0.726562
-3.177977	-3.390611	-8.417676	-4.954407	-0.828379	-4.047187	-2.912981	-2.153946	-2.498517	-2.072309
-1.241120	-2.642756	-2.479898	2.220063	-2.100920	-1.801099	0.542519	-2.836208	-4.055787	-1.437052
-1.709973	0.204199	0.636829	3.202480	2.689654	-0.367512	1.856980	1.411073	0.352659	1.056031
-1.109632	0.416061	-0.835487	-5.074163	-2.103863	-3.167039	-2.834200	-2.273711	-2.720188	-1.606261
-1.985092	-3.405865	-4.274941	-3.348177	-2.951682	-4.927793	-0.402324	-3.252969	-2.667337	-3.231030
0.622051	-0.811275	-0.450027	0.492526	-1.508911	-1.499487	1.029301	-5.076608	-2.463796	0.397020
4.504700	3.738335	4.227060	-0.113264	-1.339864	2.568266	-0.218528	4.375365	0.790325	-0.252913
2.721059	2.167666	3.437925	2.939836	0.282446	2.242752	2.612579	-0.338656	3.512420	1.118368
0.222334	-1.181080	-6.996729	-0.382089	-0.420896	-0.227341	-1.032084	-0.996577	-4.589521	0.249360
-0.664072	-1.764504	-1.280199	2.378344	4.489092	-0.223829	1.312174	-3.627203	-2.266405	-0.646840
-0.838055	0.443692	1.116217	1.525615	3.515192	1.357175	4.021343	-1.065839	-0.237940	1.619864
0.068989	2.538905	1.624521	6.177006	4.803283	3.796058	4.369212	1.324911	3.716566	2.323268
-0.816937	2.931432	4.782613	4.644394	5.352643	4.426905	1.787370	0.677144	2.236606	4.962669
-0.859429	2.718967	5.238794	3.720458	5.933848	2.775502	3.251504	1.659056	4.749673	3.734662
-0.373783	2.675104	3.578162	4.021872	2.176675	4.083835	3.228001	0.760445	2.971260	4.103244
0.927802	0.858734	-1.467784	-0.967687	-0.804703	-1.775009	-1.303454	1.482411	0.620661	-2.576990
1.117731	-0.235550	-0.740645	-5.796845	-2.724215	-5.469445	-3.940475	-4.263250	-2.832032	-3.902945
-4.263096	1.505040	-3.366326	-3.994029	-2.882887	-5.370586	-2.081577	-1.151637	-1.723723	-4.427625
-3.267075	0.687993	0.957971	-2.934467	-0.228651	-5.051046	-1.430476	-3.152151	-4.579518	-1.644934
-0.636706	-0.636703	-0.296660	-4.723086	-1.193637	-5.044638	-1.691090	-2.618292	-2.153622	-4.422577
-1.279988	0.574139	1.315878	-1.993716	-2.736276	-3.185477	-1.453735	-0.840159	-3.679441	-2.473959
1.914480	-0.173597	0.612979	1.356814	1.567798	0.498225	-0.567029	-1.842650	0.644522	-0.052585
4.451199	-0.154926	-1.425164	0.611474	4.534052	0.896355	1.271410	2.820736	0.440463	-0.895659
5.197067	0.947036	-0.592658	-2.380665	-0.480047	-2.344600	-2.854336	1.714099	-4.407923	-3.040987
0.187083	0.262470	2.132991	-0.841635	-0.722235	0.270247	-1.551586	-0.491956	0.615361	0.003027
2.117046	0.681258	-2.997425	0.985435	-1.343945	0.052983	-1.253259	-2.116328	-1.275587	-0.607522
2.466855	-1.359819	-3.598315	-1.424587	-2.170714	-4.872203	-2.830373	-0.981315	-2.217570	-2.371838
1.245705	-6.057783	-3.202487	-4.021331	-3.151077	-4.883825	-2.475847	-5.269812	-5.413790	-4.947328
-0.607007	-3.425952	0.415549	-0.958126	-1.211569	-1.676694	1.767899	-2.345218	-2.011850	0.928004
0.639116	3.292249	6.639684	4.620696	-0.348426	3.695779	4.699148	3.215071	4.922849	2.178554
-1.298932	3.069000	3.146008	3.051907	0.381817	3.553981	-0.245521	1.450158	1.711207	3.029415
0.652245	6.242877	3.322011	5.529478	3.579724	3.792101	1.366175	2.675947	0.293722	2.023685
0.384140	2.683957	0.474283	3.429280	4.054062	4.324728	4.573717	-0.711459	0.126093	4.017857
-0.592452	-1.969384	-1.457786	-1.360015	2.834595	4.014452	-2.368712	2.250443	2.868420	2.395227
-1.721941	1.457030	-3.055508	-3.349333	0.033590	3.662660	-1.588931	4.411856	3.097103	3.412791
-1.580332	-3.507626	-3.823093	-2.220101	-2.043386	-2.811156	-2.929455	-0.125917	-1.804658	-0.251057
-0.930335	3.446423	2.242847	-1.909345	-2.319965	-3.269108	-1.638102	-0.730772	-4.401862	-3.109821
-2.726858	-1.223747	1.538903	-1.779587	-2.440778	-3.716507	-2.888187	-1.511508	-3.660309	-2.232005
0.514989	0.292339	-0.525536	2.087248	-1.439357	1.515240	-1.235225	0.471577	-0.863300	-3.186114
2.206296	2.658055	4.566617	4.941740	2.411071	3.241620	4.009567	6.297987	3.332268	1.793348
0.616452	0.489276	1.511054	-2.965533	0.172476	0.325026	0.005678	2.015123	2.158095	0.167077
0.911247	2.013179	-3.528237	-3.786191	-2.014468	0.412547	-2.415606	-3.779815	-3.956918	-0.530132
3.681669	-0.152563	-1.238766	-0.307650	-2.186586	2.567875	0.018802	-1.413325	2.755230	0.771918
5.325307	0.097127	-1.617642	0.891372	-1.495403	0.366100	1.245791	1.726194	4.829140	3.715523
0.116349	-3.883976	-2.349976	-4.443540	-3.015641	-0.646185	-2.644448	0.981042	1.706513	0.826580
-1.102318	-5.556495	-4.524178	-4.874999	-1.335221	-3.603989	-1.933927	-2.499383	-3.045351	-4.752316
2.195893	2.133047	3.507844	0.876782	-2.102862	2.292079	-2.145253	2.637821	2.169751	2.498932
2.444671	1.812627	4.481682	5.833993	0.053417	2.819013	2.656467	1.225350	0.492618	4.453522
-0.923098	0.755323	-0.749674	-0.987976	0.728400	0.606204	-0.633474	-1.533195	0.709352	0.981651
-2.678527	-2.143886	-7.270331	-4.194931	0.725774	-5.925354	-2.973082	-3.580918	-5.166846	-4.647885
-2.840428	-5.352821	-1.738196	-1.171378	1.244325	-2.570368	-1.897660	-3.036922	-1.399775	0.085014
2.569785	-1.593902	2.113824	-1.297322	-2.764857	1.184656	-0.598911	3.249992	2.135364	2.227843
-0.489099	-3.475848	-4.398177	-3.284766	-2.963382	1.328412	-3.543739	-0.718581	0.143074	-0.658797
-0.245195	-4.516978	-5.077706	-1.415911	-2.719656	-0.857006	-0.646542	-3.942645	-4.565745	-0.897210
-0.248414	-4.260508	0.808634	-2.516655	-1.426185	-3.402703	3.344278	-2.650204	-2.083794	-1.759996
-1.684669	0.990546	3.114637	3.470102	-1.576373	0.579018	3.408124	4.910537	4.895630	1.174345
2.618930	5.239567	1.077300	3.803964	2.554179	3.996951	0.900698	5.616374	5.613525	1.656411
1.441770	1.514842	-0.984180	-4.105463	0.523371	2.965894	-1.950095	3.664401	3.945094	0.417303
0.361040	1.092257	2.613294	0.949927	0.100005	3.278745	1.727048	1.767512	1.562736	3.883521
-0.670769	-0.661199	0.776522	-0.580559	-0.391217	3.351100	2.884036	-0.965498	-0.399348	3.870865
-0.456368	-4.941337	-3.468099	-5.019811	-0.585988	-5.192841	-1.292026	-5.303536	-5.523158	-1.787962
-3.085567	-2.723067	0.359632	-2.490318	-0.771301	-1.843880	2.947172	-2.792007	-3.654293	2.909240
-4.049574	-0.640797	2.518515	-3.077470	-4.263149	1.015285	0.397240	3.420483	2.444049	1.842373
-1.853696	0.700465	2.250052	-2.003051	-3.077520	-0.471547	-3.714812	2.196626	-1.499233	-3.813159
-0.910642	1.456514	1.984845	-0.503550	-1.958103	-2.768374	-1.830371	-0.791282	-1.467637	-5.321454
-1.526917	3.877444	2.341497	5.058051	1.048816	0.587606	0.378276	0.269051	0.503739	-2.902707
-0.594328	2.663453	1.761612	1.571767	0.102951	1.313597	-1.124057	2.257821	3.577795	-1.203315
-1.278479	2.594538	-0.657607	-0.443484	0.665317	0.818303	0.430744	2.443621	3.432435	-0.667274
-1.223875	-0.750301	-1.807353	-4.399685	-3.152166	-3.306971	-0.323602	0.693546	-1.121641	-0.764876
-0.095118	-4.265965	-5.501521	-2.800416	-2.674382	-5.515219	-3.589779	-6.260008	-5.771929	-6.257218
1.189589	-2.488250	-1.278603	-2.281357	-2.386409	-1.272135	-3.076369	2.687952	1.720473	-2.699892
1.357545	3.408945	1.499107	-3.453187	-1.579528	-0.410711	-2.132252	2.357524	2.385870	-1.833392
-0.041451	-1.974675	-0.522981	-0.639186	-0.624516	1.249662	0.891691	-1.216396	-2.056136	0.062091
0.438301	-3.360504	-3.639059	-0.449832	-1.929251	-1.977706	0.528082	-1.160512	-3.327739	-1.622336
2.196503	-3.158335	0.459983	-3.907003	-1.497609	-7.000505	-3.356157	-4.476225	-3.280735	-3.016465
-1.923343	0.610240	2.733756	2.669424	0.953635	1.049276	-0.629705	0.309462	2.752883	1.477715
-3.589634	2.227729	1.993871	3.730673	1.717306	0.912151	1.957263	3.466449	5.596319	3.207413
-2.445465	4.688545	3.678240	5.922565	4.557729	4.622632	2.973570	1.219136	3.234182	2.945638
-0.378233	0.861298	3.338776	3.972724	3.878230	4.533234	1.128240	1.072622	1.370378	2.400903
-0.447932	-0.384599	-1.868608	1.191775	2.502736	-0.066429	-0.085301	-0.574189	-2.331983	1.425317
-2.591555	-3.694431	-5.481599	-0.335360	-1.619125	-7.250639	-3.780328	-4.468997	-5.101393	-3.391706
-0.751795	-0.357884	0.671819	4.312243	1.274973	0.405419	1.714985	-0.133597	0.913458	1.713544
-0.756244	0.420058	-0.092739	0.737707	2.259158	-2.329637	-1.166136	-3.314885	0.212981	1.973481
1.451506	-4.459786	-5.695959	-3.116244	-0.172742	-2.001089	-2.140364	-1.991055	-2.084313	-2.268483
2.867964	-0.388300	0.953376	5.111113	-0.039500	-1.057517	2.057827	0.755698	-0.513513	-0.741433
2.437241	1.715236	2.341082	4.047401	2.502912	2.888797	0.990664	1.603582	3.862096	2.430343
3.321546	1.088242	1.190377	1.853742	1.986721	1.153775	2.104375	0.889006	0.987126	-1.027740
0.586490	-1.554061	-1.008023	-1.423141	-0.497544	-2.220263	-0.594014	-2.160622	-1.857708	0.723831
-1.370016	-6.574253	-7.834600	-4.942628	-5.174758	-2.223497	-3.152376	-3.830290	-3.671391	1.652072
-1.602760	-0.117009	-2.055336	-2.060496	-1.486492	-1.671303	-1.029684	0.774112	-1.912207	-2.302303
-1.249031	3.583092	3.475687	-0.607524	-1.804522	-4.124661	1.811888	1.623197	0.855060	-0.607280
-0.013516	-0.466426	0.070487	0.615207	0.335580	0.280151	-0.097333	-0.389822	-0.065073	2.658957
-4.010303	-1.319839	-3.440217	0.835517	1.295740	0.714757	-1.606022	-1.765531	-1.623587	1.305021
-1.309280	1.292379	-1.317406	-4.365575	0.090981	0.358578	-3.339253	-4.255414	-4.424465	-0.186071
-1.183334	-0.978348	2.067237	-3.865650	-3.458571	-4.133963	-2.142301	-2.199557	-4.744987	-2.486904
-1.160353	-2.445194	-2.334568	-0.722190	0.829907	0.895257	0.547458	-1.697942	-1.388635	-0.809166
-0.519125	-2.644133	-0.996503	2.077620	4.620838	3.601059	0.762849	-0.938852	-2.580489	0.261061
2.429762	1.763762	2.538452	5.721098	3.930846	4.192367	1.926793	2.280031	3.370871	3.414189
0.029921	-0.923984	-0.410187	-1.049941	-0.327649	1.866901	0.135613	1.843925	2.008565	1.338633
-0.083337	-1.919843	-2.683201	-1.426383	0.569775	-2.180816	-2.109369	-2.400451	-4.894585	-2.243494
0.301699	2.755411	2.405129	3.974887	3.003737	0.741537	2.111966	-2.782477	0.488840	-0.340176
-0.309558	1.208005	3.161019	5.374982	1.905056	0.901881	0.008038	-0.841134	-0.011640	-2.319502
1.648701	1.272965	2.244588	0.542413	0.407352	1.034134	3.964166	-2.847901	-2.697702	0.293542
1.832686	0.793420	3.615852	-0.962507	2.081441	2.117018	0.718567	-1.292458	0.698873	1.422569
1.092308	0.282794	1.552228	-3.308669	-0.515161	2.141250	0.506957	3.930315	1.458105	-0.451811
-0.915525	0.446016	-0.032569	-1.578062	-2.499037	0.353850	3.224250	3.444939	3.242616	0.271315
-0.038203	-3.667890	-2.837223	-2.651277	-2.632173	1.383734	0.944561	-3.195766	-3.893077	-0.330042
-2.178519	-3.094798	0.387381	-3.576907	-1.833656	-4.935982	2.500802	-5.477579	-6.741152	-0.605872
-0.714665	-5.288881	-2.730943	-3.560543	-2.890173	-5.554482	-0.044517	-2.752181	-3.122492	-2.097166
1.922265	-0.467615	1.319919	-1.512881	-2.066013	0.151049	-0.895085	0.974648	2.055122	-2.501814
4.621678	4.004525	2.358980	0.212787	-2.025565	2.196424	1.922805	3.918828	3.837107	0.246993
4.768379	1.894162	1.866651	0.401865	-1.403819	5.295456	2.461961	4.750377	3.081581	2.303962
3.438172	1.153920	0.148745	2.133856	-1.835767	1.077556	-0.540712	1.705314	1.067260	5.195800
-2.384637	3.186122	3.253972	2.445765	1.793698	2.003234	2.262590	2.659756	2.696758	4.605415
-2.710447	3.086190	3.441042	2.412094	1.882683	2.281401	0.639669	1.212520	3.469290	0.584111
-2.583554	0.896946	-0.504637	-3.938256	2.509194	3.155065	-1.734073	1.744523	5.648170	-1.098906
-1.400556	-1.852491	-4.106157	-1.754784	-0.047365	-0.269369	-3.618637	2.575379	3.220809	-1.984332
2.222248	2.283000	3.907890	4.850612	1.415909	0.836208	0.585975	1.609504	3.464719	1.144137
2.433557	5.647537	3.741909	5.793030	5.122420	3.523099	2.422360	1.379309	1.928910	2.220304
0.448974	2.984738	0.510006	2.288370	2.389668	0.218009	2.829814	-1.097092	0.098091	3.184970
2.137095	2.131821	-0.230615	4.113529	2.784655	-0.993560	3.974830	3.430813	2.401769	1.361439
0.695922	1.846300	1.651049	2.510907	2.813979	1.457394	4.139101	3.342732	3.147550	0.255710
-0.877850	-0.244908	-0.399701	-1.377601	-0.970860	3.190472	-0.648881	0.840274	2.989540	3.149483
4.281579	0.565510	-2.777063	0.510103	-1.044264	4.467174	-1.116228	-0.430151	1.600243	2.615559
2.000405	-4.235234	-0.095636	-0.735385	-1.335236	-0.561501	1.808651	-1.763239	-2.132439	-1.480265
1.406025	0.732473	-0.193923	-1.402671	-2.194580	-1.315256	0.280242	-0.534783	2.839896	-1.035788
0.198834	2.160140	2.165874	3.249842	3.759798	1.574008	4.180832	4.614519	3.913046	1.650685
0.582230	2.219278	3.165654	3.063748	2.650394	3.377085	3.371706	3.011571	3.892511	1.442552
-2.110992	1.918494	1.227011	-1.513858	4.106002	1.377173	-0.419751	2.901674	2.526489	0.700910
-0.197438	-1.699405	-3.714261	-5.794984	-0.286587	-0.978335	-0.909957	-1.296073	-7.082225	0.893155
-0.909812	0.653087	1.526234	4.189465	-0.818979	-3.025544	0.163072	-3.579769	-3.398536	-2.811318
-0.828820	0.779874	2.179087	0.682582	-0.470282	-0.842760	1.619717	3.741981	1.951149	-2.042213
0.985234	-1.326741	-3.245210	-3.452141	-3.067708	-1.496791	-3.332741	2.646974	-0.302176	-3.323036
-0.953057	0.076645	-1.513265	-2.540110	-3.390964	-0.649743	-5.566122	2.141206	0.621080	-0.041293
-0.285497	1.471432	5.658809	2.948466	1.285939	1.625376	-0.108746	2.024469	1.517006	2.527411
-0.907193	0.376219	1.532503	4.116679	3.714789	1.000257	3.219665	1.343556	2.132392	1.837270
-1.389749	-3.396096	-6.969096	-5.108477	-0.913325	-5.063907	-0.527308	-2.881741	-5.377573	-1.241025
-1.367371	-3.693116	-3.301501	1.281687	-0.737216	-0.451925	-0.535889	-2.692931	-3.412702	-0.790578
-0.557965	-0.584745	2.383473	1.588264	1.248706	1.687694	4.210001	-0.881526	-1.984710	1.967102
0.562065	1.147810	0.750913	1.775946	2.853225	1.997642	0.642540	1.386562	1.265391	1.798807
-0.262187	0.020243	-0.478199	-1.523677	1.540430	-2.967091	-2.634495	-1.587679	-0.248515	-0.596468
-0.841925	1.561945	2.046722	-2.196213	-0.512095	2.982586	0.323275	-1.775962	-0.957243	-1.299833
-0.338455	3.055007	2.562359	-3.031171	-2.465562	1.335066	-0.879473	-1.457602	0.414889	3.164605
-1.015879	0.632318	-4.119507	-1.311059	-2.709587	-0.506061	-4.176960	2.009186	3.020967	0.623039
1.934698	-0.390635	-2.543595	-0.505987	-1.749184	0.712097	-1.390110	4.858587	4.296972	-1.109941
0.182172	0.272836	3.022476	-2.061263	-2.162168	-0.604569	-2.262042	-0.509917	0.643987	-3.598341
-1.226459	-0.466485	1.527586	4.553203	0.953846	0.111233	0.245221	-2.770142	-4.276506	-1.302070
-1.083800	2.938988	3.791515	2.588104	2.312843	-1.442005	0.359558	-2.989405	0.532876	3.002663
-1.932752	-2.689863	-9.262960	-6.780970	-0.441994	-5.758489	-3.610650	-1.273725	-3.072685	-5.030448
-0.199917	0.480645	2.519841	2.464472	-1.910079	-0.307429	-1.042923	1.330981	4.494992	-2.620112
-0.734798	2.480192	4.870996	1.334022	0.479172	1.113770	0.760119	3.726793	1.791289	-0.007338
-0.410995	0.352258	-0.368119	-4.467528	-0.442557	-2.778500	0.632658	-1.106407	-4.626612	0.601367
-2.510011	-0.035977	2.378874	-0.300388	1.213919	-1.214945	2.271977	-5.438137	-4.837529	-0.269406
-1.253345	2.360663	2.616751	3.396734	3.269684	2.762729	2.353258	-1.062718	2.272621	3.189036
-0.406897	1.642057	4.411990	2.713530	2.432323	1.592816	3.278684	0.907632	1.026320	1.169985
-1.388869	1.327381	1.973566	1.874292	3.184920	1.622011	3.310742	1.014595	0.598851	1.572733
-0.931259	-0.134892	1.357355	2.905411	3.240460	0.144308	3.887415	-0.593550	-0.600503	0.849172
1.276633	0.201815	0.099534	0.093278	2.237828	-1.536998	-0.581109	-0.674821	2.483941	-1.242207
-1.806592	-3.818525	-5.416022	-5.063113	-1.639890	-1.478711	-2.585844	-0.578036	-3.589132	1.511789
-2.337532	-1.363740	-2.654737	-1.702672	-2.851210	-1.804735	-3.068700	1.707185	0.666762	0.483453
-1.805986	-0.666457	-2.798835	-2.081805	-3.736246	-2.230876	-2.718290	2.503226	-0.134092	-3.560825
-0.858052	-4.399904	-4.867740	-2.572222	-3.610913	-5.668837	-3.944123	-3.131733	-3.635509	-3.235451
1.834172	3.324890	4.404524	0.844270	-1.781023	-0.108422	1.389392	-0.899608	-1.438703	0.832565
3.036187	2.060796	0.423133	0.150563	0.072210	1.294965	1.159247	3.012783	1.909612	1.422416
2.367296	3.037184	0.470164	0.535550	-0.023529	-0.985280	-0.019266	-2.630976	0.043224	0.519994
-0.492998	1.991324	3.439894	3.255922	3.105949	-0.860061	0.903547	-3.056802	-3.474679	2.242090
-1.795593	3.117187	0.468700	1.275071	4.388831	0.775819	-1.038019	-0.585710	0.850489	-0.357504
4.667314	1.009042	-3.109341	0.887591	0.462805	2.303654	1.431532	2.067583	4.113918	1.291103
5.652325	1.165957	2.242648	2.864372	-0.120541	3.828842	2.199495	4.421764	5.425897	-0.418597
4.977142	-1.038696	-1.548152	-1.597292	0.205782	2.820077	-1.964533	6.180717	3.548016	1.819186
-0.753432	1.992251	-1.833664	2.627290	-2.719138	3.399056	-3.618954	2.646029	4.431764	2.405043
-1.811994	1.995069	-0.213509	1.885211	0.324690	3.453873	-1.979069	1.974787	3.476033	-1.327136
2.264358	-1.467874	1.583595	-1.938138	-0.665045	3.948824	-3.180279	2.612878	0.820713	-0.233159
4.175525	3.769494	1.269827	-0.514664	-0.023151	1.217702	-1.460985	2.807189	0.721796	0.473163
1.592011	1.323942	-0.589030	-1.676776	-2.262239	1.240202	-3.959685	-2.983491	-6.643826	1.589219
-2.076983	0.709442	-1.809695	-2.372781	-2.909917	0.435418	0.797220	-5.400374	-6.298362	0.202300
0.063644	-2.352335	-0.577984	-2.582488	-1.971893	1.866942	-2.483568	-5.593471	-5.528718	-1.849206
-2.763207	-2.523717	-4.543814	1.918196	-1.287374	0.366168	-2.266946	-3.356191	-2.968801	2.043290
-2.760633	0.299170	-0.230000	2.834261	-0.669968	-0.251412	1.966586	-1.886845	0.028580	1.847577
-1.914134	-0.809203	-0.708456	-3.707301	0.822918	-5.697408	-1.788668	-1.103642	-0.637280	-1.003757
2.836190	-0.007859	3.972904	-1.172097	-1.814522	0.936273	-0.166806	4.758008	3.775612	-2.578924
-0.637061	-0.595224	1.010369	1.834763	-0.576394	-1.458879	-1.713324	-1.248302	0.422549	-1.311537
-2.192786	-2.111922	-6.447675	2.948772	2.975798	-0.818274	0.896880	-3.034581	-2.702775	-3.077709
0.550115	-1.242075	2.638064	-0.345280	1.418548	-1.311524	1.363409	-3.114436	-3.362866	-0.755052
-0.046961	-1.617105	-0.504825	-3.547800	-3.703048	-3.904140	2.105567	-4.401575	-5.548331	0.339420
-2.743413	-2.748432	-0.200149	-1.770998	-2.131894	-2.464632	3.281258	-2.212505	-3.012776	-0.695906
-1.365943	-5.405975	-5.223016	-3.862582	-2.267393	-0.799515	-2.301517	-1.874833	-2.114707	-1.584445
-0.167652	-5.641753	-5.948332	-2.760459	-2.702948	0.622799	-2.271953	-3.854464	-5.184532	-1.244211
1.396656	-2.034480	-0.313601	1.314460	-1.466862	2.608797	0.277753	-1.550506	-0.373156	2.438882
0.453780	-2.017573	-1.483828	-0.812931	1.045865	-0.071536	-1.779697	0.051738	-0.147786	2.747020
2.040716	-1.659545	-2.783114	-2.648642	-3.411671	-2.393815	-0.281899	1.334160	-1.778529	-2.771514
-1.214037	-1.162808	0.693739	-3.759580	-1.043569	0.499146	-0.664052	0.396056	2.362508	-1.087132
3.275515	0.913628	5.177131	3.725547	3.801069	2.720430	2.756947	1.914022	3.954317	3.450049
2.138670	2.881254	1.500263	2.419830	2.715145	2.523823	2.560000	0.982252	3.277193	2.692015
-2.064176	-0.777936	-4.958663	1.320064	1.990658	0.987108	0.455308	-0.143058	0.444326	-2.067150
1.265173	3.235551	3.809957	4.016740	3.860510	3.776669	2.387174	5.078688	7.047110	2.059840
-0.250589	3.239611	4.455727	7.334951	3.232901	4.364788	4.605898	2.428787	3.567638	0.455070
-1.213766	0.379043	-0.116747	2.793592	3.910835	0.961850	1.473781	0.293035	0.977200	1.925524
-0.747562	-2.974554	-8.061457	-6.369045	-2.735088	-2.316763	-1.164476	-1.592971	-2.019510	0.553889
-1.618483	-1.474278	0.281905	3.940436	1.154337	0.451333	1.189127	-0.490935	2.620099	1.849450
-1.745835	2.210674	2.273147	5.278328	2.939413	3.601321	2.027490	2.183141	4.807119	1.350292
-1.125521	1.725506	1.136882	4.368227	2.380643	2.022785	3.298612	2.397255	3.432443	0.532103
-1.979048	3.783324	1.662319	0.431629	3.276432	1.678708	4.047393	4.437705	4.098162	1.526469
-2.408122	-0.828463	2.091972	-3.697470	1.324186	-2.564126	2.201632	1.677088	-1.608832	0.074276
0.576352	-1.315945	3.710755	-2.496472	-1.937792	-2.071932	-0.909772	-0.138796	3.329155	-0.214786
-2.777931	-1.766512	2.885682	-2.639581	-2.387095	-0.275126	-0.095920	1.777251	3.436213	1.032168
0.810823	-3.727950	-5.952731	-1.782798	-1.517817	-0.844521	-2.115415	-0.487571	-1.189463	-2.974071
0.948508	-5.448346	-5.345466	-1.378323	-3.876151	-4.146932	-3.596456	-3.500963	-5.320882	-0.699314
0.679320	-6.245082	-2.444407	-1.191558	-2.177089	0.082727	-1.576847	0.834276	-2.726549	-1.139371
4.885952	1.167857	2.297965	2.726500	-0.186225	3.066844	2.910011	2.469846	3.825728	3.051749
4.318400	1.410791	2.008271	0.312350	1.511151	2.385908	2.753116	1.307648	0.045044	2.808236
2.577758	-1.115660	-1.933471	-1.434604	-1.610255	-0.916792	0.170767	1.276883	1.786194	-0.033915
3.240223	-3.270676	-5.496140	-0.230260	-1.684131	-2.375267	-0.875140	0.688754	-0.091328	-5.964813
1.859188	-1.621934	-0.309913	-1.546313	-1.621470	0.164874	-2.602304	-1.246437	-0.384025	-1.254162
-1.722350	-1.816810	-3.052568	-2.362958	-2.271760	-1.660175	-0.492029	-1.986687	-0.698900	-1.679969
-0.611295	-0.158881	-4.445782	0.255510	-1.405593	-1.918423	-1.730216	1.889807	0.812343	-2.323036
-0.620052	0.400279	0.857367	-3.497102	-1.399357	0.593426	-4.756066	1.984150	3.223503	-2.874068
-0.362423	-1.782204	-1.586696	-3.387486	0.057958	-2.694734	-3.940980	-2.704153	-6.634522	0.280034
-0.872013	1.825298	-0.532447	-1.284633	-1.477435	-1.591205	0.510141	-4.431099	-2.597331	-0.816431
0.259577	1.475710	2.275838	1.019466	1.867574	2.062310	2.857795	-0.373780	-0.182324	0.745637
-0.513957	1.383063	3.552085	-2.091079	-0.055802	-0.555490	4.524484	-2.574890	-2.380799	0.459337
0.032184	-0.367617	-1.361482	-0.602455	-0.428451	-1.384105	-1.246094	-2.077923	-2.304053	-1.410628
2.594297	-1.417000	-1.315836	1.010649	-0.429461	-0.204032	-2.067339	3.191129	2.241217	-2.419355
0.581981	-3.148557	-3.842054	-3.845254	-1.241819	-1.676870	-3.242848	-0.756225	-1.489484	-3.011740
-3.197065	-2.208758	0.130091	-1.459650	-2.842712	-3.695114	-1.695622	-2.299878	-3.216449	-4.576980
-0.872041	2.103326	1.867624	1.530376	2.293973	-1.105559	-1.347759	-2.961919	-0.443672	0.088331
-0.799448	0.953924	1.137370	-0.190161	2.638248	-0.233500	-0.353756	-3.642339	-5.544945	1.507999
-0.590387	-1.061534	1.543755	-0.574844	0.838529	-0.972728	-1.555813	-1.819428	-2.766759	-2.248368
-0.970255	2.216581	2.547802	3.162543	0.849127	-0.333335	0.709675	-1.337874	0.501097	0.532538
-3.680154	0.488898	1.237738	-3.355182	-2.501344	-2.457813	-1.982089	-2.746067	-3.989667	0.071125
-0.959580	2.720045	3.282986	-5.360402	-1.389770	-6.600650	-2.720102	-2.660995	-6.325237	-4.177298
-2.434134	0.167950	2.712670	-3.110897	-2.736339	-5.890834	-2.959260	-3.019946	-3.945202	-4.606920
-1.448212	2.670840	0.599113	-1.082750	-2.034737	-2.143755	-3.064258	2.014994	-0.355647	-4.562931
-1.801413	-0.514456	-3.032462	-3.022040	-3.548752	-3.270299	-0.429191	-1.682665	-2.435356	-1.443820
-1.990234	0.852486	0.358468	1.425252	0.423331	-1.360552	0.989546	-4.142208	-2.727614	-1.401174
-1.119572	1.691392	0.869524	2.582146	5.326822	1.765201	-0.223840	-0.506022	-1.618105	0.449417
0.034776	-0.395913	-3.877173	-1.155038	2.438736	-0.072427	-1.229744	0.572906	-1.657110	1.448668
-1.975386	-6.108506	-8.502902	-4.381380	-2.714618	-4.251219	-3.265559	-3.575809	-2.955712	1.719290
-0.522556	-1.981164	1.861856	2.204541	-2.030125	-2.212560	-0.124379	-1.041356	-0.594892	-2.360104
-0.584728	1.831935	1.553119	2.710044	0.856023	0.409366	0.470804	1.982081	-0.995731	0.180101
-1.837099	1.820611	-0.435094	1.043550	2.002339	0.835775	1.140198	0.789114	0.560791	-2.034083
-1.398465	2.819584	3.928633	3.044278	1.686533	-0.491715	1.252210	0.300858	2.435093	0.946958
-1.810121	3.746872	4.078216	4.746848	2.132114	3.679910	2.240948	0.545525	1.202797	2.625437
1.071237	2.153092	3.147570	0.825380	0.977493	2.836969	-0.546280	-0.625372	-1.565979	0.162768
4.448515	3.027059	-0.693590	0.020293	-0.200823	3.773676	-1.054067	3.489281	4.239987	0.739965
5.291816	1.114389	3.479447	5.338404	0.154274	3.802549	3.843598	3.098696	2.645415	2.420440
6.385146	4.703995	4.611695	4.136232	3.589393	4.149903	3.800121	3.415484	3.125826	4.217807
4.699109	3.277488	4.704064	5.112593	2.545439	4.818852	6.906812	2.523258	3.028139	4.738078
0.434011	2.953179	-0.741236	0.675806	1.460220	3.316613	4.924778	1.048628	4.676574	5.751866
-1.215745	-2.782023	-7.483897	-3.839315	1.459039	0.871899	-3.335072	1.144305	1.865450	2.049984
-1.209252	1.385990	0.037089	0.741746	-0.091097	1.745225	-0.191430	0.949699	3.138087	0.623743
-2.630407	2.034225	1.276928	1.246502	3.618113	2.079002	-0.255487	2.384918	2.444703	2.418655
-1.353205	-2.051814	-5.177374	-1.366432	0.952774	-0.191355	-0.545736	-1.375929	-3.012485	0.606730
1.903859	-3.315523	-0.328812	0.342855	-1.478114	-2.241837	-0.261569	0.144766	-1.204160	0.381579
2.014289	1.489802	3.363915	-0.097325	-1.500547	0.052469	0.609922	0.207408	1.523594	2.160712
1.144589	-1.338040	-1.710989	-1.779661	-0.587828	-3.665029	-1.210657	0.020605	-0.564107	-0.811261
-2.864037	-1.855449	-2.675924	-2.667245	-1.235255	1.846179	-1.320097	3.916361	3.045350	-2.888932
-1.289984	-3.490626	-2.024991	-1.449769	-0.147430	-2.992001	-1.701793	-1.914120	-5.647521	-1.270191
-0.308649	-3.323174	0.036111	-1.239125	0.408743	-0.405859	3.833062	-3.215035	-3.606310	0.200368
0.383872	-0.173699	4.496677	-2.268507	1.488363	1.935208	-1.076926	3.317117	2.470296	-0.015346
1.313381	2.762496	4.624705	-0.567311	-0.916576	1.267606	-2.522151	4.567438	3.820305	-0.626028
-1.803517	1.238703	2.514491	-0.741934	-2.425879	2.633238	-0.160808	2.738028	3.697726	0.253130
-0.661021	1.667113	2.164029	4.157226	4.499149	2.621806	1.925107	2.600386	3.835965	2.258733
-1.340927	2.285519	2.220212	5.306371	5.190400	4.077914	1.782700	1.121208	3.805727	1.688285
-2.017533	1.116508	2.723333	5.161300	0.947867	2.322759	2.669873	-2.287207	1.594418	1.218893
-0.755337	-1.933629	2.239884	-0.954589	-0.508260	2.272742	-0.136070	-3.299665	-1.082162	-1.500142
-0.043637	-1.479707	-4.097044	1.296401	-0.794490	-0.813738	-0.027925	0.346528	1.731589	-0.808414
4.749469	0.187862	0.706438	1.895666	-0.433434	4.051913	0.484309	4.201767	5.195971	3.169379
4.066383	0.776862	2.102519	-0.410399	0.877798	3.292694	-0.455066	4.173343	5.065481	2.199540
2.408104	4.445478	2.436188	-0.013801	-1.444808	0.719498	0.197253	1.812047	-1.023184	-0.225629
0.862636	2.325193	1.541932	-5.114248	-2.588765	-6.475580	-1.280934	-3.500530	-4.708229	-2.378426
-1.128022	0.017189	-3.061763	-2.246350	-3.623087	-7.399048	-1.731427	-5.268400	-2.797262	-3.602150
1.229931	-2.584552	-5.428310	1.317284	-1.720988	-2.175113	-2.162426	-2.456474	-1.896889	-4.045300
1.555295	-2.416450	-1.669525	-1.159858	-0.675785	-0.521585	-2.127031	0.368935	-1.048521	-2.405374
0.660071	-2.363225	0.059278	-2.020989	-1.621293	-3.229274	-2.942142	-0.432187	-2.571270	-3.432573
-2.328841	0.068601	3.783782	-0.782122	-0.721430	-3.215989	-1.616463	-3.967456	-4.291447	-6.675495
-0.166641	0.972707	1.653871	2.459627	-3.086814	-0.666643	-0.130194	-0.363886	1.954633	-0.502842
-1.118430	0.182169	-1.936674	1.630643	0.859037	-1.780948	-0.430338	-0.095396	-0.997646	1.773089
-2.707108	-1.305134	-2.119969	3.494509	0.193004	-0.521016	2.207503	-0.829201	1.491000	-0.365405
-2.260575	1.741871	0.180868	4.701407	1.651466	0.518139	2.302724	0.676679	1.550152	-2.403523
-2.371032	1.368662	1.590317	0.871718	5.069603	2.623003	1.665623	1.332126	2.014791	1.075835
0.344721	2.442212	0.812259	4.042523	2.385793	-0.931138	3.386295	-1.460781	0.674196	-0.334231
3.411583	2.256596	1.696075	0.299401	-1.420584	1.318102	-0.547763	0.680438	-0.358256	-1.173022
1.249954	4.237787	3.723246	-1.114269	-1.077851	4.025106	1.204342	4.734763	3.435713	2.664563
-2.091668	-0.970342	-0.093550	2.366191	-0.520331	1.367759	0.123307	3.156572	3.212479	3.683724
-2.952982	0.647283	-1.391932	2.645658	3.923753	0.448046	-0.849574	-0.133857	-0.919085	1.283561
-2.055489	-2.819267	-1.149621	-3.849390	2.158178	-1.030548	1.404092	-5.724548	-5.789004	-0.263925
-0.627591	-4.513221	-6.494538	-1.326877	-2.922780	-0.779241	-0.445298	-1.563322	-1.466705	1.725966
4.504214	0.555995	0.181696	4.112073	3.297154	3.441752	-0.589753	3.024098	5.425284	2.056335
-0.141076	0.499850	-0.919440	-0.425864	2.741856	3.136317	-0.481977	0.679487	2.991434	3.766585
-1.588260	1.393316	-2.258668	-6.233414	1.014401	-1.300264	0.102522	-3.109378	-3.961885	3.724916
-1.766338	-5.147237	-4.719509	-1.662002	-2.711937	-7.205406	-0.911161	-5.604921	-8.159103	-3.828168
-2.872611	-0.908638	0.804216	2.346048	0.811719	4.004377	1.745265	1.961335	3.513251	-0.551866
2.734423	4.835483	3.693684	1.604110	4.675942	3.225769	0.908995	4.494265	4.465145	0.124826
3.201363	3.200496	0.816376	0.592159	0.815008	-0.072243	0.758422	2.878146	2.465147	0.487811
3.378512	1.122171	2.359269	2.052169	1.315190	0.964225	-0.518362	0.695154	-1.353274	-1.081306
1.575170	0.886378	1.474142	-0.745085	-1.838537	-2.067538	-0.406262	-0.746135	-1.388350	-1.118521
0.707638	-0.325013	-1.735226	-0.478927	-0.753298	0.515955	0.123814	3.363756	0.516987	1.924872
0.407819	1.201068	1.277144	-3.126382	-1.560218	0.253491	0.736559	-0.640096	1.808705	1.516977
-3.308786	-2.483710	-1.558170	-2.432375	-1.160223	-4.757241	-0.556533	-2.139114	-5.180629	-4.437797
2.379727	1.184925	1.395813	1.224570	-2.431238	-1.092951	-2.272768	0.399480	0.521354	-2.884145
-0.289941	-0.064759	1.091371	-4.339670	-0.472586	-3.276349	-1.857054	-2.683137	-2.221078	-2.833159
-1.449185	-3.722790	-0.913416	-3.300617	-3.616493	-5.516743	2.114405	-3.934585	-3.027858	-1.905230
-0.484203	-2.254898	1.055132	-0.745495	-1.847282	-3.355142	2.535101	-2.350986	-1.018216	-0.141149
-0.059589	2.163087	3.333296	-2.553424	-2.736977	2.355049	2.543731	0.221540	-2.574583	1.797293
-0.563540	2.314737	3.245655	-1.422125	-1.760902	1.099524	0.941087	0.083274	-2.911790	2.307407
-2.625251	0.523423	0.848191	0.988682	-0.792177	-0.673922	-1.247335	-2.280603	-0.539467	0.945303
-1.718217	-5.087283	-5.563815	-1.665321	-2.034227	-5.036692	-2.141739	-6.061810	-4.784444	0.325394
-1.282431	-4.271109	-2.430181	-0.700053	-1.567372	-6.208888	-2.130730	-5.699163	-4.704948	-3.829909
-1.636288	-4.755383	-3.194226	-4.342229	-2.207332	-3.137111	-2.328412	-4.757579	-3.445410	-1.565692
-2.457481	-5.700331	-6.061568	-2.354366	-3.485328	-0.635062	-2.669788	-3.038874	-1.009355	3.750458
0.019998	-3.096180	2.117077	-1.428978	-0.476180	1.420962	-1.802762	-2.177863	-1.136610	1.089355
-0.207346	-1.302656	0.815692	-2.939677	-3.094405	-1.074936	-4.252735	0.875142	2.693598	0.520216
-1.917603	-2.657084	-3.025541	-2.466675	-2.707921	0.082448	-2.372909	1.988727	1.575046	-2.438046
-2.105165	-0.762888	-3.270736	1.978618	-0.694144	2.147118	-0.034387	-2.762920	-2.312492	-0.313413
-0.921623	-3.081793	-1.213608	-0.853207	-0.179391	-0.005917	-0.623269	-3.551108	-4.346937	0.211631
2.112231	0.628877	1.216926	1.143943	0.519323	3.183649	-2.246855	4.478151	5.024888	-1.274795
6.052908	2.885602	2.385052	1.257562	-1.416213	2.324928	2.378655	4.450750	5.224463	1.354525
3.544217	1.908958	0.793257	3.996947	3.764786	2.881528	1.475662	4.975981	1.933468	2.191111
2.734669	1.749624	3.571728	1.290596	4.992909	2.222864	3.741967	3.182339	1.544384	3.230983
0.389674	0.229282	-2.635350	-4.091192	-2.215953	-0.886753	0.548773	1.097217	-2.102506	2.918959
-3.278457	-5.551290	-5.310787	-4.196716	-1.980009	0.559593	1.645283	-6.591989	-4.673218	0.289160
1.827189	-0.717908	0.933904	0.640428	-2.761068	3.190418	-1.145499	1.239220	-0.680968	0.100207
5.712522	2.311910	3.529613	-0.328356	-0.435035	3.294340	0.963130	4.441140	3.168431	0.748621
1.736854	1.547546	-1.328173	-0.133961	-2.708316	-0.191923	-1.658423	4.000772	0.646365	-2.947076
4.484999	0.172386	0.504339	5.154823	1.278586	1.969549	0.029646	1.811816	4.797224	-0.376862
0.174668	2.385116	1.763437	5.232005	1.717169	5.754877	0.392145	1.662674	4.201897	3.034486
-0.266526	4.040221	2.934213	4.743499	4.020632	3.158483	2.725880	2.389748	2.736176	3.645390
0.426130	1.163590	1.316759	-2.319582	3.115375	1.137092	1.122561	-0.037558	-3.605949	1.234275
0.724749	-4.028589	-9.273332	-4.062521	-0.519100	-8.515373	-2.269104	-5.150238	-7.261582	-2.189636
-1.350856	0.035075	0.168831	3.590402	-0.747487	-2.662385	2.680396	-2.212786	-0.240531	-3.349420
-3.492471	4.918071	3.413543	4.355005	2.320116	3.123281	1.148669	-1.932296	-1.142598	1.541748
-0.764083	0.592492	-0.848102	-0.200988	0.206518	2.484255	2.154929	-1.973258	-3.100187	3.103893
-1.791779	-3.573268	-3.950110	-0.357753	-0.689573	-2.787437	-1.166513	-2.068064	-0.676400	-0.545761
1.186855	0.748384	2.561315	3.676636	2.303852	-1.297763	0.988856	-0.245202	1.317062	1.270212
-2.636868	1.280344	2.094369	4.562107	4.300804	1.528607	2.943650	1.113037	3.781500	-0.580764
-1.413735	1.726309	-0.011252	0.685791	3.988098	0.116003	0.226285	0.784067	0.033415	-0.033163
-1.334732	-0.060723	1.722949	-0.620681	1.160147	0.538258	0.568874	2.393501	1.018310	0.250241
-2.414145	-1.770153	-1.002029	2.652726	0.156568	-2.178195	-0.475864	2.445154	-0.811312	-0.528127
-0.057363	-1.019782	0.590312	-2.220554	-0.379722	-0.006624	-1.187214	1.515339	0.645454	-1.482241
0.777227	1.174892	3.928970	-3.887181	-1.905303	-0.525994	-1.998057	0.939574	3.062813	-1.881376
-1.256561	1.899872	3.344845	-1.704617	-1.842055	-1.395670	-1.418175	0.646574	1.412673	0.282395
1.424684	1.409561	0.983938	-1.266521	-2.375054	1.221481	-0.615048	0.927258	2.410639	-0.847202
1.254375	0.588264	-4.773550	-3.188849	0.224123	-1.705003	-1.585755	-2.372257	-1.812078	-3.133543
