X1	X2	X3	X4	X5	X6	X7	X8	X9	X10
-0.927888	-6.380485	-6.726783	-3.656941	-1.851522	-5.433217	-1.497217	-5.774767	-4.411994	-5.184396
-3.290556	-5.560039	-6.234401	-1.441226	-1.795319	-5.521446	-3.517763	-5.620268	-4.137858	-5.067366
-1.740757	-2.517924	-5.225563	-0.759526	-0.094687	-3.680607	0.381761	-3.427837	-3.901871	-1.547163
2.112091	2.692442	-1.809512	4.519774	3.233403	1.302374	0.258975	0.833596	-1.192165	1.789711
0.770373	4.028942	1.862409	1.294588	4.786777	0.023868	1.771396	-0.695098	0.332125	0.330151
-0.516430	2.212158	3.105058	3.693732	1.125165	4.281648	5.354345	5.229353	4.167166	3.181654
2.732166	2.969371	2.182292	3.667721	1.110395	1.987587	2.140039	3.054720	0.763426	2.126016
-1.832058	0.382965	1.826169	3.465769	0.570995	2.753655	0.302297	1.102872	1.150472	3.278333
-1.368921	-0.049778	0.877350	2.211193	2.474295	0.541227	2.103037	-0.174118	1.201770	1.746200
-0.831039	-0.574475	-0.303208	-0.115794	1.201225	0.648975	1.343976	-0.854480	-0.494311	-2.739588
-1.548032	-0.123044	1.508956	-5.953976	-3.958088	-1.335629	-3.754468	-0.381642	2.501496	-2.849236
-0.491820	-0.842602	-0.506197	-4.980738	-2.055712	-1.709112	-3.543579	0.748266	-0.454540	-1.780050
-0.929319	-6.420365	-2.542707	-0.669766	-3.638419	-1.896500	-1.716539	-0.138184	-2.725651	-3.480937
2.110250	-0.556350	-0.409112	-0.679544	-2.769379	-0.297122	-1.420834	-0.952821	0.414533	1.252996
-1.080031	1.108426	1.352950	-2.710758	-1.108263	2.660998	-1.612147	1.191927	3.138979	0.896144
-2.031581	-0.034653	1.587443	-4.353793	-3.061140	2.949732	1.147037	1.802032	0.858859	3.229497
4.767782	1.798996	2.619629	4.369666	3.345918	3.970655	1.885533	1.574465	0.517242	3.353348
0.874738	4.492156	4.663573	2.974233	4.333841	0.092340	1.416855	-0.371701	1.974098	-0.344012
-2.038129	3.540713	1.513638	1.202522	3.766058	0.363362	2.943215	-1.367093	3.059799	2.063908
-2.298840	1.882650	2.651892	-1.865452	-1.766003	0.793897	0.003929	0.419460	1.529416	-2.613301
0.578490	-4.040450	-0.924702	-3.001974	-3.357012	-5.753182	-3.673093	0.195832	-3.649478	-5.030650
-0.239659	-2.009901	-0.989975	-3.276332	-1.242743	-3.999698	-1.043837	-4.740104	-4.964813	-1.292548
-2.469002	-0.311219	-3.251861	-1.675411	-1.284666	-2.321575	-4.639093	-1.826773	-0.260013	-2.154607
-0.015857	2.005080	0.063808	-0.242696	-1.134755	1.236763	-4.695249	4.442797	4.105395	1.856362
-0.286040	-2.549419	-1.152400	-0.279675	0.011818	1.327893	-2.530696	0.778782	-0.118316	-2.291653
2.352734	0.348869	1.369986	0.721566	-0.691321	-1.486406	-1.110223	-0.467943	-1.658469	-2.245164
0.195349	1.305930	1.032034	-1.993760	-2.427147	0.729242	-1.840822	0.248296	0.619811	0.661416
3.763089	2.579347	2.485715	1.798061	-1.556334	2.031216	-0.755084	3.846976	3.130600	2.072775
4.083842	1.337108	2.170801	2.599643	0.583743	2.866297	2.898599	5.236073	1.442976	4.313499
0.131093	0.730797	1.383164	3.439797	1.840407	2.134663	1.750235	-2.458536	-0.688983	1.614074
-3.183670	-3.990600	-1.097125	-0.139164	-0.337917	-1.432005	0.099929	-2.881873	-3.305098	-3.860613
2.799039	-0.259096	-0.642992	-2.203126	-3.003108	-2.128826	3.297089	-1.695260	-2.780290	-0.468177
1.650910	2.529994	1.414438	0.786623	0.087656	2.247284	3.229719	2.235481	2.365422	4.238567
1.779530	1.674056	1.148139	-1.805806	-0.156004	3.009005	-0.113674	2.141730	3.083719	0.296304
3.524391	3.077279	1.027786	2.565100	0.304933	1.354321	-0.875588	1.051768	2.338584	1.704420
3.007980	-0.418152	1.448154	1.867553	0.314785	3.253718	4.412483	2.426974	2.741499	3.634098
-0.445809	-1.205650	-0.147978	-1.922436	-1.459829	0.618179	0.108642	-0.116770	-3.007051	-0.771575
-1.899486	-0.162826	1.789565	0.133145	2.197208	-0.564909	-1.013809	-0.980681	1.337819	1.050383
-1.224459	-1.020594	-0.592337	0.587107	3.418012	-0.884960	2.194332	-0.665577	-0.695807	-1.907443
1.960065	1.531134	-1.258308	0.802560	-0.107602	0.499814	-0.012531	3.127526	0.220760	1.166332
5.433081	0.505747	-1.721266	1.315416	-0.718918	3.034601	-1.226599	3.008413	2.239407	2.353491
5.211581	-0.360668	0.251567	3.447085	0.196876	1.317691	2.900531	2.237770	0.695923	1.234019
0.718061	-4.133921	-2.586528	-2.534123	-1.001308	-2.402427	2.042657	-3.117019	-2.831403	-1.924500
-1.561584	-0.475123	-0.037670	1.909402	2.531241	1.796139	0.451381	-4.849966	0.766020	3.893618
-3.321058	1.523113	-2.572677	-0.148331	5.229833	0.576481	2.585102	0.803817	-0.749716	2.710056
-2.278264	1.346179	-1.251667	-1.450913	-2.414922	0.196191	0.824419	3.688518	2.407281	0.848801
-3.287005	3.629464	1.688043	2.464467	-0.988818	0.129363	1.762331	0.363627	-0.936095	3.065835
-1.346884	-3.632343	0.821337	-1.788085	0.030652	-1.767208	1.130437	1.155034	1.016350	0.353144
-1.630403	1.005649	-1.197902	-0.020559	0.480794	-0.050727	-0.907267	-1.578470	-1.595688	-0.087687
-1.266163	2.829030	1.753111	1.203753	3.399811	2.751403	1.565919	1.025607	1.210887	4.067227
-3.056566	2.447392	3.521362	3.032357	3.988406	2.257078	3.301492	3.825357	3.135172	2.448570
-1.509511	-1.754575	2.372035	-1.181039	-1.230119	-1.415003	-2.058352	2.397174	-0.149735	-3.816671
-3.333700	0.648821	-0.230782	-2.540028	-2.780064	-1.076241	-3.950316	1.337352	-1.810234	-0.059810
-0.467432	0.490672	0.617696	1.352095	2.185772	0.955663	0.518398	0.559186	0.712775	-1.094161
0.823892	4.067369	1.107258	2.031438	0.490485	-2.314090	-1.481215	-1.672728	-0.480809	-0.270438
2.066173	2.868505	0.680990	2.291804	4.238273	-1.086699	1.545542	-1.748393	-0.010483	-0.022154
-3.140288	1.429972	-0.011220	-0.019501	3.077332	-1.716762	-0.952435	-4.018012	-1.846346	0.391679
-3.162092	-0.044037	0.211918	-3.252672	-2.016545	-5.954776	-2.187651	-5.204587	-4.892693	-1.212652
0.506864	-3.116030	-1.184808	-2.617907	-3.853363	-3.985338	-3.933410	-2.637920	-4.987422	-2.804357
-0.580121	-5.074812	-0.565408	1.210699	3.239870	-1.355343	-0.983317	-2.487811	-0.854128	-0.382850
-1.267845	-1.707591	-3.026492	-1.965652	-1.882255	-1.718387	0.519423	-2.303960	-1.451605	0.831759
-1.749109	2.542028	1.977929	0.424843	1.991851	2.909135	4.276406	0.330934	2.865851	2.882860
-0.207710	2.092937	1.397447	1.457984	2.221678	2.278529	1.670127	0.648671	1.129648	0.848943
1.804251	1.069832	-0.432048	-3.061526	0.122113	-0.520097	1.889881	0.734454	0.637392	1.111098
-0.056925	0.317806	0.342335	-2.663989	-4.827456	1.494261	1.638562	2.163685	-1.037509	1.476915
2.457562	1.455354	0.791490	-0.214403	-1.564245	1.401713	2.840865	1.808265	1.188152	1.053687
3.821513	3.023971	1.592406	1.983731	2.809932	4.109265	3.615285	4.883800	2.039583	2.363404
-2.283974	1.169351	2.807878	4.075109	5.365059	3.188826	0.822117	2.393491	4.008493	4.208059
0.065202	1.037589	2.138597	1.433132	3.580918	0.985904	0.498454	2.860143	0.005792	1.245246
3.856839	-0.167119	-2.091544	0.231895	0.929091	0.303808	-1.276008	0.529461	0.964188	-0.849544
0.222237	-1.272378	-2.144251	2.014795	0.293160	0.521346	-0.588674	0.084048	-1.149410	-2.011417
-1.751407	-3.424993	-2.467431	1.072228	0.250604	-1.672972	1.612148	-4.118491	-1.106492	-3.847078
-2.521893	-8.667669	-2.467691	-3.286811	-1.633096	-6.948138	-3.300744	-3.635649	-5.401447	-7.385634
-1.301825	-4.237409	-4.792335	-2.928628	-1.282863	-3.775741	-1.765259	-3.752323	-5.036767	-4.089789
-3.258404	-0.207119	-2.171670	-0.240329	0.955482	-2.814773	-3.205500	-5.384108	-4.575842	-2.226749
-1.451435	-0.472002	1.628998	-2.477621	-0.617083	-5.864025	-4.701073	-3.186097	-2.415061	-6.925918
3.592479	0.852737	1.671165	-0.174013	-0.526882	1.315713	-2.146584	-1.007685	-0.100815	-0.579900
2.725835	2.000894	1.772725	6.775488	5.329962	2.229450	1.530362	2.183733	3.788206	4.048602
2.354727	0.392264	1.444474	2.901772	1.534324	0.340094	0.968559	1.033262	0.935912	1.328082
4.076650	-3.072555	0.184207	1.841129	-1.145619	1.323655	-0.132698	-0.218693	-1.050989	-1.662161
4.237200	-1.861868	0.201320	1.671548	-1.058094	2.700041	1.162986	0.592375	1.051612	2.624969
4.406670	2.565920	1.360408	3.448219	3.990875	2.602860	4.127205	4.236269	2.863026	4.116369
3.019054	3.098505	2.163367	1.531729	3.349061	5.013819	0.468354	4.800994	5.548559	2.168236
3.295545	2.461784	-0.068905	1.931665	1.564741	3.874527	0.508829	3.581055	3.324720	1.725969
2.444836	1.031753	0.597286	3.697915	0.872687	2.884890	2.934923	0.937656	0.884717	2.320264
2.927019	2.520507	0.755238	1.143164	2.511373	1.696115	2.749032	4.068602	4.318957	1.711719
-1.500113	1.200142	-1.228952	-0.290603	-0.452126	-2.858992	1.419350	1.333994	0.123246	-0.788368
-1.643669	1.391154	-0.399987	1.632600	-0.364336	1.147974	-1.038427	-1.190963	0.255591	2.109501
-1.968259	3.411339	1.264229	1.666957	-0.092284	0.872818	-2.827205	-1.529866	-1.629702	0.734523
-0.610290	-3.496608	0.401595	-0.944049	0.083306	0.144145	-3.086788	-4.126515	-1.654029	-1.429704
-0.977372	-0.523489	-1.154493	-3.283634	-2.614391	0.651558	1.031319	2.315995	1.126016	-1.601482
1.039784	1.566389	-0.501636	-0.038614	-1.671502	2.372760	2.896711	3.602862	2.714135	1.990787
1.359271	0.581624	0.964064	-2.557909	-2.305051	1.729153	2.358383	1.667789	2.232032	4.293299
-1.244824	2.292811	-1.401295	-4.319635	-3.051061	-0.167761	2.109130	-0.607524	-0.698491	0.306852
-2.748609	0.576945	-0.334715	-1.518511	-2.021957	-1.820681	1.807648	-2.016078	-3.295031	-1.395658
-0.527496	0.355822	1.560804	3.076344	0.313039	-2.744708	-0.181169	0.517725	0.927912	-1.039832
-1.760294	-2.512162	-1.129341	-0.289689	-2.135497	-0.493342	0.794276	-1.540014	-0.262361	-0.556676
2.457286	3.377989	-1.188150	0.407073	-0.543686	2.127915	0.969077	4.138101	1.241148	0.103607
3.480733	2.989170	2.189876	2.034908	0.917351	4.597661	0.878331	3.263467	3.410240	0.072714
0.424137	-2.400522	0.118836	-1.302501	-2.595506	1.244693	-2.141969	1.713582	-1.906387	-0.918861
-1.965711	-1.103193	0.052831	-1.148575	-1.877977	-0.261794	-2.092026	-1.578159	-2.113237	-2.134623
-3.532624	2.557153	0.634760	-3.036532	-0.549581	-0.697305	-1.449345	0.258040	1.315287	-0.323576
-1.694810	1.818813	1.956424	0.102707	-0.437635	-0.802845	-2.713130	2.720573	1.852782	1.039473
-1.634480	-1.099218	2.304121	-1.268976	-1.749255	-3.981120	-1.492888	-1.515766	-2.260557	-0.940482
0.870457	0.068457	-0.190246	2.938600	1.374641	3.125161	1.049979	-1.992983	-0.641436	3.341352
0.021292	1.353232	2.443223	4.043416	5.261341	3.882190	1.369365	0.128615	1.073839	4.162569
-1.391886	1.022704	-1.655872	3.716252	3.483129	2.807059	0.886865	-0.538981	0.012361	2.079660
1.325415	-0.353731	-0.905528	2.795392	1.927595	2.471757	2.144174	-0.236878	0.810324	-0.042084
0.748788	0.799924	-1.460646	0.211417	1.219525	0.311274	-1.764613	1.266215	1.971818	-1.182670
-1.271778	-1.558436	0.223177	0.743908	-0.890189	-0.211203	-0.887400	1.369387	0.893336	0.585291
-1.961288	-0.495514	0.645241	3.295751	2.595543	1.481916	0.601906	-0.204070	4.067168	1.856489
-0.494551	-4.019314	-0.950150	-0.901273	-1.420288	-3.161483	-0.743298	0.168332	-1.131696	-3.457186
-1.838373	-2.694639	-1.463795	-5.901479	-4.679288	-0.632115	0.947080	1.845382	2.452534	0.896554
-0.340761	-1.315993	-1.295393	-3.188183	-1.868863	0.468607	0.477636	-0.924931	2.765147	-0.454802
-1.470321	-0.913479	-2.238341	-2.867900	-2.703817	1.311767	-2.640036	2.068781	3.536632	3.018633
-0.009058	1.439800	-0.265537	-1.929843	-1.710454	2.817450	0.962658	-0.716495	1.519378	3.522145
-3.158977	1.935741	0.625121	2.380075	1.293223	1.364138	3.641812	-0.704171	-0.757828	2.626822
-2.649883	3.657341	3.536136	3.352439	1.641513	2.248415	4.086819	-0.987362	0.325102	1.429348
1.032021	-4.102003	3.563609	0.600439	-0.033884	-2.900836	2.849773	-1.052380	0.050055	-0.738791
-1.755470	-1.384695	-1.438756	-4.147337	-3.973669	-4.115136	-2.860134	1.342561	-0.915982	-6.632811
0.517242	1.013563	-1.578358	-2.058099	-3.105039	-1.240301	-4.396507	0.705445	-0.008823	0.057372
1.146755	0.888569	-0.003895	-0.726056	-1.366893	1.195248	0.537146	2.693259	-0.681780	2.282641
-1.036935	1.338719	0.793736	-1.652218	-1.824226	0.229292	-1.907983	0.706387	-1.303369	-0.189922
-1.515828	-1.430989	0.489635	-3.645491	-2.110636	-0.572891	-2.653103	2.025214	-3.139603	0.989167
-0.379826	-2.909658	-0.659294	-2.831084	-0.589817	-1.144720	3.439680	-2.904476	-5.184596	-0.067613
0.157071	-5.154791	-3.371952	-1.835002	-2.179565	-4.208217	2.149956	-3.147698	-4.815863	-1.191479
-1.227838	-3.318592	-4.411436	-3.214250	-4.797873	-2.840904	0.442016	-4.274168	-6.175220	-3.217752
-2.623953	-1.877762	-3.231546	-2.148033	-1.563836	0.362797	-1.157548	-1.075403	-1.820479	-0.571850
2.462527	1.043395	-1.561181	0.130445	-2.020045	1.252764	-1.285147	3.710781	4.377543	0.667004
3.896101	2.830076	1.030459	1.367882	3.488705	2.054574	-0.660690	5.251567	4.428631	-0.440610
-3.376628	0.961277	0.308474	1.353575	1.277922	-1.555197	-0.222888	1.180239	0.413870	-1.368114
-0.499260	2.092795	-2.094838	0.425423	0.394715	-1.888370	-1.685551	-1.363120	-3.254355	-3.749428
2.290906	2.116025	2.717023	1.701926	2.188790	3.290629	0.004810	-0.918829	1.007540	1.268323
4.059872	3.337864	2.134555	5.864083	4.480456	2.611476	4.089482	1.015297	3.859640	2.938018
5.366641	3.742706	4.300655	4.459696	3.651220	2.550748	1.089855	2.006938	4.315829	2.525534
3.111013	-2.377353	-0.338180	1.005865	0.991791	2.205921	-0.790285	1.899678	3.948490	-1.090153
2.096292	3.026482	2.013347	2.167293	0.327876	1.352069	-1.197449	-1.296502	1.466909	-0.529067
3.230278	4.107705	3.952130	2.299981	4.303583	1.722767	1.535849	-0.412419	1.223169	2.421869
-0.281126	1.122609	2.211766	0.298134	0.552217	3.218691	0.327196	-1.668292	-1.758247	1.173031
-1.918017	-4.325013	-2.011852	-4.848347	-3.425613	-0.452286	1.427778	-3.146940	-5.447654	4.012693
-3.029294	0.773433	0.895969	-3.751656	-1.202102	-2.210987	-1.489719	-5.406881	-5.626270	-2.214868
-0.843254	1.912038	-0.786778	-2.326891	0.048957	-4.702639	0.645490	-1.909335	-1.152112	-0.804078
-0.994296	0.561093	2.399899	-1.888146	-2.706733	-3.117667	-0.507610	-3.566820	-2.758595	-2.814361
-0.492817	3.334090	2.983889	-0.040017	2.401035	1.651302	2.713467	0.888144	-0.107639	1.373757
-1.992816	0.771518	2.106283	-0.577501	1.130663	1.982643	1.405705	3.106037	3.135341	-0.829948
-0.529192	-5.000134	1.233670	-2.846191	-1.673246	-1.765970	0.605288	-0.839560	-4.311075	-1.053202
-1.867942	-1.988776	-1.693062	-1.138682	-2.609088	-2.406564	1.054200	0.981832	1.444997	-2.090629
-1.837966	-7.010622	-3.328426	-2.806671	-1.415562	-3.649764	0.579325	-1.647206	-1.966862	-2.915255
-1.270162	-3.928985	-4.939237	-1.497653	-1.842068	-2.970096	-3.646654	-2.958597	-4.352271	0.286395
3.245970	-2.665578	-3.973308	-0.607922	-2.093406	-0.162487	-1.434253	0.110140	-0.072249	-0.189204
3.035431	3.683784	-1.097457	0.518425	1.018223	1.622436	2.767911	-0.790617	-2.812414	2.094024
0.293722	1.049684	1.442302	0.137494	2.682517	2.949649	-0.865779	-1.033489	1.335813	2.974654
-0.328858	-2.355393	-0.913250	-1.436713	2.461574	-3.267676	-0.029141	-1.529298	1.390914	-0.647638
1.584592	-0.253465	-1.070631	1.872709	-0.325810	0.100236	-0.044090	3.394235	1.884268	-1.762477
-1.085530	4.323150	0.598539	1.797263	-1.254441	-0.993941	0.653755	2.102786	1.507754	-2.078786
-1.095122	0.127932	2.152541	-1.293848	-0.156923	-2.313633	-2.591122	-0.891466	-1.078247	-3.695190
0.222312	-2.760638	0.991254	-2.638122	-1.947163	1.668134	-1.626439	1.614056	4.372743	-2.830510
-1.659027	0.845018	1.197856	2.794744	3.858132	1.883335	-1.273512	1.298930	3.364603	1.751131
-1.207041	3.094880	4.012525	4.485850	5.249053	3.645245	4.045142	3.174632	5.316112	3.871309
-0.869432	3.323024	4.227438	3.401699	3.452392	4.867339	3.715905	5.118440	4.042048	2.401504
-0.254501	0.325427	0.449372	-0.211310	0.271338	0.329791	-0.916738	2.752830	1.464789	0.429994
-0.021051	3.704266	2.536502	1.243723	2.023282	2.129779	1.077897	1.111780	2.682613	2.659558
-0.538283	1.794315	0.590405	4.315798	4.692812	4.338977	2.870393	-1.087635	1.518299	3.246078
-0.619502	-0.626950	0.104356	0.855313	-1.333584	-1.814937	-0.974965	1.125263	-1.862476	-3.488468
0.810692	1.876945	1.168630	0.667667	-0.097117	0.945813	0.911507	4.651251	3.937266	2.521304
-1.256605	-4.633227	-2.009100	-0.316243	-0.199601	-1.378695	-1.518405	1.646905	0.548703	-3.876326
-1.830596	-0.331593	-1.982557	-2.382320	-1.387449	-5.521983	-1.590815	-4.281897	-2.188887	-5.286273
-0.200284	3.115121	-0.934568	1.512033	0.169625	-3.649371	-1.762537	-4.010277	-3.159026	-2.390454
-0.798672	1.657487	-0.341358	-2.042288	-1.762492	-3.457782	-3.872285	-1.088559	-4.241237	-3.118685
-0.805563	-0.042423	1.304647	-2.003689	0.295785	-2.730633	-4.192672	-3.427464	-4.633440	-3.519879
1.971638	0.043863	-1.631777	0.922527	-1.056757	0.085755	-1.958709	-0.742313	0.082744	0.140851
1.846230	-0.874283	3.126044	0.525252	0.655265	-0.809435	0.459792	-1.348928	-0.679406	0.993591
1.640608	1.902711	2.125086	-1.880419	-1.260561	-2.921321	1.179420	-2.405129	-2.243712	1.318032
1.863468	2.062518	0.648125	-0.773393	-2.376050	-1.064819	-0.247334	-1.789136	-1.136492	-2.124438
-0.596491	-0.858891	-1.598363	2.071523	-0.190816	0.534856	-2.205681	-0.435367	0.680035	-0.962226
0.813125	4.079958	0.111801	2.354222	-0.366074	2.331690	-1.464328	1.938758	1.837450	1.870859
4.482215	4.779936	2.801893	2.808197	0.196463	0.638671	-0.155384	1.294822	1.028135	1.396211
0.181974	-3.005081	1.195592	-1.193162	-1.703817	-3.578115	-0.697956	-0.964491	-3.948027	-6.143375
-1.574801	-9.226921	-3.413121	-0.272261	0.105071	-2.505576	-1.472749	-3.050896	-2.962051	0.457397
2.618889	-2.008809	-2.707266	-0.927210	-0.418183	1.626977	-2.311169	-0.913409	-0.492152	2.885026
2.030939	-1.428968	-2.886761	0.357183	-1.720593	1.718137	-1.092820	-0.389241	-0.722644	0.198408
-1.137752	-3.502023	-4.666224	-2.376290	-1.093767	-5.210202	-1.497106	-1.448005	-3.621839	-8.881254
-1.009288	-3.562597	-5.279769	-4.241438	-2.828017	-4.393646	-0.997329	-2.461011	-3.684849	0.218441
-2.168971	-0.672310	-1.466411	1.572730	-0.710853	1.687703	2.944109	-2.277268	-1.071584	0.880595
-0.879201	4.762217	-0.566763	5.484406	2.700619	1.726342	3.407407	-0.359584	2.915148	2.251714
-2.078883	4.935465	2.312863	4.037382	3.125289	1.654472	2.853765	-0.060865	3.210539	3.734703
0.401684	-2.430284	0.999258	0.993849	0.087052	-1.896106	1.361385	0.538485	-0.734515	-2.714930
-2.849303	-5.658946	0.350714	-4.354300	-1.835698	-0.609589	-0.721832	-0.345536	1.310380	-1.057575
-0.681344	-2.382337	-3.502578	0.090627	-2.628866	-0.850572	-0.613282	1.399670	0.178524	-2.996023
1.265159	-0.260668	-2.000320	-1.198977	-1.853255	-2.430750	-1.026461	3.084404	-0.817985	-1.745761
-0.725193	4.261449	0.735782	-1.716419	-2.772767	1.849988	-2.843566	3.351970	3.038655	0.997225
-2.366201	0.374703	-1.187271	0.378495	-0.802703	2.678950	-1.609390	2.738871	-0.720354	-0.227451
-1.546466	-8.055113	-2.935981	-2.139641	-1.804363	3.229248	-3.001626	-3.625385	-2.236406	0.458527
-0.878786	-4.606204	-4.025245	-2.723833	-2.944646	0.347896	1.300032	-4.192790	-4.553095	2.032278
-2.695461	-1.972976	-1.243959	-1.835183	-1.416550	-5.646191	1.068693	-4.917034	-3.704712	-1.802978
-1.427991	-3.695430	-2.546918	-3.706498	-1.946269	-7.855396	0.534766	-2.913604	-3.920547	-6.148722
-0.701073	-7.363465	-4.858214	-3.726379	-3.420901	-0.781500	-1.360139	-3.579385	-4.232686	-0.934631
-0.249908	-2.225881	-2.834938	-0.149330	-3.182738	-4.530383	-1.187411	-4.370761	-3.276517	-1.946382
0.453708	-0.691973	-2.102179	-2.213752	-2.616572	-4.058622	-3.353440	-2.857513	-4.007222	-5.177749
4.443076	2.833166	0.811776	1.118155	-0.727197	4.057005	-1.755313	0.235879	2.645418	3.130392
4.476497	5.523943	4.868042	3.752689	5.251799	4.073226	1.721183	1.552938	4.443121	4.199570
0.771576	6.421369	3.643334	0.677152	4.264026	2.075165	2.883960	-0.512512	0.736210	0.956912
0.063614	-0.001943	3.783171	0.339846	2.772296	-1.485147	1.072034	-0.329545	-0.720991	-0.737552
-0.491986	-3.992879	-0.122328	-0.317728	-0.610278	-2.404782	-1.189281	-0.579433	-0.043657	-1.215891
-2.917620	3.081777	1.027759	2.344035	0.364218	4.839093	-0.197271	2.317456	3.185641	4.203325
-2.613686	-2.900655	-1.664346	-1.621462	0.170200	-1.791891	-0.652620	-3.377249	-2.764070	-2.020071
0.575221	-8.932254	-5.992420	-3.531313	-1.629017	-8.861699	-2.793611	-4.244813	-6.195858	-9.154246
-1.332497	1.328701	-2.338136	-2.279111	-3.921215	-6.805597	-1.004028	-5.136402	-5.723591	-5.343165
-2.336134	-0.517564	-1.514567	-3.588951	-2.524777	-3.559247	-2.877855	-2.168778	-4.042635	-2.862395
1.261812	-1.216424	-0.138286	-0.369724	0.230216	0.793386	2.802627	-1.903204	0.775946	1.533300
-2.068255	-6.274848	-0.223164	-3.290521	-1.862916	-1.463058	0.265133	-0.550142	-2.967513	-1.924645
-0.171529	-5.831609	-3.435470	-2.156533	-1.765854	-7.201342	-0.325917	-3.507149	-5.088374	-6.167993
1.809493	-0.460974	-2.859974	0.619952	-2.276776	-0.211825	-0.331206	-1.349285	-0.119397	-0.418008
1.434715	3.804591	-1.414343	4.427444	2.286139	3.250833	-1.315015	-0.754207	-0.421043	2.164148
0.652542	2.870719	0.578356	2.677455	3.003912	-0.075928	1.171772	-1.631171	-0.535170	0.644310
-0.624023	-5.942853	-0.528644	-3.762201	-1.013132	-0.778567	-1.824325	0.571967	-0.492737	-2.868384
-0.156073	1.129911	-1.057809	1.426689	-0.956073	1.579459	-1.384687	0.472753	5.667299	3.009603
0.392893	2.873851	2.385995	3.925140	4.789414	0.482090	4.589702	-0.828369	2.309081	1.268008
3.214482	3.655906	3.919704	4.338566	2.570953	2.621168	1.051762	3.268249	4.413252	3.856069
-0.550002	-5.431183	1.471752	-3.658517	0.525366	-1.367466	0.930811	-0.743849	-2.864343	-3.271779
-2.766657	-15.818277	-2.504925	-5.266492	-2.047723	-8.548769	-2.970234	-2.782214	-6.042060	-0.057699
-2.114476	1.908368	-2.711292	0.687158	-1.338788	3.102599	-2.270754	3.554300	2.477546	4.660944
0.750943	2.386194	-1.635113	-1.025252	-1.931306	3.066978	0.104968	2.315538	4.852818	3.074688
0.520304	3.891443	1.882047	-0.848102	-1.070353	2.711910	0.683751	1.821549	-0.026899	-1.115735
-1.415288	6.071759	4.185122	2.350925	-0.050005	2.182934	-1.311490	3.748076	2.511840	2.544811
0.008870	3.801085	4.318748	3.279747	3.918362	4.926388	2.694763	5.050867	5.534578	3.316059
4.405881	6.328565	3.018357	4.525683	9.071772	5.913711	4.557126	4.184667	3.887659	5.264843
6.247950	2.806042	6.193884	4.150553	1.926949	2.771940	1.985316	1.529118	0.586326	1.669793
2.882879	1.609359	3.650762	0.714474	-0.794385	1.229111	0.259948	0.781165	-2.910280	-0.147159
-0.949829	-6.725440	0.276922	-3.115734	-2.024405	0.323460	-2.868662	-4.738649	-2.787517	2.087417
-2.723070	-1.834415	-2.616204	-2.954851	-0.394090	1.430920	-3.628499	1.065916	0.971255	2.034451
-1.209741	2.335578	2.001613	2.277340	3.469883	1.522824	0.995451	1.721801	1.970877	0.497070
-2.953541	-0.528622	-0.423896	-3.243441	-1.370264	-5.006297	-0.019597	-1.427055	-4.247814	-6.274298
-2.150466	-5.553172	-2.218403	-3.447374	-2.741911	-3.674912	-2.798830	-2.348314	1.252619	-3.724229
0.761085	-5.898735	-4.777682	-2.705143	-3.520336	-1.246294	-5.103236	0.091259	-0.412987	-1.858596
-2.063284	0.735828	-1.943807	-1.968927	-1.690618	-1.608715	1.824300	1.957700	0.159203	-0.113777
1.791828	2.169154	0.494347	1.851991	-0.972339	3.892750	2.683488	3.054141	1.131321	2.367650
0.572623	2.687780	0.000402	0.948428	1.511020	1.337625	1.288140	3.047614	1.494299	2.655207
2.452503	2.366839	1.105081	1.957402	2.648178	2.991631	-0.696833	1.458749	2.550867	3.235014
-0.110030	-0.314134	-0.971696	-0.150071	-0.704647	-1.385810	0.551580	1.623672	1.537654	-2.268113
-1.341874	2.848391	-1.267212	-1.695173	0.015261	-2.070981	2.701488	2.126710	-0.940314	-0.367454
-0.607829	0.306544	1.391452	-1.447291	-1.961282	-1.297663	3.052901	-0.034712	-0.970711	1.826005
-0.652491	0.447455	-1.908590	4.128192	2.111040	1.451257	3.989328	-2.087274	-0.477714	2.162778
-2.066961	-0.838551	1.682977	0.616090	3.652942	3.001993	4.591476	-3.400655	-2.058702	4.708080
0.487863	-2.218148	-1.474736	-1.038884	1.614436	1.475158	2.378453	-4.319038	-3.203155	1.368022
1.062884	0.633687	0.047182	0.294284	-1.764764	2.884560	-1.362233	0.840295	3.322545	2.209013
0.139401	5.875575	-0.836960	-2.642196	-1.760447	2.538608	-2.327176	4.633256	3.955414	-2.146235
0.755518	2.653236	1.215246	-1.062111	-3.957001	1.778509	-1.774370	3.555057	5.259865	0.955584
1.417834	2.965286	1.602903	0.442449	-0.350117	3.183067	-0.211910	4.743009	3.926512	-0.835923
-1.099348	-3.315558	-1.257183	-1.375108	0.291115	2.785986	0.144009	-2.107481	-0.669737	-0.594250
-3.529527	1.958317	1.546289	0.209429	3.011203	3.323767	0.921193	-0.690907	0.298228	1.045808
-2.749401	2.701023	1.733619	2.067566	3.779454	3.518809	0.053744	1.217434	2.187814	1.911352
0.184831	0.613368	2.608306	-3.487790	-3.740225	-4.390088	-1.670934	0.641645	-0.554277	-2.608514
-0.040328	3.273662	1.701648	3.604367	-1.974530	1.211073	-1.028538	1.844824	1.189760	1.071909
-1.868477	2.460810	2.007040	1.612640	1.868643	3.378485	0.186235	3.274171	2.735126	0.185922
-1.176514	-3.454284	0.436376	-4.168365	-2.297402	-1.326355	-3.110014	1.940680	3.599819	-0.438476
-1.332535	1.902682	2.069348	0.422253	0.224538	-2.163555	-3.177283	-0.318253	-2.314063	-0.635789
1.998360	1.141307	1.570847	4.551097	4.094562	3.226076	2.043528	2.080263	1.360676	3.731882
4.902276	4.014892	1.814164	5.130566	4.771471	2.386828	1.370221	2.944220	2.054531	5.921930
4.736614	4.919432	3.578086	6.163961	5.862165	4.054892	5.762295	4.367806	5.372093	5.677052
3.426179	0.231322	2.406400	5.123479	3.593040	1.470555	2.433150	2.165008	1.971253	2.946340
0.472172	-11.249945	-2.150007	-1.899080	-1.920805	-7.578496	-1.971215	-3.384886	-5.506799	-12.638911
0.939898	1.708725	0.070149	0.434278	-3.590175	-4.387673	-3.265301	-0.533194	-1.554974	-3.637411
-0.025839	1.102120	0.726151	-0.872749	-0.485176	-3.394592	-2.227709	-1.286531	-2.308387	-3.760767
-2.045136	1.637530	-0.500318	-1.723068	-3.584713	-1.913068	-0.246843	-0.755516	0.988949	-1.208389
-3.271589	3.237243	-0.715377	-1.589885	-2.093694	-0.904617	2.930996	-0.209269	0.579616	0.242812
-0.166992	1.051144	-0.274644	-2.670006	-2.520526	-4.637554	-0.113896	-2.707311	-2.993501	-3.464974
5.107957	2.846519	2.639461	3.876360	2.107480	2.645302	2.285678	1.557537	2.001478	2.816042
1.325765	2.916752	3.633116	3.841304	3.895715	3.809234	2.042015	-1.159548	1.191534	5.913847
1.101535	0.963625	1.160400	0.530417	1.883267	3.661424	-2.220591	2.340509	3.639948	1.745427
-1.513926	3.320021	3.011592	0.254989	-2.203774	-0.212947	-0.599943	4.097784	4.471797	-0.559529
-0.793215	3.767821	3.118169	3.721308	3.137576	4.639904	1.711352	3.678250	4.630659	2.512763
-2.057424	1.876304	3.056409	3.816662	4.062805	3.176956	1.752291	2.889382	4.217811	4.842489
-1.113850	-0.432049	1.521187	-0.873962	1.027398	-0.381909	-0.369434	3.339252	2.775030	-0.514967
-1.388387	-1.982459	-2.355317	-0.925175	-0.989360	-3.375510	-1.475629	0.792432	-2.898409	2.208181
-1.257428	-6.345649	-3.178230	-0.938293	0.398913	-1.942768	-1.333701	-2.712707	-4.167132	1.104715
-0.557869	0.835360	-1.726672	-3.285029	-2.809599	-2.156302	-0.787656	-4.127993	-5.702464	-4.294080
0.326296	3.079145	1.567431	-1.213099	0.982186	0.428169	-1.221803	-0.334856	1.467968	-0.696823
-1.982427	1.717283	0.265658	-0.668317	0.298750	2.770525	-1.117750	2.913373	3.239138	3.627869
-0.437934	0.896252	0.735084	0.507701	2.834274	4.299146	0.914494	3.488464	4.550018	2.379578
-1.962818	0.067829	0.855886	1.094439	1.664437	1.287714	0.140821	-0.077913	-1.358118	-0.488216
-0.833175	-6.548111	-0.388357	-1.658320	-1.088280	-5.388092	-2.727679	-2.261090	-5.366500	-7.180330
-0.583200	-2.884491	-4.361468	-4.271092	-2.399497	-5.440190	-1.657217	-5.700297	-5.536956	-1.322484
0.120413	0.445967	-1.570769	-3.597593	-1.831036	-1.154100	-0.598401	-0.318566	0.548587	2.545000
-0.563033	-0.518861	-1.060680	1.072259	4.276882	3.440359	3.342455	-1.528629	-0.344601	4.682404
-1.278634	0.918502	0.240576	2.497348	3.696535	1.122569	3.287143	-1.177818	-1.456547	-0.651493
-1.594284	-4.971968	-2.582920	-2.537245	-1.515898	-1.099490	-1.972651	-2.630463	-3.329982	-3.082713
-0.497982	-9.037492	-6.931687	-3.298234	-3.894838	-5.448234	-4.158338	-5.908997	-4.122334	-5.873477
-1.610824	-1.737994	-8.885945	-2.778639	-1.571009	-4.553283	-1.608332	-3.371552	-2.928331	-3.306408
0.230592	-2.227995	-4.269711	-2.484375	-2.151232	0.701145	3.576056	-1.481459	0.257197	-0.146726
0.313469	3.494583	-2.314404	2.502040	3.396671	1.335733	0.160211	-0.632149	1.889822	0.437044
-1.635791	1.335419	2.033661	4.186690	3.491079	3.100963	5.491621	1.786346	2.068715	5.667181
-1.417089	2.666792	1.537668	3.066558	4.997070	5.182918	7.323271	3.526095	4.461348	6.516362
-0.651423	-2.066419	1.025301	-0.560171	2.763323	1.203481	3.707046	2.967367	2.136192	1.600762
1.274407	-5.763534	-2.086353	-2.615614	-3.335383	-3.966464	-3.862868	-2.402868	-5.104680	-6.861241
1.021600	-4.161871	-5.500007	-1.486086	-1.542769	-4.809036	-2.649086	-3.634542	-2.108597	-1.448172
-2.904446	-1.889551	-5.330975	0.162498	-1.930655	-4.181449	-0.365622	-3.396085	-4.339086	-1.742255
-2.674433	-2.650890	-0.832067	-3.215977	-2.911759	-6.010520	-2.606994	-3.518725	-6.234473	-3.632714
5.625437	3.531492	2.294006	0.612475	-0.600800	4.213835	0.435485	1.840107	4.009614	4.200227
5.742460	4.334179	4.714834	3.575741	-0.170397	5.101301	2.254297	5.665683	6.627449	4.802543
3.932933	4.325354	3.977609	1.802706	2.236233	2.664562	1.045828	3.933874	2.439907	1.347710
3.260950	0.016401	2.843323	1.274360	-0.230627	1.920002	0.494162	2.150752	1.246862	-0.796497
3.234906	1.858005	3.151870	1.642089	0.163509	1.465808	1.506182	-0.273110	2.689489	1.253397
2.631394	1.383951	2.431442	0.978583	1.061525	1.645164	-1.102728	3.043361	1.231964	1.727469
5.741309	3.239925	2.112235	5.283031	1.692508	5.910856	2.528017	1.708738	4.022564	2.857192
3.393343	0.923113	1.022545	0.657822	1.457844	3.190669	0.713102	3.501497	4.391466	2.768944
-0.415912	-0.029998	-2.359731	-4.826952	-2.168977	1.751790	-2.907790	2.578512	1.732147	3.098100
0.240534	1.946480	0.548504	-3.059699	-3.195366	1.868206	-4.686074	1.661959	1.562187	2.458135
-0.274027	1.652735	0.601748	0.657672	0.708868	-1.428798	2.755336	-1.671485	0.205264	0.585728
1.320795	0.084256	1.495900	2.606755	-0.174585	0.148266	3.594925	0.534358	0.177058	2.709053
-0.712110	-0.892766	0.596761	-5.399256	-0.098730	-3.364215	-1.905822	-0.502934	-3.416449	-2.567912
-0.578253	3.411057	0.652331	-3.021068	-5.565174	-2.188253	-3.358618	1.617519	-1.654575	-5.403089
-0.870446	1.464317	1.567612	-0.338183	-1.855322	-1.456362	0.145024	0.740397	0.165761	-2.732901
-0.070799	-0.168995	1.695806	0.196894	-2.166776	-0.394551	-1.454510	-1.164318	1.304245	-1.532868
-0.501526	-0.792287	1.621216	-3.633640	-3.441039	-4.926633	-1.304231	-0.827044	-3.334040	-3.810313
2.850662	1.399334	2.170145	2.506314	-1.437712	0.722081	-0.626951	-1.803998	1.111293	-2.571654
-2.023748	-1.256438	-1.490403	2.010855	1.496705	-1.595519	0.888220	-2.501293	-1.958470	-1.395813
-2.299268	3.505889	-1.267621	7.053781	3.954315	3.599256	2.915072	1.881755	0.990260	3.247594
-0.407112	2.255711	2.223594	2.827395	0.636718	2.220098	3.179595	0.384335	1.492670	1.936847
-1.188293	1.630422	1.595349	-5.670503	-2.268579	-3.312504	-2.709518	-1.235165	0.628153	-6.060771
-2.097023	0.375718	-0.611949	-3.161009	-2.261374	2.799241	-1.351475	0.861245	0.937798	3.254724
-0.787416	-0.410004	-0.860193	-0.081522	-4.246759	1.183327	0.043718	-4.066944	-1.346801	3.635718
-0.445185	-2.425148	-2.949476	0.013564	-1.675728	0.690744	-1.382145	-2.258238	-4.080651	-0.997805
0.524357	0.654883	-1.475989	1.936153	-0.926071	-2.918914	1.284233	-2.000743	-1.871257	0.584542
-1.439501	1.417188	-1.906125	2.122051	0.764219	-0.662754	0.670149	0.045636	-1.607622	-0.344253
-1.299474	-7.519335	-2.950975	-3.762036	-0.847546	2.348319	-2.141500	-3.552503	-2.212449	-0.933000
-0.018473	-6.613287	-5.377028	-4.869700	-3.641457	-0.905602	-3.558815	-3.017162	-4.655939	-4.323211
3.548490	1.577431	-1.864476	2.629366	2.285100	0.825779	-0.552895	1.402160	1.875607	0.227707
1.127204	1.652220	2.408590	-0.544528	2.512036	-1.221842	0.873460	0.742264	-1.726608	-0.332653
-3.096343	-4.982320	0.281182	-4.710973	-4.411734	-6.853568	1.296655	-4.080146	-5.041383	-5.668300
-1.925861	-9.655287	-4.995790	-3.106359	-3.486498	-2.825503	-3.643108	-1.664765	-1.399614	-3.014836
-1.677361	-2.938881	-2.376917	-3.365875	-0.696440	-2.887748	-5.411124	-2.500087	-2.241795	-0.404766
-2.431351	-5.697298	-2.153987	-3.922110	-1.610345	-2.523804	-1.448386	-3.227005	-4.975021	-1.384293
-0.407242	-4.090037	-2.983589	-0.293351	1.720602	-4.105273	-1.737887	-2.173207	-4.458785	-1.846717
-1.262440	3.109105	-1.798813	-0.427687	0.104017	0.773846	-1.532019	0.771315	0.715523	-3.221538
-3.307255	-1.303967	-0.059248	-2.230904	-2.002783	-2.936346	-2.712272	-0.048425	-0.962288	-2.276555
-0.180993	-1.051851	0.200018	-1.543888	0.012518	-2.799547	-0.937634	-3.513214	-3.889109	-2.538664
-1.039760	3.025058	0.795795	1.774274	5.258936	-0.490956	1.328604	-1.786637	-0.799826	2.381337
0.060038	2.595665	2.023195	6.263097	5.191290	4.886630	2.072358	2.812323	4.796773	2.901756
-1.455304	2.466374	2.624229	3.638295	4.191794	2.299217	4.613140	-1.582716	2.441101	3.333398
-2.046591	-1.300109	0.186507	1.650184	2.880368	2.302407	-0.049535	0.258464	3.616073	0.209471
0.337075	0.847921	-0.593559	0.526379	0.031526	-0.301992	-0.848950	-1.615017	0.808405	-2.372614
-0.626409	3.375172	1.745642	4.845296	4.610786	1.549024	2.977110	-0.109738	0.818712	3.819052
-1.294146	-3.456153	-1.278881	-0.559951	-0.755636	-1.350037	-3.367636	-2.527876	-3.851688	-4.262019
-0.621636	0.230656	0.944284	-4.448645	-2.935324	-2.573768	-3.359270	-2.523708	-1.672678	-5.500414
1.410119	1.928703	2.137546	2.072331	4.075239	2.415139	2.182227	-0.763811	0.938361	2.468081
-0.311079	1.651296	3.664616	1.031691	0.472567	0.593095	-0.500627	-4.191259	-1.784353	-0.044819
-0.402131	0.716443	-0.144096	-2.002448	-1.801325	-2.349793	-2.074610	-3.276827	-3.326500	-3.219497
1.545067	-0.444549	-0.893980	-1.117770	-1.826121	0.331187	-1.709102	-0.979989	-0.196760	-0.897736
0.601115	-1.349573	-2.064728	-4.131160	-1.519508	-1.131653	-2.579282	0.305282	2.613986	-2.072019
0.420718	2.227880	0.269569	0.217399	0.092127	1.261197	-1.054929	2.469112	1.947159	-0.129826
0.527778	-0.334483	0.870222	0.283722	1.430397	-1.541650	0.087379	-1.086770	-3.080620	-3.073036
1.826900	2.887248	1.349237	-1.034275	-3.174884	-1.301881	-1.209236	-2.435237	-2.794829	1.103771
1.827189	2.224579	2.056924	3.377522	4.885393	4.591819	1.595547	5.159439	4.009251	3.497716
0.801849	1.343221	1.376389	0.744628	-0.118259	1.086662	1.218350	3.448887	2.511942	3.456122
-0.672812	-2.612619	-0.593958	-5.772442	-3.731732	-1.414436	-0.629505	2.272833	0.427965	0.741313
2.474811	3.322668	-0.498012	0.922026	-1.234814	0.865341	0.043503	2.790607	2.489941	1.125612
2.156724	2.996792	3.926135	3.655146	0.885801	1.788309	1.348596	1.686336	1.110891	-0.899257
-3.173764	-6.702039	0.861290	1.824331	0.700424	-3.517517	-0.900906	-2.154353	-1.777163	-1.677869
-2.778846	-12.201315	-2.258141	-2.555406	-4.455641	-9.562420	-2.390082	-4.866631	-4.259202	-7.764399
-1.770314	-0.389527	-3.490353	-0.707353	-0.034485	-1.432481	0.405489	-2.148273	-1.600205	-1.007820
-2.143360	1.505034	-1.090440	2.642402	0.953996	0.674516	2.133425	-0.270251	1.632948	2.174792
-1.217075	2.654379	0.046704	3.894271	2.854607	1.930991	2.810045	3.743961	2.727677	1.593665
3.344949	3.218617	0.835683	3.613464	4.896053	0.838160	2.940967	2.483288	2.150202	0.787725
-0.402377	0.360858	3.208003	0.392291	1.384237	-0.367355	0.945709	0.997354	0.427541	1.014799
-1.656846	0.697313	1.428567	-3.974038	-0.462239	1.645363	-1.984913	1.560984	0.068413	0.864313
-1.548547	3.454791	3.896481	2.425886	-2.487773	1.441334	-0.509583	-2.048799	0.564936	-0.012305
1.376829	3.962803	1.537747	2.909371	3.204736	2.872379	2.388013	0.065129	1.814728	2.451272
3.419392	4.424060	2.097269	2.311325	3.314088	3.081116	4.931788	4.642287	2.661007	4.936370
4.282152	1.470372	3.448151	0.945456	2.041183	5.629967	1.932356	4.317799	4.892088	3.697016
4.792918	3.571051	0.657696	3.352868	1.018321	2.613352	3.300727	3.902583	3.172489	4.381337
-1.475800	2.717408	1.132908	1.722869	1.790898	0.270891	2.985812	3.842459	1.221726	1.387459
-3.167991	0.769955	1.444587	-2.257737	-2.462286	-2.489995	2.225420	3.491546	-0.359688	-2.436891
-2.615746	-0.886897	0.673638	-2.851446	-4.546336	1.224615	1.581059	-0.110139	0.437364	-0.653187
-0.820455	-3.084235	-3.124537	-5.477153	-3.028354	-0.715659	-0.940266	0.195819	-0.621004	0.099495
-1.214008	-9.588848	-5.585536	-4.238957	-3.868046	-4.045295	-5.537048	-3.747462	-2.706179	-1.779618
-1.734295	-1.278523	-4.914457	-1.895453	-0.116515	-0.580473	-1.787784	-2.505168	-1.298347	-2.518302
-1.492807	4.409554	-0.692998	7.765859	3.432932	0.886928	3.235030	2.299915	0.176204	3.394067
-1.758334	2.880794	1.672744	4.477880	5.669091	4.645928	3.207094	2.718799	1.315187	-0.270388
-0.833767	-2.651589	1.920969	0.097911	-0.579746	-0.888552	-0.534190	1.080897	1.086014	-2.969742
3.730104	1.256619	-0.266421	-0.501549	-0.275885	0.149809	0.845175	1.364320	-0.411405	0.265027
3.677088	1.514832	0.864077	-0.772999	1.062367	0.025630	-0.492713	1.826178	1.033443	1.867539
-1.083505	-6.513737	-2.685537	-3.224942	-1.960098	-4.789469	-2.500356	-0.572318	-3.969832	-5.694182
-4.498867	-11.691273	-5.757161	-5.497580	-5.122887	-10.245769	-3.419661	-6.321359	-3.731221	-7.528018
-2.175790	-1.495562	-5.192693	-3.232215	-3.980010	-2.688349	-4.475433	-2.237339	2.111987	-3.379548
-0.510263	-3.939489	-1.963133	-4.889350	-3.485074	-6.000992	-3.172078	-2.900148	-3.272499	-7.026453
1.783921	1.276060	-3.142579	1.938112	-1.627089	0.038722	0.681894	-0.149581	-1.586170	1.925584
6.320571	3.485702	2.195369	7.588965	3.440435	0.445609	2.956673	3.338770	3.035582	3.332381
4.535595	-0.328850	3.407714	1.372805	3.966391	4.902888	2.468251	2.309809	2.348367	3.248753
1.351301	-1.246380	0.939055	4.227728	3.329967	1.952675	0.422315	2.430141	1.830991	0.380617
-0.740602	-1.417673	0.871994	0.402627	6.093253	-0.728814	3.702752	-2.179328	0.031663	2.759086
-5.875607	-1.532813	-0.223269	1.074596	1.875440	2.181338	3.892750	0.289605	-0.073911	2.890474
-1.657207	1.336514	-0.388233	0.921930	-0.717882	0.741145	0.740793	-0.126756	-0.049523	2.088193
-0.379493	0.075725	1.271103	2.316121	2.730775	2.454921	1.592168	0.526391	0.686334	0.362555
0.501942	3.464734	0.874837	5.761462	2.587001	4.461180	3.807458	1.379450	3.283266	2.359769
1.975704	-0.379044	2.266472	-0.188554	-0.017314	0.292835	-1.948153	-0.296078	-1.036222	1.995445
-2.834298	-1.619094	-2.585694	-5.461336	-4.625582	-1.867003	-2.347282	-5.174590	-8.419023	1.288891
1.598242	2.223899	-1.240660	-0.969490	-3.763613	2.523077	-1.288047	-3.087786	-4.267332	3.461913
5.124631	2.892049	2.653772	1.870173	-1.956419	-0.114814	0.311734	1.496637	1.349256	-0.751382
1.253275	2.568771	1.629603	-1.581954	-0.665909	0.752333	1.116943	2.060079	-0.468454	0.045110
-0.536218	0.541776	1.225830	-2.937680	-0.969196	-0.635075	1.399360	-1.061060	-0.769258	-1.647008
-2.594143	-1.995320	-1.468546	-1.726715	-2.669389	-5.186429	-1.345534	-3.912879	-6.725952	-5.008433
-0.983694	1.869994	0.917672	-3.894067	-3.022401	0.627775	-5.233258	-2.669479	1.694268	-0.024564
-2.501963	0.489631	2.028983	-4.292846	-2.696341	0.541644	-2.698431	-2.670760	0.296606	4.200799
-1.174245	1.959302	3.072684	0.346639	2.654579	3.175280	3.916725	-2.176823	-2.162637	2.335954
-0.414535	0.945918	3.098873	3.118177	2.107948	0.438088	3.221792	-1.485268	0.019643	3.599200
-0.272026	-5.762012	-0.757654	0.194960	-0.969644	-0.323832	-0.896950	-0.489298	1.323847	-1.595168
-3.940313	0.272623	-3.225799	0.515976	-2.156607	3.137122	-1.240521	2.336287	2.590677	3.381245
2.498609	3.570931	-1.409466	3.669217	1.925148	6.682948	1.599058	1.988383	4.177433	3.344334
-1.255955	0.923618	1.026039	-1.057628	-0.207390	2.227845	0.204669	6.064089	4.033418	0.384292
-1.565098	3.240293	1.652013	0.776932	3.614769	3.592110	0.741991	3.064701	4.962429	1.107509
-0.667217	2.889760	2.771450	3.740485	2.133116	2.464839	-0.929693	1.295317	3.508767	2.459877
-0.791606	-0.301777	0.680045	2.084824	0.998940	-2.325774	-0.076803	0.226133	-0.426969	-0.577216
4.188138	2.942687	3.480791	3.988736	3.225332	1.835765	2.326942	1.360043	1.316418	0.396019
2.227721	-0.598046	-1.220720	2.549213	3.609383	2.994948	1.340124	1.919545	1.387627	0.152169
3.795448	0.121723	1.120907	2.657943	3.548582	2.091565	1.231826	1.161333	1.671953	2.034819
4.572721	0.462296	-0.214437	0.401319	3.968022	0.991207	-0.269469	1.445601	1.140494	0.634954
0.925145	0.017671	-0.308462	1.788129	-1.682307	-0.142937	0.142321	0.530742	0.556344	0.500158
1.186423	1.590845	-0.388075	3.533663	0.407886	-0.265282	-0.720020	0.709450	1.749398	1.172013
-1.715940	0.023313	-2.676188	0.588612	1.543394	1.305961	-0.336808	2.089818	3.130350	0.437501
1.142358	-0.533030	-0.386210	-0.037833	0.255407	-1.112226	-0.689057	-1.747764	0.866793	-1.089298
-1.259179	1.880709	0.573948	-6.336683	-2.242781	-4.494057	-3.641683	-1.670003	0.046120	-4.772904
-2.241849	1.230021	1.949173	-3.862548	-4.045779	-3.006050	-3.369799	0.190091	-1.999978	-2.093940
0.409852	0.001097	0.096453	-2.391436	-3.252893	-5.427424	-1.714920	-4.187893	-4.742411	-3.425127
4.650725	2.233925	-1.249325	0.084143	-2.599532	1.066002	-1.104258	-1.070167	-1.586189	1.496910
2.123673	0.255791	1.093125	-0.229420	0.247099	1.797107	-0.491925	-2.338641	-1.780623	2.055746
-1.247102	-0.437718	-0.435410	-4.085836	-2.188808	0.679569	-1.428333	-1.973330	-3.502526	0.182358
-2.905198	-0.452120	-1.363348	-4.723313	-3.835759	0.730666	-4.713393	2.216553	0.111890	0.240317
-2.958915	-3.293731	-2.951802	-3.664760	-1.983859	-0.147028	-2.512916	2.401394	1.026111	1.892998
-1.450450	0.304428	-2.293090	-1.581788	-0.794416	1.966765	-1.382611	0.570076	1.827421	-0.506129
-1.243204	1.663337	-1.253129	-0.618805	-0.228133	-0.173883	-0.527087	1.320483	2.067205	-0.861292
-0.615875	1.981573	0.779264	-2.200020	-1.921117	0.049902	-2.542554	3.019097	1.992645	-1.706920
1.570937	1.331913	0.524170	-1.827942	-2.484473	1.384892	-0.793519	3.617100	3.317324	1.129655
-1.114668	1.725930	0.805469	-2.648582	-2.586405	1.423160	1.780011	4.521970	2.766322	1.474003
-1.574191	-2.501804	-0.172957	-2.151348	-3.960619	2.282074	1.419928	2.560089	-2.112480	-1.002709
-0.279232	-1.392415	-1.427629	2.248051	0.297182	-1.815494	0.785325	-3.538568	0.762697	0.023687
-1.314393	0.794563	1.531731	1.265204	2.754794	-1.174076	0.702799	-1.368721	-2.214370	-2.942941
-0.384674	4.408201	0.789903	1.810602	-1.464988	1.343197	-1.829058	2.805003	1.012997	4.099771
-1.552478	2.104563	1.999263	6.550737	3.873532	5.289192	3.917750	3.376981	2.787974	3.972989
3.606194	2.043216	3.042990	3.466597	2.084751	1.087777	0.142519	1.526286	0.067535	1.116880
5.072439	0.259123	-0.079840	1.340273	0.233566	1.703718	-0.164355	2.108289	-0.692345	-0.542994
4.515853	2.830846	1.113850	4.922655	2.464873	4.226480	2.831624	3.542263	3.938307	4.477832
2.663035	1.612345	-0.439166	3.670533	2.132069	-0.730870	0.303753	2.175577	1.205062	1.350121
-0.788621	-3.818321	-0.198912	-3.723205	-1.336049	-8.231168	-2.440970	-2.035699	-3.848708	-7.791062
-1.904818	0.232108	-0.991612	-4.984469	-3.815685	-7.048050	-4.479948	-6.274597	-3.409732	-4.338257
0.615940	2.672087	0.661007	1.108531	1.606759	2.360149	3.156616	-0.851550	1.445857	3.509900
0.862847	-5.827328	-2.726581	-3.282018	-2.891719	1.041092	0.790722	-3.605693	-2.743571	1.201370
-3.335101	-2.000483	-2.350002	-1.215526	-3.187024	-0.822656	-1.671934	-0.020560	0.104851	0.070316
-2.770612	3.123075	0.766616	2.809693	3.067242	2.748266	1.858849	1.389012	3.378189	3.422298
1.082910	-1.563702	-0.120852	-1.087372	-1.884224	-2.646077	-0.477332	-1.326714	-2.216590	-4.262321
0.060357	-1.757763	-0.824635	-6.017935	-2.073824	-6.934123	-5.350477	-0.430676	-4.078022	-6.866982
0.497622	1.351942	3.514040	1.263391	-1.203163	0.109591	-1.492788	-1.349812	0.834957	1.378677
0.305697	2.941662	1.339545	4.482893	2.885658	1.176928	3.603935	2.076036	2.605911	2.517717
2.412974	2.843446	2.899751	3.477057	3.097134	3.955650	4.245591	0.480628	2.969102	3.044397
2.872046	1.980340	2.773732	3.504166	2.021861	3.023920	3.339278	1.478423	4.529092	2.277480
-0.216298	-6.092909	-0.428742	-0.599193	3.379838	-1.919299	0.919097	-2.107421	-1.464157	-5.375874
-0.006267	-3.539455	-3.773898	-4.881736	-1.388242	-6.117644	0.497146	-2.391448	-4.314985	-2.924706
-0.332771	-1.981952	-0.358266	-0.890281	-1.866781	-1.862451	0.647325	-1.497801	-1.847432	-1.579853
2.496280	-1.231356	-2.862873	1.079956	-0.119184	-0.675558	-0.905468	-1.731125	-1.205138	-1.257156
-2.379726	0.228279	-1.196848	1.614557	1.803544	3.135699	-0.159534	0.663035	1.035256	0.245247
-3.096699	0.545995	-0.890218	-0.256197	2.617598	0.331484	0.742027	-1.194365	-0.301792	-1.985282
1.802448	-0.161963	-1.117512	0.359576	-0.516727	-2.124438	-1.262288	-2.906272	-2.940524	-0.569284
2.627204	0.284649	-1.134157	4.079556	3.365363	2.721897	-0.361480	0.461068	0.564218	1.888305
-0.972246	1.501174	-2.615281	3.435823	2.239861	-0.958445	2.970049	0.506309	1.090091	1.066146
-0.494614	-2.441045	-1.456111	0.996555	4.742562	0.215500	1.240398	-1.036296	-0.085647	-1.692999
0.567886	-0.380564	-2.360375	-1.886470	0.589159	-2.337500	-2.416637	-2.442793	-1.792640	-2.773467
3.082441	2.760360	-0.027897	-0.690074	-2.491757	0.931621	-2.371557	1.299269	2.537068	1.875405
-0.662866	-3.008828	-1.292005	-2.022881	-1.672793	-2.119270	-1.688165	-0.620355	-3.493866	-1.769520
-2.629548	-15.824985	-1.556824	-4.769215	-1.168557	-4.477805	-3.186765	-5.708213	-5.599486	-5.543777
-1.538322	-11.789566	-5.438579	-3.062101	-3.147359	-4.747814	-3.150260	-6.192952	-6.757736	-7.471702
-1.200702	-0.513826	-8.030995	-2.361564	-3.083708	-6.514930	-4.319553	-2.705018	-3.532360	-4.579730
-1.533006	1.889581	1.031805	-1.311832	-3.772014	-2.488781	-5.347348	-0.336359	0.489399	-2.821596
0.600950	0.956999	0.474198	-5.010830	-2.534588	0.375404	-4.303851	1.170080	1.210595	-0.469833
-0.149351	-0.415723	-0.156139	-0.976589	-3.084740	-2.446105	-1.677864	-2.091347	-2.571614	-1.596374
0.679973	0.666161	-0.948728	3.082465	2.853618	1.458066	4.991205	-2.387587	1.240027	1.828347
-0.634495	1.588100	1.635411	3.905800	1.832573	1.607190	4.539553	0.887116	3.588175	3.669500
0.694127	-0.892856	0.716957	1.027088	0.972612	1.722041	2.580074	1.195818	3.805386	1.781153
-1.254780	-5.110359	-1.920308	-1.952604	-1.274478	0.579495	3.249061	-3.118827	-3.881683	1.452176
-1.381234	-7.057955	-1.012003	-3.689207	-4.266810	0.604427	-0.243691	-4.608760	-5.934375	-1.551261
0.473046	1.082007	-1.215046	0.330447	-0.856300	0.288814	1.772111	0.328675	1.866467	-0.771187
-2.601461	-0.676919	1.332248	0.234924	-3.129762	1.268636	-0.481240	1.183836	0.523501	1.214471
-0.209672	-2.211878	-0.369936	-1.409010	0.247487	-0.303930	-0.186152	2.784083	-0.151815	-1.487614
-0.801408	0.675386	-0.952513	-3.371988	1.731533	-1.449003	-1.773731	0.756274	-2.585323	-1.324969
-0.960988	1.482231	0.324604	0.424153	-0.790443	-0.034202	2.712015	-0.174829	0.969337	3.532381
1.698267	3.360315	2.428604	1.218578	1.848942	1.598956	1.999977	0.836436	0.260523	3.974412
-1.329463	2.700101	3.416275	0.866751	1.324472	1.510252	1.599048	1.775831	-0.423304	-0.084900
0.246602	0.068449	0.709509	-3.025665	-0.535673	-1.712427	-1.529782	0.180119	-3.627284	-5.037877
-0.587659	0.980824	0.778696	-3.682507	-2.720110	1.578202	-6.147220	1.328565	0.645943	-0.594641
-1.097666	2.213291	1.562831	-5.335113	-4.156160	-0.072673	-4.421376	1.361336	-0.990760	-1.668312
-0.387239	-0.134683	1.032307	-3.258122	-3.078641	-5.398065	-0.746559	-3.046602	-2.277731	-4.007511
-3.481100	1.026171	-1.176079	-1.780771	-0.854274	-3.723085	-1.298077	-4.522181	-1.271609	-3.486054
-0.713569	-1.394976	1.061368	2.314500	3.704122	1.054956	-1.045241	-1.173231	0.477072	0.727539
3.321933	1.242649	0.944348	0.608051	1.483626	1.491850	0.083641	-0.767183	0.147475	4.003052
5.006686	3.690219	2.307260	5.281344	3.110317	4.088387	2.625559	2.057336	1.865264	3.775570
3.805969	3.692312	1.647505	4.766839	4.103974	5.795461	4.799303	3.851000	3.969306	4.080979
-2.584838	0.186704	1.262685	3.755995	1.427476	1.396167	2.310763	2.448781	1.989867	2.263864
-1.487857	1.297777	2.445805	1.459573	0.720901	0.357399	2.495730	2.169255	1.972413	2.551713
-0.288406	1.308713	-2.298930	1.202332	1.839928	2.290053	-0.392406	2.636600	3.942514	0.493515
1.044293	1.605394	-1.773214	0.808133	0.028935	1.759728	-0.692654	1.075293	1.902337	0.778260
1.409221	1.914408	1.269761	2.678134	-0.749399	-1.894880	0.258175	3.464914	2.544351	1.427637
