X1	X2	X3	X4	X5	X6	X7	X8	X9	X10
-0.146439	-2.829963	-2.392035	-2.232202	-2.470739	-4.919336	-1.037685	-6.502178	-3.065025	-2.199693
-0.455611	-4.570561	0.119491	-1.695268	-3.040768	-3.105501	1.985377	-2.724255	-2.254329	1.032985
-2.445094	-1.828981	-2.418056	-0.164864	1.020216	0.737697	2.397426	-0.746034	-0.955348	-0.535115
-1.132875	3.226667	3.441127	5.274553	5.653350	3.227077	5.561192	1.999572	4.370918	3.363835
0.564961	2.014673	2.690041	4.541528	4.700669	3.629453	1.644805	1.711944	2.368271	3.252560
0.114628	-4.576177	-3.896612	-1.721496	-1.234892	0.229642	-2.230405	-2.950333	-7.145591	-5.555516
-1.400159	-3.341496	-4.025231	-2.105479	0.203101	-1.000742	-2.768209	-0.074080	-1.016774	-1.630170
0.608414	2.056300	2.252982	2.780920	4.657483	3.907414	1.595020	1.679285	3.725619	5.808719
3.145260	4.881796	2.198627	7.038841	8.149287	5.456425	3.563711	1.650240	4.526877	4.499373
4.816293	0.165572	-0.123200	5.565720	3.871847	2.420502	2.334091	2.338164	2.434692	2.334211
2.690228	-1.362089	1.870299	0.070194	-4.245306	-1.088345	-3.172715	-1.950266	-4.065449	-9.182348
-3.465424	-5.441108	-2.365680	-2.761001	-4.810039	-6.288004	-1.132381	-3.168174	-5.111459	-10.236888
-1.679348	-5.129207	-5.709543	-3.085134	-3.014023	-0.685166	-2.278482	-1.565686	-1.279355	1.180107
-0.454833	0.702890	-1.755996	-4.062671	-1.993926	-2.395823	-2.494094	1.815173	-1.485155	-1.488548
-0.840266	0.932160	1.952854	-4.361483	-2.954220	-1.548867	-2.087194	-1.407025	-3.876278	-0.085639
-0.840235	0.829877	0.759999	-3.857540	-1.834077	-2.424692	-0.687160	-1.166207	-5.551645	0.532445
0.633772	1.462514	-1.088471	-2.518718	-0.590070	-2.083093	-1.632770	2.492098	0.680820	-2.554885
-1.648535	-3.136058	-0.331165	-3.425889	0.181428	-1.355764	-3.243104	1.140559	-0.686609	-2.183618
-2.206544	-1.227268	-2.777195	-3.339031	-2.193759	-3.517102	2.792959	-1.788054	-4.179657	-1.524047
-2.247046	2.857352	0.129027	-4.125922	-3.981006	-1.979105	-2.427863	0.642327	1.879247	2.376736
-0.202631	2.943072	3.515288	-3.312642	-2.128890	0.938230	-3.662851	2.053570	4.258374	-0.052662
0.063611	1.989557	1.948174	-3.541974	-1.338592	-3.659098	-2.350289	-0.714659	-1.097708	-6.403938
0.740788	2.131974	0.136169	0.719000	-1.172588	-1.177688	0.495040	-2.699394	-3.103932	1.405813
-0.174592	2.194186	2.526958	3.160693	2.959038	1.426858	5.599752	-1.115070	1.196869	4.430993
-1.281222	1.638256	2.553924	4.453118	1.189706	0.643039	2.256760	-0.665521	0.716959	0.981804
-2.140595	-0.413052	0.059848	-0.646315	-2.739969	-1.005149	-5.754320	-0.847085	1.389103	-2.066955
-1.156405	-0.149377	-1.655887	-2.841196	-4.538871	-0.007910	-2.468077	0.879402	1.595862	0.616116
-1.765446	2.069140	-0.188703	-0.775018	-0.237385	0.830052	2.019701	1.964904	2.721098	3.023014
3.409887	-0.310141	2.634381	0.570623	-0.442499	3.094731	2.969427	-1.628718	1.006272	2.554938
3.370898	2.778338	2.797744	1.481531	2.101998	2.194220	1.190809	-1.000202	1.027645	0.524582
-1.989511	-2.770765	-0.701837	0.798509	3.648916	-0.568588	0.118058	-0.196685	-0.418326	-2.555259
-2.132036	-1.318093	-3.948286	-1.210446	-2.244234	-2.119800	-0.863818	1.333492	1.433818	-2.492491
3.056525	-0.772190	-1.706124	-0.436633	-3.186947	3.783373	-2.123510	1.878192	1.665836	1.329379
0.922473	0.345100	-1.246678	2.046544	-1.557415	1.932723	-2.422312	4.622075	4.439885	3.047043
-1.792193	1.711131	0.277130	1.506479	1.282667	2.454139	1.140882	4.336702	6.091623	4.423591
0.978529	1.640858	2.228571	5.441065	2.942302	2.924810	3.864379	2.965332	4.674505	4.891614
-1.116463	-0.159366	0.450622	0.427196	1.554594	2.993024	0.621983	2.335728	2.949689	2.036701
3.531028	2.175514	0.622955	1.941460	4.192344	2.371070	-0.740201	5.692049	5.454432	1.944941
7.214001	2.222051	-0.310257	3.736747	0.211253	1.960134	-1.394470	3.716256	0.790090	1.576820
5.240551	1.226397	-2.612541	0.747645	-0.847281	2.650704	2.532679	3.051910	3.740619	0.814325
3.699175	1.512006	0.133376	1.227739	0.019143	3.006164	-2.246351	3.539971	2.583277	1.881443
-0.560832	0.609831	1.161864	-1.158386	-2.166180	-2.475598	-2.625758	-0.037798	-2.945878	-2.290541
-4.199175	2.492524	3.895997	3.284755	2.536648	0.182202	5.191059	-1.490037	2.531410	5.097657
-0.748562	4.534038	4.420345	6.078344	4.504121	2.656148	5.423101	-1.280883	4.530599	6.720221
-1.907400	3.474526	5.484081	5.063462	4.806336	3.195527	2.412568	-0.111075	1.501849	2.466936
-2.249395	3.121742	3.158476	5.419290	-0.318815	3.251720	1.864961	1.106951	1.704218	0.996683
-1.336457	1.129740	0.959101	0.034308	0.227762	-0.739087	-0.408621	-0.212742	1.923466	-0.564055
-1.685695	-1.634527	-4.042472	-2.174305	-0.684640	-4.733111	-3.742278	-2.590991	-5.342147	-6.013896
-0.565519	0.861896	1.585129	-0.650571	4.103971	0.643432	1.995989	1.553969	1.243942	0.425941
-2.579439	0.830265	1.531077	-0.635513	-1.538315	-0.841976	-1.963222	-0.854397	-4.778607	-1.832562
-1.467966	-1.282866	-1.944257	-2.268553	2.661494	2.625348	-1.678312	-1.995223	-4.310629	2.983274
-0.421712	0.257461	-1.975800	-0.825616	0.990588	-0.427711	0.066018	-1.492843	-2.987260	-1.813270
5.390211	3.648304	3.864222	1.520775	1.222858	-1.150573	3.092966	1.360911	2.515964	-2.091513
5.092990	1.494919	4.861182	2.567196	1.959093	0.824147	0.358330	0.405806	2.419911	1.002123
2.997712	1.629267	3.341655	-0.620778	1.302282	0.347830	-0.002592	3.468112	1.448147	0.305418
6.197863	0.709109	-2.093285	0.195527	-0.702884	0.349461	1.206898	1.993398	-0.369859	0.340551
0.848029	0.152404	-1.698362	3.300687	3.373183	0.117921	0.925799	1.167635	1.534463	0.970401
-2.010604	-4.910383	-1.867100	-0.387222	2.032873	-0.698306	-1.212792	-1.960906	-2.974615	-5.190252
-2.455953	-2.071289	-2.919321	-0.959127	-3.059325	-5.655737	-1.329077	-3.041652	-5.947721	-10.008630
0.465670	0.181651	0.468753	-0.734751	-3.740722	-5.365489	-0.312056	-4.162528	-1.657882	-3.103455
-0.897554	0.009104	2.317900	-0.739119	-1.760329	-1.742279	-0.263333	-2.231062	-2.014821	0.468453
-2.819238	-3.037961	-0.227600	-0.834456	2.146145	-0.998123	-0.201407	-2.217176	-1.905063	2.246172
-0.489099	-7.220876	-5.935965	-1.715085	-2.527011	-0.671437	-2.941880	-3.204594	-3.771429	3.043981
-1.717554	-7.128868	-6.568213	-3.011730	-5.039807	-1.922936	-3.242554	-5.245339	-3.714640	3.341759
-1.531618	-1.162565	1.051439	-2.630715	-1.218452	0.848062	-0.161329	-2.961532	-5.402916	1.272684
0.020492	-0.303692	1.470975	-2.143162	-2.681555	-0.423456	-1.680604	-4.498992	-3.184673	2.754336
1.430859	-2.429373	-3.184320	-1.228992	-1.095924	1.439194	-0.563182	-3.017038	-2.911928	3.481693
2.766068	-1.322729	-1.346457	0.579573	1.773531	2.119498	0.590539	0.568612	-0.825895	3.920436
2.742101	0.102619	-0.666349	1.987012	0.827104	2.228641	-1.725340	2.666341	0.999311	1.555843
5.019142	2.590754	1.078094	2.767205	2.055888	5.568709	2.472081	0.917034	3.885279	4.844695
4.451276	6.029659	0.943663	4.216334	3.538776	4.293389	3.143403	3.678576	6.377598	4.423171
0.570085	3.987521	3.916151	-1.534919	-0.962437	3.290369	-1.854072	4.100755	4.444859	-0.381448
-1.382046	3.591726	3.565250	0.256028	-0.396757	0.832435	-0.447342	3.721759	4.277255	-1.026082
4.959668	3.942166	3.225157	5.132759	3.680013	3.761976	5.361695	3.159777	3.709380	4.278150
1.190911	3.110330	3.580468	2.887059	1.771069	4.002079	2.040442	3.939098	3.146927	2.268131
-3.778533	-2.731086	-0.669718	-0.252387	-1.220193	-1.210065	-0.235097	-2.234084	-3.716805	-5.161260
-2.608478	-9.013288	-7.678002	-3.117590	-4.853773	-8.003469	-0.903119	-4.897479	-7.248521	-7.762539
-0.278138	-3.153477	-5.249682	-4.173465	1.041127	-5.299742	-1.932520	-2.434491	-3.094920	-2.586425
4.212673	0.876546	0.590544	1.989480	4.810006	1.904207	1.729104	0.570874	2.466796	2.102466
1.720040	2.290083	1.540780	0.237833	2.412064	1.229868	-1.477942	0.948211	1.276331	1.122918
-1.169248	0.809638	-0.496468	-2.566013	-4.183696	-2.206367	0.670947	-0.204681	-3.288314	-0.090788
-3.623105	1.283015	-1.081292	-2.223566	-1.543373	0.651294	4.635476	0.389796	1.796464	2.869735
-2.181743	-2.769577	-1.213685	0.790167	0.330135	0.399043	1.081853	-0.390860	0.980871	3.146870
0.934527	-6.404529	-2.538637	-0.604918	-1.851267	-1.880927	-3.944019	-2.456647	-6.314587	-3.060597
-2.099206	-6.166730	-5.773936	-5.663026	-3.030575	-3.235921	-3.275831	-2.905066	-3.188905	-5.404381
-2.850152	-0.811568	-0.687569	-2.737059	-4.480885	2.204553	-1.490178	-1.587312	0.722825	3.346605
-2.147522	0.347073	3.335776	2.710882	-1.187191	0.663392	2.069648	2.689817	3.422313	0.201946
-1.393323	-1.549791	-1.419385	-1.299905	-2.258385	1.737189	-3.383147	-1.920774	-3.200033	-3.274369
-1.330366	-3.070743	-5.031635	-2.421018	-2.937661	-4.271359	-3.935655	-4.971880	-8.921803	-7.096253
-0.868757	-3.782264	-3.769958	-3.987856	-2.480511	-3.984556	-3.971868	-3.205996	-4.227885	-2.419419
-1.502603	-3.517632	-1.696036	-2.343516	-0.944627	-1.012005	-0.349580	-0.805313	3.290131	-0.608778
-1.794412	-0.771426	-0.191749	-3.706093	-3.776400	1.964090	-0.874482	1.449075	4.624257	1.976460
-3.561888	2.003478	1.898723	1.151216	4.606981	2.686728	3.191633	-0.982422	3.894907	3.158984
1.623863	2.738004	2.118900	5.057218	6.227323	4.182207	2.843172	0.552805	3.888792	3.994084
2.853236	0.764576	1.357404	3.975219	3.585639	1.865025	0.432943	3.444465	3.173626	3.610650
3.623129	0.799022	1.119458	1.877427	-1.733262	-0.107018	1.018654	2.517670	1.361223	0.259572
-1.371963	-1.795532	-0.787417	-3.316549	-5.268368	-1.395824	2.488612	1.025831	1.296097	0.209244
-0.419741	-1.644557	-0.031796	-2.515000	2.023831	-0.992093	-0.801076	-2.203340	-1.429939	-0.872345
4.336692	0.130973	1.720842	2.219882	5.290647	-0.436324	0.053896	1.933570	0.122329	2.657898
1.582235	-2.233012	0.226822	-0.668290	-0.825308	-0.726416	-2.494964	-0.270928	-2.610884	-4.209934
-2.529912	-0.274583	-3.609933	-1.480906	-2.635724	-1.710270	-2.901851	-2.819419	-4.866564	-0.089349
-0.855049	-4.281411	-0.908700	-2.913255	-4.098988	-2.746484	0.023441	-1.173190	-1.595597	-3.413253
-1.959076	-4.314068	-1.830455	-2.032325	-2.718190	-2.214257	-2.739281	1.221374	-0.977271	-6.605454
-2.850792	-1.091125	-4.510674	-2.486704	-3.149219	-3.512888	-2.544114	-1.506814	-1.335870	-3.487658
-2.012895	-0.240552	2.686864	2.887121	2.955037	3.372126	2.268847	0.905461	2.529418	2.748129
-2.018383	2.502577	4.205481	3.810863	4.385589	2.993986	2.701506	1.885313	3.930205	5.614701
-1.594354	1.054791	-1.906800	0.189733	-0.970555	-0.932806	-1.125034	-2.961342	-4.400495	-5.001147
3.490096	1.519917	0.607441	-0.618555	-2.313984	0.536852	1.801030	-0.244890	1.112328	2.587479
2.674568	0.109481	-1.928976	1.789111	4.780312	0.586262	2.207600	-0.481816	3.812987	1.362573
-3.733832	3.433507	0.890068	2.557744	4.823740	0.624826	-2.772723	-2.182905	-0.593009	-1.372369
-0.272002	2.348020	4.882191	-1.160945	2.572009	-1.639954	1.862463	-2.755243	-0.324349	-4.684054
0.950563	3.301742	-1.038090	-1.567444	-3.757374	-4.103675	2.997256	-3.279216	-2.860624	-0.233887
0.184568	-0.778905	0.861540	-2.619041	-2.788002	-3.499237	3.116455	-3.384409	-5.607025	-0.346871
-2.280584	2.762199	-0.804605	0.256875	0.681329	1.725462	-0.920139	2.831591	1.889354	0.770586
1.829812	3.128972	1.574788	3.899212	2.418126	2.234425	4.099168	3.810899	3.865821	2.260280
1.062262	3.135831	3.857331	3.594582	6.406592	4.210753	3.248576	1.688626	3.026681	4.759405
-1.868630	4.160690	3.845631	3.775693	6.138230	0.322246	1.789279	0.564287	1.293739	2.915957
1.440541	2.188764	1.612898	1.132652	0.709542	1.103706	-0.215328	2.471992	2.890899	-1.536470
4.425779	1.783363	-0.301263	2.844467	2.229128	2.400032	-1.039749	3.905253	0.685963	-0.458383
0.041390	-0.302605	0.579152	0.338844	3.632489	1.414726	-0.184791	0.172483	-0.381066	1.924814
-5.202522	-1.226831	1.949546	0.758388	4.105823	-0.233312	1.399838	-2.666309	-3.592987	2.190215
0.805048	-0.178411	-1.053180	-1.276297	-2.380972	0.096916	-1.111169	-4.127314	-1.265202	-1.389887
1.352704	0.832057	2.705971	-2.693708	-2.447800	-0.815490	-2.701921	1.084079	3.234189	-1.444198
1.689551	1.954175	1.861696	-3.737143	-1.535364	-1.238831	-0.682227	-1.281923	-1.372617	-3.770123
1.984492	3.190041	2.488390	2.421998	1.071327	1.667791	1.814903	2.073089	-0.181924	4.237330
3.569831	-1.184950	-0.634454	1.241015	1.955769	2.698073	2.400859	0.431620	2.053865	1.881154
-1.288427	-1.593803	-1.761847	-3.723595	-3.306747	0.716314	2.721729	2.510678	2.010943	1.069144
-3.339281	-0.499128	-0.908398	-2.723333	-4.027130	2.017809	1.342002	0.147668	3.158404	1.898791
4.356673	3.118566	3.511377	-0.281106	0.654309	2.569856	1.357465	1.322494	4.153841	1.652489
6.211238	2.677566	1.713666	1.068282	-0.541540	-0.251550	2.579007	1.508160	-0.510456	1.486530
5.007616	1.719056	3.651149	0.693623	-0.555891	1.553287	2.294014	2.397869	0.688104	0.416507
-0.251892	1.855320	0.307109	1.002409	-1.263556	-2.496638	-1.044527	-0.265977	-0.867589	-3.084488
0.967516	-0.073461	-1.304175	2.185531	-0.225451	-2.023132	-1.474529	-0.727476	-1.428847	-2.726062
-3.295559	2.541791	3.143375	2.331778	0.140511	-2.390999	0.970394	-0.272729	0.670918	-0.893723
-1.395416	0.341853	2.011434	-2.289862	-1.676187	-4.465548	-2.828771	-1.709436	-3.177207	-5.613680
-1.272656	-0.048098	1.864079	-1.869402	-3.614063	-2.954984	-2.697439	-0.510298	0.438266	-1.674439
-1.781278	-0.536690	-0.642319	3.438443	-1.951334	-1.019615	0.987578	-0.785316	0.032820	1.218892
-0.867983	0.681149	0.734513	1.726257	1.688083	0.496151	-0.365935	2.042406	0.800142	2.539404
-1.870873	-3.799909	-3.864854	-0.757174	-3.560133	2.083605	-4.398191	0.393565	-3.447483	-2.191310
-0.455450	-4.190596	0.427950	-2.447269	-1.827500	2.174039	-1.242103	-3.408544	-5.185973	2.833743
1.776185	1.013257	1.804792	0.189054	1.485661	-1.851057	-2.265884	-0.940624	-0.399043	-0.374546
4.883529	1.547316	2.191941	1.897275	4.995231	1.472908	1.074353	4.094317	2.485391	1.159418
-1.615321	0.491147	0.369864	1.930076	4.648987	2.670424	0.442496	2.124475	3.332410	-0.301274
-3.629569	2.762816	0.134128	1.095834	2.988011	-0.151518	-1.020166	0.739742	1.744599	-0.592627
-0.496419	4.250387	2.753497	3.726530	3.752580	1.028769	1.785855	0.115212	0.337139	2.308351
-1.989476	2.297023	2.287939	4.124541	5.446073	0.109577	0.995349	-1.066925	1.588214	1.362354
-2.664644	-1.455910	-1.241482	4.007446	-0.515930	0.148993	-1.183994	0.640224	0.882506	-0.911822
-1.291429	0.004850	-3.132100	0.929321	-1.292751	0.067207	-1.691882	0.050551	-2.047802	2.305115
-0.854738	-3.082734	-2.578249	-0.054355	1.057090	-0.656493	-0.123326	0.290145	-0.676727	1.323262
5.551024	0.296103	-0.649065	0.051193	2.030372	0.916383	0.506369	0.904097	2.033415	-1.013786
1.086250	0.888923	0.029620	-1.048256	-1.318326	2.983322	0.165296	3.487499	2.682906	0.135667
-5.010069	2.019691	1.667371	-2.279326	-2.728222	0.238913	1.341847	0.084538	1.027230	-0.800182
-2.272840	-1.920927	-2.307844	-3.089539	-4.082436	1.569545	-2.788181	1.229406	0.456473	-2.124437
-0.276770	-1.168167	-2.786258	-1.822718	0.690114	2.312806	-2.484392	0.847092	2.445518	-0.483798
-0.640070	-0.559363	-1.351901	-0.252284	3.575908	-1.683015	-0.042490	0.625085	-1.907148	-3.044370
1.956251	-3.484346	-3.602904	1.517239	-0.514169	-1.923129	-1.040578	-1.313225	-2.831341	-2.566551
4.210485	2.079451	-0.304795	0.873131	0.875466	-0.223948	0.150045	1.240251	0.438028	1.072257
4.837920	1.505198	0.176096	1.636672	-1.427803	2.103117	1.320177	-0.652698	2.355846	1.380355
-0.364253	2.776867	2.652545	1.049741	-2.037890	-2.708144	-1.983980	-0.602782	-3.982600	-1.053356
-4.359246	2.991030	1.812625	0.796420	3.993991	0.481458	4.893074	-0.522612	1.229380	1.356125
0.226130	-4.620339	-2.645487	-0.904011	-0.666973	-0.730187	-0.594358	-1.955898	-0.801524	-3.879200
-0.347736	-4.916363	-3.639812	-1.552368	-2.977793	-2.519589	-3.498472	-4.050350	-3.861621	-2.741827
0.252142	-2.538166	-1.518671	-0.910869	0.089320	-1.465657	3.080837	-0.361278	-1.910220	-1.706053
-1.219747	-5.683866	-4.157682	-3.928027	-3.080142	-0.892502	-4.145528	-3.808992	-4.328827	-1.481674
-2.356215	-5.477684	-3.863362	-3.649858	-3.418987	-0.807731	-5.638060	-2.913801	-1.514148	-0.217284
-1.167977	-3.163233	-4.540925	-2.498275	-2.166224	-1.207354	-1.223852	-1.888715	-1.656490	-2.248878
-1.868646	0.495870	0.593217	-0.621390	-0.903456	0.769923	1.687604	1.209459	1.438545	-0.687250
2.890265	3.515715	1.493152	1.351687	-0.310989	1.135390	-0.334386	3.379311	3.521953	0.003507
3.554641	-0.512309	-0.320727	0.643146	1.921274	1.147142	1.247389	-0.101366	-1.448069	2.686700
-2.678230	-4.905209	-2.294128	-2.675221	-2.092768	-1.502629	4.049836	-2.248580	-6.249020	-0.512162
0.085035	-6.862089	-3.606253	-4.340721	-3.348816	-3.488528	-0.434433	-4.392837	-4.830702	-2.979772
-2.798477	-3.286753	-1.780806	-2.994558	-3.276370	-1.304162	-1.232409	-2.278644	1.605188	-2.879420
-0.695882	0.242398	1.655015	-2.278538	-1.058026	0.217366	-1.609482	0.356193	0.806451	-0.237697
-0.068093	0.983167	3.190110	-1.938162	-0.206383	-1.160850	-2.627240	-2.958932	-2.839510	0.930107
-0.486826	-3.403242	-3.203915	-3.257933	-3.469236	-3.962413	-2.673672	-3.660923	-5.270990	0.300203
5.468904	-0.449023	-2.841954	1.446951	1.390121	1.152473	-0.562167	-0.598585	-0.946185	3.607299
6.745783	2.516233	2.539302	1.640890	1.962194	3.041406	2.334887	3.811079	1.974312	4.639909
2.212496	2.000437	2.165063	-0.852413	-2.939108	2.247783	-0.897999	4.939565	0.819708	1.958941
-2.890273	1.186302	-0.322159	-3.250254	-3.548277	-1.666097	-1.596714	2.721372	0.936910	-4.362091
-1.407537	-2.561856	2.440253	-1.491427	-3.336802	-4.528834	-2.395946	1.362597	-0.455373	-6.125078
-0.949312	-0.157821	-0.461187	-3.228625	-3.262474	-1.674830	-0.311384	2.733839	1.059769	-2.654406
-1.295710	-3.555472	-2.125359	-4.087542	-2.545179	-2.681184	-0.700517	0.800497	-0.608354	0.629735
2.590854	-2.021788	-3.134842	-1.456268	1.288294	-1.357094	-1.035033	-1.398328	0.073869	1.772358
4.848267	-0.391046	-0.996816	0.825608	1.026060	2.613840	0.625376	0.379264	1.795451	-0.155927
-1.314285	-2.395921	-3.472657	-1.283603	-3.785566	-0.860379	-1.604878	-3.520224	-4.601697	-0.041206
-3.526213	-4.491586	-4.112638	-3.568389	-2.769570	-3.301048	3.149815	-3.430391	-4.962961	-2.130969
-2.709830	0.977088	-0.175933	-2.500537	-0.010936	-0.689665	-0.472038	0.548765	-0.582428	-1.970104
0.769753	-0.217070	2.149685	0.958368	6.375753	1.132676	3.001574	-0.658850	1.734018	1.433400
5.423525	3.204373	0.827946	3.420842	4.232614	2.644979	2.946558	2.623466	5.108790	4.019555
-0.106824	1.468848	-0.585918	0.755400	2.982765	2.919849	1.224221	1.621419	3.956904	1.542471
-1.605503	-0.256110	-4.028177	-0.995141	1.344324	1.416592	0.539170	-0.427985	0.897677	3.096460
-1.741020	0.407535	0.269704	-2.249662	-2.642790	-1.129186	3.461713	-2.741039	-4.365876	0.776132
-1.773183	0.555217	0.453357	-0.169445	-1.965459	-1.912676	1.731953	-2.168137	-2.723538	-0.086902
-1.442699	-1.686225	-0.849783	1.477329	-0.480562	-1.553072	-2.488503	-1.982571	-2.248792	-3.152433
-0.418074	2.845446	1.081319	4.528480	2.309319	0.296735	2.597048	-1.489232	1.048781	2.601349
-1.567711	0.988768	2.965400	3.188530	3.673004	1.109754	5.581910	1.494590	1.911096	2.223054
-0.448315	2.634581	0.538996	4.736297	1.807014	3.368395	5.167285	1.455505	2.451573	3.945790
-1.484687	0.825523	-0.038356	2.726506	1.713568	1.889967	0.705976	2.147623	2.420530	-0.078534
-1.154030	0.901236	-0.203420	5.739477	3.450586	3.520183	0.097184	-0.265844	1.149786	2.141191
-2.033142	-0.762243	-0.225558	2.566032	4.409690	1.509352	1.842109	1.043217	5.087758	1.326073
-0.671023	-0.564971	-0.180233	0.246296	1.629198	-1.314612	-3.369947	-0.636282	-2.264533	-4.365080
-2.338971	-1.850310	-2.095308	-0.465909	-1.642668	-4.079397	-1.804887	1.374873	-3.906369	-2.822062
-2.273081	-1.302020	-0.983345	-3.155160	-2.589190	-0.384391	2.610689	0.968596	1.192070	1.872736
-1.728448	0.964939	2.709992	-0.285832	-2.071747	-0.575278	1.608880	-0.638297	3.250702	3.934718
-1.138267	-2.123294	3.370039	-0.938802	0.695282	-0.101146	-4.595518	-1.052991	1.707649	-1.931506
3.854071	2.035620	1.609933	2.915455	5.156014	1.637220	4.775793	2.150731	3.124329	2.616367
4.902875	2.281718	2.207308	3.481464	3.141970	1.531437	3.289109	4.288285	4.421862	3.419244
-1.861545	1.713739	-0.724200	1.957249	2.559968	2.675420	0.683726	1.358489	0.890969	1.223831
-0.963677	-1.179381	-1.437458	0.758335	-0.815872	-1.644615	-3.491160	0.650261	1.678569	-2.948567
-0.144409	1.400093	1.382367	-1.895954	-0.865233	-0.985652	-2.000153	-0.724280	2.422482	-2.546346
0.226975	3.706697	3.671908	4.671209	5.352105	3.184727	4.371740	2.606384	5.028229	2.408200
-3.264011	0.357764	3.072295	4.965147	4.012357	2.409540	5.053716	1.423173	1.999229	5.511376
-1.682850	-2.111473	-1.912742	-0.618014	-1.845257	-0.861996	-3.143832	-1.268493	-0.686297	-0.973915
-0.999223	2.012917	-1.343674	-2.708849	-5.082021	-1.815463	-5.388210	-0.849293	-0.845429	-7.768368
0.372488	-3.204635	-1.272674	-4.346433	-2.197120	-0.774142	-1.998123	-3.326608	-4.731747	-0.841679
-2.735697	-1.875202	-1.433915	-3.559641	-3.180337	-0.423814	-2.242078	-2.416016	-4.451631	-1.533144
-0.321557	2.999045	-0.598273	-3.145448	-2.640756	-4.298060	-2.107481	-0.863496	-1.035261	-1.164659
-1.980569	0.383831	-0.751525	-1.943930	-4.390062	0.003139	-2.067238	1.703773	0.839183	3.285278
-0.430111	-2.714919	-2.410449	-1.315362	-3.502942	-1.542498	-0.622156	-2.124688	-4.838579	-0.645528
-1.374658	1.414516	3.619275	-1.139619	0.796418	-2.701852	-1.021640	-2.120458	-4.551728	-0.620174
-0.492787	1.311159	1.467767	0.937222	-1.194568	-1.957003	-1.875897	-4.609314	-5.041243	1.429442
-2.177172	0.147028	1.551441	-4.015314	-3.381188	-2.100332	-2.778833	-4.769537	-4.404307	1.678025
-1.871588	-0.010558	-1.423085	0.547595	1.739170	-2.076419	-0.829254	-3.382205	-4.064800	0.912277
-2.708208	-0.510685	-0.033500	-2.455927	-0.424484	-2.694446	1.247535	-4.697098	-3.537003	-1.177499
-2.068206	2.762963	1.942310	-3.194057	-3.767738	-1.928294	-3.742873	-0.303394	0.546003	-6.770000
-2.038656	1.252598	0.658153	-2.786074	-3.135983	-2.158043	-3.072982	-3.241974	-1.528166	-4.450924
-2.853029	1.994029	0.279139	0.916145	2.634690	-0.499276	-0.553598	-1.603518	-3.456591	-0.169069
-0.510600	0.949366	0.452373	-0.072179	1.726788	-0.563375	2.259375	-2.266507	-0.259256	-0.266031
3.314259	0.442616	0.135060	-0.580226	3.390220	0.339678	0.039631	-0.381124	4.959857	0.574791
2.579875	0.530283	-0.594797	1.093523	5.587890	2.567799	-0.570834	3.393451	3.289263	1.963499
3.173475	2.214672	2.962303	0.200188	2.469305	0.025305	2.585576	1.954734	0.822178	2.329295
0.199284	-1.702918	2.691660	-1.094613	-1.577430	1.383812	3.701657	3.325441	-0.787184	-1.203320
-1.582371	-1.496385	2.013670	-1.356163	1.048086	-0.302965	-0.834294	2.425087	1.893891	-2.764044
-3.014166	1.461468	3.057731	-0.285345	1.119458	-0.743413	-0.288382	-0.807013	1.410316	-2.500676
0.119026	0.701936	-1.292064	-2.903644	-3.393114	-1.900017	-0.353908	1.899954	0.884805	-2.971415
3.284728	3.065915	-0.255222	-0.149446	-2.657129	-0.222966	-0.448076	1.955701	1.786567	-1.073361
2.870362	1.436098	1.163448	0.506562	0.078412	-0.011948	0.111812	-0.949462	-3.586785	3.069686
5.335552	1.795275	1.741436	4.344792	4.448208	2.680949	2.893653	3.003875	1.603257	1.990826
2.891419	2.038836	0.318930	2.834456	-0.797945	1.505932	-0.902755	1.877221	1.686001	0.172359
4.914082	-0.717930	-2.345384	-2.030539	-2.179051	2.134711	-3.253814	2.152084	1.452156	1.479084
2.349162	0.606763	2.630680	-0.231684	-1.417014	1.918093	3.054575	2.845969	4.206228	1.012898
-3.077325	1.423300	2.316905	1.196228	1.774159	1.822684	0.445909	3.291081	2.963921	0.805801
-2.501360	0.694466	0.834776	4.305702	0.937161	3.866589	3.033789	1.361524	3.679139	1.832790
-1.524130	1.312542	0.738272	1.674541	1.809383	2.640412	0.359911	4.806699	4.142486	3.205862
-1.070020	-3.360788	0.264576	0.474947	-1.748885	1.637854	-0.902024	-1.350293	-2.010438	-0.308387
-0.019417	2.300655	1.958867	0.619520	0.139547	0.183717	-1.427519	1.554148	-0.656032	-2.102059
5.723389	2.097851	4.286023	4.022560	4.885165	3.860302	3.296027	3.847219	1.242802	4.373640
4.706608	1.314678	1.049024	2.147063	5.638258	3.086106	0.036212	3.034116	2.765162	2.193306
0.438048	1.541415	-2.797655	0.781924	-2.682789	1.540226	-0.487265	4.113234	-0.598857	-3.469367
3.374616	2.903437	1.991664	4.674137	4.064009	0.154659	3.361395	3.869467	4.039841	1.401915
1.156416	-0.712377	2.841757	1.898195	0.867834	3.122600	-0.442909	3.742108	2.594049	1.285646
3.106852	0.576347	-2.217500	-0.468513	-3.053030	1.062641	-3.418678	0.987146	1.845658	-1.667483
1.991625	1.037584	-2.503131	-0.006898	1.219199	3.728775	1.335488	-1.328929	0.234060	0.933622
-2.527663	2.620311	3.699038	6.548827	5.679001	2.296494	1.378386	3.837472	2.414144	1.426953
-3.237415	0.532201	3.694983	2.640447	3.923756	-0.048214	-0.073683	-2.653663	-0.938804	0.839499
-0.850134	-2.496771	-2.309521	0.680847	1.275542	-0.463859	-1.829623	-2.499350	-5.077394	0.403653
3.738677	-1.388630	-5.341599	-0.310393	-1.208861	0.091647	-1.395934	-3.453303	-0.908944	2.287303
2.050212	-0.136102	-1.251375	2.460408	-1.662377	-0.142911	-0.029617	-0.212638	0.699033	0.045441
-0.044536	3.532389	3.734926	1.862731	3.578272	-2.165146	-0.876175	-0.678173	-0.701481	-1.027645
0.374124	2.015716	3.297880	3.466852	4.223063	0.669027	4.226890	3.916376	4.344596	2.615133
-3.508017	1.938855	1.971564	3.241247	3.178670	1.916192	0.287177	0.990389	4.924844	3.003966
-1.157471	2.688582	3.849754	3.849392	4.677970	-1.560668	1.390983	0.824546	5.401445	0.363340
-0.264549	1.735673	-1.222573	0.284961	2.663339	0.915829	-1.600795	0.811428	2.909677	1.951443
-0.358066	-2.762696	-2.553437	-1.760773	0.541150	1.658266	-2.277058	-0.685086	0.259717	0.458164
1.402966	-3.608347	-3.610061	-2.466538	-4.815521	0.898725	-3.703710	-0.337617	-0.467655	-3.460110
-1.143870	0.265898	-2.152764	0.855536	-3.048799	-3.068814	0.451847	-1.575486	-1.320765	-1.431691
0.619410	4.250818	0.398033	3.443319	1.770192	-0.168870	3.300709	1.702084	1.546365	1.740407
0.108589	-3.713409	-0.722388	-0.380217	-1.853775	-1.597562	-3.565927	0.821472	2.738510	-2.092028
-1.328950	-4.097500	-3.764844	-3.388806	-3.464223	-4.121909	-2.224964	-1.509244	0.732646	-4.359008
-0.684327	-3.146975	-3.127052	-3.128177	-2.882276	-3.282432	-1.752906	-4.327487	-4.519754	2.402155
4.284341	-3.184652	-2.642828	-0.101762	0.197841	-1.572549	0.518545	-2.906178	-1.567514	-0.976753
2.847534	-4.572745	-3.274886	-0.195294	-3.250594	0.103520	-1.686217	0.183261	-0.635559	-0.787042
-1.347869	-2.367871	-1.294940	2.361195	-0.640303	0.046556	0.987306	-1.504893	-0.051017	-0.173125
-1.237687	1.699256	-0.475601	2.897175	0.914090	0.074340	-0.101291	-0.189359	0.624088	2.324588
4.842760	1.362724	1.530118	2.745513	0.315865	4.477153	3.515589	1.170040	2.967931	2.571985
2.057650	1.594621	6.055509	-0.862022	-1.537197	1.051179	5.932843	-0.406817	-2.443815	1.111557
-0.643337	-1.145664	-0.343739	-2.823961	-3.338317	-1.576501	1.979465	-3.320948	-5.884074	1.897794
-3.737921	-7.116340	-5.893131	-3.440733	-3.883112	-1.156503	-1.076947	-5.344274	-6.047171	-0.288113
-1.251722	-1.188415	-4.651576	-5.036770	-3.442699	-0.563544	-3.534497	-1.680113	0.590370	-2.158372
2.694938	2.627705	0.177723	1.310202	0.729607	1.743863	3.683512	0.909517	-0.281275	1.591610
0.924840	0.288913	0.688160	-0.271747	-0.580511	1.104203	3.502375	1.019797	1.141671	1.647125
-2.818935	-1.305294	-1.622868	-3.748843	-2.322264	0.755462	-1.830510	-0.230588	-2.853814	-1.779731
-2.337508	0.232779	-1.860362	-3.712311	-2.886065	-2.781872	-5.110747	-3.647955	-1.166952	-7.882765
1.444704	-1.898968	-0.908824	-1.271277	3.032776	-1.485010	-1.404038	-0.480618	-2.373864	-2.077678
-0.632119	-3.742937	-2.176354	-4.043464	-0.923451	-3.112462	-2.060286	-0.349492	-1.476770	-2.564975
-2.869993	-0.456928	-1.771750	0.217107	-1.664753	-1.431538	-0.219993	1.054011	-0.157289	-0.477356
-1.204836	1.602361	2.667589	2.777616	1.503964	0.345855	0.912939	2.098077	0.582461	0.691077
-1.943464	-0.330268	3.216866	0.643743	0.858995	0.680410	-1.094993	1.474097	0.285063	-1.333876
0.154406	-0.483512	2.207184	-2.006430	-3.300364	-2.770879	-5.514289	0.374259	-0.036099	-5.583611
-1.351039	-0.458567	2.914948	-3.761017	-0.606914	0.292585	0.371450	-0.707446	-1.390541	-1.327228
-1.391914	-1.169328	0.007062	-2.516433	-3.166857	2.851497	-0.249777	-0.735127	0.640625	0.450478
-1.278933	-0.088289	-1.917868	-2.315491	0.134411	1.601757	1.295529	0.099309	3.921085	3.649713
-1.909906	0.689856	1.148765	3.150399	1.452589	0.500063	5.704671	-0.695744	2.921427	2.713582
3.085353	3.572815	3.031466	4.650128	5.550884	1.872217	5.354247	2.910208	2.735642	4.062092
1.026035	2.556794	0.252543	0.721589	-0.367201	-0.644481	1.485860	2.321059	-0.523181	-0.160948
-2.968971	1.404404	0.153603	-2.060125	-2.972259	-6.777828	0.556811	-4.647093	-4.418249	-6.609729
-2.373772	1.732851	0.998154	-1.517316	-1.125582	-3.417319	-4.887496	-3.417552	-4.881770	-4.427040
-1.342676	-1.085155	-3.272296	-2.498488	-0.714361	-4.445449	-1.560060	-1.102821	-3.081749	-0.414570
-2.211690	-1.429805	-2.213339	-3.172942	-3.386386	-0.463313	-3.657077	-1.159300	-1.716991	1.694395
1.679280	-0.339288	-2.466467	-1.425675	-1.666747	0.453997	1.094158	2.491410	0.733399	1.879167
2.979530	1.485105	1.614229	0.462314	0.230570	1.588488	0.782550	0.903808	3.999420	-0.091938
-2.133145	0.805483	2.640057	-0.189670	-0.997124	-0.393730	-0.380697	1.398396	-1.275531	-3.825606
-0.766647	2.902857	0.183624	0.740578	2.017586	0.849653	-1.823376	0.680074	-1.130955	-1.764120
3.143922	1.215836	1.297940	0.063864	1.224015	1.346646	-0.823481	3.940446	2.591749	0.522036
1.675862	0.333931	-2.876687	-1.008804	-2.237523	-0.089639	-1.199504	1.264013	0.293181	-0.589519
-4.193729	-2.237149	-1.921252	-2.707015	-2.385612	-4.319890	-0.282938	-2.701722	-3.494856	-1.938668
-1.596249	-3.060695	-3.680145	-3.460559	-2.580935	-2.378394	1.033625	-0.773755	-2.151460	-2.248592
1.106704	-1.176298	-0.471359	-4.188026	-0.939676	-0.765840	-2.470605	0.784717	0.640972	1.868029
-3.241867	0.967452	3.520511	-0.642202	1.406783	1.140486	0.520981	-1.383600	-2.639356	0.621615
-1.007560	0.570862	1.931873	-3.333575	-0.992442	-2.450802	-0.098307	-4.519003	-3.966840	-2.814015
4.752830	-0.524360	3.650632	0.147771	0.905167	2.072809	2.490042	-0.359686	-0.730073	2.178859
4.301207	1.299595	3.254294	0.759750	0.986928	1.867534	1.601639	-0.115944	1.252850	1.617959
3.141579	1.237832	1.815564	0.118477	-0.688743	0.337986	-3.525404	2.339029	2.584734	-3.651296
-4.885450	-1.077741	-2.339655	-1.501532	-1.740128	-0.130220	-2.873976	-2.060563	-3.370614	-2.836284
-0.480271	0.947281	-3.662057	1.246139	4.417691	0.881929	0.529237	-1.847513	1.882814	2.510014
1.908123	2.636202	2.929161	3.085108	3.853529	3.114648	1.310848	4.199885	3.019323	3.735320
0.178041	2.115029	1.494801	4.210991	0.397803	1.788650	1.427469	2.105837	3.806322	1.563354
-1.691109	1.334264	2.793367	2.768306	0.714429	2.434649	0.081915	1.886448	3.001718	2.546135
0.167982	2.446711	3.121859	2.726068	0.926724	2.516257	-2.283101	3.181025	2.588719	4.095083
1.588026	4.615272	5.117778	3.331196	2.893800	1.808888	4.105736	2.823673	4.052032	4.394117
1.456732	1.725949	2.350227	3.451405	3.194074	0.594453	3.840841	-0.729200	2.311365	0.862456
3.315011	1.618943	-0.018596	0.569113	0.777758	0.981064	-4.210472	0.804910	-1.491075	-0.674682
2.690775	0.964354	-0.619890	3.405137	-0.169634	-0.456568	-1.708888	-0.099390	-0.736379	2.123920
-3.710865	-4.720917	-0.798957	-1.530109	-1.210190	-0.222931	-1.168891	-3.995094	-4.468540	1.137180
-2.874397	-6.912872	-6.862097	-2.962908	-4.452399	-0.547418	-2.885468	-3.978297	-6.760351	2.981812
-0.814309	-3.337914	-3.053013	-3.808345	-1.480150	1.308883	-0.370102	-1.140793	1.686396	-1.252266
-1.048588	-3.320143	-1.179706	-2.108606	1.110666	-0.878222	0.504821	-0.139777	0.602407	-3.824842
-2.293522	-0.431663	-1.205980	1.221023	0.506460	-2.830224	2.962316	-3.066343	-1.784810	-2.278701
-2.207498	1.204223	0.840563	5.681756	1.407538	-0.581417	2.301898	0.391413	0.499550	3.209168
-1.424703	0.403609	0.267820	2.654106	0.528608	1.779005	-0.930519	0.122598	1.590095	1.311079
-1.515724	1.565792	-0.362414	-2.152817	-0.590324	-0.149653	-2.568220	-1.401784	-2.554669	2.180140
-1.522948	-1.278734	-2.551242	1.358700	0.453648	2.035914	-1.347390	-3.066628	-4.945037	1.531463
0.184838	0.552425	-1.130369	-1.264333	2.075229	0.514608	-1.163518	-1.080430	0.884396	0.797054
-0.643854	-0.181736	-1.855699	-2.369906	-1.119177	-3.260068	-1.870288	2.323216	0.669537	-5.577577
-0.549010	1.600774	0.218363	0.514589	1.777832	-1.395213	-1.931088	0.585412	-1.705211	-2.220125
0.093282	2.326650	2.941313	0.353561	4.468359	3.380275	-0.367206	-1.204735	3.230958	0.359316
1.037735	2.906784	0.740146	4.255817	3.602905	1.975994	1.153170	1.875077	2.473748	2.456649
2.997061	0.965068	1.910656	4.364264	4.491772	3.112444	4.177952	1.050154	2.408863	1.329378
0.777573	-1.798006	-1.392961	-0.133594	0.939759	1.650723	-0.678950	1.478199	1.013607	-3.449295
0.709182	-1.934547	-3.834710	-4.363350	-4.419634	-1.032372	0.107675	0.310716	-1.763517	-2.046069
-1.592801	-1.587161	-0.749197	-3.231101	-3.043409	-1.082445	3.247437	0.111209	-1.091106	3.128255
1.326636	1.722641	0.123575	-2.304343	-3.227766	1.286301	1.920144	0.392481	2.163245	3.441476
3.859804	2.503251	1.699600	-0.631274	-0.922408	0.674459	3.230204	3.468538	3.640037	2.993093
-1.260187	-2.816938	0.136173	-2.188891	-1.289037	-2.874576	1.628424	-2.068019	-3.860627	0.611501
-4.185328	-1.032437	-0.595709	1.719306	0.989043	-1.112511	1.057313	-2.816584	2.907156	-3.405304
-1.538608	-4.666453	-2.715352	-0.287081	-0.624570	-3.330051	-4.281026	-2.692154	-3.577311	-2.580528
4.139881	2.274404	0.525342	4.064748	5.273520	2.207593	0.628914	2.036575	3.428574	3.547924
1.663348	3.222128	1.198067	4.305992	4.937409	2.963615	5.021037	2.573307	2.604812	4.506244
-1.549301	-0.478991	-0.770278	-1.344850	-1.566107	-0.578494	-2.235654	1.625345	-1.798694	0.323023
-2.215656	3.050838	-0.315798	-4.149379	-4.789931	0.307556	0.739543	-1.283105	-1.795041	1.447154
2.566787	3.280210	3.366204	1.123703	-1.065269	2.363856	1.493132	4.640860	5.124272	3.663224
1.295634	0.659715	0.645227	4.703294	2.081777	3.005495	1.206012	3.506843	3.935348	-0.606675
-3.572908	4.021547	0.716868	3.173690	2.876102	0.664163	-0.702415	-1.777849	-1.554112	-2.277556
1.668063	4.743299	4.383625	1.781988	3.122501	3.929250	1.864749	2.654287	4.180995	2.860170
3.517453	2.680064	6.521498	1.080686	2.065472	1.051145	3.217403	3.161356	3.050271	1.199988
3.265363	-1.974664	-1.506616	0.746880	-1.094790	0.396136	-2.011354	-0.587038	-1.370381	-0.559513
3.243496	-4.446191	-2.389016	-0.869234	-3.752088	-1.253387	3.812473	-0.395789	-3.046759	1.995250
-2.055646	-4.229822	-0.774902	-2.284161	-2.843425	-1.763936	4.384583	-3.065692	-6.448060	0.836964
-2.138064	-3.164863	-1.696375	-2.991904	-4.217105	-5.150122	1.557569	-4.233641	-6.466381	-0.372586
4.443343	1.130083	1.861666	0.000132	0.150071	-1.711557	0.520528	-0.545032	-1.133720	-0.473417
0.326273	0.516010	2.325823	-2.724457	0.087199	0.787750	1.360353	0.668342	3.643627	-0.222044
-3.522175	-3.137284	-0.749903	-4.304175	-2.417422	-1.416715	3.360638	-0.857114	-3.609836	0.242515
-0.976805	-0.120404	-0.915411	-3.360028	-2.447794	-2.431461	-3.862923	-3.362494	-7.455607	-1.945056
-1.597419	0.058649	0.577802	-3.263820	-2.092019	-1.875799	-2.384938	-1.579291	-1.930181	-1.440375
-0.105622	-3.477028	-1.217761	-3.086555	-2.391296	1.432960	-3.410615	-2.222498	-1.207755	-0.411559
1.714481	-2.208438	-2.330398	-1.239238	-1.725227	2.628806	-0.916163	1.841290	1.608776	-0.055326
-0.191617	-4.116581	-4.357805	-1.267773	-2.313212	-1.578771	-3.665591	0.230180	0.316916	-4.660094
-0.752522	-5.074158	-6.246479	-1.406164	-4.092449	-6.428681	-2.901408	-4.118720	-6.709431	-9.370082
-1.117641	-7.030272	-5.316716	-3.178317	-2.892540	-4.986333	-2.023123	-5.886303	-7.957459	-5.468107
-1.719283	-0.183921	-3.839711	-0.879235	-1.665381	-1.779236	-2.294247	-2.610263	2.375736	1.355912
-1.567757	1.793094	0.383739	4.032979	5.238927	3.283101	2.113010	1.111008	3.993460	3.811156
-1.485172	2.304173	3.599039	4.588819	3.695387	0.350270	0.807437	-0.124883	2.442417	-0.062493
0.808561	3.938618	1.705994	4.829982	2.615702	1.270565	1.628423	3.419672	3.715813	1.851046
3.212631	3.360329	-0.746992	6.221164	3.773672	4.544876	2.401858	0.947981	5.538853	3.977755
0.597327	1.977107	2.345488	4.220163	2.007502	1.830098	3.377631	4.598649	4.213544	3.524316
3.260337	2.604953	2.854337	1.098073	0.384494	3.335924	0.126729	4.956086	4.387790	0.792109
6.204647	3.693570	2.272861	2.398492	5.044251	2.664848	0.737942	5.979699	5.059998	3.896517
3.241746	1.665458	1.675166	3.233618	5.248477	0.388866	2.871958	3.459495	4.972874	2.767722
-3.146782	-1.324779	-0.269444	-1.052154	-1.674124	-2.065329	-3.495133	-0.216419	0.126722	-4.140195
-3.143248	-3.767541	-3.661964	-3.334627	-2.675550	-1.520440	-1.951044	-0.175835	0.099049	0.304750
-0.294169	-6.996925	-3.912388	-2.536802	-1.643197	-0.738171	-0.324084	-3.502047	-4.384539	0.709738
-1.285157	-2.824629	-2.290212	-1.990382	-2.734660	0.383873	-2.122766	-5.160547	-8.115037	-0.200547
-1.572128	1.003548	0.835469	-2.776471	-1.472836	-2.816309	1.363800	-3.447528	-5.359439	0.487277
-1.307297	2.472410	0.253460	-4.753070	-3.745821	-2.849320	-3.780697	1.980216	0.317660	-4.167606
5.710923	1.540357	2.231866	0.492317	-0.123113	2.424437	-0.750367	2.351491	0.674366	-0.073713
6.036415	0.430491	1.997089	2.495590	2.792894	0.329160	1.482779	0.871003	2.225284	0.799341
-1.606935	3.139314	2.513134	0.096846	2.637702	2.245448	3.966432	-2.825541	-1.519283	3.287040
-3.975942	3.647228	3.135105	1.117282	3.002013	1.732701	2.773381	-1.944237	0.228672	2.341768
0.981080	1.342334	2.945505	-0.185703	1.261232	-0.751283	-2.618782	-2.064980	0.327253	-1.762690
2.066316	-0.147568	-0.674463	-1.523112	-0.319140	-0.457004	2.697832	0.788535	1.113662	2.010753
0.212252	-0.882177	-1.492597	0.489255	2.392000	1.881539	0.804215	-0.468988	0.178306	0.969681
-3.188225	-3.446091	-1.409195	-0.000805	-1.871047	-2.785156	-3.758041	-0.795946	-1.143615	-1.533919
0.590571	0.616388	-2.998056	-1.893194	1.277821	-2.033787	-1.198145	0.293766	-0.480895	-1.578059
-1.008274	-0.379438	0.729523	2.144288	0.936305	-0.181053	0.458395	3.233050	2.207567	-1.070054
-1.968470	1.798728	2.283242	1.745137	0.334705	-1.271355	-1.023929	-0.279892	0.136574	-0.025416
-1.408131	2.969287	2.746300	3.564353	1.320221	1.371610	3.254378	4.933342	5.369427	2.847744
2.082933	3.194136	2.065999	5.028833	3.168652	3.245142	1.882606	2.573753	5.602128	2.804713
4.675411	1.063075	2.868236	1.818377	0.435199	1.949242	-0.978049	4.257741	3.695678	1.794582
-0.872107	1.017701	2.108711	-2.104917	-3.218542	-0.008188	-4.077095	2.251307	-1.020023	-1.870862
-2.794730	-0.770188	1.404622	-4.594652	-3.463673	-2.612648	-2.887737	2.068651	-1.644475	-2.855128
-0.685866	-0.413596	-1.481133	-4.080727	-2.194997	-4.889935	4.050418	-3.461530	-6.174878	-2.243926
0.474876	-3.986925	-3.282558	-2.753546	-3.526116	-4.767649	0.813867	-5.125936	-6.213733	-4.748265
-2.746809	-3.485580	-3.780755	-4.312709	-1.293237	-3.217789	-3.402597	-4.500769	-2.580341	-4.931255
-1.480828	0.021836	0.044572	3.697383	0.737738	0.772046	4.108522	-2.280134	0.054595	3.069997
0.532015	-0.575283	0.580118	-1.069174	-1.492600	-1.328842	-1.098981	2.711068	-0.535427	-2.937518
-2.176985	-6.179741	-5.075021	-1.761079	-3.637155	-5.238753	-4.390509	-1.881469	-5.869610	-6.124007
3.112569	2.325457	-1.544751	-1.325735	-0.229135	0.405613	2.143632	0.525652	3.275942	1.179423
2.492076	1.682204	2.854122	2.808057	3.198553	4.064257	1.980639	2.419825	5.483027	4.063964
-0.154066	2.182695	1.134092	-0.574504	3.467799	1.428979	0.516409	1.347944	-0.610361	-1.422590
-1.247758	-0.598177	-0.700848	2.124279	6.173894	2.433879	-1.646762	-0.153197	-0.591927	-4.493544
-2.545898	-1.364518	-0.420005	0.084805	0.186528	1.796556	-1.954978	3.291995	2.060925	-3.532104
-3.805884	2.123364	-0.570186	-0.423327	-2.622709	-2.921990	-1.133541	2.933114	1.747788	-1.217077
-2.947215	1.972662	2.345801	0.681481	3.245071	1.703339	1.759845	3.031450	3.888657	3.151734
-2.038986	-2.014232	-0.893654	3.660928	4.028456	2.550842	1.745778	0.294496	2.314625	1.046823
-3.221493	-5.086626	-3.632558	0.623210	-0.231968	-0.450983	-1.519747	-1.363757	-5.199415	2.340787
-2.896130	0.227173	0.755480	-2.220272	-3.104513	1.020463	-1.384132	-3.862618	-1.888171	2.341821
-0.775991	2.220656	4.117849	0.436379	-1.060895	-2.497623	-1.418179	-1.005796	0.591250	-2.950580
-0.508569	3.904415	4.624842	3.733861	3.402872	2.510355	2.154307	4.081498	4.572541	2.568382
-2.429055	1.693942	3.864447	4.144473	4.285972	3.611994	6.613025	2.267654	3.744792	4.283003
-3.152441	1.611427	0.624554	3.374913	1.676988	3.226692	4.403071	3.224961	3.051495	1.728880
-0.540717	1.984862	-2.352146	-1.739722	-1.193896	-0.648257	-4.505159	0.994810	0.552541	-4.600691
-1.057172	-4.188862	-3.315763	-3.454933	-3.918797	0.813543	-6.465968	-0.686412	0.698022	-0.028312
-0.230496	-0.348153	-0.056009	-4.165622	-3.626136	1.348587	-1.995159	-3.411515	-5.039272	-0.624086
0.832423	0.635080	3.843005	-2.733792	-1.891429	-1.870430	1.491364	1.131489	1.557349	-0.783917
0.265899	0.443028	0.158571	-3.013144	-1.094296	1.352386	5.205097	-1.290812	3.028676	0.870794
0.483144	3.580183	-0.213224	-1.167381	2.231442	1.275828	-1.106065	-0.006930	-2.595401	-1.571157
4.515171	1.684636	2.514809	0.040094	0.954665	1.336191	0.930175	-0.573075	0.213309	0.774427
3.960195	0.628880	-0.830439	0.874680	-1.860148	-0.719533	0.293112	1.316540	2.502594	-0.757755
3.679631	2.700706	-0.343779	1.237873	-1.290519	1.014148	-5.127459	2.468003	2.861146	1.408893
1.448092	-1.967294	-0.919122	-0.637729	-0.517569	0.016827	0.038255	2.029103	-1.342346	-0.263032
-2.077405	-0.697426	-2.592679	0.876071	1.913779	-1.452804	2.714251	-2.828573	-1.697992	-0.250932
-1.985544	0.304301	0.431141	3.841770	5.714702	3.624646	4.817121	-0.160435	1.110299	3.967288
-0.720711	-3.646920	0.099727	0.574764	2.930976	1.635868	-2.457141	-3.187495	-0.632085	-1.535872
-1.840589	-5.556094	-4.796731	-1.191750	-5.471221	-2.867547	-4.841242	-0.000365	-2.246352	-8.789519
-1.284961	-7.385728	-3.414542	-4.259475	-3.601613	-4.781609	-1.762689	-2.266755	-6.224414	-1.433153
6.086588	-0.480028	-1.958916	-1.961815	-0.004826	-3.018227	-1.233890	-0.847076	-2.018778	1.796619
6.554875	-0.175299	0.382737	-0.120174	-0.759484	2.124287	0.321146	0.246861	0.023344	3.640495
0.990515	-1.269546	-1.342790	-0.501057	0.601288	-2.037775	-2.335188	-1.825853	-2.527256	-3.811531
-3.361474	-3.098774	-2.921406	-3.455769	-2.262634	-1.143425	-3.812603	-4.071130	-6.090988	-4.380261
-2.841476	-4.005487	-3.279020	-1.573713	-1.020177	-3.672475	0.986892	-1.406877	-1.788261	-2.052103
0.088423	0.041713	2.094560	-0.767595	-1.712566	-1.776334	3.579486	-2.714505	-2.856884	0.989240
0.711541	0.773721	1.993127	1.734980	4.171973	0.048386	5.246869	-2.163021	-0.272765	3.102562
0.294592	1.026437	0.704674	1.757905	2.886815	1.609772	1.364229	4.296565	4.818388	3.150456
-2.858009	3.776958	-0.540205	-1.017424	-2.413267	-0.618685	-4.944447	3.168748	2.944065	-3.132883
-1.596446	1.706883	1.014182	-1.354215	-2.538799	-3.717799	-1.389171	-1.355782	-3.109141	-2.930462
1.130295	-0.651689	0.394131	2.184426	-0.723606	-0.137481	2.509643	-0.424030	0.615163	-0.448789
2.212427	-0.612357	1.743036	0.440991	-0.378115	-0.273743	-1.740518	-0.278203	2.382170	3.938829
4.741463	0.933680	-0.009807	2.660274	2.473247	1.243503	4.819231	0.489495	1.981071	4.497784
1.811218	4.223523	3.258196	5.771566	1.792955	2.995545	3.643474	4.188857	3.439962	2.490468
1.567603	0.387675	-1.235457	2.057459	-0.515316	2.283971	-1.828304	1.889081	1.556034	0.022271
2.466329	-0.518563	-2.065069	0.909544	-1.069494	3.113369	2.351381	3.201262	2.899983	2.894585
-0.311791	-1.302186	-1.615145	1.914213	0.159296	-2.368973	2.447710	0.541397	0.927502	2.666699
-3.013149	0.443909	0.260315	3.483754	4.325530	1.425233	1.974567	-1.410616	0.481587	3.192403
-0.404033	-4.169272	-1.487192	0.747859	-1.638320	-0.865125	-2.267068	-3.008579	-3.371369	1.266287
0.941465	1.079677	-0.921966	-3.105883	-3.597677	-2.638357	-0.365314	-4.440393	-6.174269	-5.510761
-2.219748	-1.154339	-0.486809	-1.687184	-4.580666	-5.168877	0.404011	-3.674358	-2.679718	-6.210053
-1.028762	-4.614112	-4.612519	-3.081354	-4.107912	-5.571895	-1.939515	-2.384374	-2.770620	-5.622900
0.081527	0.308165	-0.269398	-3.672807	-3.401140	-3.907923	-1.788012	-1.685941	-1.131679	-6.471816
2.808027	2.233601	3.099657	0.580746	2.513229	0.493729	-0.180802	-2.735956	0.308801	-0.199313
4.265742	1.886404	3.573448	4.090491	-0.434331	2.413350	2.365493	1.686782	2.653819	4.007694
2.506877	0.354185	-1.466425	1.413015	0.414859	0.407328	-0.530350	1.683078	3.579770	1.041592
-3.216366	2.169054	2.762342	1.123804	0.247276	2.545654	1.315646	6.030633	4.006252	1.440867
-4.183283	-2.810678	0.717352	-2.196257	-1.265402	-0.200383	0.406057	1.154253	2.760263	1.422903
-0.343374	0.174600	1.379008	-3.643482	-3.569096	0.202408	-4.351540	-0.251859	-7.209699	-1.568515
-0.224536	-1.136698	1.512416	0.737512	-2.204826	2.801717	-1.029471	-2.960995	-4.080936	0.116797
1.235330	-1.624561	-5.387722	-0.391191	-1.445012	1.142235	0.751340	-3.273751	-0.315850	1.033824
-4.029378	-3.483673	-2.808398	-0.168906	0.640526	0.391452	-0.669934	-3.141220	-2.477742	1.074248
1.547840	-0.591222	-4.758109	0.037948	-1.313231	-0.795439	-2.435918	1.232906	-0.318713	-4.311847
4.396081	-0.108793	-0.005447	0.816856	-0.786399	-1.050748	-3.207138	0.836734	0.349936	-0.954978
-1.457058	-0.454570	-2.230606	-3.825003	-1.693797	1.019117	-3.128421	1.459772	3.038604	-3.363563
-2.633182	2.259562	1.074620	-3.019545	-1.764239	-1.028150	-3.522894	3.942829	1.337690	-3.370520
-0.100395	0.980321	3.039639	-1.674589	-0.439843	1.139642	-0.565884	2.811314	3.654694	-0.892666
-1.082303	1.556621	0.433559	-2.189455	-3.752123	-2.184113	-0.966919	2.120938	2.458014	-0.701420
3.984387	2.810381	2.317088	0.505637	-0.591491	-0.883122	0.092375	0.600109	-0.625649	-0.205601
5.096769	3.758719	4.066933	4.453668	6.183139	1.889208	2.210770	3.669538	0.813404	1.956973
-2.393665	0.900352	1.892705	-1.566682	0.017054	0.383871	-0.711062	-2.200563	0.671572	-2.231517
-3.959124	1.239798	-0.979188	0.443766	-1.147455	-1.254838	-0.143849	-0.121085	3.400655	-0.804190
0.097883	2.179377	-0.239438	0.838390	1.405201	-0.519224	-0.905718	0.511086	1.927653	2.245135
1.584446	-3.512593	-2.740733	-1.512430	-2.554186	-0.331193	-3.906597	1.602959	-1.829536	0.904138
-3.159445	-1.937692	0.353936	-4.402215	-4.146525	-2.404650	-3.999714	-0.028253	-3.208212	-1.528900
-3.162001	0.883699	2.968878	-4.297188	-2.292723	-3.760998	-0.912695	-4.510537	-4.697375	0.162902
-1.175633	-3.926099	-1.340795	-4.177870	-2.150685	-1.420842	-2.174368	-1.055682	-3.897427	-3.309176
-0.427354	0.786932	-1.009573	-1.045584	1.593884	1.275115	1.956041	3.224225	2.405131	1.427747
3.578024	2.680314	1.048953	4.464650	4.279980	3.005368	4.319804	2.164896	2.930197	1.703052
0.629488	-0.343933	-0.022304	0.712708	2.065400	1.552715	-2.134103	-0.805356	-0.787429	-1.166280
-0.819774	1.511912	0.162666	-2.060732	-2.661756	-3.390347	-6.109508	-3.626919	-4.834249	-4.805969
5.689822	2.003168	2.286774	0.728308	-1.518589	0.596678	0.388864	-1.502481	0.113034	0.141966
1.540063	-0.510244	-2.349368	-0.210994	3.214500	-1.712010	1.498590	-0.703728	-1.765282	-0.592293
-3.975165	0.365198	-3.017851	2.310439	4.230416	0.802484	-0.314356	-3.796149	-0.287699	-0.225566
-2.028177	2.491813	2.550639	4.115086	3.583559	0.378461	2.685103	4.662670	4.808979	3.656930
-0.386688	1.293723	1.658611	1.615423	0.389735	2.407817	2.688844	3.214039	2.426150	2.170875
-2.501613	0.908648	-0.516523	1.399330	1.015049	1.503352	3.076545	2.196772	2.744009	3.054753
-1.028268	-4.195892	-2.246051	-1.822516	0.872407	1.853163	3.704484	-0.422921	-2.398446	-0.482955
0.826533	-4.827775	-4.095862	-1.810636	-2.375284	-0.848349	-3.177559	-2.333428	-5.140922	-3.544867
-0.795527	0.683017	1.900054	1.129849	0.438586	-1.798287	0.863296	-3.595836	-1.888421	-3.442399
-4.231963	-2.120293	1.567209	-1.588983	0.019126	-2.777450	3.745329	-2.308737	-2.269151	2.362732
2.677308	1.985712	1.581014	-0.439152	-0.132053	2.626360	3.462124	0.240082	-1.287616	3.860810
7.250772	1.492454	2.931380	3.515622	4.008260	2.084943	2.176762	2.657531	5.935478	1.779318
-0.173888	2.667051	0.981518	3.359919	2.979380	1.834399	0.845928	1.223019	3.511824	1.819840
-2.468289	-4.035377	-3.829062	-0.226482	-3.520179	-0.250173	-3.535893	-1.077144	-0.003085	1.689462
