X1	X2	X3	X4	X5	X6	X7	X8	X9	X10
-3.296367	-4.746845	-3.224775	-3.665600	-2.666793	-6.541416	-4.307353	-2.868589	0.489391	-4.213072
-3.155180	-1.419983	-1.683721	-3.844773	-1.119611	1.969760	-3.515018	2.269155	2.474459	-1.167590
-1.191429	-2.686284	-5.169553	-4.314275	-1.078169	-0.218381	-3.581435	0.792731	-4.292679	-5.421948
4.137173	-0.577480	1.641007	1.221149	2.219805	-2.572150	-0.109761	-0.555064	-1.674137	-0.780489
3.944712	5.697898	2.348333	3.087953	5.105487	3.104640	1.970642	3.726171	5.019867	0.899447
2.504778	1.526120	-1.923496	0.026592	0.714751	2.190977	-1.897282	2.674436	-0.572381	0.960719
-0.259637	-1.852843	-3.439604	-1.351278	-2.378828	-0.278749	-2.114792	-0.643367	-3.385296	-1.706713
-0.144142	-3.451919	-2.083714	-3.184000	-2.539275	-1.899850	-2.486844	-2.891935	-3.895792	-0.922386
-3.888641	0.145664	2.000252	-2.396619	-0.317712	-2.491237	-1.732297	-4.975965	-4.725082	1.083562
-0.112039	0.135378	1.832370	-2.813376	-3.380863	-1.854918	-0.602204	-0.885750	1.541320	-1.488707
1.991764	-0.390701	-1.689381	-1.178914	-3.044349	-0.128605	0.572679	0.983717	1.551103	0.180973
1.510367	0.937902	3.643578	3.613226	0.899607	0.094695	3.705499	1.595841	3.212454	3.059367
4.696271	1.819462	3.418323	5.031304	2.407785	3.911372	4.100102	2.145634	3.992362	1.839542
3.848879	1.782956	2.912935	0.117681	-0.653934	3.522419	2.777736	1.373604	2.072617	4.048564
1.236797	-0.179336	0.378991	0.064517	1.516830	1.464828	0.962651	-0.062837	0.266311	1.423802
2.803732	-2.539437	-1.211229	0.206274	-0.564039	-0.867508	-2.542203	0.936123	-1.826167	1.949226
0.317490	-2.001967	-1.081945	2.040417	1.052741	1.016203	0.249825	-1.251701	-1.765924	-1.111494
2.531082	4.573158	3.741021	6.706710	7.237254	3.167655	3.250487	3.866703	6.188833	3.993815
3.588519	2.344717	2.403451	5.960017	4.043386	2.447342	5.810638	5.859053	3.547997	4.006425
-2.039487	0.251096	-1.917276	-1.332094	-2.713676	-1.099441	2.212131	-0.589736	-6.534237	0.170509
-1.444521	-1.265921	-2.389780	-6.233556	-3.609046	-5.842799	2.105424	-1.899645	-4.041173	-0.961256
-1.734569	-0.077549	0.816921	-1.875200	-1.585035	2.643461	2.457273	0.861044	0.012684	0.974606
-3.363715	0.316100	1.477107	2.143644	0.490248	-0.167163	0.296038	-0.014750	2.571932	0.028571
-3.154339	2.613613	-2.503540	2.262248	1.632694	-1.714876	0.747678	-1.868005	-1.661831	-1.028181
-1.560525	1.211280	-2.520539	-1.972717	-0.833206	-3.603781	-4.903745	-3.033901	1.161993	-3.489872
-2.944450	0.014992	-1.810007	-0.166776	1.421142	1.118417	0.603831	-1.059015	3.155005	-0.248620
-2.603196	0.230539	1.029236	1.064046	4.090034	2.681215	3.848671	-2.989824	1.525904	4.638157
-2.131338	3.011914	4.853074	5.124526	5.123566	2.734212	5.454141	1.652895	4.186694	3.661941
-0.983756	-0.443488	-1.149510	-0.178159	-0.631367	0.245305	0.954106	-3.026034	-3.407325	-1.938783
2.882975	0.942126	0.463165	-2.377529	-4.370463	-5.813908	-1.029963	-1.300785	-2.741949	-2.581830
1.925079	2.546354	3.021084	3.841697	-0.753025	-1.525330	1.784402	0.900768	2.117328	-0.832614
-1.188618	0.196891	-0.686071	3.707000	3.182550	1.615539	-0.531326	-0.552151	1.336408	1.252152
3.228709	3.303135	4.048284	5.659064	3.121964	2.905897	2.479424	2.406186	3.074099	3.738857
1.204785	2.081686	0.385334	3.843674	1.502421	4.634543	0.779327	3.065205	2.863907	1.307990
-2.218161	-0.760956	-3.241539	-2.798185	-2.497674	1.378977	-4.857141	-2.445266	-1.747761	-3.248358
-1.695104	-3.964091	1.466851	-2.103924	0.110685	-6.149102	3.127997	-4.576400	-3.070596	-1.528695
-5.329216	-0.960617	-0.374012	-0.720554	-1.922395	-3.430093	-3.656781	-2.040270	-0.518690	-3.754630
-2.528170	1.138369	-2.432944	-1.202186	-3.298205	-2.541798	-3.482895	0.759752	0.061068	-4.500669
-1.211537	-0.602830	0.407541	-1.876628	-2.560534	0.237085	-2.101663	4.345095	1.697287	-0.557518
-2.373191	-1.495210	0.712629	-2.762987	-3.636872	2.711855	-2.025302	0.661185	0.037678	1.024919
-2.856303	-2.602365	3.793004	-2.816168	-2.147608	0.358014	0.714571	-5.213749	-7.705746	0.559338
-1.745346	-2.282692	2.568952	-2.323277	0.377173	-0.354637	0.920843	-6.046681	-7.007974	-0.296164
-2.142392	-3.287282	-0.372441	0.200784	0.841085	-1.018399	-0.186400	-3.124581	-2.701292	-0.201289
0.551486	2.008970	1.131111	2.913013	1.128843	1.174532	-0.558769	2.862076	3.750111	0.805261
0.283614	0.691173	0.174395	0.414607	-0.001837	2.083456	-1.090975	2.659518	2.062551	-1.155414
-4.087080	-0.721968	-2.785003	-5.319231	-2.336238	-0.668626	-4.606027	0.504972	1.020241	-2.409214
-2.613871	-4.110742	-4.939196	-3.561101	-3.180542	2.514588	-5.917333	-0.402538	2.188297	0.655363
0.079168	-3.281842	-2.798797	-1.646101	-2.234929	-0.473000	-2.753699	-1.420985	0.690632	-2.191783
4.700961	-0.917158	0.507581	2.583173	-2.111180	-0.425087	3.960670	1.364057	-0.977838	-0.036449
2.310634	2.671218	2.512026	3.007026	2.090525	2.077527	4.050470	1.089710	-0.487097	2.407068
-0.641691	-0.049704	-0.973675	-2.336238	1.208107	0.831845	0.430797	-2.295501	-3.947929	1.473772
-0.643689	-3.477114	-2.110235	-3.228312	-3.006512	-3.443630	-4.278150	-5.414452	-5.294119	-0.008933
-1.520438	-2.431703	0.863437	-4.263088	-2.922309	-2.442297	-0.247471	-2.200922	-3.151450	-1.148943
0.692683	1.224139	4.662826	0.953540	0.435337	1.842847	-0.843866	1.408810	-0.222707	1.121847
1.792895	-0.887078	1.774123	2.140581	1.503650	1.858205	0.483267	1.914266	1.081927	-1.228456
2.137619	0.853456	-1.373284	-0.040554	-0.894645	1.658578	-0.667370	0.350365	1.473269	-0.301646
0.576473	-0.377551	-0.300607	-0.083757	-1.480727	1.757869	-2.213173	0.647225	0.932033	-0.675918
2.537175	-1.583987	-0.742254	-1.059117	3.223430	1.239382	-0.102136	-0.923935	-3.901763	-0.154964
1.138943	-1.551445	-0.288938	0.229777	0.721750	1.684618	-0.915356	1.204502	2.423197	0.842223
2.906393	-0.145114	-0.719068	-0.508964	-1.117242	1.060579	-1.975724	1.274450	0.152227	-0.176749
2.857539	1.616214	1.600845	3.567273	0.513377	-0.083131	4.306266	1.149124	1.789044	2.342027
1.840196	3.810448	2.923393	4.381800	1.222432	1.549790	5.038123	1.175038	4.884563	3.993560
0.672377	2.981095	0.716766	2.027728	1.104747	2.285545	1.100555	4.306603	4.664498	2.230757
0.325794	3.940664	-1.226746	3.479772	-0.462952	2.816935	1.076474	2.512832	2.875365	3.612628
-0.388442	1.609862	-1.735350	2.864442	2.324556	-0.761337	0.892788	3.587734	-0.437222	-1.156619
-1.222922	-0.341505	-2.593256	-5.094946	-0.841302	-4.794168	-3.448190	-2.955584	-5.461451	-2.366576
-1.218937	-2.322529	-0.614071	-5.353381	-3.646806	-4.107957	-2.239049	1.539888	-0.974207	-5.168033
-0.161479	1.276895	0.796196	-2.810650	-3.736730	-1.657502	1.523624	3.453854	0.363323	-2.151481
-2.338742	1.647271	3.046838	-0.791639	1.364046	0.286400	-0.210158	2.381420	1.650549	1.726787
-0.889221	-0.887094	3.269648	-4.538836	-3.051555	-1.837450	2.775118	2.662688	-1.520715	-0.447419
-1.641210	-0.242398	2.340519	1.711572	-1.006211	-3.401451	-0.644033	-3.564138	-1.704560	-1.769690
0.861893	1.969764	1.654843	5.169696	5.268797	1.097100	2.474802	0.604242	2.492626	1.317682
-2.449410	4.529893	0.410616	2.412450	4.866489	1.819302	1.407540	0.319128	2.382851	0.521607
-2.352817	-0.134608	-2.048669	-0.557055	-1.699415	-2.105943	0.802294	-1.699382	-0.509476	-2.715909
1.319072	1.651062	1.099882	2.156191	4.197603	0.665266	1.084280	2.681709	3.994153	2.077143
5.567255	1.742103	1.059764	1.646700	-0.110341	2.643929	0.220114	2.581797	2.029846	1.406572
3.098633	4.062514	-1.328027	-3.045418	-1.280529	-1.563855	-0.882889	-0.618124	-1.928591	-2.562215
-1.882899	1.676296	-0.957997	1.053646	5.470353	1.785014	-2.014212	2.708039	1.373446	1.080988
0.259456	1.532345	-2.822750	1.188601	0.740320	2.663836	-2.646640	1.232978	2.147163	-1.130710
1.053794	-0.973742	-2.464689	-1.307945	0.093783	-1.666990	-1.000657	-1.287717	-3.960336	-2.225704
3.019409	-0.189467	-2.436919	2.199116	1.083856	2.625634	-0.638647	3.107745	0.486650	3.353212
4.140995	-0.062635	-0.362943	1.219990	-1.598952	2.299805	-0.146495	4.752850	2.841323	1.528346
3.264046	0.815447	1.777437	0.327283	-2.529331	1.085322	-0.365085	1.025186	1.496785	1.442900
3.946454	1.844275	1.985916	3.230899	2.737326	1.167581	-1.617001	1.675340	2.901034	4.030981
0.017511	-1.221960	-1.289506	-0.874257	-0.701774	1.602879	-1.023430	-2.416806	-3.008431	-0.548209
1.351307	-0.925465	-1.456433	1.769717	-2.519126	-0.993688	1.432444	-2.750467	-0.167012	0.545636
3.403334	-1.042749	-1.420466	0.658422	-0.557826	5.063875	-1.694266	4.663940	3.360886	1.423716
0.226581	-3.110823	-0.351408	-0.295140	-0.043573	0.903562	-1.920646	-0.342706	3.086060	-2.166764
-2.296463	0.693404	3.309040	3.368229	3.286633	-1.761233	1.270417	0.777078	1.573603	1.059295
-0.109808	3.066619	4.774177	5.354828	4.287493	2.396985	2.548835	2.296270	3.436209	1.233594
-0.464066	3.616610	1.117002	4.498054	6.370603	2.605606	1.617520	1.016249	1.076169	3.332935
-0.832848	0.561464	0.165912	3.406403	3.371959	1.175924	1.266781	-1.120909	0.137674	2.342915
-3.075468	-2.955334	-2.753192	-2.485832	0.073856	1.489129	-0.058169	-3.119425	-2.438386	-0.649567
-0.367237	-4.841499	-3.385712	-4.068156	-3.282715	-4.389589	-3.659924	-5.810225	-5.816322	-5.576514
-1.231069	0.340954	-2.866049	-4.562779	-2.239861	-8.952240	-0.950874	-1.761333	-3.469848	-1.588029
-3.146275	-0.945693	-2.415403	-0.501509	2.326905	0.324264	0.545487	-1.598474	0.278824	1.918384
-2.785870	1.380542	1.696124	3.557542	5.321872	3.144411	3.467365	-0.816675	3.234378	2.800119
0.038733	1.938942	1.902432	3.849162	2.709227	2.646988	1.139466	0.455037	0.981899	1.238570
-0.878178	-1.650314	-3.548781	-4.416563	-3.087247	-2.107620	-3.063607	-0.270664	-1.429830	-3.856370
-1.539817	-1.317545	2.724085	-0.427649	-0.657566	-7.042927	-1.246652	-3.139107	-5.202427	-0.760909
-1.428097	0.543828	2.685228	0.864289	3.826550	0.868951	-1.128668	0.453780	0.974288	1.768544
-1.938832	1.495983	0.640247	1.318033	1.830883	2.928697	2.182346	2.809069	2.860497	1.466077
1.244765	0.942498	-1.143260	2.505462	3.839910	2.022692	0.477588	-0.734369	0.934077	2.673182
0.423582	-0.633350	-1.392194	0.057357	2.126309	-0.341180	-0.546345	1.703238	-0.831592	-1.349856
1.158805	0.011716	-1.156159	-2.967406	-4.201146	-0.273041	-1.436757	4.618359	1.413166	-0.793048
-0.560579	-0.805929	-0.714856	0.632752	0.222321	-1.349211	-0.052453	-2.624933	1.822328	-1.897810
-2.374281	1.225290	-0.516488	1.278104	-0.237518	1.170389	-1.690641	3.116631	3.983770	0.180645
-2.479814	2.668748	-0.226758	1.754425	-0.380291	2.078737	0.461272	3.709723	2.203265	-2.224801
-0.614391	-1.951381	-2.300470	-1.897412	-3.752727	-2.486591	0.523175	-0.119687	0.720689	-1.450464
-1.982121	-1.940424	-0.061027	-4.452435	-2.911057	0.783782	4.970357	-0.182127	1.335414	-0.179161
-0.367618	-2.738806	-1.264235	-2.129675	-3.941712	-0.879170	3.331306	-3.577326	-5.441786	-3.310813
-1.196992	-4.035355	-1.435598	-2.591762	-3.734326	-4.812772	2.882808	-3.214112	-7.004539	0.188662
-3.386254	-0.111999	0.866880	-2.198527	-1.719330	1.392850	3.111548	-5.366513	-0.963574	1.833843
2.812687	6.150234	5.329791	3.975496	2.279540	2.783769	5.299909	2.372844	4.078581	4.258910
3.835720	3.597117	3.441730	4.641375	4.426050	4.079857	3.640873	4.201832	2.448697	4.533938
5.040636	1.927822	0.527691	3.041876	0.147265	1.521585	3.231522	3.652825	3.740444	3.951707
2.464025	-0.486080	-1.764035	1.181862	2.247649	1.252626	0.370034	0.769396	0.149492	0.132193
-2.159821	-3.838617	-7.623254	-3.887101	-0.882134	-0.813751	-3.090210	-5.956178	-6.137887	-1.566428
2.064789	-3.208917	-2.740276	1.367151	0.362478	0.422927	0.671667	-2.347122	2.991177	-1.039081
2.377049	1.740791	3.969693	2.287080	3.354651	2.158527	2.597541	0.967940	0.306752	1.419110
-1.933851	-1.042420	-1.905258	-1.545149	0.323446	0.687822	0.647589	-2.760613	-3.880190	-0.107782
-0.570516	1.786021	1.090262	1.452025	1.869927	-1.310321	-3.546915	0.623896	4.623222	1.590720
-0.356854	-2.286013	-1.010858	-0.844035	-0.088842	1.225069	-2.757094	1.735448	-0.293644	-2.425412
-1.568071	1.856851	-0.498726	1.440634	-1.442397	-0.381438	3.242023	3.874822	4.724685	0.574097
0.659228	1.994586	2.877046	4.739095	1.686824	4.738627	0.736612	7.110601	6.034280	1.732021
-0.985564	2.548966	3.377048	1.551110	4.865888	3.157834	-0.071855	0.987568	1.474012	-0.092267
1.383650	0.956164	5.094168	5.515142	3.368058	2.121253	1.795996	-2.412795	0.127654	0.637807
2.606363	5.067955	5.206395	6.220255	0.774302	1.843256	3.467736	3.222898	3.157277	3.816518
-0.432728	2.112216	2.625018	4.400413	1.551985	3.423912	2.098740	1.027735	3.468656	2.682441
-1.324727	1.754823	2.750524	0.506281	-0.250925	0.488695	2.795379	-3.891599	-3.456335	1.818048
-0.694338	-0.749148	0.040904	-3.929177	-4.462960	-1.621625	2.018827	-5.296214	-8.346721	3.262917
-1.963764	-0.576118	1.720844	-1.214794	-1.059650	2.713127	0.279959	-1.809820	-0.586926	2.782922
-0.297109	-2.107208	-0.376066	-1.875904	-1.069025	2.523524	-4.406853	-4.818525	-2.111474	-0.506260
0.094626	-3.524538	-1.204937	-2.638837	-1.243312	-7.290459	-2.410834	-2.727436	-3.126087	-2.133052
-0.959863	-0.869527	3.987919	-3.422124	-3.531237	-3.926345	2.936892	-0.771160	-2.156386	-0.165077
-0.150677	1.482309	3.703392	-2.295996	-1.807227	-1.084859	-2.197298	-3.282200	-4.461590	-2.291956
-0.479118	-2.090447	-2.909328	-3.847379	0.498195	-5.879921	-3.035928	-4.086661	-3.784919	-6.812209
-2.510787	-5.565110	-2.496551	-2.099301	-1.522293	-7.440352	-6.011519	-4.177943	-3.864791	-5.405156
-2.413487	-2.294594	-1.124587	0.564513	0.395989	-2.515771	-1.188692	3.307853	2.979479	-3.994115
-1.201317	-0.679709	-1.239944	-3.004260	-2.934779	-1.912195	-2.404266	0.588528	-1.550024	-2.525204
0.516421	-5.315567	-5.041430	-3.192742	-2.997312	-0.869840	-3.252659	-5.616916	-5.384214	-1.272038
-1.884673	-3.175677	2.307847	-2.846352	-2.808627	-3.011121	-3.429686	-5.162476	-3.581503	0.125869
-1.188400	0.803055	-0.466918	-0.762609	-0.341637	1.250349	-1.443464	3.284854	3.755398	1.173102
-0.106558	3.453723	0.911869	0.486471	-1.631453	3.311761	0.815696	6.903679	6.805879	3.187850
3.219351	2.842523	-0.547197	-0.493526	-0.482284	2.095304	-0.987217	2.449108	0.893034	2.100703
-2.496671	-2.910447	-5.824919	-3.803912	-1.300639	-0.627129	-4.528715	-3.579253	-5.577944	-4.735448
3.369675	-1.490188	-1.923600	-1.476197	-1.270622	-1.514743	-1.140803	1.048507	4.421240	0.748489
1.736492	-2.052297	-1.098541	-0.935390	-0.705539	1.804057	-1.741788	-3.274301	-3.360518	-4.333990
-1.427921	-4.270771	-2.166043	-2.178396	-1.993989	-5.768129	-1.563474	-4.292766	-6.830818	-4.803091
-0.345061	-2.111706	-4.250804	-1.814619	-1.548374	-7.941302	-2.542361	-2.864174	-2.368161	-3.858815
-1.035127	-2.567295	-2.927722	-3.111560	-1.695592	-3.733459	0.745949	-0.413413	1.518854	-2.677263
2.489783	-0.263828	0.630206	0.175780	-0.349237	0.004402	1.043760	5.738933	2.931730	-0.078734
3.948570	3.045705	-0.610714	4.082805	1.607794	2.654589	-2.213925	4.754679	4.075272	2.382874
-0.362163	-0.988784	0.624223	-0.018281	-0.552089	1.066209	0.880802	-0.335158	-2.469914	-0.529934
-2.938613	1.205720	3.618324	-2.079570	-1.586778	-4.801629	3.288447	-5.175962	-5.464122	0.102947
-0.984478	-0.661367	0.211499	-2.708755	-1.560662	0.267687	2.003123	1.104986	1.405057	2.403926
-0.470755	-0.468628	-1.305143	-1.911224	-2.671527	2.062570	1.677040	0.785402	3.387434	0.301511
0.033559	-2.593244	-5.643791	-0.925564	-1.734261	-2.289266	-2.140887	-3.317892	-2.786880	-5.851987
0.209168	-3.357293	-4.943831	-2.720161	-2.062046	-8.262303	-3.119642	-0.143779	-3.734973	-4.885056
-1.884224	-1.506752	0.180850	-2.882798	-2.003466	-4.891723	2.373892	-2.979339	-4.563031	-0.943881
0.167485	-1.064698	-1.165932	-1.674757	-1.411202	-0.110607	0.150036	-1.970351	-0.471537	1.996752
-0.963099	-4.434605	-3.530463	-2.341618	-2.388634	-0.266134	-3.353790	0.529405	-1.166278	-1.798940
4.849127	-1.395845	0.266276	-0.020759	0.789858	0.634919	-1.072064	0.103049	1.079867	-1.570440
0.547970	3.974208	1.128404	0.338342	5.315397	2.575775	-1.276962	1.075603	0.613513	0.913573
-1.713668	0.919086	-1.663762	-1.713489	-1.024594	0.112761	-2.376058	1.071186	0.877082	1.717217
-1.136380	-0.395281	-0.880499	-4.815527	-2.756592	-3.060199	-2.404126	3.185520	-2.096108	1.305515
-0.482860	-0.930363	-1.129187	-1.083745	-1.284772	-0.402476	0.556462	-0.345974	1.030666	-0.011311
3.022196	-0.635325	-0.355305	2.708586	2.389392	2.905656	-0.789567	1.487323	1.166525	-0.526738
1.518195	1.494166	3.088271	0.327993	0.817725	3.411127	1.923717	0.491533	0.273091	0.999559
-1.752857	1.495443	2.017564	3.869407	1.702253	-0.719533	0.197345	-0.869625	0.871888	2.769603
-3.240753	-0.702757	-0.366902	0.905958	0.518204	1.344404	-1.441855	0.064170	1.644439	1.498821
-2.458287	-1.899901	0.150697	-3.975021	-2.500696	-0.363729	-3.260250	2.033836	-1.472531	-0.389062
-3.065952	-2.262951	-1.050615	-2.905800	-0.699521	2.704898	0.233390	1.979194	-2.710998	-0.061818
-1.404739	-2.176173	-0.669513	-1.805647	-2.922742	-1.291284	-3.258504	-1.584738	1.700363	-1.951222
-1.661643	-1.953329	-3.536672	-2.494128	-2.647834	-4.989144	-2.065700	-2.392443	-2.540323	-6.360046
-2.064254	-0.327983	3.246033	3.079488	-1.394070	0.924050	-1.434169	-1.602702	-1.810431	0.375636
1.288735	-2.219699	-0.282674	0.861633	0.843876	2.901928	3.719821	-4.119597	-1.009134	0.180152
2.795032	0.146959	-2.376768	0.516541	-0.561969	-0.349177	1.800100	2.849386	2.195992	0.536230
1.123546	1.027027	0.937876	1.208844	3.824020	0.584163	-0.577903	3.310665	2.324874	0.733795
-1.453115	1.361540	2.538180	3.989072	5.431668	2.229581	3.108741	4.372555	1.155736	1.010174
1.194159	4.792233	1.428968	3.295658	-0.554002	3.877305	2.895159	1.823270	1.185505	3.618693
-0.250824	-2.159160	-1.531736	1.952432	-2.877765	0.381264	1.891879	-3.908776	-3.452396	0.986579
-1.810954	2.329895	2.006588	3.500124	2.623000	1.134588	1.513024	-2.331069	1.867960	2.161355
-1.141923	0.690130	3.060061	-1.589836	1.983516	-1.754696	-2.206479	-2.074796	-3.459202	-3.546753
0.480181	-2.541924	2.693705	-5.224719	-4.883097	-9.089462	-1.777909	-4.718647	-6.135560	-7.193321
-1.261835	-1.763836	1.439937	-2.628899	-0.947518	-4.972882	0.510355	-4.503008	-3.593187	-2.973628
-2.162459	0.233123	-2.410823	1.719752	0.949870	-1.250433	-2.329166	1.886329	1.651438	-1.148050
-1.271482	1.509481	-0.699660	-0.708641	-0.722214	2.683110	-1.268755	4.665775	1.132039	-0.029968
5.890505	2.418265	2.531042	1.142946	-1.465855	1.177569	2.727404	3.167639	0.672840	0.708940
4.435414	1.349600	0.620099	1.229236	1.788164	3.674267	2.573726	2.330131	2.563961	2.710992
0.735754	3.756810	2.359622	6.544452	3.624656	3.509923	2.839323	3.636057	2.488225	3.222505
2.333735	2.416716	2.560323	4.461213	2.894535	3.435958	3.821904	0.575025	2.447953	1.031297
0.873268	2.598839	2.020312	6.035440	6.441711	3.811888	3.238680	1.374643	3.896565	2.711982
0.811163	4.114598	2.081399	-0.990651	1.309696	4.465731	2.155254	2.113916	0.037180	4.452574
-1.045271	-0.166289	-0.659511	-1.288542	0.601699	0.548503	-0.991967	-1.572349	-3.111781	-0.912113
-1.428922	0.586091	4.532988	1.493280	5.662228	1.505916	4.552616	0.604752	4.392700	3.013732
-1.479480	3.438053	3.610800	2.519131	4.584589	3.927286	2.963806	2.580825	5.618441	2.424218
-1.392736	1.865807	-1.841672	1.876821	2.123289	1.260821	-0.078602	3.106174	2.759359	5.060155
-2.894880	2.145865	0.234671	2.408961	0.704932	0.329434	0.781188	3.153304	2.034671	1.195750
-0.957100	0.324834	-0.630871	-4.690539	-1.608678	-0.908467	1.996771	0.431517	-2.940307	-3.202691
-1.930988	-3.738781	0.636999	-5.825173	-2.289940	-6.844274	1.993637	-6.914081	-5.540160	-2.470963
-1.564633	-1.249176	2.773277	1.102367	0.441149	-1.969681	3.550276	-3.943289	1.292428	3.498838
-1.221626	-0.252747	1.984058	-0.555915	0.989988	0.275617	4.242575	-2.913402	-0.368630	1.041713
0.749343	-0.966795	2.067733	-1.750815	-0.329623	-1.528875	3.728820	1.788982	1.817681	2.690263
5.253083	4.545079	1.589195	2.270969	-0.435285	2.242247	0.432694	4.229266	5.829472	2.187689
2.584704	2.343172	-1.978068	0.156637	-0.863701	3.596683	-2.779120	1.749254	0.652158	-0.104112
-0.718284	1.727279	1.122934	2.445489	-0.074374	-1.321665	0.132558	2.946447	3.901049	0.279659
-1.300573	3.028192	3.850987	0.164325	-0.183309	4.119603	3.585307	3.457448	2.009458	4.540197
-2.791054	-0.127995	-3.720422	-2.664260	-2.386008	1.473286	-3.488297	2.169161	-3.918106	-2.136202
-0.480617	-1.444993	-3.136111	-3.515169	-4.340178	-5.144217	-2.349976	-1.044112	-3.035932	-3.052744
-1.035155	-3.678114	-4.353595	-3.018007	-2.781125	-1.151110	-3.129557	-5.537169	-3.767109	-3.901335
-1.080657	-4.183070	-4.455492	-1.182279	-2.146853	-2.067994	-3.886864	-5.085005	-3.237329	-3.836083
3.972283	0.250124	-1.489020	1.247207	-1.058371	-0.933075	1.148373	0.197781	0.280018	-1.272795
-0.354225	3.073353	3.312799	2.928844	1.578116	2.185544	2.645928	-0.970706	0.621039	3.000219
-2.179674	1.916700	-1.730553	-3.256077	-2.631600	1.417557	-0.167029	-4.246064	-5.145056	0.991850
1.981544	1.799148	-0.363399	1.014736	-1.852827	0.400660	-0.100526	-0.652489	0.030539	1.430688
3.432939	1.778077	4.587739	2.266473	0.765729	4.458746	-0.016794	0.569922	1.738832	1.345723
4.450816	-1.157433	5.527439	1.260023	0.518759	0.983309	-0.953562	1.094075	-0.443371	1.535044
2.096684	-0.567002	-3.174723	1.708675	-1.958044	-2.947756	-1.004462	-1.117529	-2.703763	-0.212960
2.062850	1.755447	0.642531	4.006319	2.737112	-0.765458	2.671378	0.734417	2.368963	-0.313701
3.596022	3.276894	2.201776	3.290742	1.610020	3.206099	2.259427	1.279315	1.937011	2.996610
0.648407	1.141215	-4.436312	-3.183567	-1.687128	1.658306	-1.728644	1.291170	3.657587	0.543262
-0.606089	-1.059514	0.847243	-2.811321	-0.657539	1.624858	-1.335266	1.528788	1.148596	-0.600357
-1.288258	-0.047815	0.781116	3.787668	0.865879	0.280646	0.772434	-2.157928	-0.851657	-0.358158
-3.217593	-1.078613	-1.039015	2.045487	0.030121	-2.541634	0.198528	-6.551673	-0.546269	-2.158352
-2.857187	-3.841732	-3.866977	-1.235575	0.854280	-3.552890	-2.864012	-4.578243	-1.894635	-1.471051
-1.827935	-2.316395	-1.860491	-3.215632	-3.377052	-1.582628	-3.675412	-0.997231	2.820647	-2.018165
-1.834529	-0.655928	0.331818	-1.576495	-0.477778	1.911346	-3.958497	0.418265	1.061682	-0.713905
2.594637	2.489747	2.907327	2.433722	1.295395	0.650426	2.814509	4.838051	3.463672	0.582019
4.556869	3.038106	3.622613	5.117808	2.588763	1.526907	4.650484	5.801232	2.697218	3.660599
2.791774	3.914324	4.800556	4.528351	3.695922	1.829584	3.206406	0.161012	1.875224	2.806626
-0.192944	-0.380420	-1.015567	-3.492460	-5.426334	-2.400949	-2.745145	-3.354405	-7.800911	-5.102810
-1.990877	0.234950	-1.778676	-1.490738	2.047994	-6.836396	-2.412886	1.162684	-1.498884	-2.265316
-1.081820	1.019313	-1.184190	-4.467192	-0.722998	-3.576159	-2.899235	3.699385	-1.254595	-3.208198
-0.811367	-3.466853	-1.571130	-4.456734	-1.895613	-4.726544	-3.870106	-0.919101	-5.951844	-6.342163
-3.024514	-1.810168	-2.004711	0.775926	2.726949	-2.269753	0.311288	-3.380869	0.015268	-0.685717
-1.415654	-1.626152	-0.052253	-1.757220	-0.047714	0.716012	-2.612364	1.711783	3.065142	1.759237
-1.725082	-1.909625	-1.938069	-1.306683	0.777497	3.570048	-1.369871	0.297657	2.067474	3.413193
-1.385894	-4.056603	-1.945676	-0.671070	-0.529417	2.728653	2.176359	-3.325345	-5.267235	2.631848
0.280915	-0.578204	-1.237687	2.826809	0.559143	-0.507272	0.273721	-0.389623	3.287310	1.288002
-0.221050	1.567355	-0.635313	1.930548	0.790479	2.453270	-1.121289	3.216425	4.875808	0.698051
2.253615	-0.037140	3.150033	-1.372960	1.417993	1.540280	-0.775272	-0.484301	-3.008346	-1.416404
-2.449385	0.560097	1.187841	-3.585822	-2.910913	-6.357242	-2.786327	-0.850702	-4.199054	-4.629464
-1.408248	1.619253	3.803704	-1.471344	1.185163	0.109005	-0.871252	-0.600279	0.966777	-1.284628
0.075931	-1.832983	-1.533186	-0.513031	-0.687375	2.246322	-0.252843	2.199865	4.241243	0.191107
1.643856	-3.084322	-4.057235	-2.163686	-2.432123	0.866110	-2.538793	3.574428	1.346438	0.887042
0.859828	-1.216974	-1.593047	-0.183116	-1.554478	2.964672	0.173507	2.811307	3.074355	1.872982
0.472150	-1.496345	-1.208927	-0.051822	-2.325133	1.673010	-1.153634	4.067096	4.704789	1.838431
1.844925	1.665457	-0.747175	0.306192	-0.420185	0.968125	-3.906704	0.972192	3.004130	-0.173108
-0.074545	-1.835073	1.092208	1.519125	-0.027127	-2.656177	0.461312	0.172688	1.466771	-2.112728
-1.734058	-1.118140	1.382022	0.077274	2.795847	-0.830896	-0.461873	1.555477	-0.433397	-2.814223
0.735485	0.297953	-1.469929	-0.564562	-1.218957	2.003974	-2.635140	1.228652	-0.204484	-0.814486
3.122486	0.015104	-1.264443	0.047917	-2.029131	1.020236	-2.207471	1.128905	-1.838699	0.466389
1.961045	-1.885886	-3.657214	-0.737289	0.166431	1.565294	-1.647047	-2.771074	-2.127852	0.283211
-1.294838	-4.297619	-3.735937	-1.901780	-0.562662	-0.660349	-3.666146	-4.929395	-3.541256	-3.924712
-1.934065	-1.716893	1.020997	0.905346	3.433396	-2.546087	1.294555	-3.058968	0.918679	0.415829
2.094264	4.831896	2.782796	5.155989	3.831916	2.906683	6.175179	5.743795	7.581341	2.446742
3.035747	4.925851	2.486869	5.691252	4.119603	2.681866	3.603450	4.278382	3.452416	2.518836
4.536780	0.968576	-1.837072	0.259837	-1.095931	1.598765	-1.967805	1.591480	2.423392	3.396723
2.984762	0.574478	-1.704514	-0.987954	-1.037479	1.233586	-1.200061	2.666375	5.087056	3.496910
-2.888711	-0.941038	-1.005746	-0.151716	1.930069	0.327233	-1.600589	-1.660746	4.730292	-2.585393
-2.554444	-1.141163	-0.213552	-1.179448	-0.175778	0.271610	-0.929963	3.405800	0.130288	-1.372074
-2.155042	-0.156189	-0.632917	0.695656	2.577588	3.160220	1.141447	3.550899	2.150729	-0.229525
0.431092	-0.649308	-2.707025	-0.307700	1.288379	-0.236832	-0.997932	-1.865265	-3.764201	-0.265536
2.022449	-0.101210	2.182440	-1.270613	-2.521498	-3.158643	1.369030	1.678590	-1.631216	-0.704097
1.725525	1.256316	0.160896	-0.731677	-1.453632	-1.201610	0.936662	1.642049	-3.298933	1.131500
-1.166588	-0.705219	-4.901737	-2.149387	-4.264814	-0.953329	-2.760808	-4.011605	-3.529566	-2.640333
2.463601	-1.544604	-1.120842	-0.372239	-1.435734	-0.764197	-0.728349	-0.684791	0.390969	0.185010
1.131886	-1.454527	1.339802	-0.357626	-1.198883	-0.002813	0.759965	-0.722727	-2.780044	0.919739
-0.512343	-0.783976	-0.130586	-1.176344	2.033647	1.453326	4.560165	-1.184429	-0.073121	-0.692338
-3.916796	0.449362	0.915416	0.869214	2.568867	-1.715779	1.768778	0.804084	-1.329978	2.404885
-1.246882	0.444400	-1.307272	-1.979747	-2.418714	-1.392226	-0.829269	1.514893	-0.484430	2.607517
-2.027412	-3.116549	-5.376029	-2.717021	-3.346789	-1.815614	-3.997549	-2.646118	-1.756294	-2.377137
0.918403	-2.040572	0.249266	0.918598	0.729152	-4.745845	1.146666	-2.467369	-0.979785	0.905230
3.108252	1.963145	2.043236	3.741917	2.140916	1.496984	1.352299	2.892723	2.665682	2.055122
4.502723	1.099414	-0.421898	1.679842	-0.495187	1.178069	-0.429625	0.355840	0.032491	-1.096957
1.504803	-3.338752	-0.683015	-3.796522	-3.504452	0.680511	2.596918	-5.721334	-6.209973	-0.726402
-2.835220	-3.365138	-0.972093	-4.827668	-4.159270	-1.849694	1.480350	-4.461918	-6.699824	-0.253111
1.154541	-0.376233	1.166889	-2.105089	-0.925734	0.000653	2.483593	-3.459528	0.377623	0.584818
3.155772	3.007777	2.147753	5.678019	4.689362	4.224049	5.962567	3.134421	2.039154	1.820586
0.967459	1.257404	1.603419	2.062465	-0.162277	1.206689	2.316489	0.286012	1.835856	2.205794
-0.478310	-1.723441	3.946708	0.562453	0.749256	-2.026231	0.318179	-1.421869	-1.373084	-1.344259
-1.430851	-1.231644	1.485039	-4.228310	-3.042234	-5.288416	-4.080348	-4.292338	-3.819779	-4.591875
4.002423	2.614004	3.200433	0.188781	1.097756	1.165029	2.319822	3.183593	5.303959	1.343544
2.463197	3.097815	2.333308	3.644134	1.495031	2.555697	1.958303	2.717410	4.109718	2.014494
0.752057	2.634300	-0.592017	-0.944547	0.891593	3.761881	-1.228492	2.167700	1.949788	2.940271
1.338989	1.498968	1.903876	2.584744	3.326747	3.194874	1.023645	0.543852	3.313457	2.808171
-2.593622	-1.894571	-1.029297	-2.404286	3.159493	2.557667	-2.170175	-2.725544	-3.662583	-0.313315
-2.129691	0.781391	0.127581	0.391667	2.277133	-0.816048	-1.935246	-4.048299	-1.057041	-0.881592
-0.382630	2.583663	1.612025	1.173109	3.211668	-1.385981	0.093038	-1.432321	0.112573	-0.268369
2.554445	1.705852	3.323151	3.993545	2.181198	2.410357	5.229282	3.726082	4.564852	3.011646
0.528022	4.133166	2.956771	4.993081	1.136821	4.533458	5.782688	2.786202	1.665989	2.502842
-2.439813	1.501110	1.512999	-0.479378	1.868537	1.867608	5.751757	-1.731967	-1.206222	1.747409
-3.610274	0.585292	-2.021454	-4.104229	-5.410157	2.034697	-2.052109	2.599771	1.584812	2.046135
-1.748872	-2.618785	-4.661676	-0.195564	-2.831764	-0.532288	-2.534314	0.841111	-0.772012	-2.407593
-0.800220	-2.039714	-2.033158	2.676218	1.075012	-3.071961	-1.647461	-2.596150	-1.232701	-2.661586
-1.598330	0.681007	-0.246391	1.759024	2.493367	1.607167	-0.075753	-1.506314	0.346544	-1.393159
-1.557714	2.101783	0.612933	2.612557	0.929596	1.124481	0.071804	-1.317683	0.456718	-0.580627
-0.561581	-1.689185	-3.427579	-1.273178	-0.906308	-2.737733	-2.658498	-1.338957	-4.357281	-1.996205
-1.280543	-2.424692	-4.236521	-3.703779	-1.224152	-7.071591	-2.048667	-4.382134	-4.505454	-0.764108
-0.692008	-2.326838	-1.587689	-0.238640	-0.876144	2.960295	-2.269712	-2.009014	-1.462702	1.002247
1.007213	-0.460321	1.455220	1.057340	2.567309	0.949207	2.450556	-1.919493	-0.202726	1.407444
-1.936786	-0.306641	2.778810	-3.064034	-1.140703	-1.881669	2.952625	-3.468368	-4.542626	0.831166
-0.423914	0.208604	3.923082	-4.225360	-0.976691	-2.988950	0.810383	-4.767035	-3.336801	-1.481206
-2.238078	1.941912	0.341935	-3.124335	-3.554565	-0.335851	-2.446385	2.059212	-2.172850	-0.346489
3.820216	1.326584	-0.019929	1.235643	1.890463	2.581412	0.023507	3.858479	2.971229	0.305899
3.584963	3.835120	0.834386	1.681276	0.425282	3.438821	-1.643457	5.406273	2.661838	-0.534861
0.251858	1.532317	4.768378	2.796867	3.488177	-1.666638	3.705208	4.173802	4.132180	2.125514
0.820496	4.107374	4.135644	2.860516	3.291236	2.183017	2.558684	0.610474	1.847858	1.346604
-1.354325	-0.149110	-0.860422	-4.306574	-3.732656	0.052871	4.984153	-4.833002	-6.876326	-2.191909
-1.657007	-5.739037	-2.215224	-3.645804	-1.412313	-3.513694	0.426598	-4.153116	-3.775966	0.049057
-2.895654	1.150790	3.248431	2.098828	-0.020252	1.823507	0.817600	0.520543	3.343441	1.841783
0.671834	0.916970	-0.219265	3.786122	1.841812	0.228958	1.960040	1.596386	3.092998	1.000352
-0.772942	0.734601	2.236380	0.410077	2.607662	-0.735957	2.321799	2.338123	5.204212	4.584745
-0.259183	2.812578	0.563257	0.643393	3.530680	3.700546	-1.187543	3.798268	4.494686	1.947046
-2.452588	1.385001	0.298956	3.515169	6.675751	3.222654	2.311294	2.444032	2.519725	2.068537
-2.364255	1.539166	-0.966132	-0.153796	-0.166445	-0.282250	-1.590010	-0.101571	-0.275866	0.088302
2.636119	-1.760929	-1.421321	-2.282305	-1.912326	-3.118380	-3.749774	2.539870	0.163917	-3.101476
3.647737	0.266113	1.873779	2.634241	-0.662610	1.227651	-1.407718	2.090771	-0.561619	-0.045111
2.921902	1.239890	4.905954	-0.362661	-1.231716	0.955630	-1.455863	0.844143	0.051230	-0.769919
1.039918	-2.540101	-0.071507	-1.625213	-4.159662	-4.670757	-1.929428	-3.273899	-5.054932	-4.834213
-4.285310	-2.865263	-3.011520	-1.974821	-2.288969	-5.329722	-1.445531	-1.817241	0.921001	-2.737106
-1.573476	-1.981297	1.647502	-3.442287	-0.716255	0.937925	-0.777294	-0.588269	0.209533	-2.023111
-0.121275	-1.531906	3.686345	-1.199016	2.575161	0.950973	-0.923733	-2.157870	-4.665132	-0.838039
0.584299	-2.556092	-2.581708	-3.421513	-3.558742	-4.510989	-0.300868	-2.597430	-5.006189	-0.769101
3.151652	-1.884157	-0.775271	-0.168184	-2.206581	-1.739770	1.493983	-0.538734	1.049865	-0.836906
-0.064209	0.697797	-1.281159	1.047266	0.511625	0.412423	-2.386697	-2.711171	-0.750866	-1.286363
-2.629177	-4.650732	-6.066390	-0.787570	-2.755944	-4.929018	-3.619825	-4.344625	-6.139278	-3.460978
0.798556	-2.977845	-4.809778	-3.754998	-2.853807	1.292300	0.128983	-2.464083	-1.492769	0.707641
-1.518003	-0.312144	1.940459	2.251675	-0.562280	3.897672	2.187110	1.947666	3.367264	1.805591
-1.646746	1.381769	1.027706	4.517940	2.707618	2.710293	2.393943	3.169637	3.420023	2.171566
-1.763467	2.602795	-1.440955	1.813790	2.753570	4.494060	1.208965	2.208240	2.644310	1.384664
-2.209756	-1.434469	-4.424240	0.699916	0.602359	-1.013329	-1.618335	-0.081612	-0.070973	-3.140316
-1.503007	-3.554723	-4.401565	-3.880991	-4.994531	-7.016376	-2.659471	-4.954507	-8.961225	-7.099574
-0.816612	-4.338269	3.064154	-2.665739	-1.435116	-9.614281	-2.696555	-5.064835	-1.783647	-4.676910
2.144638	0.919393	2.140399	1.040762	-0.623410	1.525956	-0.218598	3.656815	5.424663	-0.055121
1.276149	0.515362	-0.048145	3.132701	1.318073	1.149337	1.160889	0.810753	1.319003	0.774197
-3.903470	-0.950163	-0.825495	2.176370	1.263518	-0.602934	2.133697	-1.457712	0.642173	1.495148
-1.981714	1.604017	-1.541865	2.802057	1.301515	-0.749453	1.043618	-1.591871	0.896272	-0.841861
2.471426	3.809703	3.394328	4.886052	3.299350	2.100384	2.242543	4.124184	5.952598	1.626077
4.754056	2.978692	3.611569	3.704046	1.996115	4.590285	1.222266	6.111262	4.395848	1.916271
0.169182	2.423985	-2.822957	-3.034874	-0.806801	0.773156	-3.465120	1.314569	-1.617880	1.244630
1.580910	2.560081	3.449436	3.793982	1.772493	0.156406	2.363081	2.034011	2.878911	1.876466
-1.310854	3.438078	4.916434	4.270003	2.216191	3.286445	1.307565	4.987095	5.509617	3.104391
-2.059805	2.408575	0.233723	1.527180	1.454186	1.831584	-0.383573	0.274025	-0.198065	1.165919
-3.156237	-3.906428	1.842990	-2.766100	-3.165927	-3.846765	-2.114234	-8.451594	-10.687339	-5.881937
3.359853	-0.555433	1.645923	-1.016447	-1.233952	-5.241691	0.369281	-2.507257	1.153088	-2.598060
4.839570	0.859059	0.303809	0.323130	0.477608	3.138222	1.403469	3.029837	2.712914	2.364067
5.003217	3.218046	0.055438	1.617519	-0.358547	3.238987	-0.458769	3.699693	2.873932	-0.380740
-0.659302	2.456826	3.711897	3.612111	-0.700320	-0.935480	0.187769	4.103712	2.155937	0.569339
0.989014	1.964198	3.021478	-0.354303	0.323692	-1.878761	1.327484	1.610696	3.034624	-1.211378
-0.271731	-0.583042	-5.078431	-1.745033	-2.454209	-2.156241	-2.278723	0.712945	-3.034014	0.003131
1.784463	0.214304	-3.312936	0.530712	-2.657519	3.963100	-0.631747	0.454460	1.444517	3.198285
3.853498	1.899933	2.687052	1.515425	0.317265	4.977080	-3.036485	1.540240	1.758011	3.590908
3.235974	1.142943	-2.463974	0.245896	-0.204049	1.722119	-0.598532	-0.269514	-0.420538	1.801020
0.175392	-2.408670	-3.950119	-4.396380	-2.932755	-4.445164	-2.164383	-3.127704	-5.631136	-3.793955
-0.739649	0.449190	-1.041692	-2.247510	-2.297445	-7.285847	-3.385233	-1.545532	-0.653690	-4.134594
-0.314849	0.787419	0.194603	2.804799	0.354993	1.460690	0.308525	2.536700	3.177494	0.575127
0.602289	1.222613	-0.062338	-0.570157	-1.361433	0.478469	0.336398	1.442191	-1.857991	-0.880568
-2.156035	-2.621333	-0.199421	-4.642684	-2.204709	-4.308389	2.759992	-4.721563	-3.376850	-2.697456
-1.624924	-2.901523	-2.533047	-2.819585	-0.268623	-5.561861	-1.637584	-3.188765	-2.434490	-4.801111
-2.062881	-2.248664	-3.635721	-2.805863	-2.173861	-2.878825	-3.556922	2.725883	-1.442415	-1.712609
-0.734708	-2.482660	-2.086044	-3.281320	-2.648107	0.594142	-0.579114	-0.068324	1.176667	-1.708226
-1.021010	-1.471917	-0.320016	-2.398759	-1.127345	-3.018039	1.648149	-4.796389	-3.362048	-2.870138
-1.088188	-0.314542	0.089461	-3.626280	-3.533560	-6.991444	2.055975	-2.990816	-3.191964	-1.518320
-0.225249	0.394359	1.846687	-0.466082	0.370469	-0.542452	4.015675	3.093892	2.374512	1.975552
-1.378096	-0.517320	-1.451836	-2.217765	-3.234542	0.018559	-0.170943	4.706229	1.364878	-1.545098
-0.442633	-0.778887	-1.099808	-3.310027	-2.102173	0.450211	-0.167970	3.469493	-0.518171	-0.084448
-2.149066	1.122053	-0.939626	-3.012665	0.108096	1.441626	-4.180095	3.569179	1.314762	1.853025
-0.979900	0.516190	-3.177388	-2.574576	-0.400415	2.054524	-2.938710	-0.985217	-2.904427	2.761844
-1.676140	1.240318	-0.112190	0.578144	-0.462484	2.382826	-1.282405	-2.719899	-1.850439	0.613030
1.664809	-0.605071	-0.308629	-0.125100	0.500710	3.646651	1.119529	2.903130	-0.675677	1.821903
-0.031360	-1.577484	-2.909100	-0.605701	-4.042112	3.798220	-1.146998	1.997465	-3.162542	0.352485
-3.193851	-1.627030	-0.441799	-0.544955	0.468573	-0.479351	-1.043378	-2.061596	-0.784435	-0.547107
-1.748971	1.865883	-1.373721	-0.673653	0.728686	0.435758	-1.713902	-4.822758	-1.746757	-0.165852
-0.736525	1.473248	1.730439	4.392813	5.072450	3.951563	0.530139	-2.360622	3.629293	1.398165
4.179880	3.802555	4.542789	3.925251	4.224488	2.999679	4.741552	0.998707	3.675717	3.483361
0.503439	1.815998	5.482133	0.560569	1.439921	0.114422	5.073046	3.001228	-0.816786	1.035952
1.282547	-0.210032	1.729379	2.594578	3.814771	0.254605	2.642127	2.891538	3.976487	2.442552
2.644097	1.521257	-2.275068	-0.524413	1.255461	3.287942	-1.081497	2.124735	2.538839	1.850073
1.700785	1.144056	-2.118699	-0.912792	-3.143687	-2.935756	-1.936320	-2.129482	-3.698627	2.194628
4.267704	3.672258	2.761592	6.028450	1.789246	1.933521	3.343963	1.961985	2.784993	2.012828
-0.158551	1.367456	2.758813	2.645026	1.241683	2.077183	2.691059	0.323834	2.589603	1.184481
-1.105284	-1.273259	2.645571	0.262847	-0.085357	1.392438	4.257671	-3.790634	-3.102593	3.386895
-2.431301	-1.606294	-1.673228	0.113324	3.020147	2.842093	3.186605	-1.403420	1.656312	3.683978
-1.162407	-1.073956	-4.488574	-4.454331	-0.890287	1.051454	-2.349138	-2.373625	-3.506077	-0.061165
-1.660005	-3.557052	-2.842962	-4.576604	-2.994440	-6.704976	-4.266753	-3.495848	-3.121153	0.921170
-0.872599	-4.405689	0.471817	-3.254986	-2.170094	1.210508	-3.434339	-4.242889	-3.190209	1.072687
-1.233195	-5.184273	-4.089830	-3.886062	-1.525433	2.841806	-3.087594	-2.587348	-2.948138	2.171085
-0.212294	-3.824510	-3.214597	-0.829921	-0.690240	1.031418	-2.369918	-3.522323	-4.594932	-1.307234
-0.399601	0.426293	3.372323	1.914248	4.184500	-0.160354	0.660689	1.513588	1.549718	0.968029
-0.235519	4.120631	-0.303862	3.574958	4.308802	2.838185	0.448428	5.163384	2.281020	-1.016930
3.815551	1.993900	0.565953	4.212320	0.200378	1.710433	1.399895	1.646267	3.282183	-0.920813
3.818806	0.504694	-2.909525	0.361446	-1.786259	2.760984	-1.102311	-1.637059	-0.980783	-1.907126
0.950144	-2.319290	2.555109	-3.974653	-3.260796	-1.213666	2.726008	0.385505	-3.133370	0.791925
-2.419137	-0.932458	0.555861	2.311033	1.488275	-0.699124	-1.302753	0.145561	1.600434	-0.001467
-2.512838	1.016789	-0.363963	2.883115	2.539865	2.306600	2.228003	-1.960287	3.282838	-0.835912
3.972342	-0.339554	1.444040	3.740902	2.306282	3.504198	0.064769	2.871261	2.003953	1.374782
2.607200	2.224712	-0.899824	0.073804	-0.761566	0.534459	-0.162259	4.346108	1.352689	-1.498997
1.808338	3.101184	1.189948	1.901730	1.183927	-1.197227	-0.057589	-0.352145	0.445756	0.819739
-2.526345	-1.462940	0.955060	-0.267712	1.555566	-1.335474	0.496474	-1.622696	-2.339635	2.390577
-1.882648	-0.592160	1.727015	0.183787	3.569055	1.573005	1.799020	-2.574944	0.321826	0.264704
-0.502269	-1.836977	2.832316	0.423833	2.398099	-0.740903	2.921142	-2.736087	-0.833649	-0.824896
-2.759808	-2.241392	-3.210036	-1.153067	-2.244300	-6.283714	-2.343269	-2.822523	-4.337750	-4.368938
-3.521262	-0.587904	2.602962	-2.790807	-2.421942	-0.221843	-3.384823	-3.311453	-3.340467	1.836562
-1.868430	-1.725513	0.149312	-2.186181	0.943876	0.865794	-0.675830	-1.424275	-2.520490	-2.259115
0.111291	-0.807916	-0.444087	2.301716	2.539952	1.461679	0.066900	4.550412	3.289193	1.125815
-1.127797	1.783286	2.008366	3.529988	4.846485	1.075494	2.767155	3.567606	3.383490	-0.383069
-0.417290	3.954597	2.994071	3.807138	3.252974	1.673323	2.853824	4.958108	6.865512	3.225216
-0.537785	3.249819	0.851728	3.138369	3.819916	2.180546	1.204796	2.612217	1.774068	0.314949
0.789422	-0.690845	1.632736	0.099185	0.252207	-2.476156	1.162657	-3.187968	-4.189032	-1.760490
-2.369766	-0.934091	0.206494	0.884086	-0.884057	-8.829001	-1.123104	-1.130550	-3.003181	-2.145323
-2.289645	-3.783316	-3.872501	-2.779026	-1.251981	-0.751609	-1.423401	-1.755029	-1.613968	0.127031
-2.037310	-1.484815	3.150950	-0.761450	-2.403369	2.036001	2.988753	1.237591	2.379614	1.522850
0.436743	-0.770384	-0.194057	-2.367588	-2.007829	1.306808	0.281945	1.391007	4.218773	-0.290589
-0.040581	0.561382	-2.472123	-2.942738	-2.957565	2.165594	-3.488738	3.116416	0.429516	1.050093
-0.935377	-1.268911	-1.886752	-1.617902	-2.467287	1.849638	-0.832011	1.791312	-2.528449	3.050473
0.250160	2.502542	-1.407448	3.603017	2.493100	0.505920	2.887013	3.474692	2.601283	2.808331
-2.663564	2.109947	3.983686	5.246319	3.492388	2.153921	5.119120	4.436450	2.977119	4.168042
5.054554	-0.336189	0.785045	1.493801	1.264267	3.260823	1.799796	3.195481	-0.620436	-0.094715
3.855222	3.549539	-0.248175	0.410158	-2.709169	0.533804	0.480527	4.197576	2.621823	1.154137
1.335745	-0.243261	-1.527379	1.051890	0.999870	1.155248	-0.594800	1.278030	-0.434598	-1.397723
-0.913873	0.749818	-0.172872	-1.254810	0.748575	-1.496766	-2.558201	-5.258664	-5.285297	1.002782
0.755376	-1.640917	1.238242	-0.880444	-0.633063	1.511945	-1.919887	-1.698217	-0.486471	-0.103171
1.069097	-1.905560	1.395157	-1.483818	-5.497252	-1.953837	-3.359174	1.499465	1.208485	-1.302503
4.439095	0.951398	0.249768	0.842064	-0.971003	-1.075729	-2.040273	2.953371	4.119872	1.241965
1.634276	-0.000637	-3.420631	-2.009503	-3.094324	1.010551	-1.695799	1.537292	0.909491	-3.308089
2.136647	-0.114456	-0.817846	-1.617725	-1.741625	-1.150713	0.597936	1.835018	1.968444	0.049113
1.831113	-2.090152	-1.946182	-2.215607	-1.862915	-2.203437	-2.820381	-2.872362	-2.401468	-4.238048
-0.739020	-3.092117	-3.865944	-3.920755	-2.770604	-5.963036	-2.603662	-4.600260	-3.591447	-3.667994
-1.453347	-4.984444	0.845860	-2.991875	-3.592001	-6.368424	-1.642820	-4.224487	-3.975891	-4.794645
-0.433360	-3.255826	0.617226	-2.132273	-0.249616	-5.719217	-1.330765	-3.153755	-0.608704	-4.440821
-0.646356	-1.116754	-2.043052	2.727645	5.700344	1.553472	0.195991	-1.613677	1.850113	3.384360
-2.225027	0.566377	0.587820	3.476672	3.217167	4.873832	0.694437	-0.975665	1.203459	1.192678
-2.024270	1.173077	-0.579465	-0.452698	-2.324453	-1.338052	-0.467438	1.535568	0.365530	2.596215
-1.003177	-1.719950	-3.676211	-3.822971	-3.127927	-5.611889	0.049057	-2.816292	-6.723379	-2.142648
-1.893044	-0.120695	3.203176	1.923446	-0.070162	-2.494091	0.754812	-2.499759	0.217531	-2.839228
-0.461065	1.867848	-0.741610	0.411647	0.044533	0.284332	1.679718	3.123655	2.465953	-0.374042
-1.250135	1.116484	-0.182074	0.272926	5.231549	1.262970	-0.849034	-0.400166	0.472882	-0.497207
-1.304549	2.276520	2.398678	2.601475	4.025879	2.946615	-0.032951	-2.724634	-0.410687	0.720862
-1.294602	0.287760	-2.582358	-2.323412	-3.452185	1.108259	-3.029741	1.136636	2.177240	0.014648
-1.654888	-2.877989	-4.410988	-2.130940	-0.564551	-1.097706	-2.818012	0.578830	1.748356	-2.632864
0.487095	1.622576	2.431983	1.969984	5.762574	-0.293186	0.139132	0.147733	3.791654	1.028013
-0.716645	2.226259	2.495951	2.568553	2.571782	3.137314	0.849682	1.439933	1.681426	1.888864
5.106995	4.258965	2.172412	2.781563	0.314366	3.441187	1.068835	3.744016	2.786365	3.489775
4.349019	2.494496	-2.309740	0.855706	0.247019	2.578229	0.924386	0.787767	0.727761	1.275634
0.426632	-1.656545	-3.849108	-1.744422	-2.897165	-2.962263	-1.870871	-4.910726	-5.965294	-0.930772
-0.919962	-2.538556	0.510503	-3.704828	-0.116393	-3.050693	-3.160638	-3.026777	1.210892	-2.982355
0.311942	-0.249337	0.661091	0.716683	2.519028	0.308337	-0.836418	0.795202	-0.443693	-0.436325
2.061947	0.970714	0.680251	3.922006	4.286492	3.179125	0.920986	3.971799	2.674444	3.946806
3.870558	3.806196	4.192480	2.301835	0.754792	2.339369	1.230272	4.169102	2.528791	1.729528
3.571079	1.973008	0.467975	-1.821434	-2.085577	-0.063430	-1.741061	2.493600	2.366539	-1.103969
-0.100688	0.343449	-7.394467	-2.344906	-3.172521	-3.047574	-1.012315	-2.826318	0.152177	-2.079093
-1.437337	-0.262384	3.938851	2.555114	-1.639648	-1.013661	2.585112	-3.579262	-0.900506	-0.653754
-0.128265	0.152005	2.516827	1.179522	-1.611761	1.182510	4.651618	0.191158	0.084979	3.621941
-1.226769	2.234714	3.643259	-0.560087	-1.156968	-0.151160	-0.490296	-1.424066	1.592622	0.106883
-0.555845	0.042537	-2.479456	-2.062917	-0.026374	-0.115269	-2.310427	-2.694542	-3.413188	-4.553434
-1.658388	0.150067	-2.116720	-2.511472	-2.670785	-4.165413	-3.015975	-2.952076	-2.994063	-5.850916
-1.110197	2.350899	3.631766	5.561946	4.239993	2.382410	4.192963	1.496724	4.389386	2.508229
-0.584466	1.175924	2.858500	2.508231	1.630654	2.169304	4.732190	1.611553	2.452550	1.964397
-0.014092	-0.371566	-1.299619	-0.693319	-1.281607	-1.859427	-0.626092	-3.485292	-4.842784	-1.629018
-1.597071	1.281920	1.064907	-0.822207	4.299002	-1.455578	-2.817278	0.415184	1.497673	0.206580
0.328799	0.295070	1.721979	-2.080536	0.580477	1.428456	-2.534864	0.103980	-3.055988	-2.276014
-2.241776	-1.753426	-1.876206	-2.351509	-4.404090	-1.171820	-0.655946	-3.677206	-7.366178	-1.619504
-0.318793	1.389119	0.135753	1.044072	3.499997	3.783501	1.194881	3.591826	1.971993	2.067608
0.060653	1.966692	-0.872446	0.707203	1.528429	2.082023	0.570421	-1.646323	-0.389586	0.425218
-1.869236	-0.631322	0.718998	-0.550816	-0.903399	2.910554	-0.711918	0.356149	2.609777	0.614024
-2.811255	0.537061	-4.832815	-1.284087	-2.261794	-3.190600	-3.027131	-3.723253	-1.622528	-3.099777
-0.095098	-2.168773	-1.983186	1.693286	-1.813462	-2.340331	-1.388213	-3.173726	-1.783510	-2.367985
0.569637	-3.683343	-4.741714	-1.893096	-1.801311	-3.158332	1.305644	-3.793764	-3.496977	-1.119302
-0.862044	-4.103467	-3.960900	-2.407535	-2.853449	-5.080396	-2.565854	-3.931159	-4.842737	-5.127829
-0.461435	-5.293564	0.261358	-2.409232	-1.305981	-7.695213	-3.061700	-2.520703	-4.085197	-5.913167
-1.237034	0.260647	0.910160	3.578112	2.852484	1.450024	-0.260286	-1.777585	0.349736	2.910484
2.187667	0.568043	2.151707	-0.988903	1.797739	0.708224	2.147395	2.294604	-1.411843	4.418925
1.321972	1.155304	-0.696901	-1.483678	0.657575	1.584396	-1.080350	3.990279	-0.386341	4.001556
4.854588	-0.447793	-0.027463	1.160187	0.523486	1.452848	-1.073512	3.351352	2.674538	0.469478
4.041819	3.061528	1.852423	5.170193	3.158462	2.555791	1.707516	3.873939	4.177690	0.489592
0.934973	0.443543	2.708058	1.259540	2.081296	3.454133	2.062143	2.530957	0.084412	0.617399
-3.273445	-3.741674	1.222143	-4.469672	-3.616522	0.197584	1.864976	-3.479677	-6.348598	0.978902
-1.997828	-4.167547	-0.775020	-5.739040	-3.353099	-4.360645	2.949025	-2.256042	0.841358	-0.017798
-0.702468	0.431397	0.042170	-4.458965	-3.506545	-0.639945	0.520896	4.262181	4.840779	-0.629898
-2.379558	-0.030271	0.990015	-1.281044	-2.978469	2.827095	1.344899	4.596216	3.588866	1.024805
2.934808	0.390224	0.743916	1.886926	1.228221	-0.421514	-1.033558	0.848885	0.143421	0.367213
4.008239	-3.543948	-3.278823	0.690345	-0.806185	0.335638	-0.995566	0.356414	0.338044	0.477029
5.240144	-1.038716	0.561398	1.784818	-1.085995	2.563462	-0.822218	-0.047072	-0.002460	1.342558
2.298630	-0.111008	-0.139117	1.581246	2.634280	2.245170	1.204596	3.699055	2.185213	1.834802
-0.225794	0.673244	0.876033	2.900834	1.758931	1.368773	0.515583	3.100424	3.295568	1.648665
-1.766619	-0.982988	-0.779848	2.944185	-0.954551	3.474382	0.889152	1.342965	1.927613	-1.990349
-2.544235	-0.630636	0.990442	1.467403	0.879225	-1.135890	2.301411	-1.105992	0.696453	-1.223735
-0.812332	-2.283530	-1.279895	-0.854307	-2.944151	0.418567	-1.830431	1.199088	-0.270702	0.446812
-1.364002	-1.104002	-2.428754	-4.760139	-2.673589	-4.019732	-2.828168	1.764237	-1.427041	-4.558806
-0.005932	0.700817	-2.565533	-2.622688	-4.490698	-5.247177	-5.863290	-3.150110	-4.081855	-6.128681
-0.274214	0.326996	2.250371	1.922651	2.414414	-3.070554	-0.567190	-4.146616	1.579869	-0.788911
-1.843636	3.804803	4.368963	5.959685	6.320935	2.822449	2.269939	0.500555	4.595845	3.222611
-0.605887	3.685307	2.881546	4.267922	4.894859	4.870345	1.515306	4.534041	4.728388	2.637490
-0.866455	2.657376	0.388325	3.694369	4.248675	3.314749	2.047117	0.154483	-0.382588	3.177331
2.947171	2.420678	2.158504	0.919034	2.105774	2.079972	1.681581	1.143219	0.398335	1.313940
0.860602	0.776383	1.037486	-4.328075	-3.690351	-0.463671	1.011603	-3.686508	-7.006325	2.661221
-2.684648	1.202458	-1.999422	-5.028647	-2.729410	-3.343565	-0.290208	-2.312257	-0.482749	-1.752318
-1.072067	-2.169026	-3.378916	-1.797274	-0.994510	-2.767598	-0.902247	-3.323684	-1.780315	-0.486573
