X1	X2	X3	X4	X5	X6	X7	X8	X9	X10
-1.862776	-5.694994	-4.729951	-1.099175	-3.121329	-4.557460	-2.842821	-1.873101	-2.544337	-2.022369
0.094852	-1.569548	-3.030317	-0.460828	-1.219196	0.609032	-0.729245	0.025772	-0.909682	1.558313
-2.148856	1.224897	-0.837171	2.653292	3.036807	4.277482	0.960531	-0.054495	-0.067762	0.703870
-0.563210	1.629708	0.263356	-2.254526	-0.916447	0.432065	3.030203	-0.513824	-2.256811	-0.923317
0.109681	-0.480845	0.731532	-1.924590	-2.578789	-0.171244	-0.087132	-2.960440	-5.071263	-1.372465
2.283807	0.530207	3.262929	1.819993	-1.815145	-2.984669	0.393421	-0.280666	-1.823652	-0.348792
4.151260	4.025435	4.238616	6.294615	4.300557	3.943165	2.198558	0.289876	4.973987	-0.100217
-0.143069	0.804011	2.113567	1.708067	0.842092	-1.234466	0.230974	0.617562	1.288923	2.007142
-0.470187	-1.792490	0.220055	-4.497556	-2.873466	-8.167087	-4.526435	-2.179729	-3.746277	-2.985934
-1.137002	-1.896895	0.699154	-1.914660	-0.041840	-7.431721	-2.658375	-3.484621	-3.949445	-3.909262
0.933979	-0.060426	-2.450262	1.567249	2.375246	1.326606	0.005248	-1.976536	-2.058011	-1.028361
1.002851	2.827494	1.775184	0.105267	1.107472	2.767273	0.356828	0.224906	2.683294	0.477151
2.401606	0.077544	-3.888430	0.198888	-0.845984	2.037155	-2.044841	2.039783	2.275141	2.711554
-0.700261	-0.730595	-3.455928	-2.096891	-2.318741	4.155230	-2.442466	2.619673	3.803401	2.521331
-0.274854	1.070357	4.113770	-1.108172	-0.012117	0.565875	3.728245	3.299156	3.840246	-0.044637
-0.659479	3.718685	3.543444	-2.253759	-0.163830	-2.984832	0.659386	-0.418688	1.088550	-2.779967
-0.913739	1.556372	0.797576	0.885647	5.225704	5.377187	-0.488952	2.830922	1.474385	0.590122
-1.551338	1.693004	2.609146	-0.691956	1.265271	0.193812	-0.237077	-0.123235	1.207528	0.145613
2.933521	2.802968	1.548738	3.793332	4.040856	3.101722	2.291503	1.941124	0.397653	2.178588
1.034935	2.522753	3.866635	6.728110	7.231447	5.067697	5.371878	0.974179	4.271737	5.941830
-1.409398	3.921846	6.852323	1.239580	4.446232	4.072117	4.070139	1.198812	3.567358	2.869323
1.129120	1.209141	1.409988	-1.822758	-3.675798	-2.203136	0.387377	-1.205193	-0.561506	1.937548
0.285288	-1.806373	-3.196385	-4.035202	-5.376553	-2.720581	-2.284919	2.351846	0.171125	1.356691
-2.323494	-2.337001	-3.083907	4.784950	-0.600141	-2.450135	-2.359358	-1.623387	-0.786269	-4.561165
0.327773	-0.725449	-2.156690	1.194902	1.840332	-1.317814	-1.203251	-2.478708	-2.565806	-3.521135
-0.663310	1.505679	0.277056	2.635157	1.747360	1.642765	0.220490	1.360267	-1.076804	-0.600034
-0.251343	0.597478	-0.934778	-2.693882	0.204638	-0.434413	-1.243744	3.831825	0.499421	0.930623
0.341576	-0.971652	-1.655702	-2.482909	-2.567737	-0.664462	0.078434	1.183950	1.044854	1.389622
-0.199452	-5.612614	-5.458624	-2.131020	-3.761967	-5.377996	-0.916086	-1.659071	-4.380819	-1.476550
-0.642224	-1.780206	-1.121149	-1.065109	1.708747	-0.877927	-2.144117	-0.477451	-1.490312	-3.094406
-1.875937	-1.301529	-0.884884	-0.767369	-0.842896	3.883131	-1.857471	0.525797	1.449163	0.730241
-0.337289	-0.360480	-1.469234	-1.119894	-2.539395	2.164369	-1.787259	2.386762	3.634096	0.659880
-0.846475	0.353844	4.720696	-2.073377	-2.835947	3.471375	3.041407	1.066432	3.653476	1.254699
0.263909	-0.794353	-0.523996	-2.756310	-1.155751	-1.872260	0.871713	1.274697	-0.457605	-0.776811
0.930067	-0.909566	-1.691514	1.012214	-0.085302	2.658857	-2.152951	0.200646	-1.842056	1.618339
1.203605	-3.266289	-3.265759	-0.685196	-1.131496	0.649716	0.351300	-3.089030	-1.505683	-1.930261
-0.615873	-4.915216	-5.541631	-2.879931	-1.902727	-5.037989	-3.164044	-4.107440	-1.765791	-5.655518
-0.882658	-1.574540	-0.149432	0.516918	-1.642389	-1.349064	-1.439896	0.423507	-2.323886	1.565560
1.226553	2.364048	2.163040	5.869461	3.025425	5.295686	3.606131	1.497804	0.550229	4.751266
-1.140130	2.790057	0.494186	0.978706	4.166023	3.308756	2.374125	1.487943	2.287051	2.600093
-0.854801	-0.508103	1.226108	2.220865	1.155114	0.860044	1.736374	-1.038781	-1.884021	3.960637
0.299647	-4.274823	-3.540290	0.011947	-2.829794	0.174447	-2.397035	0.014224	1.863812	-0.142709
-0.987476	-2.327091	-1.601205	-2.483137	-2.489890	-3.018838	-1.905712	-0.530946	1.463750	-1.914448
1.755637	-0.174496	4.357166	0.482124	-0.874864	1.357289	4.496930	-2.414696	-2.263007	4.833317
0.913396	0.661675	2.625231	-1.473660	-1.141305	0.255727	3.709180	-1.202630	-1.358955	2.012782
-1.630190	-1.608765	-3.203607	-3.327077	-2.070302	-6.094322	3.643627	-2.757552	-4.096292	-0.160253
-0.124711	0.022195	-2.603139	-4.130617	-1.617643	-4.206658	1.653060	-2.953266	-0.278314	-1.784590
0.605242	-4.544329	-1.078860	-2.962268	0.421584	-1.058578	-0.869332	-1.921474	-1.495918	-3.914529
-0.904119	1.619777	1.932239	3.029882	0.764993	0.851620	0.803840	-0.364478	1.329702	-0.716170
-1.199186	3.790826	4.374566	2.090642	1.163195	1.735039	3.374368	1.706221	1.352053	0.855888
-0.422245	-2.327166	-5.863270	-3.534274	-1.517496	-3.974515	-1.243059	0.122821	-2.471261	-1.543054
-0.798688	-4.972784	-3.550859	-1.552557	-3.252767	-1.447440	-5.811450	-3.437977	-0.165631	-4.664492
-0.557701	-0.604613	2.538208	0.712306	-2.037604	-3.444329	-1.588513	-1.630975	-3.358649	-4.462623
-2.279873	-3.559337	-2.005157	-1.678075	0.221107	-6.325276	-1.189357	-2.788972	-3.385208	-4.350745
-0.666293	1.363861	-5.038944	0.858411	-0.075321	0.057923	-0.565290	2.753234	0.865400	-3.775052
1.630951	0.453197	2.336659	2.978375	2.246626	2.591577	0.254582	2.964843	5.441586	0.381960
-0.729029	3.386486	1.369665	0.885229	0.026662	0.056192	2.413150	-2.942343	2.547058	1.224997
1.888580	0.917046	3.057886	2.720481	0.662400	1.096376	2.360710	2.973278	0.352927	1.552165
1.832990	1.287193	3.907034	-1.503356	-1.500545	3.274536	1.419155	3.591009	-0.221499	5.773371
-1.627087	3.517644	3.807524	0.182126	-1.394961	1.408281	0.200180	1.650352	0.864392	2.444021
-0.458038	2.027416	-1.198231	-2.256462	-1.538533	2.320918	-2.476220	1.201811	-0.728890	-1.310477
3.059249	3.715125	2.885883	1.676989	0.174551	2.824157	1.182651	5.698889	2.769065	0.176584
2.189586	3.293188	1.497081	1.309489	-0.945895	0.693606	1.667789	5.851991	3.042867	-0.547986
1.085886	-3.361478	-11.198924	-2.572053	-1.577659	-7.299627	-2.613107	-0.669081	-1.201473	-4.271179
-1.946939	2.977544	2.860485	0.893471	1.945473	3.564069	0.328058	2.051578	2.384555	1.081013
-0.671577	1.535969	3.831722	1.660670	0.739712	3.566801	-2.105017	2.404073	5.192462	0.896400
-0.202016	-0.230184	-1.805997	-3.633649	-2.007130	-3.003622	-3.383933	-0.851692	0.240357	-1.280109
-1.124244	-2.373802	-2.276457	-2.257077	-1.572041	0.414309	-2.131091	-3.296911	-4.651651	-0.904504
-1.347949	-4.254466	-6.125842	-2.660506	-3.098709	-1.015297	-0.928291	-3.535781	-5.302551	0.903423
-1.977620	-1.188662	1.056264	0.350369	2.427576	-5.412131	-1.588833	-3.091595	-1.728936	-2.660716
-1.347847	-0.451874	-0.159425	1.830155	4.018725	0.314914	-1.798116	-2.891150	-2.855896	-0.592312
1.691083	0.006713	-2.569591	-0.266141	1.456948	0.314248	-0.905738	0.305662	0.217376	-0.495656
1.681679	-1.333885	-3.850919	-1.449913	0.230955	-1.255124	-2.585898	-1.041757	-0.418613	1.082863
-1.232048	-1.912555	-1.760293	1.558543	1.517256	-4.453992	-0.255093	-2.604899	-3.115455	-0.199347
-0.491489	0.900919	3.041302	4.963734	4.133259	1.883250	1.971979	-0.239961	-0.333846	2.618325
-2.528134	3.279050	3.609882	4.782264	5.120674	4.852410	0.894123	2.196863	2.469221	3.577688
-1.373875	1.645452	3.876063	2.613036	4.458908	2.875392	1.543542	1.103977	3.259449	0.362251
4.271798	2.307337	1.701059	3.314656	2.425570	3.354504	-0.898960	2.370187	3.442642	-0.487277
0.968192	2.527419	2.018687	3.533627	1.506466	1.972251	0.824922	0.464998	-0.190597	-0.941288
-0.560685	0.459910	0.432160	-1.109348	-0.131896	-2.045162	-2.736207	-2.816688	-1.582067	-4.415273
-0.104727	-4.159279	-7.579707	-5.838967	-3.273910	-7.929132	-3.981941	-4.692464	-1.515767	-4.186325
1.071573	-5.903236	-5.885599	-0.858725	-1.485468	-4.624153	-3.317175	-4.176128	-2.818097	-5.246035
-2.899180	-5.484551	-3.168002	-2.914622	-2.476166	0.587176	-0.531502	-0.471775	-0.348158	-2.406497
-1.667979	-2.155514	-1.121003	-0.123354	-4.082396	2.660560	2.733384	-0.082202	1.511746	3.832795
-0.425922	-3.897314	-3.487189	-2.499021	-3.473956	2.706299	2.133389	-0.511007	-1.268587	3.526947
-0.853003	-1.964343	-0.319947	-0.019121	-1.492738	-0.808404	-1.270679	-0.567286	1.504238	3.098266
4.748581	2.078207	2.416136	3.982148	0.538162	1.300352	-1.192713	2.232963	4.272515	3.255856
3.174532	0.338045	2.319672	0.174086	-0.041452	3.566266	0.401295	2.125942	4.405936	1.131321
-2.176049	1.515979	0.623072	-1.029705	3.938025	0.739939	-2.068249	-0.700247	2.085295	-0.857036
-1.536259	0.585714	0.153246	-2.647525	0.527096	-1.805831	1.628965	-2.316404	-4.216919	0.954290
3.428302	-2.308343	-3.189893	-2.476973	-1.219634	0.454456	4.075543	-1.549927	-2.540016	3.453100
2.153333	-0.118986	-1.218037	-0.653249	-0.796162	1.264796	-1.124806	-1.254517	-2.494107	2.713996
4.381735	0.683090	2.204224	1.012447	-0.294084	2.387987	2.353526	2.191128	1.026094	-0.355821
4.129504	3.609790	6.309599	7.215917	2.205604	4.534727	3.676347	4.184606	3.559475	3.226549
0.951039	2.660917	1.510996	2.929159	2.341806	1.541311	1.007566	2.451516	4.582519	-0.362194
-1.333362	1.629575	1.671424	2.749976	2.159624	-0.894965	-0.222709	-0.861643	1.451212	0.128849
-1.015704	3.217667	1.195089	0.372866	0.156862	-1.145306	-1.254170	-3.023774	-2.770264	-2.232323
-1.153690	0.645696	1.978399	-4.233470	-3.728676	-0.897916	-2.620409	-1.433877	1.883774	-2.665613
-1.639325	-0.424237	-5.559440	-4.099230	-4.092986	-2.304200	-3.795316	0.597643	-0.362994	-2.261225
-2.589916	1.814671	1.820177	2.593985	0.930335	0.965734	-0.125785	5.338484	4.096814	1.823239
0.272633	2.690720	3.519657	5.389676	3.638291	0.958281	3.011895	2.827543	4.682776	1.799975
2.924514	0.684011	0.071303	-3.954055	0.323086	0.584036	-2.477070	0.157515	0.534672	-1.885124
-1.540479	-3.732055	-2.947979	-3.430907	-4.882976	-3.410910	-3.795371	1.379096	0.257180	-2.112761
-0.989255	-0.034179	2.988814	-4.160579	-2.692390	-1.202662	-1.917200	-1.364118	2.854678	-0.640844
-1.262721	1.098940	2.253086	-1.279469	-4.050652	-0.809927	3.535951	2.134968	0.877044	-1.532078
2.055414	1.849001	2.200541	-0.906174	0.360743	-0.182813	4.202090	3.338448	0.860354	1.365029
4.493541	4.371704	5.026481	6.041506	4.568901	4.573475	3.028725	4.370018	4.393785	1.090771
4.906350	4.777447	3.602309	1.287776	2.890426	3.468829	1.008064	3.537971	3.676315	3.244740
3.453633	2.293731	1.973827	-2.005661	2.550025	1.477443	-1.477685	5.015202	2.009618	0.273827
-1.238522	3.511053	2.705837	-0.737103	2.734603	0.342510	3.618185	2.245106	-0.970527	1.486125
1.611376	0.908913	1.905442	-2.861045	-0.030734	-0.561676	4.480082	-4.006624	-3.678144	-0.121075
-2.810384	0.228510	-1.341157	-0.292782	-3.299778	-2.709820	3.866214	-3.544894	-4.817057	-0.397582
0.105887	0.103942	1.881341	3.589789	0.681877	1.508571	-1.013913	0.026990	-0.954787	0.923795
-1.990221	-0.104990	-2.558560	1.656074	3.012139	0.375894	-1.449090	-0.163177	1.309044	2.686049
-1.019020	-4.493588	-5.348261	-2.209221	3.989514	1.691742	-1.601210	-2.638502	-2.840787	4.164669
-0.532020	2.636647	2.348742	-1.225290	2.153711	2.063813	2.592434	-1.132290	-1.874000	3.167247
-2.159433	-0.806184	-1.624652	0.399672	-1.621561	-2.318498	0.108550	-1.922547	-1.458014	2.614175
-0.709569	-3.079482	-4.070738	2.067174	-1.636896	0.809708	-2.428456	1.850922	-0.917950	2.023044
-1.692540	-4.216347	-5.385717	-3.330778	-2.405884	-4.019973	-2.926675	-0.193989	-2.114925	-3.171054
-0.737556	-3.034177	-0.716585	-1.128576	1.967984	-2.467742	-2.475502	-3.199083	-3.666755	-1.491127
-0.381728	-2.211073	-1.389740	1.691688	3.476117	-0.482600	-2.108827	-2.613067	-1.122758	-1.880583
0.665733	0.099066	-0.356480	4.062822	2.363523	-0.438546	3.256055	0.799357	-0.281947	1.547072
-0.396282	1.199244	-1.044601	0.810436	-2.683288	1.903421	-1.352147	1.571484	1.829064	-1.798171
2.380214	1.376361	2.457199	2.288738	-0.856406	2.855901	-1.550127	3.138111	5.056264	0.874484
3.575614	4.434419	4.670724	0.739638	-3.436723	0.804298	4.698223	3.853434	2.453843	-0.235769
1.524207	1.618423	4.020078	-2.282955	-3.736529	3.169314	2.583210	1.647653	3.895291	-0.868536
-0.442117	0.646475	-0.775035	-1.850330	-4.201315	-0.645346	-3.438158	-0.589236	-0.044099	-1.981121
-1.476066	-1.804321	0.034790	-0.410979	-3.142071	-3.093076	-3.039275	-1.101034	-0.998532	-4.190228
0.133250	2.422139	0.725657	-0.369991	-1.438889	-7.358973	-1.247332	-4.053342	-4.225512	-4.517760
-2.146477	-3.077539	-5.679627	-2.139555	-2.858860	-9.299027	-1.349823	-2.434260	-3.948741	-4.523720
-2.465055	-6.549552	-7.079558	-1.644261	-2.992675	-3.665033	-2.844340	-2.460688	-3.746521	-1.471508
-1.059191	-6.868594	-0.918129	-2.403200	-4.527227	-2.895582	2.559324	-2.880825	-5.971848	0.965774
0.122205	-0.132357	-0.475834	0.407140	2.983093	-0.753065	2.646378	-2.291572	-3.734822	0.564226
1.285527	-2.760138	-3.362765	0.167467	2.591992	1.556129	-1.832973	-3.314324	-1.789537	-3.502851
-0.395031	-1.985927	-1.548115	0.614092	2.665577	1.268409	-2.011621	-3.663582	-2.331587	-2.509255
-1.431777	-0.626320	-0.417277	2.957225	2.924855	1.301986	0.288443	-0.980942	-1.027064	-0.409884
-1.400817	1.642192	4.453056	2.686774	3.053131	1.155172	2.086823	-1.640900	0.706841	1.897464
-2.171157	-1.545384	-1.281506	0.478049	1.437710	1.208780	-4.740171	-2.515954	-5.621261	0.256495
-2.514603	-4.625341	-6.095556	-2.367342	0.198697	-3.920777	-0.776934	-2.026699	-4.036257	0.225714
-0.039561	-2.534870	2.089715	-2.281891	-1.679404	-2.291788	1.802742	-1.624031	-2.127334	-0.885776
-1.300136	-0.880064	-1.818584	-2.710090	-3.620090	-1.775337	-2.842337	-0.097646	-0.877378	-3.031466
-2.664632	-0.051716	-1.177545	-3.047532	-2.165759	0.336689	-1.108565	-2.207338	-2.488070	-0.542849
1.047344	-0.656016	-1.738659	-1.018111	-2.112809	-5.361696	-1.540835	-3.288902	-3.613594	-2.994319
-1.462912	2.265242	4.530584	1.826379	3.132159	2.369523	0.402959	1.850467	0.417768	-0.658865
-0.166005	0.425766	0.397191	2.931543	2.298647	3.188459	1.078621	3.446676	1.734936	-1.085879
-1.400640	0.979364	-1.656429	-1.755715	0.567252	-3.535572	-0.851642	2.560429	-0.782369	-0.150751
0.560479	1.798743	2.811634	0.086208	2.979873	0.700245	4.287275	3.218933	0.202974	2.091729
-0.889952	3.049610	4.337286	1.571215	2.680907	2.602722	2.648176	2.492393	1.990585	1.207974
-0.812739	1.235872	0.973037	1.300007	4.016649	2.696276	1.363964	0.932117	1.860288	0.661694
-2.562085	0.898735	-1.590506	2.236084	5.557195	3.470719	-0.958955	-0.399191	-0.794695	0.964101
-0.325096	1.197404	-0.079436	-1.926752	2.340838	1.179266	-1.101679	0.570276	1.442958	-1.194091
1.576524	2.186384	1.955655	1.806795	0.587773	2.642730	4.194295	3.386322	5.109672	2.061530
5.223970	3.766681	2.910871	3.600424	4.755891	2.139723	3.948169	3.781355	4.163168	0.625277
1.286638	3.373899	3.778821	1.485231	4.564284	2.296359	2.747545	3.137778	2.397969	4.029864
-0.519977	3.396840	4.154707	-0.960189	4.303842	2.030150	1.769325	-1.735503	-1.335602	1.092505
1.867419	1.999808	0.145436	1.872860	-0.853645	1.728607	-2.260793	-0.158483	-0.829222	-1.019586
3.080122	0.745404	-0.880789	1.912770	-1.429789	-0.076460	-2.028507	3.093742	0.271830	1.127505
4.897826	4.852330	3.982234	3.053633	-0.414100	2.999260	-1.281118	1.289976	-0.334624	0.668492
2.383226	3.565085	2.348510	4.055941	1.784108	1.816176	0.424872	0.042022	2.649436	3.399790
-0.637882	0.261171	-2.479862	2.753283	3.169223	0.917896	-1.022739	-2.395116	0.107729	0.903213
0.404494	-0.294315	-1.228680	3.111549	1.419529	-2.686770	3.565846	-2.017636	-0.760524	-1.777525
-0.308051	1.704525	1.182855	1.620227	-0.577486	0.654983	2.439625	2.911565	1.818493	2.212491
0.133479	0.598589	-0.112957	-3.534097	-3.431340	0.969762	-3.612207	3.022888	0.976497	1.461874
-0.481624	-3.621228	-8.252618	-2.258536	-3.943645	-4.711128	-3.890555	-2.555266	-1.012594	0.721838
0.210135	0.333970	2.338168	5.021694	1.278980	4.243019	-0.721625	2.070903	1.857232	1.477297
-0.176849	1.140978	1.113998	2.886077	2.143221	2.069104	0.528379	-0.303003	0.436989	0.113665
-1.444084	1.593388	5.059867	0.222097	0.305060	-1.687768	2.348048	-0.718586	1.585690	-1.163646
-1.672474	-0.463106	2.633069	-5.241663	-4.440819	-2.735396	1.074876	0.572754	1.437345	-2.368023
-0.072326	0.306886	0.642298	-0.416023	-3.107032	2.880222	1.675154	1.474715	4.162663	-1.301253
2.955455	0.649458	0.515446	2.669998	2.043802	4.466584	3.095274	1.134095	2.513453	2.369575
4.935962	-1.402302	0.187904	-0.240218	-0.360932	3.078092	2.533626	0.807091	2.049620	-0.996927
1.171191	-2.492804	-2.142236	-3.258193	-3.273351	-7.581357	1.921701	-1.564599	-1.462731	-2.861949
-2.520164	-1.428359	-0.017285	-2.322248	-2.570073	1.150436	4.860089	1.118021	1.778705	0.799921
-2.281608	-0.426079	-1.355654	-2.452604	-2.750114	1.712267	0.833378	1.298247	2.398429	2.566093
-1.750846	-0.376177	0.710445	5.631018	1.055311	0.003332	-0.626542	-1.574825	1.470541	1.782975
-0.992982	0.899734	1.600600	5.333294	4.377384	4.072528	0.932816	-2.251200	0.311241	0.136377
-1.972220	-1.822159	-0.841702	-2.861697	0.543390	-0.856351	-2.587259	-2.322784	-1.224573	-1.165694
-0.002864	0.360528	4.486523	-4.580278	-3.859086	0.233589	-1.454581	0.182320	-0.855705	0.903471
-1.517017	1.411882	1.496163	-2.793472	-4.771960	0.386843	-1.957960	2.487004	0.688241	0.644379
-0.423681	1.210286	4.527601	0.883097	0.659356	-0.553096	3.067989	4.222863	0.632757	0.064435
0.377941	0.833725	1.570321	0.101609	2.241946	2.168664	2.394953	0.357791	0.077837	2.263545
-2.417252	2.302683	-0.940591	2.172938	4.867798	3.632816	-0.351580	0.902782	-0.992527	1.421515
-0.746961	0.215944	-2.074354	1.707263	2.134598	-0.513649	-3.040125	-1.247772	1.876354	1.107649
-2.087885	-2.903609	-4.410783	-2.763638	-2.170265	-9.342738	-2.843694	-4.220277	-2.911229	-4.443351
0.282875	-4.685893	-2.633497	0.045912	-4.401803	-3.798161	-1.742601	-3.260739	-2.379089	-3.635580
-1.362978	0.729776	1.687788	-4.155708	-2.982326	1.868573	-3.855160	-0.587866	2.164262	0.108963
0.862257	-1.147020	-2.046447	-0.678621	-3.839145	-1.463844	-2.594683	0.342337	2.072312	-2.203921
3.353784	0.080501	1.901782	2.792554	0.095330	1.017477	2.918616	2.868562	0.977946	0.009470
1.002906	0.366224	2.476556	4.259795	2.862791	1.583028	0.121724	-0.811998	-0.006250	2.690435
-1.344771	3.809531	4.261357	2.317184	2.162130	2.340698	0.190329	0.573752	1.838709	1.303473
1.850157	2.233205	2.039267	1.738300	0.924539	2.306178	2.269519	2.310504	2.703908	1.553684
0.358099	-0.841572	-9.334230	-3.319774	0.306312	0.578058	-2.554119	-0.103748	2.944830	-0.403236
-2.069440	-2.922715	-3.766553	-3.785256	-3.743259	-4.543971	-3.066795	-1.808309	-1.481739	-3.200289
-1.064950	0.242158	2.523182	-0.211063	-4.882879	-3.461319	-1.375822	-2.677786	-3.709416	-1.564378
-3.339922	-2.085269	-2.267743	-2.824611	-2.043052	-0.111796	3.544590	-4.647584	-4.768017	2.437691
-1.697346	-3.721911	-0.349844	-3.274116	-1.035183	-0.541510	2.491231	-1.152709	-5.182259	2.365414
-1.997811	1.673115	2.241963	-3.982591	-2.772477	-0.478072	4.610791	2.638534	2.878043	-0.253814
0.540795	-1.495306	-1.494937	-2.275350	-2.584736	-0.958389	0.227662	0.203640	3.676874	-1.617001
-1.409714	-4.207289	-5.700261	-4.610505	-3.367564	-0.419672	-5.135465	-2.022895	-0.860384	0.192646
-0.411126	2.724950	2.081377	-3.010068	1.615237	-0.302828	0.056801	-1.119476	-3.780444	-1.160680
-1.768625	2.069598	3.238164	1.191552	2.150064	1.669734	0.074655	0.822994	-0.058021	-0.303387
-2.760897	1.333641	5.229385	3.432744	4.346215	1.975106	3.788489	0.853410	-1.467931	0.514015
-0.010525	-0.668036	-0.441772	2.474800	5.029590	1.817681	2.370398	-0.955430	-0.248686	2.333517
-1.336592	-1.181444	-3.624120	0.767713	2.407387	-0.436450	-2.480624	-1.181430	-2.535799	2.612609
-2.484883	-2.880997	-4.603969	-0.506723	0.973104	-3.195294	-5.861081	-3.135393	-4.094284	-0.894120
-0.713078	-4.912407	-4.762631	-3.320014	-3.090058	-5.005856	-3.338376	-2.161121	-1.335052	-1.057082
-0.856659	-0.285385	1.919684	1.263837	2.031299	2.830555	-0.363312	-0.347616	-1.391314	4.082913
-1.238907	0.606357	-0.231232	-1.319874	0.753576	2.024035	-2.131093	0.862919	-1.905580	0.976052
-2.711804	-0.990591	-6.339589	-1.278049	-2.513429	-3.517424	-2.985318	-2.082116	-2.712059	-0.199578
1.453671	2.560462	0.372007	1.605511	4.591884	2.310974	3.229811	3.574677	2.652940	1.509611
3.151637	2.175804	3.420547	1.325906	0.510716	4.037423	0.235294	3.193497	1.864610	3.530604
4.894914	2.414228	4.450727	3.217037	2.756166	1.034718	1.386832	3.712643	3.200943	2.439690
2.354523	3.153425	0.948941	-1.535294	0.366334	2.380655	0.704526	2.401914	2.562935	3.991453
-2.073717	1.746488	-0.426415	0.253016	0.657020	-5.745970	-2.220422	-3.135790	-3.411219	-1.365921
-1.466285	-2.663991	-5.572445	0.701071	-1.810677	-3.135662	-1.801210	-2.672269	-3.510324	-2.587945
-1.643560	-4.825619	-2.754752	-2.642325	-2.585056	2.241577	-4.669133	-2.057424	0.636918	-1.283435
-1.023823	-1.760200	-0.871937	-0.862765	-2.170119	1.847442	-1.524889	2.544547	1.371305	-0.853305
2.193546	2.346958	3.902799	1.799056	2.325535	1.873731	0.991827	2.281542	2.649036	0.592731
1.477367	1.705553	1.508055	-2.595653	-0.335695	2.898442	2.374320	4.331763	2.630112	0.611758
-1.918842	0.132680	0.209832	-3.963885	-2.548609	0.325472	2.826196	0.543610	0.743033	-0.702138
-1.500661	-1.753465	1.404431	-0.930531	-3.410707	-6.879381	2.079361	-4.224917	-3.357500	-2.479973
-0.088671	-2.545284	-0.098445	0.063220	-0.986192	-4.701118	-0.995480	-2.670816	-4.711382	-3.707760
0.151744	-0.261579	-1.085493	-0.917022	-0.174762	-0.195140	-0.124419	-2.346587	-1.162211	-1.448714
0.565703	-0.860150	0.105689	1.773954	1.746181	1.896950	2.761951	0.094671	3.015117	-0.635048
4.095421	4.738500	4.330007	4.291360	2.312536	5.040653	3.216137	2.129858	0.948409	3.521124
2.302316	0.859673	-0.903434	-2.101191	1.899404	0.600069	-1.105652	1.749377	1.149369	-0.443512
-1.105498	1.377269	2.141671	1.708713	4.263482	0.491396	0.415791	1.849027	3.098506	1.515133
2.143393	3.685991	1.811130	5.437088	5.052272	3.476935	0.733375	2.484410	3.751825	3.809145
3.913205	4.221341	2.743148	2.159947	4.366672	5.338686	-0.566492	2.986527	2.162535	3.029912
1.674549	-3.113179	-10.397065	-5.526996	-3.095419	-0.933349	-2.652400	-1.575021	-3.746256	1.305323
-1.533162	-8.197063	-7.565501	-2.486223	-4.315800	-1.834671	-4.670642	-3.670234	-5.829838	-2.724932
2.207883	-1.392707	-0.009052	1.141479	0.040328	2.918022	-0.121808	-0.352609	-0.435801	0.894336
4.087594	3.918794	1.339893	1.677828	0.139466	1.933432	-1.372490	2.229554	2.612563	0.696717
4.544182	0.547548	2.737242	0.979940	0.706113	3.234160	2.921922	2.769956	0.183567	0.668403
3.782654	3.430361	4.541208	4.031432	4.427171	2.272107	4.767037	0.652398	1.349020	0.583484
3.254819	2.313142	2.601902	-3.223378	2.585640	0.774076	2.500864	-0.188119	1.716133	0.361355
-2.381817	-0.537301	0.319734	-4.216072	-3.905979	-3.127531	3.328310	-3.314894	-2.282481	-0.712293
0.913053	-0.700257	3.798817	0.465566	-2.437784	-1.851511	-0.112414	2.401275	-1.129413	0.330235
2.868333	1.809983	2.506163	2.102256	-1.553374	3.069737	-3.726001	2.871688	4.020151	0.475435
2.410329	0.844631	2.285685	-2.558184	-1.926046	2.324418	-0.176442	1.035546	2.011022	-1.466800
-1.727158	-2.459500	-3.524903	-2.299036	-1.372098	-6.330967	0.029672	-3.307749	-4.512590	-3.500871
-2.936023	-5.920598	-6.806289	-3.458581	-3.922026	-8.155815	-3.900753	-0.602396	-3.804970	-2.684782
-2.164865	-4.849450	0.488542	-2.462601	-3.175028	-1.660021	-1.528009	-1.512795	1.806191	-2.932035
-1.486684	-3.089540	-1.429597	-2.496775	-2.656700	-5.760483	-2.446587	-4.110743	-3.194895	-3.966630
-3.037178	-4.917253	-3.801491	-2.815186	-3.743136	-5.391398	0.639919	-2.138541	-2.082016	-4.626668
-1.120248	-4.070374	-2.417827	-0.543915	-4.433932	-5.437861	-1.207685	-2.395187	-1.803961	-4.190449
-1.903994	-2.387287	-2.001089	1.283159	-0.825683	-5.845170	-1.065791	-3.691979	-4.393919	-4.872470
-1.956519	1.527326	3.150536	1.452552	2.678817	1.604479	4.179905	-0.593716	0.592221	-0.359830
-1.038724	-2.175717	-2.523236	-1.735115	-1.485926	0.832690	2.342111	-2.796898	-1.560832	1.700275
-3.299312	-0.556399	-0.703692	2.322575	1.194796	0.899367	1.205130	-1.552322	-2.998967	0.337248
-1.876786	0.501200	-0.412316	3.365942	2.191389	2.528612	0.132868	0.927213	3.813725	0.235294
2.614050	0.041899	-1.124794	-2.617096	-0.816638	2.541130	-4.479870	3.491208	3.716553	-0.368883
-1.019807	-2.469083	-5.259811	-1.726922	-3.520977	-0.400176	-3.453081	0.015765	0.510327	-3.480776
-3.280861	1.086174	3.271445	0.994783	0.346580	2.707197	0.830838	0.037485	1.620653	-1.258578
2.519782	2.742292	4.744091	3.972837	3.456743	4.685853	6.389292	4.456470	4.745339	3.770116
2.972919	1.877889	2.382139	2.356656	3.097921	1.529695	1.467982	3.098822	2.780894	1.611516
3.112444	-0.111912	0.415603	1.169259	1.186724	-0.118275	2.568912	2.590842	-0.725378	1.794228
-0.510148	0.955208	-0.537503	0.980160	-1.816838	-0.609952	3.358382	-1.698567	-0.230670	-0.024438
-0.111962	0.709172	0.973934	-0.443422	-2.340654	-2.100236	-0.513606	-1.897604	-2.606077	-2.961473
2.898297	1.529599	1.650625	0.653927	0.970487	1.157078	-3.852050	1.428933	2.175706	2.573431
3.091623	-1.759789	0.038184	1.153123	0.144896	4.305791	0.940249	0.355146	1.066882	4.880886
1.667212	0.785229	-1.714278	-0.056420	1.043184	3.430504	1.590492	-0.761163	-0.835244	2.067800
-0.803842	-0.400227	-3.546350	-0.627385	-0.153737	-0.344079	-0.991321	-0.668591	1.001030	2.656783
-2.026843	-1.375737	-2.987520	-2.706761	-3.068456	-1.229759	-6.733992	-3.106436	-3.314595	1.189047
-1.848498	1.359320	0.137722	1.991367	0.123239	-1.689733	-0.396821	-3.142497	-2.882416	-2.493798
-0.224410	1.275863	1.102285	3.115011	1.666860	-0.446701	1.477891	0.024830	2.579668	0.331859
-0.330485	-2.741588	-1.990121	-4.985116	-3.079882	-0.726862	1.575341	0.168846	1.505256	-1.667273
-0.858727	-1.039716	0.893512	0.413597	-0.392374	1.532483	-0.959273	0.733754	1.680849	-0.217781
3.499261	2.030999	1.090391	1.455461	-0.046005	2.548235	1.426846	3.096657	0.327445	4.264643
3.468273	3.097773	3.144826	4.864587	1.044036	6.198592	5.125097	1.726356	3.315243	4.423911
1.886107	2.233423	3.360121	2.123283	1.924161	2.190255	3.441775	0.980755	2.833240	1.217334
-0.446942	0.796466	3.997984	-2.870441	-1.070420	-3.848579	-2.105623	-1.436843	1.586236	-2.899780
1.092424	2.681416	3.477418	0.890722	2.454405	2.495288	-0.367200	3.416163	3.789826	0.482781
0.915701	2.525887	0.917530	3.535981	5.590446	2.836556	-0.401661	0.693976	0.917906	0.378425
0.738988	0.443094	-3.173178	-1.100658	6.007313	-1.528680	-3.220109	-3.883700	-0.539426	0.341362
-4.344920	0.406749	1.476097	0.870811	4.196015	-0.483022	-1.745250	2.312037	0.313525	-1.459100
-3.788823	-1.054837	0.386559	-1.451307	-1.342638	-2.752872	-0.038988	-1.008110	-2.238347	-4.730351
-0.904623	-1.694553	-0.651692	-1.651508	-3.315637	-1.277236	-1.572927	-1.178739	-2.996046	0.704317
1.818477	2.684910	3.405145	3.550112	0.408526	3.344483	0.332127	2.495155	1.646523	3.573811
3.602876	-0.282040	2.330072	0.697156	-1.094242	3.031481	1.305969	1.981272	3.759654	2.053838
0.615173	-0.913495	-5.152614	-1.508175	-2.196534	-2.109547	0.281995	0.776318	-0.670759	-2.194895
0.118567	-0.428348	0.429987	-2.806479	-1.846642	-8.356907	1.943798	-2.457606	-5.181923	-1.507982
-2.474043	1.630305	4.085474	2.659745	0.474139	-0.618704	5.083373	-3.130197	-1.680642	0.318883
1.732742	3.931668	3.386342	4.275696	3.694413	4.604356	3.715816	1.065950	2.320276	1.345906
-0.921178	0.935344	-1.814811	-0.039228	-1.714913	-1.418033	-3.539080	-2.772564	0.872825	-0.112711
-1.612905	-3.432266	-8.146288	-5.340728	-2.701638	-2.117478	-3.727321	-4.383334	-4.752302	0.684438
-2.068538	-1.880860	-0.404696	-0.720707	-0.844157	1.078214	-1.454211	-0.325857	-2.762611	-0.054544
-1.487579	2.965861	4.423162	0.514332	3.177132	2.648736	-0.948556	2.161969	2.199292	0.559745
1.332273	2.908695	3.666179	0.282183	0.611931	-1.450218	-0.275661	4.354349	3.490801	-0.161692
-1.989184	1.891440	2.013349	-1.145157	-2.914661	-1.111558	-0.280333	0.079386	-1.554092	-3.201054
-0.687050	-0.014808	-0.742035	-4.123396	-4.461142	-5.269290	-2.484777	-1.095117	-5.367992	-2.696841
-3.754525	0.603245	2.017020	4.069361	4.218187	1.542777	2.777602	-1.316155	-2.260706	0.607149
1.902188	2.124595	1.110205	2.731206	3.883025	2.228834	5.151999	1.568174	3.503961	3.228814
4.725689	4.483035	2.518513	4.511732	-0.284232	1.760574	-0.202891	4.089976	2.106204	-0.104146
-1.575324	-1.393344	-4.079567	-0.233471	-3.720384	0.700687	-1.539375	-0.391347	3.508317	-2.014734
-2.378452	-2.656149	-1.436942	-5.421512	-2.294637	-3.577235	-1.265056	-1.342390	-1.866606	-1.709150
2.197803	2.300810	1.809278	1.032799	1.826506	2.442598	-2.178641	2.067951	0.242031	1.651500
4.208638	4.411923	3.341882	4.747451	6.498041	5.359378	3.265367	4.790680	3.779723	4.874716
0.850450	3.677079	2.349660	3.061134	6.154460	4.796095	2.292562	3.740602	3.873467	2.781491
-0.638463	-1.747734	-2.929198	-2.815865	-2.392741	-6.806460	-2.632461	-4.545580	-2.755542	-0.610179
-0.167605	-0.491128	-1.669104	2.793542	-0.893370	-2.144397	-0.774406	-1.573060	-2.690508	0.300601
-0.464981	-4.010216	-4.322268	-1.365058	-2.030634	-5.367925	-2.996877	-0.711534	-1.396533	-3.858475
-1.815394	-3.843511	-5.556301	-3.781879	-3.972441	-5.959853	-3.226481	-2.522997	-3.279121	-4.067213
-1.081450	-3.637827	-3.114816	0.073866	-2.586900	1.644408	0.292880	-2.389345	-3.852574	0.768579
2.953546	-2.691980	1.890377	-0.370038	-1.208219	3.456549	2.773901	-1.204873	-0.826894	4.445793
1.022988	-0.059783	-2.017535	-1.291805	1.693592	2.436861	-1.888224	-2.037976	-1.924384	2.914823
-1.881331	1.194049	1.570937	3.123949	1.216723	-1.883866	3.115303	-2.207048	0.960156	0.683658
-3.460618	2.246599	4.271180	3.359309	4.256864	1.758058	0.523476	-2.248184	0.046924	-0.636410
0.993319	4.399952	2.470083	3.748259	1.093205	2.677524	-0.223909	0.298719	2.065119	3.006909
3.591771	2.649792	2.628133	0.925583	0.341834	2.039621	1.527145	3.483169	0.987441	0.671905
4.326331	-0.576997	-0.878081	1.099164	-2.841860	0.462542	1.984632	1.594869	0.310190	-2.243933
0.773288	-4.777132	-5.947172	-2.383114	-1.849388	-4.673925	-3.256051	-2.432374	-1.024636	-2.474915
1.497933	2.791372	3.251147	3.036933	5.762039	1.658512	0.508590	1.532144	0.011766	1.040646
4.056554	2.049598	-1.757534	1.561587	1.356708	1.050044	0.085152	1.317729	0.772094	1.469740
1.892940	-5.073270	-7.541928	-5.555569	-2.392592	-5.151540	-1.324569	-0.494813	-2.375450	-3.104348
-2.123919	-5.019848	-2.042147	-2.393652	-1.651772	-7.839147	-0.220879	-5.507979	-4.860865	-1.649728
-0.674637	-2.795153	-2.251303	0.535121	4.287854	1.659212	-0.960182	-1.627862	-2.440451	0.435386
2.159673	-0.443200	2.162792	0.405933	2.035477	3.174030	-0.955382	2.569242	1.533694	1.257281
2.041800	2.698794	4.808627	-1.354233	-1.699917	3.057297	-0.261985	4.642638	4.538871	-3.289558
0.900428	1.733814	-1.201210	-1.822595	-2.213239	1.831704	-3.299195	2.770332	4.255181	-1.379943
0.445545	-3.108455	-2.072631	-1.674769	-2.248699	-2.989857	-3.056118	-1.850871	-0.710173	-3.075188
-0.475366	3.270771	4.216053	2.950828	1.237391	4.889906	-1.588758	2.218232	3.792408	3.124591
0.709383	0.651578	2.928232	-1.582821	-1.928981	1.199885	-0.859921	1.226246	0.026627	-0.068919
-1.442325	-1.404049	1.963094	-3.157333	-3.584924	-5.768728	-0.157412	-1.483825	-1.006214	-2.370533
0.815395	0.471176	1.329628	2.863077	-0.329848	3.576358	0.807964	2.801424	4.193484	1.665135
0.606728	-1.702861	-0.804377	1.503192	3.979235	3.111737	1.969100	0.306096	2.707125	4.062469
-1.441142	-0.288574	-2.225330	-1.523504	-0.490482	1.004101	5.280190	-0.181906	-2.536392	0.968956
-1.786331	-3.451476	-4.268543	-2.069525	-4.257609	-9.244857	0.988130	-3.217978	-7.467364	-1.838921
-2.419955	-1.123881	-2.580324	-3.352186	-2.665055	-5.809543	-4.272788	1.849083	-3.450892	-2.684475
-0.534130	1.135601	0.605315	2.901297	2.865673	1.240035	-1.465669	1.450079	1.844726	-0.736421
0.257428	2.622056	2.156166	2.013210	4.613166	3.075373	2.749380	1.584212	2.858991	0.970127
-0.661697	1.670073	3.139320	3.318840	2.840319	4.003463	4.806853	1.294084	2.059401	0.823354
-1.834421	4.041441	3.258266	2.660873	1.333825	3.487401	4.061444	0.312297	2.598259	2.608446
-0.966960	0.913648	3.005197	-3.549703	-1.154722	-0.457519	2.571246	-0.074749	-0.421638	2.700389
-3.786029	-0.487716	0.142204	-0.909501	1.105573	3.550099	-0.668647	-2.910654	-3.516588	4.593570
0.681957	0.322739	-2.025421	0.145367	3.190305	0.075250	0.011057	-1.478217	0.180107	1.553777
4.559082	2.984203	3.566813	5.279490	0.131571	4.653930	1.008954	1.760860	2.287547	3.011595
0.963332	-0.185033	-1.717699	-1.393742	-1.566931	1.030037	-0.121864	-0.432522	3.246330	1.291413
-0.737408	-0.859478	3.008133	-4.398339	-5.655306	-9.440333	-1.374803	-0.211367	-0.699646	-4.249181
-1.530151	2.422260	4.472204	-1.788312	-2.405354	-6.502983	-2.652870	-3.457975	-3.194482	-1.962898
0.959689	-0.144629	-0.921494	-0.965869	-2.768777	-0.814015	0.103030	-3.449550	0.835619	-1.350349
-0.902101	-0.199351	-3.133866	1.535182	-0.084774	-0.770029	-0.702109	0.281805	-1.139345	-3.552543
-0.543733	-2.227814	-2.597417	-3.087066	-1.688147	-3.752428	-1.535693	0.451686	1.039624	-0.901591
-0.527820	-0.801426	0.830246	-1.227122	-1.164094	0.050389	3.443373	2.757388	1.246521	-0.813400
0.124927	-2.672792	-1.730582	0.757810	-2.881213	-1.309279	0.940883	-0.344394	-1.719756	-3.054678
1.244998	1.977579	3.208396	0.031623	-1.932802	-0.376930	-0.706567	2.930334	-1.105611	-1.761933
1.594382	1.041384	0.288975	-2.469987	-2.390459	1.423636	-2.313382	3.598466	1.665051	0.825929
-2.051130	-2.529685	-4.020749	-1.547526	0.446220	-0.539378	0.476235	-0.524205	-1.729573	1.396404
-1.132046	-0.100033	-1.083979	1.066705	2.012638	1.232030	1.942679	2.411013	-0.665588	3.478287
-0.963976	2.292936	1.191983	-1.047100	0.876600	4.530563	-1.371752	5.504511	4.057501	1.385374
-2.688827	1.794116	0.350933	3.251859	4.548711	3.342924	-0.341161	1.974981	2.020089	1.599463
-1.835605	-2.309898	-3.862430	4.806879	5.599276	1.006718	-0.707950	-3.968487	-0.865530	-1.533748
-1.581317	-4.519809	-3.867007	-1.689640	2.172600	3.576250	-0.984420	-3.742203	-2.250061	-0.008858
-0.962967	-2.928021	-2.162700	-3.557899	-4.097009	-0.617675	-4.555273	-0.743578	2.653790	-2.078567
-1.638561	-3.600437	-0.576009	-3.408498	-4.993846	-4.767750	-1.666807	-3.216623	-1.159783	-3.762775
-1.495103	-2.570463	-4.377134	-2.196736	-2.946503	-5.449169	-2.462724	0.461949	-2.042686	-4.238777
2.372004	1.059901	-2.946875	-0.349511	-0.529474	0.086376	3.397679	2.085726	2.885875	-1.560170
1.626857	-2.733650	-0.086531	-2.759822	-0.440852	-1.374909	-1.006396	-1.501604	-3.186508	-3.434749
0.750054	1.541783	1.202099	3.676234	0.781072	-1.889014	-2.463147	1.534143	0.098359	0.392191
1.793094	-0.919804	-3.046782	0.079760	-0.349896	-0.175830	0.316430	-0.009144	-0.377830	-0.867042
-0.720224	-6.009111	-7.827274	-3.990739	1.701853	-6.018247	-2.588761	-3.434482	-2.936883	-2.940840
-0.427200	-2.312941	-3.181973	-0.941761	-0.842274	-0.837257	-0.672415	-1.257085	-1.559906	-0.633894
-2.292434	4.126205	3.054023	4.779999	4.312831	4.375552	2.296675	3.875832	4.369994	1.138005
-0.587924	3.676226	3.490918	5.337447	2.154375	4.138390	0.145415	1.105153	0.878109	2.417669
-1.550271	0.886221	-0.199284	-2.759212	-2.019434	-2.761631	-1.810288	-1.120137	-0.518967	-1.787090
0.761929	0.723589	-0.287480	-4.399672	-5.882788	-5.013300	-0.446025	2.952644	-1.449142	-2.393859
-1.176222	2.911630	2.220135	2.068374	-0.129581	-0.674904	-0.655486	1.415181	1.072678	-1.398025
-0.394022	0.740844	2.920667	4.851131	3.018595	2.821269	2.814837	2.586957	1.660785	2.136027
-0.235466	2.205531	2.079919	2.338907	3.912546	2.432431	0.629055	1.905155	1.893572	-0.463888
-1.231852	-1.725208	4.604897	-3.899291	-0.148021	-3.598104	2.194781	-4.282742	-3.001868	0.785447
2.373224	0.289428	-0.249192	-0.232656	-2.547900	0.098576	0.889325	-0.274851	-2.314741	0.536548
-0.000133	-0.740161	-0.129444	-2.872179	-1.803886	-0.877214	1.853901	-4.408888	-3.085054	-0.304767
-2.873419	2.788727	1.661748	-2.223953	-2.976174	-0.964063	-0.096778	2.963930	2.678986	-0.172981
-0.579728	0.142694	1.756391	0.383131	-2.728758	-1.042956	-2.840598	2.231985	1.636373	0.293125
0.147743	2.164443	2.746691	2.259081	1.396465	2.450421	-1.284845	0.924862	2.174699	1.894370
-0.824699	1.864674	3.960355	-1.720495	3.678999	3.956580	-1.501603	1.546543	0.840660	1.126373
-2.844550	2.438992	1.164389	-2.025288	-1.370852	-3.262564	-2.783058	0.920213	-0.405351	-3.157646
-1.026204	-2.588802	-7.146699	-3.736489	-3.146886	-11.082199	-3.648094	-2.459543	-4.391440	-4.486369
-1.269154	-3.984802	-3.421702	-1.500990	-2.297401	-2.816610	-1.633394	-3.026843	-4.979513	-3.428574
1.700103	-0.666707	3.280786	2.449019	2.449905	2.952916	0.542658	0.666701	-0.083675	1.149357
2.533975	-0.959411	-1.442626	-1.040155	3.556734	1.049390	-2.807322	0.230572	-1.285231	-0.223656
0.235666	-1.815510	-3.269932	-3.266201	2.153784	2.769427	-2.348417	-3.733543	-1.575587	-0.014792
2.674084	0.508100	0.181476	1.225688	2.173056	3.795739	-0.882810	0.091343	-0.407847	3.283268
4.413032	0.924625	0.678405	1.947321	-1.784850	2.628638	-0.465585	-0.502883	1.603084	3.269143
0.404119	-0.040029	0.816363	4.656107	4.308765	-1.045664	3.125276	-0.049733	0.614002	0.555052
-2.296552	-0.937658	0.144556	2.120254	3.913197	3.552445	2.176388	-1.507019	0.396503	0.327414
0.961826	2.397046	0.740692	0.242872	4.127345	2.940975	0.090669	0.459848	1.504883	1.584146
2.954058	3.199988	4.584178	3.680067	4.856907	4.425139	-0.596367	3.249559	6.777738	1.939467
4.547151	1.492176	-0.376879	0.549449	3.479578	6.574346	-0.234002	3.385506	4.561166	1.627194
0.142609	-5.333483	-9.669271	-4.001474	-1.890745	-1.006593	-1.545622	-3.614521	-2.077136	-1.968758
-1.265763	-5.937281	-1.321193	-3.299395	-4.279267	-10.463669	1.856988	-3.769229	-6.344071	-3.625773
-0.837157	0.645089	4.523363	-2.043506	-4.842891	-0.527873	4.115042	2.532478	1.375860	-1.265735
-0.952571	1.860736	-0.781897	-3.331699	-2.916224	1.582704	1.302855	1.016392	2.899153	-1.944130
-1.882397	-2.621731	-5.196765	2.591632	1.989130	-0.513029	-2.820661	-2.140190	-1.583892	-2.053547
-1.059632	-2.753805	-1.384237	1.283397	2.452765	-0.860864	0.009508	-3.823071	-2.520677	1.646429
-1.393169	0.896325	3.465795	1.924000	1.611374	-0.791195	1.780772	-2.125153	-0.830702	3.222008
-1.672605	-0.065231	2.062237	4.428550	2.194753	3.198586	0.561643	0.262062	-0.249867	1.319701
-2.349634	-2.139065	-4.532806	-0.655847	-2.657207	1.476186	-3.463169	-1.372425	1.517427	0.448217
-1.019952	-4.184467	-1.086427	-4.768284	-4.509310	-0.768990	1.906845	-2.206113	-2.641320	2.298564
0.898847	-2.439225	-0.015621	0.260744	-0.774365	0.186264	1.857793	-4.586501	-2.913406	0.565249
-1.037334	1.419571	2.900518	2.693344	4.468124	1.335855	3.020784	-1.512084	-0.696030	3.336180
0.489712	0.072531	0.832894	-0.250877	2.083049	0.261085	3.892924	0.061942	0.358709	1.733561
0.542787	-1.505333	1.450414	-3.218415	-5.166197	-1.299839	2.388318	0.783082	0.506214	-0.736704
0.876098	0.974890	0.009783	-0.540763	-5.265019	-3.524414	-3.163229	2.713644	-0.568114	-1.902711
-0.996152	-0.837990	-5.313695	1.301985	-3.882524	0.038165	-1.174213	-1.538766	-0.994272	-2.322858
-1.467458	1.155641	1.698286	1.838033	0.347681	0.507600	-1.571531	-1.157038	-1.937855	0.929855
0.376986	0.787792	1.100030	2.933288	0.066592	2.173696	0.214518	1.938237	0.705239	0.638528
0.837582	-0.461023	-0.873458	-0.837546	-1.588898	-5.100445	1.031435	-2.251029	-0.848285	-2.461439
-1.312063	1.685507	3.251726	0.997537	1.022006	-2.578519	4.709621	-0.505124	-1.638322	1.024752
-2.877745	1.949894	2.019189	-1.071559	5.386599	3.413177	2.013973	4.024965	2.571933	2.054697
-0.399960	1.912450	0.681733	-0.202628	3.215177	4.644044	1.111491	0.042451	1.655585	5.226293
-1.182902	0.074987	1.368664	-2.730064	-2.359165	5.258385	3.683070	0.257350	3.232940	4.663735
-1.128466	-0.958582	2.156185	-3.563364	-4.214629	1.423104	4.151008	-0.804423	-0.791694	4.180617
2.439353	2.294654	1.454003	5.667178	1.613080	3.350102	-0.654800	0.452149	0.160588	3.846634
4.751559	2.249208	0.898720	3.806466	1.422361	3.497982	-0.213459	2.375785	2.043295	4.769877
0.408158	1.356391	-0.137959	3.153907	1.066510	-0.366054	0.655224	-0.818798	1.347835	-0.522060
0.850056	1.802917	2.374572	4.752304	2.777327	2.287796	3.806842	2.479619	2.258715	-0.682986
1.891357	1.391696	-0.137384	1.168264	1.679411	1.472836	-2.461111	2.315757	5.040746	0.404989
0.009769	-4.341258	-7.516321	-6.558710	-3.796638	-7.480833	-3.557243	-2.953564	-2.912964	-4.817144
-1.761505	-2.988135	-2.149235	-1.574111	-1.692621	-9.969106	0.417236	-4.899923	-7.024805	-2.248794
1.112944	2.462377	2.568578	-2.898535	-2.308736	-1.274583	3.816417	-0.923497	-3.635167	1.549927
-1.142881	2.349991	2.748625	-4.345476	-4.862682	1.255242	3.118592	0.222235	-2.066838	-0.247592
-2.666472	-0.191283	1.752409	-1.350629	-0.372956	1.045471	-0.010951	-2.692802	0.048992	-0.411761
-0.056323	2.402267	0.555237	-1.938687	-2.605255	-0.411893	-3.159020	-1.644087	1.686436	-1.714293
-1.976627	1.397053	0.979413	3.235154	4.275425	0.580355	-0.522627	0.058905	2.456606	-0.244298
0.049622	0.765384	-0.337857	-0.165200	1.781887	1.400619	-1.626283	0.114298	2.364814	-0.620789
-1.440169	0.803873	-4.838666	0.917059	-0.616763	-2.481597	-0.557098	-1.807582	-0.055327	-1.998278
0.035108	-3.019770	-3.855810	-2.147165	-3.066419	-2.847489	-1.499182	-3.202513	-5.502704	-2.792676
-2.584142	-6.337436	-5.488182	-3.210464	-3.168275	-8.582350	-2.209448	-3.684468	-8.636101	-4.279896
-1.631809	-3.395312	-4.764275	-0.372632	0.169277	-2.077275	-3.333406	-1.429523	-2.708306	-2.697549
-2.153488	-3.610790	-0.414583	-0.494463	3.099643	0.831241	-0.986567	-0.186051	0.838797	0.022352
-0.050870	2.608540	1.791501	2.039650	-1.302167	0.318204	0.542859	1.509371	1.546323	0.325597
0.679053	2.171789	2.418385	0.923415	-1.588444	1.880622	0.117461	4.681970	2.018687	0.286674
4.249188	1.581165	3.137276	3.103039	1.329021	3.076300	-1.147570	4.490670	0.438605	-1.094028
4.628643	1.850378	3.008682	3.457730	3.785638	2.208547	3.624555	1.305698	4.030593	3.234780
2.446027	2.467938	1.670910	-0.510206	0.740118	1.704770	-0.209772	1.626577	1.668368	0.086988
0.496748	-0.980848	-0.095530	-5.257660	-5.556126	-1.003123	-2.573862	-3.362367	-4.004854	-2.821713
-2.090686	-3.684471	-6.723629	-4.089624	-4.577484	-0.636923	-4.804820	-3.203410	-5.645356	-1.916834
3.394833	0.960979	2.312521	1.636810	0.492858	2.983578	-3.011556	2.920573	0.055580	-0.528982
1.714914	1.483009	1.583830	2.834951	1.111012	2.728989	0.680323	1.361606	2.641270	0.034733
-1.936234	4.483127	1.207309	2.043807	2.855092	-0.179079	0.433012	2.396811	1.292734	-1.386296
-1.873903	1.925941	2.657267	2.179586	0.448412	1.288383	1.696504	2.096213	3.944789	2.589824
0.412516	2.500659	1.284816	4.239499	1.739486	2.900085	-0.688504	-0.278566	-0.042148	2.037687
-2.398768	-1.135211	-0.412734	-2.103947	0.470728	-1.769362	1.596882	1.460596	-0.181258	-1.068014
-2.424547	1.785437	2.994629	-0.429941	3.075755	1.126653	0.428060	3.429421	0.593678	-0.551883
-1.204112	-0.568287	-1.097082	-2.838575	-0.064718	-2.747359	0.778328	1.703129	-1.368323	-1.576724
-0.412454	-2.642379	-1.409156	-2.926040	-4.055577	-5.235487	-0.098615	-2.374958	-3.583141	-0.641742
2.338235	0.203671	-2.350978	1.929276	-2.529304	1.785381	-1.988571	1.076378	0.141642	-0.101238
2.044564	-2.048632	-2.622037	-3.333420	-1.352483	-0.042343	-2.985937	1.210656	2.056444	-2.159115
-1.539158	-5.243181	-1.609317	0.360483	1.874501	-1.072547	-1.789513	-0.325505	1.069684	-0.065774
-1.264623	0.374433	-1.533805	-1.552005	1.693266	-0.512119	-3.261095	-1.964487	0.240681	-1.276915
-1.258722	1.345615	-0.336685	-2.433375	-1.676471	-0.378546	-3.522480	1.386424	0.067353	-3.247637
-2.677048	-0.429127	-0.728243	1.749984	3.300406	0.228985	-0.528562	-0.528453	2.008819	-1.188140
1.733309	1.605813	2.282339	3.029481	4.587114	2.055585	1.164665	0.100594	-0.495904	2.715779
4.340356	3.061543	6.295775	4.519427	4.660771	4.314469	4.070907	4.709781	3.807503	2.738823
0.128201	3.858069	4.330284	-0.464469	-1.009707	2.763748	5.434474	0.930219	2.721558	1.858497
-1.691548	2.280199	-1.728618	3.429103	1.751999	-0.858364	1.762574	1.990222	3.060078	1.857504
-1.196184	-0.957160	0.372988	1.846853	-0.656296	2.044446	-0.389981	1.376900	0.444881	2.131550
-0.176099	-0.493801	-0.681679	1.212992	-1.205174	0.402289	-1.142880	0.791164	1.317884	2.338443
3.408914	0.860385	0.680098	-1.883472	-2.159318	3.406881	-1.110810	0.674222	-0.258495	1.417589
2.490562	1.444704	1.779441	1.270271	-1.248011	2.333432	1.085543	4.787183	1.659259	-0.568404
3.010052	2.196865	1.244669	1.003332	3.137764	2.910056	0.706294	3.600154	1.852064	0.941474
-0.553011	-1.634324	-0.021497	-2.809181	0.556623	-1.284735	2.818859	-0.457559	-0.069365	1.261132
0.481580	-1.632054	-0.091036	2.449342	1.291484	0.419173	2.903155	-2.780250	-0.384112	2.100180
-1.718269	-0.416517	1.370675	2.380710	3.187261	3.458290	-0.310199	0.313383	1.236038	1.303831
-0.360452	-0.180803	1.010857	3.180633	1.556172	0.342330	0.936816	0.578645	0.987101	-0.115804
-0.113865	-0.216902	0.191635	0.721218	-1.645367	-2.398696	-1.651579	1.160538	2.219890	-1.826912
-0.831002	0.101594	-0.130969	-0.845124	-0.318441	-0.646177	-1.871464	-2.367238	-0.201681	-1.567779
1.676641	-1.836203	-3.404729	-0.166886	4.165366	1.030801	-2.186016	-2.948282	-2.177197	-3.677491
0.090768	-1.996282	0.716678	0.089642	-2.170231	-3.597953	4.821489	-3.242295	-1.528646	-0.804132
3.324384	0.965367	-0.349021	2.158466	-0.807917	2.129073	2.261973	0.688822	0.737986	1.445312
2.340791	1.169057	0.825899	2.244696	3.755724	4.330490	-0.983138	-0.053635	2.127309	2.877959
4.068693	-0.176600	-1.811534	1.431739	0.319206	0.595807	-1.741717	2.424431	1.086537	-0.554975
-0.674007	-5.043692	-5.019593	-3.778997	-5.615256	-4.145364	-0.874440	-6.104885	-2.837919	-2.095571
-2.149108	-1.384404	-1.355551	-3.655205	-2.128549	-9.127414	-3.034177	-4.754688	-4.808250	-6.153912
-1.675006	-3.967423	-1.867378	-4.475977	-3.765358	0.212067	-1.605202	-2.227383	-4.155744	-1.374879
-1.309001	-0.559333	-0.600745	-1.758207	-4.126870	-1.878311	1.205214	2.172121	-3.375691	-0.059251
-1.882991	0.785180	0.994877	-1.476888	-5.558171	-1.923141	1.903801	2.021618	0.852117	-0.396210
-2.384976	3.059632	2.299219	-2.111112	-2.913447	-2.541812	-2.207412	2.625699	0.592490	-4.252133
-1.634956	4.783842	3.344513	-0.085175	0.948314	1.218083	1.010206	2.302954	2.601836	0.309099
-0.814429	1.402025	0.198990	1.680932	4.672525	3.692154	0.962986	2.950974	3.414964	0.616709
2.934802	1.586400	3.770383	2.299914	4.611200	4.255607	4.999559	3.813948	2.901480	3.803418
0.781637	1.491287	0.837924	3.497376	4.596050	6.343050	2.882357	0.233066	1.931393	2.387150
-1.021924	-0.707194	1.707948	-0.509375	4.861289	0.809292	0.468512	-2.341384	-0.628992	3.494328
-2.756685	-0.449524	0.565990	-0.962834	3.555028	1.578839	2.334857	-3.237214	-4.398667	3.075475
-2.553647	1.024020	2.701683	-3.333994	-1.608120	-5.836102	-3.495275	-2.697636	-0.143327	-1.392485
-0.047912	1.725760	2.014264	-4.063852	-4.380142	-4.673224	-2.458552	-1.931964	0.841634	-2.218826
-0.609584	1.250820	0.692869	-1.095801	-1.728328	-0.638320	1.416460	-2.596710	-2.853778	1.961475
3.445034	-0.454178	3.059136	3.670464	-0.561464	1.219216	3.454595	-0.304388	-0.854359	1.858044
2.551939	1.630493	-0.260698	0.795449	1.336461	1.781690	5.390587	0.578888	0.710197	1.755008
-0.144275	0.875859	0.668205	0.714358	1.101759	-1.818492	-0.779732	-2.338295	1.379394	1.854693
-0.385911	2.416146	2.505284	4.435896	2.243742	4.001577	-2.657027	0.494049	0.410536	3.068124
1.898126	3.393582	4.310079	4.983469	3.998623	3.368903	3.508037	1.699804	2.733627	0.458930
1.751930	2.413795	1.426630	4.590182	3.328213	1.263691	0.776592	4.760058	4.080173	1.140337
-1.260305	2.780016	2.913479	3.520741	-1.149375	1.921648	-0.419927	3.152596	3.341875	0.862274
-1.784183	-0.082125	-3.561934	-1.955950	-1.278630	1.770978	-4.001587	3.535504	-0.329760	-1.498131
-2.440512	-3.877597	-8.588966	-6.351785	-4.067837	-3.325511	-4.403152	-0.757933	-0.849931	-1.227449
-0.909498	-6.375067	-6.829375	-4.803758	-4.805785	-5.104814	-2.219791	-2.889328	-5.868433	-1.974452
-0.728847	-2.848301	-1.630617	-1.117364	1.670239	-1.418325	-1.445069	-2.650195	-1.596262	-3.014509
2.282132	-5.219766	-3.763248	-1.812396	-3.965552	-2.983938	-1.571752	-2.516448	-3.422215	-4.678092
