X1	X2	X3	X4	X5	X6	X7	X8	X9	X10
-0.184120	-2.747875	-4.025981	-1.380156	1.421466	-3.425758	-5.059767	-1.860557	-3.830893	-3.830305
4.062327	2.682764	-0.109786	3.695212	1.999477	2.142928	-0.857341	1.269229	1.985927	0.005852
6.182098	1.033348	1.830326	5.113652	6.573657	4.662875	-0.901661	4.606894	3.291782	-0.013549
1.835720	-0.540918	1.351169	-0.899319	4.595433	-1.798301	-1.250925	-1.889666	-0.413342	-1.205413
-1.673682	-2.117130	1.476956	-2.252681	-4.845066	0.065720	-2.834231	-5.301358	-4.515357	-1.084243
-2.077383	-3.119784	0.056502	-2.434814	-4.216111	2.794653	-0.498476	-1.508587	-3.831378	0.565057
2.211644	0.663724	1.516523	-0.435198	-0.073274	3.167516	2.614245	2.164140	-0.987619	6.470284
-0.031075	-0.201202	1.118432	-1.027411	-0.753725	-1.143072	4.077936	-1.687383	-2.045894	0.287935
-3.356015	-0.824259	-2.367557	0.956770	2.610164	-1.020896	3.517103	-2.540263	-2.284717	-1.341392
-0.296647	-0.304344	-2.080329	1.269468	-0.534677	0.551163	3.093851	-0.337905	-0.507102	2.831299
-0.997745	-0.374853	2.270332	-2.061095	-3.644320	-1.682779	2.410287	1.696985	-0.475564	0.450806
-1.118781	0.314316	1.673437	1.977308	-1.190335	-1.877205	2.891817	1.218998	1.935383	-2.050172
-1.389329	4.129767	2.412903	3.815500	2.303905	-0.283097	1.950748	0.558231	3.427425	0.688061
-0.358659	2.284600	2.511342	1.766608	0.111832	0.475960	1.114087	1.467175	0.084247	1.884705
-1.564445	-1.718081	-5.659332	-1.334642	-2.304628	-0.100017	-0.322359	-0.119974	1.744736	0.950156
-2.672359	-2.666075	-2.589306	1.714276	0.640756	2.292288	-0.462183	-4.225524	-0.164324	0.124813
0.270129	-2.884280	-4.297466	0.182490	2.741212	-1.171610	-1.210676	-0.697680	-1.495045	-2.803025
3.648447	2.533604	0.104599	0.996426	0.014469	-0.856295	-1.235433	4.264153	-1.314842	-1.880462
1.797022	3.127279	-0.644098	-0.885486	-2.520445	-1.973651	-1.485845	-0.714933	-0.009130	-2.426897
-2.524016	0.114444	0.828355	-0.674418	-1.979502	-1.667065	-4.421505	0.370558	1.258379	3.304966
-0.685139	-2.737299	0.490669	-2.158943	-0.136672	-3.192121	-2.307307	-3.447480	-3.822630	-3.489475
2.593782	-0.837951	3.382553	1.220269	-0.641028	-1.493606	-2.978645	2.046448	0.951431	-1.720520
4.681875	0.428588	2.164020	-0.181854	0.504457	0.079593	-1.138112	1.917337	0.426747	1.822727
-0.566330	2.128216	0.829277	-0.360381	1.377813	1.044390	2.617098	1.960881	-0.306795	2.123064
-3.518906	0.345934	-2.492866	-1.777185	0.566665	0.052698	2.364990	0.866976	5.024493	2.076089
-3.351624	-3.279462	-2.320402	-3.920737	-3.045058	2.373828	2.727968	1.728117	1.889596	1.794600
-2.044856	-2.632973	-2.316922	-2.669806	-1.682730	3.165093	-0.091264	-0.160299	2.820603	2.969994
0.423926	1.111200	-1.142820	1.901836	0.415676	-0.388697	-1.857001	0.218822	5.376601	1.362668
-0.836949	-0.049348	-1.690490	0.721117	1.886387	-0.186432	-1.709441	2.046477	5.076677	-0.999180
-2.531854	0.830282	1.157373	-2.853933	-1.911873	-3.055600	-1.463582	-3.014737	1.941518	-4.070755
1.017937	1.615285	1.541874	-2.679487	-2.358577	-2.079992	-2.159023	-3.705725	-4.243086	-4.534559
-0.450348	-1.313442	2.188115	0.734184	-2.492600	0.409200	-2.916263	-0.361088	-4.969550	-1.529596
-0.984182	1.155296	0.949001	-1.270393	2.514683	-2.440915	-2.054102	-0.024631	1.576316	-0.489869
-2.672339	-0.483105	-1.816868	-2.556091	-2.845304	-1.347530	-1.645941	-1.540856	1.272499	-3.607483
-1.666595	-0.077650	-1.864590	-3.172083	-4.002537	2.296463	0.206818	3.374136	2.426088	0.664557
-1.550323	0.625756	-1.551065	-2.405643	-0.064292	2.053071	1.760071	4.951141	1.866072	0.996948
2.191100	-1.368494	-2.022494	-0.552646	0.777253	-3.215401	-0.281184	-2.250343	-0.086163	-0.966415
3.613999	5.549994	1.963021	3.655834	7.399121	2.778952	0.284048	3.926784	-0.555926	1.787962
4.646596	1.886813	2.242878	3.142120	1.022335	2.962137	-0.447940	-0.629181	0.608770	0.690974
3.214315	1.681158	2.296474	-0.515664	-5.905585	0.338855	-0.049153	2.431161	-1.210486	-0.100384
-1.593724	1.162519	-0.381997	-1.422295	0.385382	-1.424588	-0.247998	3.961109	-0.438305	-1.609618
-3.293098	-0.427911	0.247561	-2.298052	3.232057	-0.776790	-1.965185	-1.299237	-2.044299	-0.967233
-0.705388	-2.173539	-0.627457	-2.016014	-2.443640	0.535150	3.111979	-3.929879	-2.936479	2.699763
-0.912975	0.558426	1.778439	-0.030661	0.536709	0.436836	2.805382	-2.443217	-3.532256	2.892364
-1.483540	1.163874	1.604644	3.366025	4.537923	0.949468	3.899314	-0.897051	-0.094842	1.467965
1.857435	-1.139004	0.084049	0.207064	1.132420	1.491245	2.690363	-0.877381	-2.348147	1.922357
3.276764	2.495484	2.647243	1.611072	-2.619384	2.499770	1.074317	-0.052108	0.611016	2.708034
-2.493435	1.196226	0.323017	3.756264	1.991629	-1.315861	2.838263	-0.482431	1.178036	-1.140711
-2.680048	2.201914	2.590260	4.337255	1.399975	1.267953	0.117586	3.751250	3.242902	1.705815
-1.291763	-0.245364	1.433261	5.356060	1.136567	1.451409	0.318472	0.166635	1.103802	0.072903
-1.971167	-1.180519	0.700206	1.314090	1.407021	3.633505	0.923605	-2.233575	1.312824	-1.569454
0.613652	-1.172561	-1.866116	-5.339143	-1.275149	-1.619062	0.187969	-2.993181	-2.539743	0.552237
-0.648697	-1.608602	-0.603620	-5.496328	-5.493032	-4.598396	1.797749	-3.554680	-2.253111	-2.977433
-1.951106	0.469747	0.682780	-2.108258	-3.276914	-1.156000	-1.163673	3.343026	-1.200193	1.897129
-1.808566	0.010174	0.120470	-1.897724	-0.074984	-0.091978	-2.866015	-1.114860	-1.744300	1.239715
-2.211670	-0.442233	-0.676566	-2.194120	2.186668	-1.690237	-1.602694	0.444260	2.509056	-1.697684
1.615286	-1.530185	-2.700742	-0.578540	-4.067447	-4.377981	-1.030427	-2.783912	0.047361	-5.586075
-0.053894	-2.488096	-0.254776	0.424520	-1.662322	-0.351815	-1.067135	-1.208076	-1.692895	-3.775666
-1.303706	-2.112677	-1.505182	0.993962	-0.741247	-1.605446	-0.683935	-4.346732	-1.111727	-0.165366
-1.245750	2.405259	1.236021	2.629889	2.908086	4.230719	2.988555	2.285621	2.715454	2.669518
2.043877	2.990200	0.734019	1.711300	0.650982	2.448373	4.897015	2.876282	3.738134	1.620778
2.616772	2.093834	2.114292	3.665096	6.489748	3.580810	2.848327	5.192353	2.957802	1.903406
2.636034	0.561947	-1.197474	1.299674	0.371789	2.662222	0.961673	-0.683468	0.397643	0.522095
-0.083539	-1.021073	2.475902	4.963132	0.744109	2.061501	4.259933	-1.506981	0.803044	5.138436
-1.914452	2.274662	2.105203	5.058365	7.935112	2.631139	5.253289	1.165615	2.120493	3.840524
2.859589	2.245239	3.992112	3.301568	4.566701	0.817128	4.676824	2.557417	3.292276	3.062850
3.859879	1.113846	1.487814	-0.297864	-4.708823	0.243459	0.191719	2.283926	3.014380	-0.381292
3.727911	-0.101029	0.598889	-0.661340	-2.353458	-0.000577	0.030459	5.276840	4.122292	-0.097309
3.222575	1.653301	2.940224	-0.250368	0.911897	-0.071988	-0.118075	-1.171742	0.065698	-1.531008
-0.956137	1.650726	2.464100	2.652044	5.043441	0.725517	0.749802	1.042378	0.363984	1.840607
-1.862936	-1.963968	1.102503	-1.425314	0.670072	-1.071170	-1.040326	-3.724602	-3.465862	-3.291172
-0.215532	-2.357091	-1.396383	-4.870455	-5.458709	-4.392360	-2.492174	-2.946384	-3.489555	-3.040849
-1.128339	-4.837655	-6.648474	-3.334688	-1.941007	-1.507262	-2.909756	-1.259071	-4.230007	-1.805629
2.405733	1.251730	0.399218	-0.006627	0.813976	-1.236883	-2.592585	-0.812165	-0.780731	-2.746218
5.221768	2.628053	2.656577	0.578615	-1.198365	0.091466	-1.887074	2.230331	0.584659	-0.540320
3.111154	1.583804	2.008790	0.031424	-0.051232	0.806678	-3.384034	2.282613	0.795250	-0.714837
1.232074	-0.220828	-2.920455	-2.608114	-3.302533	-0.644058	-3.578177	4.309876	-0.468070	-3.295375
1.048415	-0.108751	0.348731	0.599787	-0.217971	-0.595749	-2.927911	3.933218	4.381986	0.178164
3.198260	1.789225	-2.373365	-0.230590	-0.811254	-1.063605	-1.229647	0.357433	-0.475294	-2.820323
-0.775508	-1.920608	-2.654353	-2.445760	-0.911989	-5.083433	-4.236890	-3.434884	-0.198924	-2.415137
2.631796	0.930141	-1.163041	4.478962	0.316617	1.974359	-1.841949	1.860163	0.325887	0.088320
-0.167245	2.594265	0.394262	2.645959	3.727157	0.601061	0.908772	-0.142333	2.773925	-0.195154
-2.317949	0.157057	-0.682853	3.092114	5.959522	1.695267	-0.799732	-2.488677	1.274280	1.850741
-1.749233	0.879510	4.120408	4.002011	4.220902	3.040270	0.357437	0.037425	0.405241	1.018805
-2.505013	-0.849683	-1.436860	1.880134	-3.015010	-1.432938	0.054275	-2.829435	-0.335503	-0.479562
-1.409808	2.103574	2.214637	2.846566	1.883575	2.249637	2.700883	1.720336	1.715039	1.785041
-1.034133	4.764275	4.099295	4.654190	4.471548	4.400488	3.994161	1.522832	2.441257	2.308516
3.138894	0.524816	-1.531188	1.610392	1.848698	3.440810	-0.001490	-0.857355	0.793141	2.891564
0.254556	-7.545508	-8.096214	-5.187046	-7.960585	-2.263603	-2.075267	-3.689434	-4.045116	-2.162812
-1.808562	-7.583998	-6.365984	-5.290738	-3.410811	-5.758257	-3.285265	-3.935913	-5.052423	-1.281908
0.008522	0.454841	-2.220998	1.626800	2.927708	-0.745554	-2.193281	0.305000	-2.605887	-0.467623
-0.635605	-1.052892	-1.587955	0.205753	-0.665938	-3.238101	-0.481608	-2.327604	-1.737015	-0.460551
-3.228958	-3.707898	-4.606453	-1.678991	-2.266759	-4.571900	-0.790937	-3.855235	-5.263813	-3.399588
-2.018153	0.952921	3.314812	-0.776347	3.802432	0.083046	-2.029562	0.342298	0.406913	-0.662129
-1.750302	0.987864	0.687943	-0.309427	2.098326	-0.056566	-0.949573	3.572186	3.314958	0.256332
-2.812319	2.186133	-0.159354	1.547456	2.225011	0.928161	-0.977858	3.120018	3.036619	2.964300
2.661486	-1.060873	-0.603074	-0.314507	1.324578	1.963227	0.551592	1.354885	0.148690	3.992582
5.045200	1.082748	0.205190	-0.012328	-3.942286	3.358630	0.338691	5.830876	2.134071	0.841584
-1.544485	-0.022602	-2.282955	-2.973515	-0.788489	1.403771	-2.556849	4.863481	2.425557	-4.122686
-3.518279	2.426979	0.137300	0.531623	5.433558	-1.680053	-0.605314	3.504989	0.284148	-0.632321
-1.350691	-1.635808	0.683864	-2.020222	1.981245	1.409562	0.628011	-2.405111	-0.881957	-0.085812
-2.486427	-0.700758	0.095246	-4.988954	-9.225136	-2.693385	-0.116759	3.124372	-2.822258	-3.653752
-2.082392	0.903332	0.063056	1.263820	0.852404	3.040308	-0.427608	1.689825	1.466644	-1.300832
1.417009	-0.346835	0.712705	-1.835104	2.235859	-0.622856	-2.034421	-1.734961	0.098752	-2.903043
-1.678229	-4.336754	-3.304995	-2.785428	-4.390581	-3.208675	-3.029480	1.071602	-1.814333	-3.114776
-3.829306	-4.259122	0.088466	-3.236353	-1.328623	-6.366346	-3.314268	-2.315896	-6.024310	-5.194222
-2.359325	-2.168233	-1.012698	-2.275382	1.631126	-1.631265	2.377032	-2.554167	-2.959974	0.858129
-1.320884	0.224116	-1.357377	0.146788	4.912759	0.645472	0.091337	-0.108420	-1.993122	-0.319014
-1.314283	-1.284168	-2.595557	0.493358	0.339872	0.098769	-2.841735	0.952533	-2.089351	3.090960
3.973382	1.497818	0.446273	2.805230	-5.695242	2.980633	1.084633	3.430381	3.244044	5.154759
3.791214	1.193880	0.553626	2.402010	5.674914	3.357367	-1.665241	1.695715	3.824769	5.991395
-2.660681	2.244722	-1.614985	4.105602	4.934335	0.928977	2.382660	-1.790675	1.141028	0.134475
-1.581398	1.736049	2.201652	-1.857688	-2.596082	-2.534730	1.353754	-2.806500	-0.946572	-1.357889
3.632472	3.095467	1.633849	-0.635952	0.931260	1.314352	3.079257	1.199930	-2.280426	1.754513
-2.310864	0.308480	1.675317	-2.388382	-0.878340	-3.078270	1.110285	-4.289295	-3.951828	-0.037411
-3.139095	0.297091	-0.233932	-4.692668	-3.834684	0.909910	0.249555	-1.643183	-0.350569	-1.096351
-0.352810	0.149406	3.530413	-2.339801	-1.849371	-1.722001	4.090081	-0.547143	4.041955	2.553303
-0.562699	-1.512373	1.951062	-4.491669	-2.240403	1.710405	1.802479	-3.867986	1.460252	0.766560
-1.831847	-0.420942	0.929025	1.464639	-0.022577	0.821934	3.198463	-2.000019	-0.126771	1.547028
-2.670042	0.933303	-0.417588	3.717437	1.684107	0.017794	3.780045	-0.881050	2.086293	-0.660084
-0.901469	0.109363	-0.997470	0.663037	0.475352	-0.802806	1.532939	-0.923288	-0.005250	-0.324767
-0.750314	2.359340	3.479288	-3.569847	-3.732639	-2.058661	3.376256	1.844861	-0.317792	0.717386
-0.625059	0.851436	-1.048808	-3.555601	-3.064964	-4.277963	1.631508	-3.515513	-1.979428	-3.697018
-1.605188	0.167652	0.783848	-0.480009	-2.341518	-2.446604	-1.045297	-0.193414	-1.238851	-4.123971
0.332815	-0.203512	3.053962	-0.523858	-4.472797	0.762423	1.596151	-0.644851	-2.017554	0.852334
-0.535132	0.421642	0.768137	0.706168	-0.576497	1.611924	-1.864641	-2.858228	-2.506833	2.143402
-2.782010	-3.349084	-2.171423	1.892784	0.328389	-0.267293	-2.670165	-1.503253	-1.142782	0.736240
-1.854202	-2.594195	-2.647216	-2.217294	-1.330235	-0.883321	0.891784	0.388170	0.605604	-2.681348
-1.436789	-3.501092	-3.399641	-1.590652	2.486138	-1.125755	-1.139189	-3.921465	-1.656272	-2.633357
0.335048	3.172122	3.874002	2.117527	4.340313	1.096011	-0.057881	1.539938	-1.607404	-0.507983
0.490927	0.732642	3.376812	0.661756	-1.805202	2.711084	2.714910	1.392075	2.244109	-0.504921
0.051668	2.542463	3.515787	6.044551	1.075498	-0.210632	-0.315114	0.616141	1.871271	0.155029
3.867189	4.542180	2.504724	3.891625	3.838821	1.876469	0.380347	4.734432	5.778083	1.885472
2.883309	0.079287	1.494319	0.380692	-0.267327	1.285691	3.292393	0.004546	1.413646	1.768909
-0.105253	-1.500223	1.186667	-3.380836	-2.462339	-0.474261	1.509220	-1.526321	-1.668640	2.302840
2.005620	-0.402759	1.169761	-2.055045	-1.397508	0.509815	-1.773374	0.943930	0.298427	0.991467
5.302846	-0.475028	-1.149905	0.800376	0.550371	0.661623	-1.589194	3.830096	0.959043	0.170089
4.112644	3.841259	1.737259	0.493337	-1.405594	2.811966	-1.774244	4.903274	2.502108	0.176106
3.476029	5.125894	4.604946	3.042048	2.980802	4.073746	-0.539331	2.180365	3.888319	1.360616
3.051419	1.836666	-0.341855	1.204219	-2.790134	2.087364	1.280837	1.524066	-0.316328	2.085317
2.773329	1.972763	0.904046	2.252556	1.009702	2.943121	3.219753	0.718676	2.609663	3.638506
-3.387824	0.222874	-1.051163	4.149168	3.871616	4.763619	2.256408	-1.454004	1.996188	3.506681
-0.584928	1.015988	-1.139094	1.501759	1.118012	-0.775943	2.059291	-1.037174	1.728940	0.417638
4.061334	-0.154210	-1.483860	-0.980066	-4.463006	-1.622766	-1.005608	1.299265	3.391514	-3.233528
2.988673	-1.680331	-1.630074	0.544896	-6.131234	-3.256650	-2.612100	1.845314	1.686001	-0.697422
-2.128197	-0.951189	-0.547351	2.637748	2.937430	-2.090096	-0.437099	-1.767127	2.118194	-0.086848
-2.571465	0.126303	-1.079704	1.687091	1.515190	-0.620808	-0.227416	-0.966155	2.763785	-1.949313
-1.717919	-2.645870	0.258751	-7.182576	-3.164555	-4.303486	-0.705866	-4.032470	-2.523435	-2.640224
-3.545050	1.258679	2.804599	-0.700655	4.671898	-1.634535	-0.952063	-2.562070	-2.242476	0.208914
-2.058047	0.490736	2.618825	5.907853	2.219949	2.299742	0.617680	0.915347	0.943851	1.328292
-0.024602	2.914886	0.725413	2.406843	0.074496	0.272142	-1.097054	-1.709116	0.191637	-2.409797
1.786892	0.667515	-1.370652	0.696510	6.838339	2.058661	-1.018879	0.754742	0.182970	3.651239
0.875443	-1.379591	-3.308187	-0.220753	5.653475	0.632693	0.576689	-3.000775	-1.972762	-0.182308
-2.557943	-2.196945	-4.242607	0.588047	1.209502	-0.449366	-0.583667	-1.951065	-2.328869	0.207552
-1.884360	-2.626262	-5.587228	-0.686398	-1.324984	-3.103821	-2.376162	-1.591424	-3.702664	-2.847688
-1.270104	-6.895454	-4.339065	-4.906198	-2.710288	-5.718578	-0.960213	-3.107048	-4.229260	-2.946439
2.235529	0.054565	0.738467	2.628036	4.521986	2.264558	-1.629237	1.208766	-1.675967	2.497490
2.546643	0.613783	-0.188749	2.447492	3.690331	1.190880	0.007850	2.734821	2.066702	0.962691
-1.407660	0.227387	-0.296425	1.741458	4.471040	0.749383	-1.508968	-3.133477	-1.313866	-2.049447
0.650323	-0.993834	-0.115777	1.719221	0.189507	-0.532539	-1.366609	0.847376	-2.304283	-1.626833
2.772591	-0.907291	1.410381	2.003066	-3.494376	0.973708	-0.571088	2.330084	0.126640	-0.427277
3.188147	1.679906	-0.491364	-0.711322	0.041280	2.750616	-0.593022	3.630251	3.269591	0.500911
0.142290	-1.387953	-0.697124	0.644542	0.169069	1.613281	-1.278327	1.137484	1.521858	1.363422
1.537519	1.185622	0.760388	4.382542	0.272978	2.306297	-0.725619	1.817387	1.099030	0.482347
-0.669666	3.379024	3.927261	3.484362	1.699199	0.584356	2.586387	1.911665	2.292298	0.487675
-1.779267	2.188446	3.126583	1.363584	-1.174681	-0.876047	2.008776	-0.063676	1.693650	-1.931601
-1.701585	-2.398120	-1.212856	-3.648109	-4.041872	-5.217416	-0.361467	-4.681330	-2.735923	-2.674291
-0.362123	-2.555579	-1.277265	-4.028934	-1.313885	-3.340059	3.414743	-0.472293	-3.447730	0.203097
3.446217	-0.868536	0.741547	1.579892	-0.920434	1.572821	2.889893	-1.823357	0.040821	4.335955
-0.412370	-3.666394	-0.946129	-2.465850	-1.647431	2.557219	4.579968	-2.588918	-2.773178	2.589774
-2.159484	-1.958058	-0.000700	-4.248476	-2.435287	-0.103171	1.760657	1.805232	-0.384833	1.774247
-0.219432	2.009272	-0.736573	-1.253805	2.626684	-1.326551	-1.014053	-3.018102	-0.566152	-1.851933
-1.591615	1.322393	0.428447	-1.743853	1.723470	-1.892727	-0.899774	-2.543914	-1.745539	-4.827672
2.483762	0.528006	0.431954	-0.883338	-4.939943	0.697100	1.142184	5.199603	2.212701	0.029024
2.385894	-0.067590	-0.113557	1.070825	-0.190467	1.624526	-1.031892	3.487355	-0.361335	-1.528852
4.536878	0.051008	-1.403989	0.959719	1.053385	1.962050	-0.370609	0.305748	4.013249	2.749297
0.277008	-2.796399	-2.880245	-3.793873	-2.836700	-0.961531	-0.480178	-3.671612	-1.794448	2.931465
-4.287119	-7.899407	-5.651929	-2.677364	-3.166434	-0.013918	-4.496907	-2.959018	-2.834127	-0.913251
-1.979009	0.160887	1.857959	0.707531	4.556871	2.568289	-0.655404	-0.342664	-2.038289	3.297946
2.573134	3.088988	2.086616	-1.062702	0.313502	3.192090	-0.572375	5.393857	2.568767	3.542053
0.095705	2.879902	0.966943	3.916424	3.044949	2.691784	1.816573	0.827749	1.291143	3.226769
-1.531501	-0.978667	-2.457661	2.483096	7.676700	1.996774	1.817134	-0.121880	-0.814158	1.606792
-3.125989	-0.228610	-2.614496	-1.194896	2.736444	1.976660	-0.879796	1.899675	-1.139434	0.327521
-2.364764	-5.156922	-4.741361	-2.875363	-8.253229	-3.998455	-1.766722	-5.443180	-3.308380	-3.683442
-1.140732	-3.571094	-2.249754	-1.754514	-3.666929	-7.981869	-0.612847	1.507260	-1.288192	-5.589598
-0.831396	0.088782	-0.779074	-1.349859	-2.244865	-2.132178	0.099728	2.637600	2.539837	-1.940845
-0.869663	-0.728286	-1.006018	-0.311305	-1.782845	-4.795478	-0.734301	-3.622253	-0.425388	-2.700780
0.371562	-0.515190	2.801315	-0.270959	3.933122	0.807635	-1.203935	-3.219096	-3.795658	-0.940001
0.283374	0.235881	1.569928	2.744574	0.033930	1.551165	-0.901073	1.908277	-2.023267	2.643995
5.680268	1.905635	2.488724	1.161188	-2.374428	-1.411782	0.359284	1.326569	1.010194	0.346513
3.584639	5.233381	4.568206	3.649180	-1.085759	0.602099	-0.898862	0.890686	-0.366766	-1.267242
-2.314619	0.741329	2.654978	-3.212152	-1.858467	-1.835385	-1.846109	-4.239170	-3.540638	-4.891667
-2.788312	-2.857211	-3.377658	-4.525712	-3.142557	-3.587629	-2.967556	2.577905	-1.866713	-1.852854
-2.182344	-3.769830	-2.125898	-2.562399	-3.011433	-2.736625	-2.362000	-2.646787	-1.963379	-2.145097
-0.925223	-3.910420	-0.846839	-1.054614	3.740302	-0.079867	1.221164	-4.611341	-6.069427	-2.002991
0.222747	-2.198070	-2.450676	-2.480956	0.018846	-2.845947	0.339739	0.180044	-2.012246	-0.945827
0.565860	1.160727	0.599593	-1.282522	-4.350903	-2.132257	-0.233870	5.418069	2.373375	-2.683398
1.038110	1.288481	-0.788729	-0.023411	3.233755	0.444408	-0.163057	3.911637	1.954446	0.029903
2.671390	2.649099	1.508262	1.204681	0.698218	0.584459	-1.257416	-0.412451	0.451079	-3.417614
-0.131805	1.145389	1.218970	-2.932141	-6.166012	-0.248099	-1.206842	-3.887496	-2.380815	-2.105542
-2.959283	-1.404441	-1.220303	-2.584373	-3.798834	-1.320057	-2.746328	0.975503	2.699275	-1.672172
-2.524349	-0.902185	-0.067253	-1.508809	-0.656047	3.173793	-2.567266	-0.192954	3.593858	-0.091494
-1.363610	3.329164	2.342822	-3.478543	-3.329748	1.835858	-2.734449	0.733832	2.201147	-1.818601
-1.126773	4.627910	0.920426	2.303932	3.214665	-1.028654	-0.357468	0.930060	5.030751	-0.872482
1.705554	2.583060	0.729060	3.869624	4.519496	3.428064	1.073683	1.581827	5.348379	3.674971
3.861166	2.687418	0.434128	3.167439	5.199849	3.054918	0.375815	2.066231	1.601143	2.884268
2.861954	2.686087	1.004031	1.150387	5.596529	4.403517	0.339436	0.191870	2.551450	1.935217
-2.403489	-3.258630	-0.485127	-0.195124	-2.058660	0.159866	2.394754	0.032041	-0.804790	1.855627
3.648829	1.766671	1.444755	1.513415	-2.815212	3.594871	4.592979	2.748240	-1.352670	4.379408
3.659001	1.352490	-0.620721	0.582013	1.411479	-0.285061	2.138521	3.037362	0.812419	0.902667
0.828919	-0.189871	-1.596053	0.315379	-0.237582	-2.265726	-0.183712	-0.609297	0.091683	-0.862687
-1.654625	1.591389	0.888162	4.427524	0.203312	0.696781	-0.156609	4.034157	3.230129	3.233753
-2.505639	1.401469	-1.216075	1.224357	0.172067	0.886065	0.070239	1.557520	1.764962	2.908497
-3.041830	-4.258532	-4.381962	-4.535913	-5.114409	-3.744971	-3.035859	-5.556114	-2.197713	-1.212650
1.795692	-0.378615	-1.201597	2.200524	5.631390	2.355277	1.588707	1.830847	0.299510	0.243420
0.527919	2.132218	1.093722	-2.291622	1.372571	-0.999188	-0.379154	-2.757502	0.528033	1.311512
-1.328455	-0.382335	4.487397	-4.167241	-5.784758	-3.853865	-2.594431	-3.828569	-2.873041	-1.857866
-1.404441	1.929321	2.207531	-2.761124	-2.845691	-2.912652	0.384583	-2.461361	-2.192109	1.256090
6.142556	-0.966915	1.371524	0.437839	-1.065719	1.403752	0.798300	0.930114	-1.125970	2.983686
5.455625	1.741151	-0.844819	1.156157	3.974964	0.564347	1.957327	2.055349	0.175976	2.974725
0.245161	-0.603586	-0.105796	3.110340	6.681065	2.264532	0.658073	-1.184366	0.875531	0.602712
0.785254	-3.931728	0.376595	0.959694	3.000893	0.113208	-1.139653	0.671461	0.201591	-3.851450
3.681398	3.408218	1.530259	2.395231	-3.586947	2.452873	1.388958	5.271623	1.639958	-0.635158
3.490284	4.182346	4.580298	2.441757	-0.912648	4.133223	0.511214	2.982809	1.930527	1.397590
-2.092293	2.670953	2.094417	4.255181	1.635198	5.146357	3.719022	-3.065289	0.857897	2.391896
-1.737040	-0.645669	-3.527580	-0.199789	0.364496	1.747472	0.841390	-3.496279	-2.647937	0.281960
-1.558465	-6.153725	-7.346189	-5.616447	-4.835746	-0.412837	-2.704474	-3.810072	-3.395178	-2.241316
-0.143573	-4.405119	-4.188303	-4.279884	-1.515124	-1.869673	-3.031863	1.031125	-1.496531	-1.384332
-1.060669	-2.104759	1.251482	-1.677494	-1.363831	0.426459	-1.001571	-2.167798	-1.109900	-2.229490
-2.803660	0.098950	2.101273	-0.265472	-3.555362	1.871953	2.473209	1.001549	1.363007	0.634311
-1.180350	-2.199596	-2.658524	1.251491	-1.445212	-2.270496	0.463283	-2.192441	1.127285	0.391269
0.267357	-0.101103	-0.452301	4.126298	0.196725	1.809007	-0.128543	-0.638078	0.646828	0.411982
-4.128643	4.463124	1.165450	4.191956	2.558052	0.117755	1.184036	1.975430	0.391929	-0.184451
0.811747	-0.862619	0.764337	0.954471	5.503074	2.136941	1.568525	-0.684125	-0.486121	2.263466
-1.173776	4.932464	2.041869	6.175746	5.983895	3.798660	3.555230	0.791349	4.858773	6.100431
-0.914715	3.360068	3.198555	3.232786	5.978018	2.859003	3.236054	3.135844	5.627001	5.847742
-1.044170	-2.515209	-0.165994	-1.566603	1.637346	-1.308334	0.011201	-1.097947	-0.438343	-1.581506
-3.357444	-4.069269	-2.672769	-3.999319	-9.097918	-6.995160	-3.514923	-1.764532	-2.530669	-5.640014
-0.220235	-3.372515	-4.750657	-2.973057	-1.928171	-3.251782	-2.056617	-0.767315	-0.445084	-5.109088
-2.450644	-4.113649	-4.906247	-1.398713	-0.192811	-1.741406	-2.123877	-2.393605	-0.962396	-2.182629
-1.208971	-3.794970	-2.027527	-2.467785	-3.299837	-0.995439	2.374500	-1.337505	-3.078413	-0.387743
-2.274112	-0.481680	-3.061684	1.188031	-0.291146	-2.691288	-0.039884	2.583478	-1.142844	-0.643431
-2.432667	1.073322	-0.114505	-1.785562	0.923361	-3.711860	-0.101227	2.715942	-0.675995	-1.545998
-0.689032	-0.726862	-2.808077	-1.885861	-1.717413	-5.017459	0.167074	1.273281	-0.379276	-4.083646
-1.963603	-0.832931	-1.043284	-0.124264	1.222932	0.054807	-1.944380	-4.284507	-2.741594	-2.213379
-1.026878	-0.297481	-0.503514	-0.981267	-0.580304	-0.689567	-0.737088	-2.847525	-4.314655	1.725900
0.074549	1.561590	-3.169751	-0.269269	-3.134821	2.373915	-0.942449	3.074825	2.724333	3.102090
1.045084	-1.575312	-1.886379	0.056833	0.531482	2.837446	-2.925962	1.299643	4.372463	2.906087
1.736231	1.364116	2.430115	6.094341	2.088603	4.744324	1.201773	1.159028	4.182030	5.460391
4.063898	2.599381	4.918947	3.834058	5.297742	3.551645	1.234557	5.384781	1.038728	2.874100
2.791890	4.826089	2.012434	2.242884	-3.264602	0.905104	1.193489	4.387102	1.578650	-1.424588
0.251316	-2.726053	-3.616009	-6.284677	-4.430729	-3.552099	-1.091131	-3.372106	-1.383707	-1.413972
-2.751517	-4.987937	-0.595068	-3.516924	-1.234941	0.462132	-2.960303	-5.275340	-3.335548	2.513148
2.509999	-0.817754	2.256875	-0.606055	-1.757638	-1.032403	-2.417729	-1.196398	-1.450278	0.599873
-0.185028	-0.132496	0.634334	-0.715268	2.030077	-2.497906	1.153392	-2.178474	-1.055800	-4.402498
-0.631888	-0.660852	2.372025	0.599038	6.455603	0.665024	-1.471944	-1.233363	-1.174016	0.975840
-1.536074	-1.666913	0.848064	-2.259335	-2.833261	-0.157913	-1.111437	-0.333260	-2.605730	-1.138414
-0.972375	-1.520867	-0.827936	-3.803286	-5.188617	-4.244816	-2.338788	-0.971457	-0.393442	-3.299454
-1.149883	-2.538404	-0.991259	-0.886014	5.259534	-1.589282	-0.466400	-3.348847	-0.104355	-1.546078
-2.105987	-0.158711	-0.339092	1.627383	5.553989	-0.688210	0.351425	-2.410621	-0.937470	-1.175081
2.056321	1.113524	0.064680	0.679706	2.540547	-0.297095	1.346785	0.034129	-0.766886	-0.447058
3.843051	2.704913	2.235070	4.463255	6.624007	2.928865	1.810278	4.390715	5.786597	1.938195
3.774513	1.349470	2.669891	0.029032	1.038366	3.651276	2.909200	4.135445	3.636379	3.128385
-0.296385	-1.700094	1.073654	-5.296564	-6.952877	1.774742	4.839949	-4.272567	-0.717138	1.412219
-0.505833	-1.645563	2.255072	-2.210231	-1.643624	0.973468	2.773822	-2.957411	-6.143154	0.862603
-0.263121	-0.313525	-1.132545	-1.543370	0.394023	-0.819339	-0.011384	1.226527	-2.793665	-2.252855
-0.979443	-1.474166	0.568214	1.524018	-2.798537	-2.335172	-0.572873	0.759059	-0.603770	-4.807046
-0.576987	0.963928	2.608957	1.851134	4.001993	0.554675	-3.122248	0.297001	2.328835	-1.860762
2.501952	1.729270	2.227394	-1.363223	0.467213	-1.750690	0.871188	0.607466	-2.535748	-3.731195
0.836683	0.272875	-0.176768	-0.811655	-6.268879	-4.183060	-0.062170	-3.616030	-0.662515	-2.904135
-0.865588	0.932855	-0.176821	3.481036	-0.934385	-1.777327	-2.760425	-1.628873	-1.239361	-3.131173
-4.043352	4.674525	2.873340	6.094350	3.559093	2.242218	1.024018	0.611454	0.669916	0.546501
-1.554805	1.875398	3.334522	2.187583	-1.977246	1.372283	1.153356	-2.048232	0.721521	4.158098
-0.370340	-0.623913	-3.231673	-3.833767	-5.151604	-1.114323	-0.136615	-2.016317	-1.879742	-2.061674
3.505147	-1.118995	-0.380039	0.495896	2.193018	-1.062291	-1.059900	3.175819	-0.618967	1.134197
2.821160	-1.448035	-2.813675	0.954369	-0.605282	1.117986	-1.602803	0.291591	-1.469952	1.806220
-4.235895	1.093179	1.427122	1.521347	-0.523305	0.403319	-1.712028	-2.345784	-2.459290	4.754905
-0.186418	3.221859	3.193353	4.338625	-0.252954	-0.614086	2.777620	1.571913	1.956823	2.766262
0.233196	1.333017	4.090117	1.989999	0.692670	-0.685818	4.546337	-1.585402	0.768290	-0.602598
2.079547	3.111464	3.417414	0.546562	6.311166	1.427129	1.976718	0.594689	1.423217	0.876732
-1.673764	-0.394389	3.335443	-2.582792	-2.873969	0.535764	1.876460	-0.570697	1.312008	-2.112837
1.550264	-1.275132	-1.116700	0.722630	-5.672936	-1.766305	-0.907542	2.522057	2.487267	-3.028898
4.368029	-0.800855	-3.080116	1.620019	0.875062	-0.103173	-2.860392	3.281268	0.538699	-1.134940
-1.440869	-0.059949	-2.326210	-1.354232	4.283323	-0.419031	-0.414695	-0.196147	-1.603895	1.062242
-0.299932	-0.416004	1.076114	-1.452732	-3.873656	0.258027	2.536146	-1.757772	-0.690609	0.972156
2.546736	0.312988	-0.509550	-0.293391	-2.763176	-2.137794	1.542627	1.535810	-3.068340	-0.920592
-0.725068	-3.602267	-7.178206	-2.442718	-1.340840	-4.530689	-1.786556	-5.079187	-2.718887	-4.762394
-2.339148	-3.910959	-3.775763	-3.691324	-0.934353	0.508646	-1.772107	-0.930447	-0.379846	-0.664548
-0.849309	3.678917	2.456675	-2.069521	0.663385	2.917516	1.610971	3.074345	3.632285	1.128253
4.737844	2.301569	2.463599	1.824279	1.836168	0.810124	2.087175	0.584403	2.642707	3.600010
3.518203	1.988500	2.999401	2.295166	-0.631006	1.380971	-1.819998	0.554139	1.279522	1.063728
-2.946736	3.366717	3.141674	0.921925	-2.783242	-2.748739	-0.812451	-0.662233	-0.089470	-1.540694
-1.862883	0.146224	1.277308	1.244944	3.468357	0.605992	-0.463786	0.476099	-0.299167	2.128947
2.666456	2.737026	0.089296	-0.035591	1.267187	2.065167	-1.209905	1.614645	1.560329	1.786650
1.058571	0.299126	-0.313373	-0.557693	-5.162159	1.021083	-3.097009	2.690216	3.108318	-0.333386
3.178655	2.297026	0.567893	0.831922	-1.094983	2.872439	-4.801601	5.392122	2.817000	-0.201364
-0.266302	-0.393970	-1.986516	-0.982760	-0.189792	-1.254767	-2.408482	-2.651528	-1.043227	-0.521086
-0.955110	-0.426761	-1.615509	-3.493353	-2.911190	2.077462	-1.737251	2.708972	1.332235	2.015344
-1.995179	-1.494745	-4.300195	-3.724673	-1.919483	2.369022	-0.221509	-0.565870	-0.575715	2.052419
-1.726818	-7.582920	-4.235785	-0.776735	0.290322	-0.383491	-0.697256	-5.349749	-2.807182	1.384935
-2.656137	0.033013	2.788512	4.588745	6.133620	3.484916	0.627508	2.107941	-1.459968	4.943584
-1.245449	1.666955	2.065787	5.242553	5.843905	4.189538	0.762185	4.187503	4.742425	5.373557
5.867838	1.789107	3.619330	3.505573	1.759470	5.773868	2.308177	2.627640	4.096190	3.465647
3.641312	4.578266	3.828332	6.320389	7.762109	4.464098	3.564885	4.033254	6.117626	5.603344
1.275963	0.424232	-2.049015	1.151187	5.802214	3.888521	1.129412	2.778045	2.376926	4.107536
-2.377219	-0.983696	-1.586222	-1.934848	-4.625521	-3.041372	0.902260	1.282613	-0.834513	-2.476388
0.544354	1.437980	3.535505	-1.692030	-7.806603	0.012109	2.679434	-1.270344	-1.344798	1.438461
-0.844328	-0.151743	2.547056	-1.761575	1.419562	0.861856	2.997937	-2.299927	-1.111633	4.283868
-0.750475	-1.496867	1.316523	-0.355995	0.504065	-0.070443	2.101373	-1.975840	-2.313824	-0.257278
-1.664396	-0.502395	-2.163001	-3.442905	0.944200	-0.251397	-0.611452	0.028412	-3.249876	-1.384993
-1.987801	-6.340930	-5.456024	-3.016916	-2.702439	-3.673217	-2.039633	-4.000676	-3.341397	-4.716391
-1.127400	-3.860876	-3.980853	-0.412241	2.130139	-3.609314	-4.638464	-2.632111	-3.196591	-4.079688
-1.531901	-1.591137	-2.886594	-0.039491	5.652830	0.956601	-0.612540	-4.400799	-1.365064	1.426702
-1.213114	-0.808718	-0.379155	1.584122	2.377126	2.845617	-0.178453	0.774050	-3.599424	3.094163
0.261355	-0.842822	-2.132542	2.027390	4.136120	0.850322	-0.285096	-0.058772	-0.699375	2.609877
0.484796	2.154144	-1.766760	-0.180398	-0.768092	-3.086595	-1.915261	1.755024	-0.991224	-5.038870
-1.720396	0.049376	0.617086	-2.450049	-6.094017	-5.512945	-1.343942	1.681028	-1.676178	-6.879595
-1.460129	1.627368	-0.572211	-1.601470	-1.644159	0.727861	-0.466328	3.304127	0.350759	-3.392415
-2.494208	-1.174286	-2.739056	-1.336968	-0.590724	-0.068388	-0.436213	-2.691491	-1.885621	-0.825845
0.254561	2.060307	1.962748	4.603852	3.071484	0.935498	-2.811486	3.115560	0.247878	1.503197
5.133273	0.370441	2.850196	3.540486	5.397461	0.723509	0.790662	5.841067	4.141450	1.710295
2.989223	3.593209	2.333782	-2.709070	-4.127496	-2.055366	1.415339	-1.001485	1.874790	-2.808865
0.135408	4.709203	3.913505	-1.670917	-4.871489	-2.284436	-2.668444	2.422488	-2.239308	-3.957600
2.072324	4.566616	4.750858	-1.148056	2.234779	0.247991	-0.230477	4.340870	1.381253	1.595076
-3.295331	2.608239	0.577339	-2.053087	-3.354893	1.472106	1.485149	1.802645	3.435166	3.929448
-0.683759	-1.222136	-5.590956	-4.498309	-2.791306	-2.168699	0.080845	2.386496	0.280129	-3.524298
-1.626561	-0.872519	0.269769	-3.180819	-0.311460	-3.604431	-2.884679	-0.593195	1.704536	-6.418377
-1.451940	1.147983	0.677011	-1.714713	-2.533754	-3.298596	0.391887	0.354454	-1.850814	-2.794499
1.032805	1.514058	1.606567	1.176714	-2.190386	-2.823801	-0.751747	0.258625	-3.384327	0.185222
0.328574	-2.466603	-2.462968	1.637067	-0.033455	1.309451	-1.033069	-2.343400	0.499096	1.685474
-1.938732	-2.666610	-1.770796	-0.820747	0.006944	-2.364546	-0.526671	-1.920142	-1.792649	-0.704452
-4.031614	-2.440375	-0.529022	-4.305819	-3.188087	0.119905	1.957057	0.781382	1.227137	0.703434
-1.184768	2.115692	2.432151	-2.824741	-4.319541	1.220901	3.017627	0.548351	2.119251	1.328722
-1.002194	-2.359922	-1.539881	-3.160202	-0.608015	0.451941	-1.632953	-5.330655	-3.185608	-1.799496
-2.709690	-1.725529	1.250078	-2.161192	-3.373201	-2.920878	1.143726	-3.387554	-4.403342	2.157374
-0.734452	-0.940640	0.789123	-2.223298	-0.935692	-1.218655	2.259274	2.105133	0.552649	-0.330775
0.739822	0.743030	-1.400650	-1.015808	-0.947480	-0.459790	1.036799	1.717085	2.357563	0.511751
-0.984665	-0.523631	-2.137146	-1.998309	-0.322757	0.201218	-0.470790	-2.952516	1.892701	-0.542951
-1.890909	2.023063	0.672329	-0.805986	-0.215713	1.168770	-1.608785	-5.126192	-1.525237	-2.111585
-2.330507	-0.092103	-1.039229	-0.431225	2.902462	-0.074029	-0.326579	-1.391062	-2.998252	0.158646
-1.012456	-2.797542	0.072674	0.704489	0.263579	-0.692279	2.238135	-0.163446	-2.675143	-0.467859
1.006348	3.598430	2.261531	4.645573	1.599648	0.033027	1.678364	2.366235	3.142391	0.464600
3.295809	0.541698	3.403336	3.198143	-1.748417	1.469391	2.213214	2.651063	4.303651	1.616323
1.981532	-1.813354	0.956182	-1.417286	-1.887305	-0.162180	2.812590	-4.007983	-0.624263	-0.195590
-3.350382	-1.121041	-3.256939	1.108304	2.405198	-1.556081	1.852396	-1.193223	-1.718748	-1.438235
-0.263627	0.242521	-1.349934	1.072030	-0.053995	-1.753306	0.330938	-1.393374	-2.255904	-3.093510
5.861600	2.849114	0.026390	2.862308	1.386829	2.230252	-1.378581	2.984743	-1.202328	1.066889
5.062003	3.604522	5.204922	3.790155	4.899486	1.884799	3.226841	3.458309	2.702280	2.565967
1.109484	0.083029	1.347155	0.178288	-1.269512	0.672444	1.330307	-3.223293	-0.408477	0.763828
-2.716453	1.973016	3.050579	-0.890477	2.626351	3.856694	0.319118	-3.550083	-1.559097	1.138480
-1.269204	3.020467	1.698785	-1.569122	1.552389	2.910957	-1.931925	2.262123	-0.293778	0.125928
-0.351468	4.851865	-0.387738	-2.438233	-5.858783	-2.891760	-2.778122	1.230406	2.528281	-3.710220
1.617658	1.953591	-0.204799	1.443606	-3.325451	1.152353	-1.123374	-0.104051	-0.403616	0.917343
2.164576	0.050830	-0.585610	1.579810	1.662300	1.791504	1.411417	0.723236	0.314531	1.942427
1.134089	-4.226738	-1.718081	-3.279006	-3.979916	0.737700	0.146350	-1.801450	-1.838074	1.763039
0.957198	-6.508130	-5.409623	-5.411928	-3.139485	0.388051	-1.097378	-4.739925	-3.212330	0.356289
-2.674695	-1.698061	-0.042148	-2.770445	-1.664692	-0.084236	1.673428	-3.892004	-3.068235	1.797086
-1.600391	-2.122551	-2.899468	-1.834543	-0.236025	-5.684053	1.636565	-4.660402	-3.632485	-2.760760
-1.336787	-7.425215	-6.411092	-3.102911	-3.008270	-6.626792	-1.597074	-2.376934	-3.791980	-5.349638
-1.425884	-6.103170	-4.628835	-1.270439	-3.493215	-3.132346	-3.407193	-0.747213	-2.478117	-3.486740
1.649919	0.267367	0.968294	1.965284	1.332152	2.735194	-1.402200	5.145948	2.374206	-0.332254
-2.680379	-1.745219	0.805982	0.469265	5.174143	0.487832	-2.919801	0.567636	3.087092	-0.186671
0.638022	1.805056	3.811117	2.541613	2.419769	2.627777	-1.192005	-1.536061	0.436442	1.430419
0.915220	1.955778	3.782088	3.766634	-0.300960	0.751034	2.036280	4.660346	3.572459	3.080328
5.269416	3.425831	3.657184	7.359834	4.444764	2.416909	2.266044	6.940047	5.412144	2.395364
6.462808	2.605903	-0.015406	3.482717	1.997652	1.840406	0.260279	4.231030	4.552901	-0.627763
4.662395	4.135580	2.968406	7.137188	5.603811	3.471029	1.896672	7.210189	5.436031	1.883458
1.575574	2.636349	3.166011	4.691648	2.122747	1.424984	3.463014	2.137813	4.577237	1.104535
-0.870456	0.664199	-0.095102	-2.396701	0.641768	-2.110528	-0.386007	-0.810903	0.448821	-1.435623
-1.541297	-3.450580	-3.776741	0.065142	3.832078	-0.755303	-0.802803	-4.396467	-3.929614	-2.383007
-0.344051	0.983802	1.728583	3.006676	4.515183	-1.450039	-0.622385	-0.636185	-0.149566	-1.221610
-1.307020	-1.774865	-2.804237	-1.267399	-5.096715	-3.973035	1.483032	-3.910860	0.246468	-0.685822
-0.382505	3.560511	2.750491	0.423412	-1.731711	-1.321891	2.003437	-0.668498	-1.410709	-1.651338
-3.188210	3.838325	1.132760	6.265408	6.789395	1.962395	1.965215	3.154100	3.061907	1.374049
-1.394735	1.120169	1.202363	3.059384	3.718405	2.596020	2.897754	0.838132	0.735818	0.730047
-1.321783	-5.931461	-4.184404	-6.970365	-3.512181	-0.302315	1.463339	-4.361503	-3.845873	-0.149041
-3.011156	-4.111068	-1.847146	-4.265545	-0.039263	0.191988	-0.332543	-4.432306	-3.003360	0.367092
-0.370055	-1.458055	1.053732	-0.075861	5.065557	-1.813575	-2.669807	1.419426	0.411760	-2.469350
-3.597181	0.873077	-0.771671	-2.369721	-0.091722	0.143895	-1.974667	0.715695	3.707391	-2.561564
0.134164	0.219728	0.742143	0.606969	-5.800604	2.660393	-0.850537	0.336404	0.833038	2.897355
-2.668320	0.436899	0.476373	3.644499	1.230008	3.689815	-0.315932	-1.223041	-1.317193	0.275307
-1.090633	-1.682207	1.503319	3.592561	0.486910	1.231758	1.319735	-0.539236	-0.606499	1.215597
-0.480177	-4.009887	-3.908317	1.860147	1.180296	-1.369985	-0.624650	-2.756174	-1.874273	-1.202976
-2.465950	0.479664	-0.734932	-1.929052	1.032862	0.181182	-3.285802	1.606454	0.387392	-1.862010
-0.322352	0.826952	1.384776	-0.688946	1.296301	1.449453	-1.895835	-3.308043	-1.722500	-1.485805
3.417518	2.825786	2.015214	-0.188943	4.682506	-0.100779	0.692039	0.428245	-0.227240	1.145040
3.915363	-0.094527	0.177687	0.902846	-1.511028	3.031381	3.501006	0.207930	-0.705021	2.044422
2.113783	-1.010976	-1.802898	-1.684688	-5.311610	1.280525	2.381152	-1.418177	-2.398737	1.068642
-1.766217	-2.140150	-2.484533	-3.648053	-0.242948	-0.081954	0.320066	-4.173261	-3.827679	2.720197
-4.398935	-0.543337	-0.292808	-5.006860	-0.523649	-0.200763	0.426236	-1.593508	-2.606438	4.034284
-1.315968	-5.761623	-4.691012	-2.365017	-1.922022	-1.778008	-0.837051	-1.974702	-4.038107	2.563102
-1.780310	-3.173294	-5.135335	-0.926733	-4.498676	-0.002198	-3.252206	-4.878226	-3.830875	1.273248
-2.443956	-4.342134	-4.287363	-1.420715	-0.864719	1.468860	-1.578539	-6.741663	-2.107135	1.513418
-1.418702	0.203573	0.800517	0.584828	3.170340	3.318160	1.516540	1.416406	0.073926	5.641208
0.668760	2.996546	2.836120	0.810388	2.342092	1.006394	0.783020	2.707201	3.664915	2.977815
3.592836	0.384202	1.601562	0.198859	-3.995073	0.867354	1.280993	3.085542	1.514644	3.474335
2.098233	-1.269039	-4.124041	-2.660265	-2.580663	-1.423166	-2.568049	-1.924049	0.385724	-0.788437
-2.744940	-5.741957	-7.096071	-4.845589	-1.751787	-2.656973	-3.315014	-4.924150	-2.513435	-0.256904
2.711925	-2.415631	-1.310310	1.915880	-1.530454	-0.086774	-1.916809	-1.605139	-2.026722	1.846729
1.749539	-0.558339	0.541960	2.654439	1.374126	-2.834174	1.162359	1.375208	1.038776	-2.633543
-1.876191	-2.810660	-2.634839	-0.401716	-0.621055	-2.299080	-2.395715	-3.206985	0.646169	-4.581924
-3.426152	-3.851970	-4.740788	-3.410587	-3.497005	-3.058797	-2.683135	-2.645292	-1.449332	-4.673617
3.752765	1.740954	-0.641465	0.746422	-1.817133	0.594470	0.373394	3.120211	2.933787	-0.779728
1.985974	-1.211666	0.456650	-0.207587	1.329952	-0.217285	1.281669	-2.339650	0.331036	1.042240
-0.598215	0.987495	-0.168120	5.188883	5.068444	0.743535	-0.284812	-0.850049	0.436527	-0.701317
4.378711	0.778762	-0.947352	2.316333	3.478334	2.503027	1.268549	2.395240	2.369072	1.956398
2.876665	2.592557	1.685675	0.586364	-3.319985	1.304686	-0.275949	2.364944	0.344684	-0.014819
-0.655439	1.004705	1.873485	-1.850721	-2.899620	-4.370290	-0.424406	-2.702309	-1.471027	-3.414570
-1.732287	-1.009669	3.184601	-5.380220	-1.271179	-4.508203	0.994480	-5.055094	-2.918249	-0.265258
-3.187164	-0.028542	-0.108754	-3.796529	-0.716167	-1.473654	2.445609	1.751517	1.010629	-1.543786
-1.908058	0.737811	1.311943	-2.850243	-1.420790	-1.510645	-0.196717	3.327751	4.867718	-3.903254
-1.343351	-1.653187	-2.952984	-3.372058	-2.038156	-2.983076	-2.717793	1.069734	-0.860170	-4.490763
-1.702830	3.595988	2.864687	0.808034	-2.375669	-1.758947	-2.354515	2.930393	1.753975	0.401285
-0.776378	4.049959	3.863980	2.813737	1.766065	1.743343	0.364121	2.816456	0.327162	2.874890
-0.783979	2.893349	5.847516	-1.735938	3.383142	1.050896	1.138720	3.357347	1.700903	-0.259346
0.147282	3.958380	1.019318	-4.535086	-2.376444	-3.348687	-1.871710	2.934393	0.103406	-3.531923
-1.409179	-1.501227	1.041908	-3.832096	-4.694096	-3.846103	-2.529662	0.435519	-2.459920	-3.518439
2.119954	1.564050	2.401308	2.820840	1.192281	-0.550448	-0.307729	2.662251	0.190934	-1.825992
0.881699	1.097231	1.368038	2.508934	-0.380616	-0.942518	-2.533601	0.381512	0.026475	-2.690979
-1.722229	-0.447365	-0.831682	-3.445105	-1.155691	-0.195410	-3.488170	1.268327	0.217512	-2.791396
-2.192514	0.852583	-3.544631	1.592935	6.039754	2.733882	-1.696524	0.836520	1.817152	-0.161139
-0.743539	0.734390	1.517909	1.758865	3.991914	-1.136436	0.447447	-0.980289	2.252900	-1.690803
-1.331188	4.849676	2.123958	3.698599	-4.834411	-1.602859	3.065055	4.418325	1.312163	-0.537582
-0.371644	2.249156	3.925031	4.302348	4.755975	2.750321	1.378412	0.908281	2.534145	1.914430
-0.713093	-0.098055	1.136647	4.463525	5.742570	4.441911	3.061731	-4.661900	1.488251	1.793539
2.301483	0.217959	2.278920	2.340644	3.730473	1.316419	3.439026	1.292202	1.311786	3.382154
3.578397	1.315310	-1.151233	3.850819	4.468583	2.378053	0.349511	-1.056794	0.480052	3.037683
3.115167	0.155411	-0.360398	-0.086736	0.348198	2.041421	2.381501	-0.350071	-0.096248	3.644735
5.631606	0.874574	1.779136	-0.101708	-4.267783	1.298334	-1.288489	1.213087	-1.133612	2.101619
4.143930	1.121808	1.482484	2.037519	-1.421161	1.610400	0.412158	0.920398	2.535061	0.295246
2.561852	-3.581876	-0.836745	-1.626942	-0.538035	2.374230	1.236757	-2.555024	-1.225128	-1.016874
-3.532512	1.654030	1.753461	4.243125	-0.436506	0.478634	1.653927	4.761335	2.334821	0.925071
-1.065251	3.710232	2.391710	1.155033	1.814225	-0.829476	0.224583	3.917788	3.898407	-1.173707
-1.443151	-0.027463	-1.212988	-2.894301	-0.164040	-1.480390	-1.257354	3.407347	2.629528	0.539405
-1.040699	0.681951	0.353372	1.137537	4.656999	2.779404	0.020932	1.182123	-0.612817	3.011718
-0.230883	0.427876	0.255797	-1.190939	1.778043	1.357718	-1.335640	1.169926	1.448369	0.201348
0.401408	-0.915783	-1.290007	0.643787	3.146792	3.130664	0.081251	-3.425335	1.248983	1.863409
0.887285	-5.874226	-3.348337	-3.229572	-0.901851	2.579755	-1.314378	-4.447452	-3.549479	0.331313
-0.173141	-0.837751	-2.427690	-2.826999	-7.550585	-2.260197	-4.234604	-4.171719	-3.085822	-1.978722
-1.004262	-2.847058	-0.876163	-1.269981	-1.519807	-3.617580	-0.787810	-4.221429	-4.179851	-0.586883
-0.971867	-2.818048	0.828144	-1.673404	1.630083	-2.665279	-0.357173	0.770022	-2.917970	0.014447
-0.210050	2.365275	2.880831	-4.615953	-3.610310	-2.787682	-2.956974	1.966438	-0.528387	-2.789117
-1.000302	1.811911	2.269498	-4.069415	-4.121284	-1.074775	-3.537791	3.515622	-0.943707	0.661642
-0.741716	-1.050146	-0.087258	2.244425	0.347364	-2.092045	-2.499104	-2.934424	-0.099537	-0.656960
3.453514	2.935999	1.333161	3.722979	0.988638	3.247022	4.168210	-0.495500	-0.362885	4.918895
2.311792	1.278642	0.643350	1.780261	-1.191157	0.585539	2.812170	2.568595	3.201141	2.165222
-0.516976	3.085674	3.601605	3.256383	-1.098618	-1.492379	3.395200	2.781760	4.166234	0.124240
1.253213	0.509290	-1.233280	-1.604441	-0.820639	-0.915919	-0.411580	2.953292	1.640985	0.171464
2.530962	1.069381	-2.447412	-2.677500	-2.660115	-1.531967	-3.125749	2.559190	-0.022314	-2.851487
-0.913627	-1.534762	-3.838698	-1.835882	-3.933640	-3.661210	-2.490084	-0.348552	-2.341873	-5.870997
-2.370253	-2.857048	-2.935046	1.254625	-0.533708	-5.274132	-3.339764	-4.780636	-1.713900	-5.104848
3.932784	3.590913	1.332035	5.525732	1.301887	5.015479	2.075632	1.951831	-0.141304	3.047077
1.193483	0.929409	-0.134364	2.250649	0.976754	1.550437	2.423426	2.460943	1.783405	2.841594
-0.695456	-0.151169	1.602745	-5.926013	-6.633401	-1.015244	1.255639	2.742594	-1.238683	0.753422
-2.159338	-3.131735	-3.840149	-2.744945	-2.121068	-0.139850	2.099991	-0.874123	-0.888876	-1.964025
1.600436	-2.762099	-0.940057	-0.127236	1.538761	0.176632	-1.126896	-3.842218	-3.994585	-3.114828
4.490860	0.665325	1.830909	2.267722	1.506795	1.443316	3.736098	0.433002	-1.872818	0.089128
3.532930	1.307924	3.539535	1.600237	0.064345	1.482015	2.876693	0.990826	0.171216	0.836558
1.687439	3.122885	4.215508	-0.317382	-2.426179	-0.876058	2.371810	3.818045	1.367006	-0.304820
-2.709121	0.987195	0.289414	4.822173	5.689634	1.548309	2.410367	4.635748	2.869944	2.542907
-0.218756	1.006040	-1.051561	4.209907	5.231397	1.327931	1.083484	-3.065176	2.091321	0.931755
2.850923	2.825005	1.589966	1.469129	-2.353579	2.988719	0.311180	1.341662	0.245929	4.465937
2.816206	0.333578	0.331082	-0.434056	0.346620	2.822786	-0.779227	1.215548	0.399159	3.580369
4.455884	-3.860157	-3.217931	-3.149542	-2.945892	0.390644	-0.449620	-1.816628	-0.614497	0.002162
-2.971057	-1.987614	1.113613	-1.323725	-3.421602	-2.358994	1.892019	0.110120	-3.367546	0.742031
-2.529728	3.409994	4.718096	4.815101	0.599807	-0.501018	2.386307	3.484378	2.411003	1.985886
-1.619544	-1.116649	1.274302	1.814640	0.585149	-1.101016	1.058159	-3.340466	0.533545	-1.878359
-1.867319	-2.565756	-3.411687	-4.038706	-4.262160	-2.513076	0.232291	-4.827427	-1.320728	-0.093695
0.602032	-4.582242	-1.004887	-2.085233	-1.054902	4.549912	2.273117	-1.441019	-3.471922	5.219389
0.495892	-0.204119	1.103784	1.025361	3.911741	2.433960	1.642553	-2.863356	-2.411242	3.214403
-1.639756	0.240597	-2.765092	0.842779	4.251885	2.456376	0.476510	0.400448	0.437906	3.410555
-1.404030	-2.438707	-0.929333	0.905720	3.086550	1.785672	-0.099898	-1.689622	-1.782082	3.322453
-2.395048	-3.415643	-3.536757	1.871986	4.815555	1.389457	-1.117461	-2.342582	-0.369210	-1.050494
1.427370	-2.414026	-1.438281	0.106376	3.912120	-0.214860	-0.188466	-2.016145	-2.684082	-0.439582
-0.875997	1.740833	-1.085225	3.246091	0.262665	0.812930	-0.485304	-0.743628	3.984998	-0.434703
-1.825969	-0.379980	2.766894	2.382628	2.289711	-0.260665	0.363034	2.941655	3.787428	-0.179054
-2.008468	-0.428775	2.587558	0.288287	4.308379	0.870665	2.023057	1.126989	-0.397793	-0.750230
2.423984	1.758934	1.109646	-1.762136	2.095390	1.382826	1.327671	1.907258	1.294832	-0.694927
3.555362	3.653137	-0.646558	1.262656	-1.221833	-0.908975	-2.540116	4.155147	0.554403	-1.227445
-0.566255	3.078023	1.966026	-1.254241	-4.316868	-3.847730	-0.383500	2.325941	-1.427681	-3.799681
-2.425793	3.572681	1.392981	-0.062030	-0.476591	-0.553533	0.806724	1.610925	1.826281	-0.364835
-1.413276	1.612301	-0.863513	-1.809118	-2.099881	0.731922	-2.765941	-3.064917	1.314189	-3.214207
-2.197830	-2.976826	-0.869175	-1.434209	1.609587	-1.543659	-2.398792	1.727801	-2.926855	-1.583200
-2.812580	1.014191	-0.149722	1.151488	5.374836	2.076828	-0.918528	0.637063	2.116551	1.215485
-0.743253	2.817843	2.046726	1.645268	-2.436810	2.854087	3.252051	-2.355245	1.976208	4.958444
3.441525	2.044921	-0.106648	0.731222	-2.755027	1.260624	2.088345	4.502662	4.811921	2.993774
-2.539773	-1.809282	-2.525364	-3.527959	-3.601392	-1.156560	-2.057749	-0.104732	2.967391	-3.637832
-1.604875	-5.954573	-5.236040	-6.964183	-3.963180	-5.019560	-1.914533	-6.097139	-0.768476	-6.355580
-0.850509	-4.125558	-4.653294	-0.457162	-4.512067	-6.610074	-3.311711	-4.011876	-4.228477	-5.541876
-0.554301	-0.426545	-0.173545	1.328794	3.904070	0.443998	1.155311	1.071044	-2.323507	2.162472
-0.923781	2.804562	-1.392112	0.338674	6.760756	2.499960	-1.116673	1.809106	0.110240	2.261553
4.064323	0.746157	3.314388	0.625364	2.308115	1.955510	1.208730	1.652997	-0.317831	0.530359
0.922083	1.590235	2.728336	3.968552	1.414069	3.496249	0.098312	-1.829797	2.026586	2.341578
-0.488729	1.480292	-1.592986	-0.746676	-0.454758	0.762477	0.383263	-2.455290	-0.142403	-1.415102
0.812557	0.555825	2.138202	-5.254136	-5.363542	-2.476807	-0.564128	-2.138696	-4.335390	-0.731893
0.597313	-3.234970	0.136484	-2.537442	-1.627862	-3.459007	-2.669672	-0.838127	-4.055569	2.655491
1.644711	-0.134997	0.657841	0.383789	-0.542494	-2.320623	-1.828483	3.286902	-0.747633	-2.621565
1.381122	-2.270656	-1.647846	-4.925660	-2.565618	-2.396959	-2.168872	0.776980	0.637726	-3.539476
-1.475783	2.206050	0.882206	3.137193	-2.761112	2.415581	0.430843	1.054492	2.190316	0.064841
0.470469	0.893519	2.728178	5.744029	2.950646	2.054294	3.756949	0.458927	1.324644	3.504869
