X1	X2	X3	X4	X5	X6	X7	X8	X9	X10
-2.095652	-1.594093	-2.675661	0.833173	1.156508	-2.533543	1.069864	-3.193107	-1.868099	0.832959
-1.694334	-0.023135	0.150250	3.735680	5.165645	3.394957	1.864166	0.609372	2.925136	3.056808
-0.196484	-1.679366	-1.803229	1.396795	-1.566143	-1.502175	-2.534436	1.871172	-0.645941	-3.018647
-1.822538	-5.483517	-2.228414	-3.109077	-6.632158	-5.196570	2.065381	-3.493746	-5.714557	-1.786306
-1.677529	2.539180	0.994176	-1.028933	0.411498	-1.920460	5.065536	-2.978824	-0.934337	2.746529
-2.444393	2.374194	2.403722	3.785829	4.722122	1.647023	2.380452	-1.785202	1.782490	1.481756
-2.051667	-1.664106	-2.254993	0.231713	0.448812	-1.939953	-2.344153	-0.305922	-0.422502	-1.902229
-0.327589	2.517549	0.388211	-3.562182	-2.400836	-1.413420	-2.234758	1.915674	-0.346841	-2.817030
-2.772097	-1.451270	3.602315	-3.519255	-3.865124	-5.461208	-3.703644	-2.660057	-4.447555	-7.042549
-1.577330	-5.945893	-2.051700	-2.272904	-0.915155	1.752149	-3.720894	-4.163557	-3.390574	0.001507
-2.797029	-4.089650	-4.440953	-2.123432	-2.990531	-1.645478	0.136312	-3.793569	-1.309124	-2.442567
-2.010334	-4.098569	-1.877265	-4.193240	-3.672555	-2.950722	0.071289	-4.039037	-3.233435	-2.919177
0.850712	3.401120	3.051545	1.421771	1.928571	2.049887	-0.461845	0.729296	-0.279937	1.488071
0.146868	5.122189	4.794257	2.529699	4.980643	1.539318	-0.343474	3.467286	1.188042	0.592970
-2.639910	2.087812	2.557050	1.025739	4.227261	1.530740	-0.044284	1.550289	1.964172	1.140412
-1.415765	2.121759	-0.763296	-0.777512	-2.288979	-0.210877	-1.718460	1.334262	2.572624	0.349388
3.159858	1.871105	-0.757304	-0.030758	-0.707479	2.784838	1.015912	2.031460	2.912867	1.636191
6.048315	3.879723	0.455508	1.276096	2.075761	3.529454	1.398443	4.693439	1.872871	-0.182890
4.661661	2.627487	0.780316	1.064945	0.859737	3.361943	-1.386353	3.030757	0.638008	-0.165064
-0.882749	-0.504728	-1.825800	-2.047718	-4.346151	-0.438324	-3.265366	-1.617431	3.493745	-0.797641
0.123638	1.232752	-0.687863	-2.174798	-3.031805	2.382125	1.597114	3.802032	3.374954	4.483767
2.690076	4.216402	3.180407	1.242798	1.683275	2.104462	3.830696	4.286303	3.664103	0.589451
5.112220	0.558699	-1.113814	0.217561	1.759887	2.561659	-0.555711	2.893639	4.117063	2.705497
5.701722	1.595819	3.338653	3.321985	2.191830	2.544291	1.680601	3.503197	0.696503	2.049895
4.611636	4.647938	3.401785	3.939062	1.883205	3.598630	0.565937	1.062836	1.005392	3.573431
3.478015	2.044835	1.335459	-1.451318	-1.247189	-0.808649	-1.220097	1.128913	-0.138099	1.315892
0.026613	0.586785	0.542155	0.055237	0.849248	0.793629	-1.017597	3.778987	1.330998	4.001866
1.564184	0.368869	-1.852253	3.758117	5.865917	3.169239	2.735741	1.418117	2.018654	0.394937
-0.022821	2.779364	0.232116	3.507513	3.713317	1.074358	3.654720	0.399764	0.944339	1.942794
-1.338346	-3.766149	-0.887963	0.126914	-0.943950	-1.937638	1.760741	-2.062512	-2.201878	-1.203980
-4.543639	-9.244893	-5.982412	-2.266489	-2.340384	-3.490572	-4.262496	-3.127949	-4.915626	-4.489499
0.842655	-2.625786	-1.726953	1.021393	2.280017	-0.284566	-2.358091	-1.594887	-1.252235	-1.333678
-0.357809	-3.228847	-2.632609	-0.351052	-2.171346	-2.531441	-1.165646	-2.363062	-2.604435	-1.374131
-0.541777	-2.852796	-3.560601	-2.279634	-0.133371	-0.274618	-2.437263	-1.277011	3.143345	-1.950075
-2.465594	-1.723451	-0.538053	-1.357565	-4.465957	-0.894517	-3.420145	-2.305769	-3.793825	-1.148726
0.174496	0.143070	3.285415	0.809145	-0.607802	-2.566759	-0.488198	-0.602071	-2.939372	-0.129699
0.635150	-0.845649	0.538681	-0.582018	-2.608503	-4.087560	-1.200625	-1.557051	-2.658726	-4.008211
-0.850677	1.637475	2.429323	-0.694365	0.672541	-1.617540	-0.605235	0.708658	0.854786	-0.551878
3.417574	2.228424	2.940121	4.038593	1.149432	2.711083	1.128866	1.675124	5.711234	1.711185
6.175161	2.294684	4.201054	0.436543	1.316574	3.640794	4.210270	2.780118	0.572293	3.523559
1.179341	-1.043260	-1.287998	-2.413727	-2.341831	0.940676	1.250168	-2.888392	-0.643465	-1.023871
-0.853024	-5.980424	-2.235155	-2.112529	-1.191581	1.115213	-1.816050	-0.446933	1.774832	-0.213922
-4.250574	-0.383421	-1.432636	-0.985376	-0.017774	0.828591	-1.161694	2.344867	-0.518440	-0.693910
3.022950	0.715136	-0.974559	2.161520	-0.201605	0.531396	0.756224	2.678882	2.099993	2.387947
4.346213	1.713834	2.091657	2.505747	1.306827	1.827214	3.024292	4.517087	2.517004	1.442634
0.571076	0.165759	1.571295	1.686492	0.758025	-0.002568	4.584097	-1.913442	-3.962229	-1.005766
-2.929895	0.902602	0.327838	-2.573656	-2.138107	-6.290561	4.666425	-3.385727	-3.239132	-0.193270
-1.729637	0.347751	2.802770	-3.862310	-3.471269	-4.758177	-2.311036	-4.438190	-4.524026	-2.678794
-2.097084	0.136695	0.702676	-1.848282	0.684344	-2.440126	-1.685403	-2.803349	-1.892736	1.008946
-2.435167	0.853524	-0.216558	3.411817	1.853633	2.947381	1.034711	1.451975	1.539817	3.431635
-0.067819	-1.163269	-1.205647	0.554074	-1.173998	-0.021266	-0.939411	2.517967	1.974712	2.034257
4.353829	0.657606	-0.536802	1.978478	5.625752	0.981726	2.137216	1.280209	0.046829	3.081896
4.071348	1.984442	2.069565	0.779818	4.484285	2.435048	2.042174	2.307789	3.976948	1.425637
-0.726691	0.663932	0.019642	-3.092518	-2.464396	1.037692	-2.114551	-0.948808	2.710050	-3.091533
-3.292115	-5.383030	-3.417881	-2.721440	-3.363090	-3.545549	-2.143479	-1.775393	-3.287383	-2.145431
-1.112150	1.292650	0.102989	1.875142	2.446105	-0.898880	1.047476	-2.170977	-1.006868	3.764331
1.942278	1.221067	2.872843	1.688616	-0.142410	1.821093	2.937095	-2.100968	-1.521521	2.722838
2.361246	0.517918	-0.730826	-1.029026	-2.006033	3.878564	1.919960	-0.587774	2.463043	2.852379
2.254232	-0.661900	-0.194522	0.217205	-2.827063	2.983129	-0.302344	3.557298	3.770209	4.918639
1.938614	-2.599990	-2.930351	0.351000	-1.086501	2.785385	0.484664	1.783745	1.455065	0.902407
-1.244129	-2.281853	-0.275616	2.083150	-0.905444	0.385427	-0.451932	-0.878638	-0.148502	-0.964829
-2.760915	1.975710	0.551682	3.861048	2.326906	-1.724547	1.154750	-1.348652	1.446596	-2.042580
0.839739	2.093100	0.800540	0.566785	0.183050	-0.865638	0.536194	-1.520499	-0.347050	-5.180756
-0.810586	-0.767883	1.578561	-3.638446	-4.573313	-4.711850	0.524582	-3.177578	-5.108450	-4.243268
-2.416204	0.639163	-1.048756	-3.970852	-3.724883	-3.410983	1.276000	-2.186486	-0.379311	-1.836725
-1.437829	2.319641	-1.439507	-2.846540	-2.095562	-1.558838	-2.587769	-2.743622	-0.499341	-3.864835
-2.548675	3.784154	-0.545688	-1.273516	1.453750	-1.380814	-2.770540	2.537520	3.261255	1.284093
1.081947	3.416708	1.411306	0.224115	2.814951	2.097987	-0.035427	5.259844	3.350771	2.974951
-1.167775	3.014607	-0.009419	2.934049	2.479039	1.199268	3.346154	0.608559	2.326505	2.719934
-3.275450	1.054658	0.926844	-0.849819	-3.460989	3.692429	3.337590	0.414470	-1.454946	1.232634
-0.544887	-1.730732	0.181606	-1.887693	3.212366	-1.227229	1.461569	-2.268211	-2.706783	0.178146
0.804406	-4.600256	-4.766925	0.238125	4.505800	-0.586402	-1.042522	-2.306577	-0.795308	0.855666
0.065023	-0.259003	-2.996538	1.527531	5.240411	1.902510	1.086905	-1.811414	1.007282	-1.442111
-1.199842	-2.232065	-3.998219	2.190625	4.494695	-3.601388	-0.852760	-3.752913	-2.205712	-3.306987
-2.237394	-3.961630	-1.802657	-1.938295	0.159449	-2.642495	-1.516427	-3.758358	-2.045486	-5.814567
-1.143436	-1.107388	-2.971235	-2.934229	-4.726432	-2.766606	-3.263905	0.298263	-1.536737	-0.354151
-0.785372	2.752174	-2.655340	1.759023	3.035049	3.982482	-1.057603	-0.444035	-1.206559	0.224058
-2.038003	-4.168232	-2.560553	0.468862	0.814287	0.994874	-3.012627	-3.995037	-3.146346	-1.209139
-1.685030	-9.060490	-3.920959	-3.244610	-5.807021	1.609872	-4.214384	-2.481526	-4.976990	-0.275843
1.009245	0.777913	-0.499638	-1.947792	-3.238082	-0.616717	-1.987779	-1.169486	-4.588584	-1.070153
-1.149276	0.768493	3.289129	-0.260081	-0.509299	1.827910	0.521884	-1.194698	-3.480517	0.561831
-1.171292	1.292865	1.086962	1.257128	4.358022	2.104158	-0.025898	0.148953	-0.021480	2.115213
1.640197	-3.190653	-3.184518	3.767138	4.202776	-1.520168	-0.997228	1.373388	-2.072861	0.684194
-0.334505	-3.472745	-1.968790	2.189055	1.708058	1.824138	0.052993	0.132225	-2.688148	-1.616322
-0.817495	1.406108	1.796769	-1.535817	3.969663	0.349481	-1.077534	2.062282	0.805371	-2.413332
-1.303671	2.299023	1.961081	1.822730	1.158985	1.553965	-0.768209	2.054580	1.375611	2.630368
4.287772	1.442120	1.623670	2.286901	1.246318	0.950996	0.143571	3.981937	1.182185	1.859584
4.924038	-1.614882	2.671660	-0.084696	-0.097843	0.923980	-1.947291	0.629973	-0.305990	1.969319
0.789932	-5.773664	-1.486126	-2.617953	0.320097	-0.800779	-5.040192	-1.139092	-1.103101	1.389980
-2.324840	-3.398005	-3.843463	1.914139	4.276331	0.493225	-0.594525	-1.878138	-0.375929	-0.432927
-1.208674	3.041714	-1.667927	1.820089	0.135356	-0.476604	-0.673385	0.698053	2.622041	-1.707597
-1.690763	-0.001685	-0.925292	-2.243495	-6.732836	-1.572760	2.587937	1.276901	3.893027	0.412478
-0.376902	-2.123883	0.247867	-3.614901	-3.630548	-0.329140	6.127047	-0.437575	4.805046	2.006005
-1.517284	1.552441	4.223873	-2.970620	-1.666687	-2.215837	3.155955	-3.645256	-3.913583	-3.789311
-2.832802	1.476408	0.855852	-2.619341	-2.769257	-4.419049	-4.070128	-4.203624	-6.186243	0.197640
-2.573552	2.207537	2.257227	0.905848	2.107337	-0.845972	-1.489391	-1.438461	-2.771814	3.606463
0.005675	1.540251	-0.503776	0.179758	2.509790	0.404100	0.075677	0.654849	-1.372179	0.645868
1.485485	-1.063532	-1.545034	-1.654500	-2.650602	-2.469833	-0.923912	4.252324	3.008981	-6.170540
0.543284	4.248008	-1.730424	-4.134513	-4.375743	-3.074265	-5.319443	3.575180	1.209185	-4.367652
-0.379221	-0.290809	-0.450323	-4.006769	-1.430238	-2.930796	-3.586302	-1.078469	-2.935048	-4.182160
-0.457724	-2.968664	-1.603908	-2.554856	-2.755490	-5.344722	0.046124	-2.659808	-6.244301	-2.187359
5.832283	0.721061	2.339641	-0.502361	-2.035202	0.952557	2.079552	1.267777	0.775745	2.936861
2.586404	-3.511217	-0.467655	-0.423773	-1.074279	0.110444	-0.668603	-0.405102	1.160308	-1.081494
-0.753853	-1.536079	-1.743075	-2.186278	-2.173122	0.680738	-3.041325	1.431367	2.456405	0.069182
-1.873983	1.977190	1.085599	-0.007064	-0.330235	3.902340	-1.382796	2.034595	1.083954	1.978196
-2.446579	-0.737293	1.837584	0.400081	2.343981	2.766149	-1.784601	1.040290	0.658571	1.393855
1.535663	0.531284	4.359299	0.395469	-0.734577	0.819665	-0.226121	0.016463	1.792773	-0.954737
0.499650	1.446138	0.435359	-1.959887	-3.760211	-0.799214	-2.219539	-0.108080	1.409974	-2.159473
-1.092215	2.176279	1.494277	2.924123	2.812679	0.924109	1.065963	0.699867	2.496090	1.400651
3.323575	2.706121	2.918469	2.158511	4.054892	4.541233	4.253302	0.840411	4.055736	3.112140
2.781624	2.354872	3.093645	-1.173911	-0.972774	2.787354	0.406296	-0.208946	-0.650175	1.922697
-0.774563	0.838044	2.049817	2.010166	4.049382	0.939267	-0.325936	-0.525599	-1.598631	-0.427673
1.126117	1.335343	4.444094	4.197353	1.237759	2.603170	4.332322	-0.769948	0.297581	1.202731
4.125468	1.556777	3.257984	3.926960	0.105257	2.066555	2.190088	3.528908	1.326872	2.245212
5.188795	1.914151	0.438793	3.848796	3.340277	1.187919	1.897781	2.242769	2.673353	2.900571
-0.099900	3.884970	-0.591072	0.929669	-1.710480	0.615854	-2.065585	5.763633	3.581233	-0.216391
-2.690013	2.747237	-1.046408	-0.125513	-2.333513	0.210155	-1.044990	3.173997	3.753720	-0.382873
0.054458	-1.251648	-1.043213	-2.076742	-3.014621	-0.617987	-2.242420	5.264857	1.022223	-2.822175
3.702017	-0.462683	-2.031486	-1.327011	-0.181902	1.368921	-1.754557	2.105808	0.287448	0.939900
-1.795434	0.821630	0.642673	-1.566815	0.236045	2.205971	-0.389687	0.862944	-1.622799	4.112452
-1.126392	2.152889	1.711262	3.384853	2.977523	0.736753	3.541506	-0.910442	-0.171413	1.492579
-3.946956	-0.402511	-0.263523	-0.762504	-1.371067	-0.327641	3.443237	-1.062658	2.055611	-1.310124
2.505976	-1.040875	0.704915	0.041019	-3.304123	0.576279	3.086319	0.319586	-0.701224	0.178041
-0.642792	2.169191	1.433669	1.186624	0.436159	0.902804	1.967266	-0.223619	0.506583	1.285870
-2.146061	2.385979	1.516532	3.999616	5.115480	1.798021	2.181491	-0.344283	0.869935	4.472057
-2.542227	-4.687021	-2.140604	0.990594	-0.613656	-1.797378	-1.407594	-3.109218	-0.713767	-4.688702
-2.884589	-1.075318	-1.757150	-2.073038	-2.146648	-2.298706	-0.484176	-3.152637	-2.566924	1.918486
-0.202646	0.008774	1.663584	2.033218	2.745907	1.860228	3.980455	-0.953252	1.540963	4.210016
-1.960796	2.258244	3.053387	3.993962	2.262612	1.413611	3.516910	-0.297076	0.689593	2.480480
-3.341038	2.184178	0.900945	5.613494	2.422870	0.972932	3.478399	-0.005224	0.340163	2.868571
-0.361268	1.491960	2.490744	1.954213	1.312083	1.008879	0.539431	-0.290409	3.222071	2.565782
1.594413	-0.698325	-0.055031	2.910315	0.910955	1.243940	0.566514	0.496253	2.073913	2.089904
1.312108	-0.397795	-0.302394	-0.714802	-2.940014	-0.555695	2.943657	0.810948	-2.105715	-3.216671
-1.439982	2.542934	1.220438	-5.365542	-4.154920	-4.343339	3.298268	-3.102240	-6.662717	-1.921650
0.523947	-3.169057	-2.763953	-2.325308	-1.324061	-1.475804	0.787753	-0.940426	-1.669800	-1.084143
0.342695	-3.056188	-5.001183	-1.677804	-2.113735	-4.668001	-4.371982	-2.868526	0.424332	-4.620859
-1.966435	0.958023	-2.026771	-3.608136	-2.906839	-0.739342	-3.691830	2.114244	2.836872	-0.248407
-2.448440	-0.715746	-0.089136	-3.859809	-2.532273	0.284263	-0.037187	3.166569	0.205015	-2.639796
0.143681	-1.199015	0.940805	-1.727329	-2.150434	-3.006298	-3.203147	-1.017067	-2.173247	-0.867334
-0.513567	3.249596	1.650333	0.827700	-0.407920	-1.505836	-2.583106	-0.718379	2.028580	1.477369
-0.556183	4.489266	2.288627	3.915370	0.515069	-1.938161	1.842739	-1.042583	-0.973411	0.235604
0.663437	0.331972	1.101270	0.597075	3.413434	-1.759383	-2.255007	-2.469394	-3.490828	0.529563
1.176296	-2.243906	-2.480559	0.807908	3.713677	0.046987	-1.311141	-0.822226	-2.165278	1.381736
2.266798	-1.654590	-3.578477	-0.422936	0.516698	0.870741	-1.173362	1.295805	0.618031	-2.446783
-0.064353	-1.249200	1.961396	-3.582865	-1.010703	-2.086430	-3.371465	0.506586	2.266093	-4.846405
-2.874653	2.785743	3.070742	-4.398485	-4.121924	-0.206037	-2.993650	-0.041796	1.610798	-2.487736
-1.781898	3.226716	0.758943	1.028497	0.380834	1.786815	0.255687	-1.806956	-0.407759	0.242916
2.178416	0.644802	1.094181	4.001774	3.214070	1.676816	0.118846	0.836095	2.097213	1.030945
5.770794	-0.170421	-0.011961	0.135141	5.549684	3.109659	0.379028	2.853043	1.510407	2.161742
5.168641	1.789329	-0.858199	2.992790	3.180777	3.232137	1.376537	1.621378	2.513616	2.399303
2.464762	-2.249267	0.691851	-1.136283	-1.108954	-1.647755	1.421371	0.408689	-3.003567	-1.064680
-0.146838	-1.104527	0.460573	0.187916	-0.823709	-4.085123	3.096133	-1.922936	-2.632551	-1.832510
-0.643353	-2.539768	-1.004347	-1.505119	-1.507089	-3.530874	-2.992777	-1.758206	-1.388640	-2.651993
0.357321	-0.258507	-0.768721	2.093607	3.596704	-0.014912	0.501341	-1.174931	-1.488143	-1.575734
-1.651009	-1.181258	-0.450764	-0.584510	1.931769	-1.816740	2.529989	-2.732918	-2.972165	-1.235735
-0.777538	-0.586637	-0.053986	-0.350274	-1.624296	-0.272164	2.304766	-1.642675	-0.398214	0.320899
5.676439	-2.815257	-2.131799	-0.596789	1.015808	0.837015	-0.734226	1.932589	0.598806	-1.451333
0.805730	-2.552930	-4.020511	-0.470858	2.330177	-1.724908	-2.255589	-1.267331	-0.076913	-3.339834
-3.152161	-1.678069	-1.151232	-0.914584	2.964411	-0.829434	2.484978	-3.987242	-1.286375	-1.477506
-2.488227	2.252818	2.138930	3.604932	5.095406	2.448935	2.192076	-0.264448	2.405413	3.639250
-2.533463	0.870520	3.054570	1.876788	2.059661	3.046398	0.186204	1.277245	0.768947	-2.205366
-1.917363	1.114829	1.838682	-3.225116	-5.874427	-3.327047	0.902461	-2.615466	-3.049279	-3.326054
-1.112121	-2.292762	1.582661	-2.784183	-3.106561	-7.153299	-1.268652	-4.999384	-5.209769	-3.263914
-2.768932	-0.796159	-2.481496	-1.764810	-0.876943	0.026641	-1.751336	-1.463412	2.278271	2.771856
-2.091489	1.532734	0.547010	-0.410098	-3.195177	0.943173	1.883008	1.662748	3.240338	2.483156
-2.494889	-2.004987	1.633876	2.263056	-0.375164	0.335998	4.915480	1.351694	0.935027	2.590789
0.214476	-4.752424	-1.328996	-5.254348	-5.087509	-4.163181	0.682978	-3.109074	-6.373567	-3.065942
-1.893891	-0.852479	-1.736305	0.908194	2.891187	-1.250365	1.884801	0.689945	1.696454	1.713064
0.566314	-1.567652	-2.237951	0.353085	-1.612280	2.152249	-2.634453	2.058849	-0.194016	0.940710
-1.840102	-6.665443	-3.262928	-2.539673	-4.710112	1.213264	-5.642684	-1.755459	-3.816379	-1.215198
-0.658736	0.159952	-3.598533	-2.298375	-2.733914	3.510182	-3.932996	3.058221	4.320061	0.865641
4.064515	1.239134	0.515939	1.538184	0.371813	3.658306	-0.702190	3.764093	5.682301	1.523933
4.391956	1.643407	1.117994	0.508809	-0.590536	2.883739	3.732531	4.466959	3.596638	4.724881
4.696189	-1.942523	-2.871661	1.545605	0.582338	4.074284	-0.572637	2.957622	0.441268	2.165491
0.020018	-1.943051	-3.725618	0.340478	1.989830	3.321547	-2.749195	-1.309615	-2.340510	3.665166
-1.367056	-0.262171	-1.640268	0.024533	4.730937	0.026030	-1.190749	-1.430046	-1.695801	-0.473987
-0.096230	2.047525	-1.248403	-0.442321	-4.523044	-0.698461	-2.455002	0.147233	0.945095	-2.428665
-0.584602	-0.168654	-1.851511	-3.120380	-5.497615	-4.348723	-3.579560	-2.296874	-2.641227	-6.662262
-2.400672	-1.643201	0.437716	1.073965	0.100218	-1.656449	-0.448426	-0.708459	1.061333	-1.775672
-0.986039	-0.695406	-0.043809	1.650621	3.414555	-2.019636	3.498494	-0.852617	0.562173	0.575909
0.780198	-0.840157	-0.811776	0.668196	-1.497910	-0.701376	3.238093	-1.247942	1.517590	1.157487
-0.598762	3.488754	2.828829	-5.823604	-4.534879	-2.117066	3.179165	0.114974	3.118683	0.794967
1.714581	0.495539	0.810116	-1.367870	-2.321156	3.089202	1.970304	3.993939	1.428450	2.563054
4.452325	-1.202191	0.997500	2.402005	2.792656	2.640634	4.168401	1.864060	1.304291	3.422755
3.544868	2.101277	2.523492	0.234630	0.751453	5.947836	3.952449	1.253446	2.520504	2.883872
3.779709	1.453455	2.966406	6.086313	5.151033	3.091515	4.336739	1.890905	3.759290	5.272913
2.071445	3.567155	2.947655	5.091861	5.823791	0.633578	1.427162	2.609247	3.994447	-0.607919
-1.198628	-1.098511	-0.379647	3.335581	4.943824	0.782831	0.479310	1.757982	1.500075	0.281682
-3.099013	-7.123329	-5.537189	-0.744817	-3.925271	-4.938716	-3.217529	-1.382781	-5.306524	-5.179480
-1.001814	-0.415786	-4.680155	-2.677827	-6.502798	-6.365557	-2.760464	-4.345731	-7.125252	-7.088201
-0.970835	2.518430	1.261165	-3.650942	-2.382160	-3.778084	2.158893	-3.639558	-0.668306	-0.689376
-0.271482	0.180032	0.577686	-0.809853	4.055439	1.094913	2.951031	1.671250	-0.633385	3.652099
3.852241	3.443335	1.975820	0.249946	1.782395	0.880540	3.390038	1.256204	1.809912	1.980828
4.152427	5.204050	3.985079	1.343561	0.292606	1.506308	0.483003	-1.562083	-0.556612	-2.874685
-2.166530	-0.888009	1.850475	-4.005100	-3.660332	-6.092774	-6.298387	-3.813101	-4.666355	-7.504537
-0.872837	0.919571	3.307119	-2.766731	-2.956223	-3.870898	-3.719646	-3.863436	-4.682613	1.080576
-1.191699	-1.075898	-1.263377	-1.292326	1.573731	-0.230953	-0.437586	-3.507176	-0.718584	-0.175444
-0.191425	0.696297	0.907697	-0.208680	2.742925	-2.045030	1.027479	-0.493107	-1.574762	-1.676692
-1.306721	3.659668	2.864351	5.190912	2.522958	0.637882	3.727836	1.542383	1.265756	0.977734
2.310704	2.634028	3.338995	2.319657	4.396126	0.765193	1.913870	0.116809	5.580776	1.037636
-4.070557	-2.939411	-3.190862	1.765158	1.949625	-0.049986	-0.748531	-1.662417	0.416903	-0.048882
-0.688712	-3.988538	-3.813112	-2.820379	-3.608545	-3.086944	-2.280582	-1.409379	-2.078456	-0.159418
2.330631	1.826860	3.522453	4.143448	1.432511	2.822130	1.986803	-0.096864	1.482305	1.749630
2.296362	1.558994	0.036440	0.884945	-1.588008	-2.931951	-1.331191	-1.768158	-1.628706	-4.005636
-1.358325	1.256174	1.208456	1.383314	1.172395	-1.727377	0.838624	-0.640146	-0.755082	1.180088
-3.729540	2.160613	2.544906	4.038459	3.154620	2.986965	0.111434	-1.082014	0.983886	2.791602
-1.978890	1.400120	1.415296	4.006682	1.517163	0.097388	1.021324	1.447653	-0.617292	-1.283090
0.007015	-0.154193	-0.054671	1.965386	2.066626	-1.405097	0.639982	2.162570	0.167692	1.689812
1.516068	-2.609716	-1.316589	0.251173	-1.950095	3.715024	-2.550106	1.858852	-1.690451	3.559312
3.913960	1.016860	-2.162056	1.627046	-0.881598	1.630063	1.191948	-0.720188	1.213389	-0.829489
3.261984	-0.405153	3.908831	2.072505	2.112315	1.373034	1.607032	2.791667	1.629123	1.028012
-1.664768	1.161254	2.610172	2.225553	3.010047	-1.198150	1.314633	2.394329	1.016664	3.501116
-2.283204	-3.701909	-2.707429	-1.543609	-2.952803	-1.549975	-0.974360	-0.385586	-3.877277	-3.955874
-0.017830	-0.687032	1.269827	-3.340180	-6.070434	-3.895228	-0.699856	-1.169165	-1.160087	-1.760356
-0.513754	0.066093	-0.208361	-3.265560	-2.989242	2.798806	-2.633968	1.256808	1.887946	1.908473
-3.444682	-2.707823	-1.395291	-0.637148	-0.512826	2.479339	-3.727503	-0.198855	0.503337	1.632116
-3.510820	-3.768571	-0.581467	-2.546243	1.182517	1.536786	1.510929	-2.604139	-3.612602	0.466275
-2.737873	-0.049242	-0.354689	-1.495145	0.638993	0.646161	3.016219	-4.271831	-3.961955	2.060752
-2.153647	-0.629627	-0.835660	-3.561853	-1.388897	-0.733023	-2.859038	-1.815819	-4.253310	-0.903748
-0.260745	1.469583	-3.254182	-2.851168	-4.924645	1.211751	-6.921751	-2.772489	-2.407450	0.544478
2.813628	0.428099	0.581741	-0.622389	-2.302046	0.790994	-0.380725	-1.165330	0.060438	0.833732
0.410169	-0.184472	0.098006	-0.022416	-0.473394	-0.512678	-1.380364	2.719071	0.803770	-1.329281
1.406675	1.003280	1.293408	-0.033249	-0.102082	-0.537252	4.178126	0.869626	0.762860	1.480943
4.461845	0.392764	0.705643	0.595211	-1.546501	0.251986	-0.889056	3.256045	1.956924	1.641609
3.207277	2.053189	0.229306	-1.814034	-0.810044	3.062751	-0.324214	6.076138	3.770178	1.150320
0.516472	1.300165	-1.354608	-1.803486	-1.891499	0.111656	-0.417948	2.472217	0.098835	-2.569019
-1.699372	2.580801	1.577696	-1.929844	-4.071557	1.160514	0.993340	1.159990	-1.554388	1.486997
-1.615352	1.498506	1.788811	-2.265208	-1.370207	0.340440	0.301351	2.234668	0.622022	-2.315526
-1.187068	-8.210011	-3.863468	-2.369278	-0.614838	-3.516553	-3.850113	-1.333243	-3.389818	-7.393483
1.513085	-4.292741	-3.188447	0.410146	1.775165	-5.000153	-0.956352	-2.997933	-1.731594	-2.787867
3.927609	3.120626	0.784967	4.366065	4.237413	2.790254	2.459039	0.858404	3.715008	3.778026
2.575809	1.310499	1.363267	3.036279	0.873822	2.004181	-0.152237	3.081276	2.702002	-0.358997
-0.503709	1.268487	2.697348	2.129388	-0.005395	-1.332961	-0.436675	-1.253710	-0.623898	1.725671
-0.689041	0.165700	2.683002	1.823093	1.332080	-0.802259	-1.548870	0.009751	0.604121	-2.260663
-3.121578	-3.084953	-1.039878	0.952095	-0.309139	0.213599	-0.754316	-0.705336	3.878973	-0.958093
-2.153313	2.628337	0.146702	1.677394	-0.369833	2.715724	-0.474106	1.374434	4.728370	0.195488
-1.913738	1.522780	2.656434	-1.485309	-0.762086	1.831027	-1.553433	2.201065	5.252424	-1.087112
1.700458	-1.290917	-1.526888	2.161287	4.192822	1.069820	-0.177488	0.897862	-1.110054	-1.463186
-0.687216	-0.880943	-3.182172	-0.287816	4.009609	-2.064488	-0.071163	0.381727	-2.859552	-1.109926
1.026552	0.698411	-1.103824	0.633081	0.041494	2.744514	1.124252	1.857463	1.853641	2.872776
0.681074	4.071552	3.007148	2.628782	1.307297	2.857336	0.647067	4.199173	4.408733	0.185726
-3.221238	-0.358411	1.482538	3.173587	0.223440	-1.175514	2.103991	0.930958	2.405634	1.390234
-1.276770	-1.121369	1.226738	3.490897	2.801542	3.055873	0.096935	-1.249981	-1.113147	1.947806
-1.852009	-3.584915	-2.342458	2.440215	-0.017275	0.600806	0.216710	-3.579941	-1.887403	-0.058549
0.848361	-1.350639	-2.951958	-2.199458	-3.992889	-2.494908	-3.616373	-1.856824	-3.947026	-3.454424
0.684954	-0.215336	-0.403767	-1.794021	-3.515979	-1.374060	-0.003903	-1.302928	0.389790	-1.017911
-2.230513	0.852902	0.394507	-1.815671	-3.622522	-1.704145	-1.685368	1.003946	2.508552	0.372998
-1.057023	0.156583	0.193358	-2.371607	-2.110297	-0.752856	-0.256257	2.846098	1.505263	-0.841290
1.633639	1.302511	-0.438822	0.190674	-1.921982	-0.286088	0.109641	1.422027	0.803429	-0.494567
1.534592	2.369795	0.649862	-2.588427	-1.516953	-0.099934	2.229638	2.569631	0.617553	0.122973
-1.158948	2.710238	0.511303	0.370192	2.048610	1.900610	0.824946	2.544011	2.877338	2.333538
1.672238	4.206346	0.514594	1.243233	0.483531	3.475848	-0.015225	2.339664	3.309086	2.713435
0.400268	2.423024	1.929229	0.605898	1.399131	2.081283	0.782737	1.558487	1.595098	1.250169
-4.264140	0.296275	-1.653298	-0.469710	-1.158869	-0.275881	-2.764559	1.194280	0.454574	-2.131153
0.164332	3.425003	0.416107	0.759709	4.929653	-0.187942	0.118998	1.620540	1.425916	1.480875
1.897704	1.131411	1.718936	-0.238041	1.274018	-0.496698	0.036618	-2.021536	-3.039179	-1.278542
-1.964808	2.571801	1.752084	-3.876860	-0.446853	-0.941848	2.894810	-3.964450	-3.782511	-0.299499
-1.360384	-1.345726	-0.279155	0.217055	2.585158	0.938509	0.608983	-1.909105	-0.164384	1.696609
-0.886906	-2.722469	-0.301488	0.543305	3.345672	0.556473	0.032845	-3.719705	-0.863601	1.510587
-2.564358	-1.652227	-2.479921	1.119192	0.231707	-2.583557	-2.256296	0.613848	1.332235	-1.341863
-2.888121	-0.247702	1.243140	-0.785082	-3.761518	-1.471283	-0.988732	1.314650	2.961120	-0.418437
1.708021	0.042506	0.260389	-0.031117	0.975612	1.715295	1.503942	-0.614602	0.385847	1.128069
0.075185	-0.850706	0.971319	0.295189	2.080315	0.442372	-0.720168	-1.247913	1.486710	1.228456
-2.887013	-1.873242	-1.453376	-0.877163	-3.299394	-1.818053	2.419044	-3.779587	-3.932796	-0.740774
1.767241	0.578997	-1.004202	-0.328972	-2.989002	-0.406384	0.852481	-2.645727	-1.377180	1.623480
5.764463	-0.162196	-1.320766	0.532563	-0.538293	1.241373	-0.234153	1.821461	0.016651	3.181020
1.351466	-0.026826	-2.543174	1.448842	1.324443	-0.988086	-2.357654	-2.292628	-1.670213	1.392546
-2.402937	-1.291498	-0.550132	0.348866	5.052118	-0.259067	0.117978	-3.150798	-3.171781	-0.736643
0.155665	1.411680	0.093652	0.961835	1.543042	0.999723	3.245445	-0.835255	1.384937	2.864752
4.242584	-0.236399	1.126673	1.551949	1.627823	3.022878	0.956548	0.163495	-2.379569	-0.447169
1.626230	4.462354	0.482323	0.271307	3.226270	1.550989	5.183485	-1.649154	-2.097612	1.936691
2.407011	2.685832	3.483097	3.284709	2.041987	1.272649	4.103657	-0.492510	-0.439003	1.451830
3.982835	3.555323	3.162386	-0.352446	-3.384520	2.158248	2.229861	0.627322	-1.362355	1.130746
0.165209	0.861817	1.314185	-1.043059	0.526452	-0.273422	3.093094	-0.890166	-2.753181	0.280734
-2.309663	-4.874499	-4.828615	-4.290930	-2.385194	-4.727874	-1.951947	-0.988884	-2.496096	-6.630008
-2.597276	1.810662	-1.347318	-1.459663	-1.093059	1.424484	-2.956266	2.306562	1.734487	-0.055186
3.328272	0.415386	-1.164034	1.572942	5.036357	3.663539	0.467032	2.499161	3.646051	1.781497
2.326682	0.303560	0.857732	0.701083	4.883952	3.439080	0.050842	1.989404	3.842083	2.164935
0.826355	-2.443233	-0.277229	-1.129144	0.981522	0.243293	0.908357	0.449181	1.085965	-0.836477
1.635189	-1.878808	-1.456423	0.172159	1.952961	0.370367	-0.934429	-0.304520	1.060380	-1.856946
4.493481	-0.934381	-0.405257	0.457889	0.221063	0.969388	-0.519923	0.999691	0.137912	2.129522
5.012128	-0.328772	-1.579838	0.898843	-3.068680	0.429340	-1.091933	0.118800	-2.224257	-0.076878
0.679923	1.784903	3.127025	-0.009984	-3.949178	-3.654689	-1.162767	-0.341405	3.557454	-3.664355
-0.654541	3.498125	2.344826	1.598706	3.652558	1.778585	-0.428134	0.747061	3.158126	2.715285
2.991028	3.302774	2.233358	3.846706	3.349016	2.029347	1.582057	4.397886	4.757542	2.386435
4.132821	1.766530	0.051212	3.230314	2.039982	2.985280	3.482797	4.252252	3.510381	2.428186
1.016227	0.600173	2.005383	3.096122	0.887941	1.435869	1.412276	2.572745	2.595623	0.953231
-0.297068	-3.964719	-1.646237	-0.288973	-3.286124	-2.498302	-1.636815	1.174548	-0.777552	-3.423638
-1.647476	-1.419267	-3.179655	-0.511977	-3.286830	2.458349	-2.870087	-1.405857	-3.583364	2.752471
-2.119112	0.515507	-1.294878	-1.261698	-0.972497	0.984506	-1.831449	-3.888887	-2.397235	1.186448
-1.376392	2.573581	1.580587	3.703660	5.388156	-1.313450	2.362887	0.521839	1.317015	0.201387
-1.369933	4.137530	2.292033	0.808588	0.181607	2.060265	-0.752888	3.562901	3.698065	1.853178
-1.016953	-3.599866	-2.446846	-1.182520	1.633834	-1.547667	-1.954785	1.748680	-0.271808	-2.495687
-1.801972	-7.742833	-4.204856	-2.254472	1.317814	-7.101664	-4.833414	-1.990745	-4.165324	-5.553317
-1.691309	-2.341993	-4.031105	-3.715375	-0.052579	-3.348244	-0.305685	-2.194796	-2.452205	-3.358419
-2.053385	1.169329	1.442903	-1.410138	1.626331	-1.005225	1.690391	2.273207	2.005027	-1.405504
0.132378	2.635309	1.626461	0.506130	2.532118	1.290975	-0.580094	2.352341	2.036350	0.825821
-0.584143	4.745624	2.469364	0.492422	3.441354	2.361237	-0.957852	4.284584	3.568843	1.214548
0.712430	2.438449	2.448706	-0.473573	0.098913	4.405244	0.057810	0.993813	3.377984	1.526967
4.735473	3.179161	1.312783	1.243136	-2.362335	2.464478	-0.715419	5.081705	1.400352	-0.009429
3.391963	-2.442365	-1.262111	-0.211160	1.146583	-0.938279	-1.393148	-0.189464	-1.483774	-1.604748
-0.463026	-3.107053	-0.647279	0.246728	4.273537	-2.402144	0.490717	-3.978616	-4.173315	0.861601
-3.418018	-0.469827	-0.945226	0.881090	5.301598	0.090363	-1.877934	1.348925	0.631408	-1.060590
-2.209737	-0.111209	0.063144	-0.624285	1.697436	-0.322973	0.455492	1.931135	-0.360924	-1.967327
2.242191	2.251076	1.823029	-0.022707	-0.161179	-0.708569	0.486788	2.272091	2.274769	2.712081
2.205643	3.268107	2.332225	-0.344387	-2.793877	-0.157043	2.023747	2.025371	1.613767	1.865827
2.361092	2.084160	2.528731	-1.018437	-1.402188	2.055489	2.708663	1.672851	1.027352	2.218003
4.569515	3.259413	0.508343	0.318632	-0.496243	1.009511	2.839631	1.698408	0.369006	1.808903
2.090487	-1.352655	-0.187140	-2.187092	-3.292270	-1.556093	3.152345	-2.082479	-3.342589	1.460020
-3.039815	-7.479665	-4.309519	-2.859220	-5.181701	0.115363	-2.250898	-4.854931	-4.795948	-3.316453
-1.524115	-2.892937	-4.708295	-0.985965	-3.120564	-0.714037	-4.067003	-4.022969	-2.244789	0.727278
0.764064	-4.873392	-1.941068	-2.779137	-1.915087	-0.636507	-4.784674	-0.877014	-3.029927	0.019106
0.331601	-0.534747	-2.946139	-1.165649	-1.191601	-4.533161	-3.601912	-3.542485	-3.603074	-6.090273
-1.950426	1.942477	1.166595	-1.018514	0.658568	-2.700512	1.718780	-3.613600	-1.221846	-2.327467
-2.432237	4.471765	2.327233	2.323958	3.238692	2.723828	4.235400	-0.446576	2.680447	0.514619
-2.553352	-1.864002	1.883978	3.290354	0.232145	1.561046	1.807247	-0.164831	-0.120009	-1.150619
-0.502290	-2.738537	-3.595969	-0.108638	-3.553599	-1.939370	-1.415478	-0.762178	-2.269922	-3.841186
2.060932	-0.075757	-2.088205	-2.062629	-4.803366	-3.259530	-3.311376	-2.560333	-3.165603	0.638911
-0.872002	-3.290875	-5.239627	-0.515631	-0.147978	-2.893744	-1.055246	-4.064107	-2.201459	-2.716629
-1.593508	-1.076803	-0.606432	3.611044	0.061440	0.130079	2.035813	-3.408814	1.690701	1.915387
-3.457900	-3.952655	-2.984515	2.214687	-0.995132	-0.768272	-2.428196	-1.929061	0.935273	0.942356
-0.905090	-2.976239	-2.554871	-1.796816	-1.714516	-0.645203	0.519629	0.094940	-0.996150	2.469676
-0.845190	0.118733	0.013703	2.564327	-0.314532	1.262977	-0.635808	-2.659516	-2.047471	0.891341
-1.066610	1.795454	3.245714	3.862505	0.239303	1.345962	1.500694	-1.672835	0.550208	3.165750
-1.506058	-0.157484	1.054967	1.577908	-2.422630	0.327847	-1.381758	2.223378	0.103084	1.216700
0.026858	-0.748186	1.974168	-0.428273	3.896855	-0.278676	-2.039462	-0.357479	-0.945643	0.741088
3.289933	2.782841	2.537524	4.108852	4.136642	2.279091	0.639890	0.022191	1.034129	0.183013
-0.804438	3.239395	1.341542	4.414975	2.574618	1.621643	1.156801	-0.494109	2.386600	0.261173
-0.954458	-4.732427	-1.433970	-1.616013	-0.272928	-1.312223	-0.890222	-1.501880	-3.830726	-3.104134
-2.064527	-0.685027	-4.120505	-2.414517	-5.014307	-2.724610	-2.469173	-2.311916	-3.042345	1.331492
-2.631046	-0.966504	-0.675555	-3.083446	-1.787028	-3.437919	-3.321845	-4.219714	-3.377653	1.763251
-2.836013	2.734841	2.026389	-0.130206	4.743901	3.619349	0.094669	1.977734	1.561057	4.297141
0.301475	3.589213	0.630335	4.594698	6.540676	5.752494	3.055277	1.975935	2.791091	2.097863
0.277621	2.515313	2.534792	5.053860	2.592890	0.139515	2.163285	1.289398	2.282459	1.781019
1.433533	-0.962753	2.175069	0.816077	-1.387459	-3.349086	1.439903	-0.895866	-4.333833	-1.311192
-2.444884	-1.167581	0.213376	-2.703356	-3.407373	0.571892	3.146239	-2.479144	-1.980373	2.387332
3.858780	3.887038	2.549122	1.086059	-1.036953	1.029451	3.470500	0.079376	1.130848	3.059594
5.755833	3.269110	5.265117	0.440319	-2.032197	2.658395	6.160296	3.475308	2.269142	2.927496
0.610487	3.299645	3.669971	-2.133677	-1.941102	2.062127	3.596635	2.212069	2.877921	0.785540
-0.690746	0.593853	1.660693	-4.022530	-1.995666	1.304350	1.502427	-1.589025	0.179098	0.049729
-3.265455	-10.501556	-3.319407	-1.313240	-0.164983	-1.227930	-4.009320	-1.719557	-3.532315	-5.389632
-1.697024	-7.007471	-4.919618	-2.694706	-1.697747	-1.976109	-4.477497	-1.707207	0.104196	-3.907040
-1.010239	-1.024178	-4.213731	-3.060626	-1.571549	-4.691282	-3.410994	1.041544	2.339745	-2.349991
-2.113984	2.083536	1.456164	-3.306400	-2.926883	1.814658	2.918197	1.834715	2.853847	-0.404379
-0.457744	-1.084414	0.841877	-2.278723	-2.930736	0.474616	3.451786	0.042328	-3.498583	2.981301
-0.792001	-3.759515	-0.800483	-1.846393	-1.884199	-2.777500	-0.310618	-3.960497	-6.527930	-1.129145
0.051362	-5.937351	-4.634705	-2.246205	-1.261759	-6.303484	-3.413407	-6.463538	-3.534279	-7.642111
-1.968936	-5.665206	-5.693380	-3.202254	-2.049104	0.927971	-2.924472	-2.677572	-1.389915	-1.035290
-1.957778	-2.284663	-1.286400	-1.564735	-2.069919	0.278173	-3.569804	-2.463577	1.467578	-0.097176
-1.258944	-0.647805	1.219145	-3.115442	-2.454990	-1.849670	-4.644894	0.727169	2.169316	-2.720061
-0.047416	-2.967415	0.521964	-2.524769	-0.977402	-5.415751	-3.672036	-1.288311	-0.677786	-4.555038
-1.198475	3.362524	2.679366	-1.566807	-0.447738	-0.089861	-3.207120	3.107105	2.351987	2.295601
-0.829402	0.196429	-1.736143	-1.457350	0.970319	1.760107	0.297060	3.219340	0.708451	0.112065
-0.397678	-5.145580	-3.822653	0.451610	4.041886	-1.584038	-0.213288	-2.992783	-4.564280	-4.496337
1.971115	-0.101686	-0.759357	-1.823619	-1.839319	-2.753187	-0.342156	-1.381643	-2.962390	3.141802
1.411095	4.290028	3.152352	-1.341526	-2.716478	1.529766	0.841360	2.210681	0.736134	2.519191
-0.545719	3.419482	6.040081	0.034695	2.465728	-0.302169	3.122668	0.212713	0.122407	1.198641
-2.481410	-0.092908	0.723335	1.944955	1.457117	0.376816	1.078274	-1.163629	-0.113857	-4.099740
-0.866261	0.575575	-0.297578	3.367363	1.761209	-1.057872	1.641981	1.940877	1.832155	0.064657
-0.797756	-3.997349	-2.490054	0.909329	-3.490177	-3.073424	-0.147304	-3.584850	-1.779044	-2.181459
-0.195480	-3.221866	-3.184187	-4.228038	-4.064822	-2.414333	-2.668678	-0.454791	-0.036442	-5.474478
-1.260219	2.076443	-1.540574	-1.743129	-2.016106	0.304509	-3.736036	3.641772	3.043673	-0.355490
-1.123257	3.565893	-0.676709	0.292267	0.428188	0.341609	0.852524	5.618258	4.092112	1.229013
-2.236084	4.396800	3.434211	4.256060	4.152381	4.245873	4.403304	2.724484	2.230586	3.303440
3.617914	3.737380	2.979088	2.550757	5.296991	2.730209	5.658609	2.815364	2.216106	2.903500
0.937547	-3.847254	-2.026774	-0.961330	-0.522964	-0.253177	-3.767962	-1.369985	-2.974020	-2.978399
1.580524	-3.365387	-1.089473	-1.184794	-3.546465	-3.397479	-2.705208	0.557451	-0.223981	-0.472447
3.968254	-0.286605	-1.776208	3.621075	2.514004	4.346009	0.658373	0.884785	1.285231	2.396562
3.243243	2.928104	0.657322	5.850685	6.640162	4.083093	3.177080	2.381930	4.811524	3.769336
3.049098	3.116652	2.515718	5.136644	4.251424	3.967076	4.170512	1.863699	4.653805	1.597883
4.801424	4.092551	1.791781	2.681860	-0.099893	3.103564	1.305368	4.918102	1.875281	0.625808
5.863823	2.507111	4.581109	-0.072160	-2.957675	2.245561	-0.468853	3.445250	0.361059	3.106119
6.068698	3.992742	4.013303	1.396290	-0.128306	2.326471	4.457644	4.497352	1.874744	2.591319
2.684549	3.111155	2.393761	3.431718	2.709328	0.467497	5.435658	1.534717	3.510743	1.351314
-0.763025	1.060656	1.156782	2.915829	1.823439	-2.220258	3.247685	0.865353	2.432260	-0.089791
-0.781525	2.081354	-0.229037	0.210128	2.625641	-0.480691	0.981221	2.854166	-0.815401	-1.099294
1.582145	1.634957	1.112502	-0.317580	-2.715056	-0.230100	1.048861	-0.026135	-3.697334	0.518008
2.319180	-1.223331	-1.290903	-2.094192	-0.636641	-0.895383	-0.665900	-2.884846	-4.175337	1.749118
0.299475	-0.143002	-1.374055	1.072396	4.404396	-0.177639	0.465531	-1.851360	0.360194	3.857835
-1.927878	0.868848	3.553342	2.286888	2.047665	2.007134	0.016750	-1.365374	0.623762	1.701461
-2.606887	-1.288676	1.367984	-3.760516	-4.115628	0.593435	-3.906651	-4.062382	-0.845429	-0.497805
3.641837	-0.350371	-2.998131	1.023887	0.123326	0.013867	1.012022	0.436219	0.123722	1.436935
2.790484	0.633167	-0.704109	2.063898	4.014032	1.824228	0.492660	-0.450467	-1.656881	1.464479
-1.403557	-0.566860	-2.935654	-3.037684	-1.750605	-1.521482	-3.296344	0.670563	-0.593937	-1.520677
-3.401001	2.996151	1.776830	-0.847158	-2.301380	-2.047763	1.085503	0.572412	-0.036543	-1.714836
0.153539	3.023702	1.793138	2.570674	3.577010	-2.592116	2.274391	-1.436617	-1.361797	-2.515904
-1.090852	-3.751906	-0.217034	-1.390689	-0.424132	2.060559	-2.572789	-2.433723	-3.453498	-0.667487
-0.341090	-6.045373	-2.214092	-2.437049	-0.647206	0.870159	-3.565145	-3.850302	-3.643643	-1.003491
-2.160192	-6.048097	-4.146840	-1.934510	-1.067811	-2.987716	-0.901486	-5.333152	-3.612931	1.930674
-2.980776	-0.564077	-2.859382	-1.095974	-2.848447	-2.909868	-1.398222	-3.260772	-5.160259	-0.940198
-0.906860	1.582385	2.823675	0.541155	2.132784	-0.444598	0.636037	-1.307058	2.981374	-1.680119
-0.356863	4.414091	1.252828	3.005273	3.025780	1.406092	1.124182	1.427890	2.364071	-0.246998
-1.598804	2.997441	1.975771	2.798674	2.435838	1.005200	0.308703	2.452177	2.858633	3.299753
-0.662404	-2.465967	-1.291999	-0.681447	-0.638946	-1.190475	-2.091510	0.912303	1.965763	2.848722
-1.438183	-1.095433	-4.196689	-1.906895	-4.107377	-2.478536	-2.443367	-1.560728	0.139364	-3.460604
-0.934661	2.160644	-0.297001	-2.454177	-1.198460	-2.285784	-1.993877	-0.740113	-2.003563	-2.135538
-2.425660	-1.519437	-1.036040	-3.076099	-3.187803	-3.937020	-4.302551	0.284149	-2.364414	-1.152994
-1.001402	-3.379776	-3.840711	-2.646568	-3.245511	-1.247347	-2.990599	1.777264	1.881813	-0.193389
-0.661707	-6.350374	-3.961016	-2.467091	-4.065394	-2.760265	-2.918229	-0.561867	-2.846478	0.201864
1.138102	-6.733430	-4.873960	-2.930675	-2.003660	-2.531076	-0.216753	-4.837139	-2.567785	-3.158052
-1.461396	3.181655	1.059755	-3.107328	-1.739517	2.681819	3.152722	0.975151	-0.945003	4.638146
-1.915122	3.407183	4.025325	-1.306259	-5.082277	1.069220	3.226085	1.439308	0.349171	1.874541
-1.220699	1.954253	3.291447	0.060426	0.305352	-0.238075	3.094728	2.967136	0.879641	1.905317
2.979054	2.161565	1.123220	1.724717	3.572756	3.084334	1.712141	0.630741	2.754710	2.630054
6.436214	0.375922	2.007341	4.238506	4.978926	3.684648	0.857616	2.553426	0.900783	3.934835
4.494560	1.817724	2.676609	1.393185	0.767949	0.930166	5.895344	1.037397	1.522665	0.115741
3.167774	0.304273	2.703021	-0.433154	2.163612	1.359589	2.294018	1.876960	0.917260	3.033255
-1.484767	1.265069	3.755978	1.173179	6.294402	3.336718	-1.242770	-0.342879	1.478373	2.780457
-2.673181	-0.544484	2.956178	-0.826424	4.837406	-0.700846	-0.058729	-2.272415	1.297108	-2.851871
-1.469788	1.071915	0.407122	2.550828	4.858610	0.687699	-0.865765	-1.140142	0.224171	0.761752
-2.140506	-4.261431	-1.328692	1.029627	3.137800	-0.129646	-1.816584	-1.515453	-1.849333	0.465207
-2.259153	-9.268520	-4.656862	0.166265	-5.121638	-4.640677	-2.443495	-3.944941	-6.246899	-9.712525
-0.871747	-4.809448	-4.551287	-1.835268	-3.238320	-4.993593	-3.480603	-3.749402	0.085178	-3.362361
0.963395	-1.530513	-3.532668	-1.006980	-1.879258	1.343010	-0.657213	-0.119427	1.133503	0.303179
1.635057	-1.146812	1.208099	1.920922	1.753930	1.919635	-0.450032	1.407989	0.356683	-0.092221
2.392324	-0.289640	-1.130586	-0.456272	-0.679770	-0.014413	-2.573665	1.140154	0.406721	-0.441581
-3.956821	2.776006	-1.049320	2.760532	0.363327	0.975169	3.147584	2.307573	4.433824	0.583182
-2.532290	0.405330	0.556999	2.203324	1.885406	2.394887	2.212510	3.050653	2.483796	0.783952
1.854203	2.955135	2.777974	1.790698	4.576950	3.175646	-0.003891	4.753900	3.289743	2.882812
0.967744	4.461926	1.130308	-0.546155	-1.697354	4.263351	-1.332323	4.215820	2.250070	3.137445
-2.256778	1.905807	-0.579096	-3.737241	-4.346024	-1.501091	-3.404490	4.302220	0.506782	-3.867964
-1.065274	-1.637818	-0.314133	-1.421867	-1.086474	-2.319776	-2.096794	2.720204	2.075683	-1.247130
0.974045	0.031255	-0.577300	-0.576942	2.458181	-0.339594	2.013662	-0.993821	3.871777	1.529931
-0.270631	3.406330	2.133106	5.122529	4.174126	2.662859	6.461975	0.529948	2.371370	1.178106
-2.715110	2.180312	-1.337109	0.666939	-2.847355	-1.995608	0.697944	-0.435583	-4.043635	-3.938718
-1.652002	2.816103	-1.792140	-1.998918	-6.476476	-6.500687	-7.205335	-2.900011	-5.473034	-5.708754
-0.116913	1.198708	0.340816	1.862652	3.126349	0.298430	1.775738	-3.414731	-1.396423	2.150585
-0.114950	-2.568469	-2.395535	1.855143	2.599904	0.296850	1.843662	-2.417541	-0.499800	-1.753912
-0.221020	-0.162126	-1.685588	-2.578451	-5.007524	-0.577217	-3.901464	2.678361	2.417638	-1.533256
0.465573	3.728842	1.549862	-1.672935	-1.594649	2.099437	-0.743542	3.806578	1.424593	-0.936857
-1.036976	1.061936	1.993022	-1.159214	-0.704884	-3.336778	1.715329	2.261311	0.180368	-2.732524
-0.695671	3.619060	4.470195	-1.611992	0.095758	-6.962653	0.398148	-2.706740	-2.527336	-1.779266
-2.228016	1.306316	0.209888	0.235326	0.114464	0.095021	-0.049185	-2.646175	-2.273619	-3.419890
-1.349313	-0.034895	-2.176394	-1.172965	1.193521	-1.105747	-1.975769	-3.159594	-3.863380	-2.180905
-0.677563	-8.165770	-3.730644	-3.146669	-3.050381	-3.794245	-0.976605	-4.890801	-3.957518	-0.199217
-1.346869	-2.379710	-2.982958	-1.936488	-2.461955	-1.211366	-3.833191	1.706703	-1.112136	-2.897431
-1.568530	0.581688	-3.650829	-2.793627	-2.482311	1.771102	-1.827126	1.740115	0.566267	0.919947
-1.657548	1.744122	1.982248	2.067311	1.769241	1.332968	3.140589	2.100728	0.900788	2.468914
-2.383721	1.587893	0.693879	1.916424	2.675291	1.164842	4.072957	1.626739	0.749324	0.446165
-0.079848	1.233599	3.455869	-1.479591	-3.762770	0.295334	2.352379	0.555741	-0.301628	1.095997
4.365772	2.507539	3.828024	-0.864237	1.037949	2.182653	0.389956	2.967726	0.768629	2.221708
3.306241	2.690212	4.290950	3.636385	5.236441	2.716409	1.536589	2.749386	0.658690	1.662196
5.083161	1.282714	1.749751	2.412873	2.605198	1.815112	0.531779	1.358312	3.295049	3.134161
0.395636	-3.527758	-1.787567	-2.816075	-4.933087	1.449070	-1.947370	0.900092	3.503000	-1.434999
-2.557931	-0.777808	0.144200	-2.109559	-4.560718	5.180894	1.258841	-1.015484	2.728537	1.996116
-3.450137	-0.378040	0.550359	-2.128781	-2.010102	1.080491	2.896715	0.717170	-0.619749	0.660708
-2.856777	-1.902259	-1.763488	0.599759	4.556357	-0.673430	1.102354	0.343941	-2.261566	-2.356323
-0.885647	-2.347371	-2.942534	-0.817839	-1.271245	-2.599661	-3.846141	0.639614	-0.717622	-4.110875
-3.278042	2.769018	0.485323	-2.661676	-4.532109	-2.174195	-4.130668	1.602772	1.714770	-2.378646
-2.011957	-1.085400	0.901388	-1.675750	-1.591840	-0.930923	-3.777525	1.799098	3.303602	-0.430035
-0.486487	-2.275731	-2.998336	2.230939	2.352663	-1.868740	-0.202511	-1.094126	-1.813940	-0.687737
1.984774	1.571415	-0.659244	5.513892	2.295799	2.470861	0.633076	-0.836221	1.404632	1.935151
1.869331	2.085530	2.674366	1.451310	-1.909432	-0.039314	0.090438	-1.480406	-2.579997	-3.456169
0.299591	3.382405	2.524496	0.640495	-1.334429	-2.157061	-3.377225	-3.368304	-2.133239	-2.661993
1.965058	0.251629	0.263751	-1.334651	-3.813290	1.499825	-2.217009	0.381062	2.829988	2.878883
-1.831259	3.399191	1.490031	-2.934626	2.301388	1.381047	-2.670516	3.507268	1.292969	-0.015835
-2.984356	0.037180	1.067439	-3.334727	-3.115391	-0.140391	-2.025742	2.302288	5.006085	-2.297446
-1.266126	-5.678814	-3.828623	-2.157552	-4.106222	1.721913	-1.966787	1.469096	-0.189180	0.687857
0.804837	1.693394	-1.890155	2.451203	1.820699	2.432859	4.043449	1.959063	4.784952	2.794078
3.887341	1.388492	1.487444	3.800742	3.431980	3.633050	4.218969	1.809762	3.904963	1.452420
-0.383810	-2.811832	0.650076	-0.950233	-3.796374	-0.353417	2.808471	-0.569838	-3.024669	1.422489
-3.373309	-0.500694	0.795540	0.114084	2.847547	1.612058	-0.121643	-0.002168	1.910834	0.567289
2.190051	2.769793	3.225436	-0.777303	1.365651	4.973673	4.644827	1.690740	1.701849	3.618524
3.241975	-1.442385	0.050863	-1.202190	-1.344352	0.880725	-0.013719	0.675553	-2.466348	1.101698
1.953170	0.973356	-0.570879	0.952928	1.220548	2.011908	4.054319	0.528937	0.957318	1.970316
2.345940	-0.928000	-0.043493	2.977658	1.234063	3.734619	4.781640	-1.606743	-1.801778	-0.010920
-1.418607	-2.756767	-2.917178	-1.707697	0.201705	-3.248251	1.087044	-1.417423	-0.468464	-2.081606
-1.986967	0.955739	1.908061	-1.891129	-2.950614	0.774593	-3.997871	-1.366740	0.271133	0.329962
1.121766	-0.810099	0.417024	-1.572332	-1.391879	-0.631359	-1.333404	-0.635732	-3.770515	-0.745814
-0.026705	-2.988598	-0.916494	-2.055701	-3.360076	-4.973917	-2.796859	-3.257536	-6.701537	-7.261631
-2.743373	-1.970573	1.085905	-3.200429	-4.133390	-3.672491	-1.732335	-5.085394	-0.638764	0.263012
-0.928734	-1.850841	-0.961982	-3.674207	1.721795	-2.355494	-2.275637	-1.944844	-2.399827	-0.692782
-1.792985	-3.802518	-1.750960	3.525269	3.524496	-1.843439	2.126136	-1.899428	-0.867157	0.410186
0.143879	1.154777	1.017166	5.000809	4.939830	1.410160	2.529979	-2.502088	-0.557286	1.028619
-1.709540	1.584430	2.487593	0.057419	0.926214	-0.624415	-0.756510	-0.988164	-0.779749	-1.260085
-1.970538	-1.165777	-0.459184	-0.577292	4.124368	1.697922	-2.433434	-2.470301	-1.364078	3.059475
4.626688	0.655539	-0.139472	2.922184	-1.475190	2.303150	-2.562796	2.159058	1.635991	3.195996
3.358440	0.317562	-0.210475	2.440154	0.347060	1.521050	-1.757001	1.663171	0.240324	-1.303121
3.310120	1.106776	-2.846900	-0.702473	-1.569062	1.224102	-1.626252	-0.088109	-1.373816	-1.117681
1.359229	1.385364	-0.590353	-0.391889	2.977365	-1.865516	0.318345	-0.859924	-2.329464	-1.467686
-2.660132	2.930512	1.093960	4.033216	5.626562	0.678771	4.062588	-2.177321	0.394841	4.542960
-4.068261	2.536702	3.752331	3.398551	4.269150	0.253840	3.437969	0.139155	-1.336937	1.989853
0.437140	-3.003280	-0.874946	-3.180677	-5.529550	-3.046136	-2.326715	-3.405941	-3.296536	-5.736813
-2.478627	-0.933050	0.382821	-0.962058	1.505386	-1.654383	-3.293272	-2.238254	-0.063495	-0.969642
0.180035	-4.634521	-4.881975	-1.652183	-0.617121	-2.132730	-0.818106	-0.568332	-1.822353	-3.310342
-1.257373	-2.617909	-4.971142	-2.251942	-2.796948	-4.241207	-0.187225	-2.771420	-1.670849	-3.758320
-2.049954	1.447673	2.249411	2.721274	1.369028	-1.729444	1.765964	1.194437	0.047778	1.469716
-1.708210	1.854212	-0.956523	0.183073	-1.370369	-0.093072	-1.109244	3.672591	3.647688	3.413057
1.383356	0.505094	-1.054753	-1.050934	-2.227318	2.230674	-2.076659	2.523597	0.834142	0.874794
-2.228658	-2.288492	-0.179188	-4.510538	-2.260194	-5.271939	-0.312987	-2.400191	-6.114602	-7.694784
-3.151756	0.216641	0.754265	-2.996331	-3.126574	-9.172545	-3.284537	-4.353819	-0.278183	-4.967887
2.605458	2.124982	0.159195	1.091098	2.476066	2.384717	1.335183	-0.672333	3.416258	2.745972
3.991879	2.724920	2.892394	3.029358	2.693048	4.884812	2.901863	4.259923	2.271281	3.511582
3.716303	2.960946	3.727153	4.733258	4.222295	2.101401	2.488796	2.917902	2.597946	1.954829
1.253123	-0.760951	2.491464	3.248806	1.949032	2.092145	-0.558728	-0.196738	2.237413	1.405400
-3.768365	0.631421	-0.792685	-4.238887	-5.646719	-0.283896	3.056480	0.935656	0.736240	-0.856521
-1.948869	0.556055	-1.298500	-2.667612	-1.758536	-1.463864	-1.744689	0.824341	-2.848911	0.273152
3.217405	0.385841	-2.596293	0.774538	0.690406	2.382800	-0.805445	-0.456426	-0.069981	1.723602
4.358150	-1.748026	0.317829	0.049174	-1.176173	4.694654	-2.633000	3.214711	3.274290	2.241214
-1.591241	0.302447	0.449255	0.471703	0.584650	1.198953	4.503737	4.128611	3.804164	1.304969
