X1	X2	X3	X4	X5	X6	X7	X8	X9	X10
-0.940794	-5.260312	-5.213344	-3.741686	-3.860319	-3.430283	-2.558924	-7.471571	-5.084151	-3.981953
-0.633382	-2.094413	-3.888242	0.053709	-0.783532	-2.194906	-0.631188	-4.013419	-3.201433	-4.100774
-1.452815	-1.600518	-0.459961	2.401166	0.145143	-0.646506	2.002677	-1.161628	1.357341	0.410814
-1.225998	0.262451	0.262869	2.642782	0.867000	-1.755507	-0.728940	0.568286	1.125367	-1.159524
0.867964	-1.720729	-0.860884	-2.864744	0.744032	-1.422834	-1.329252	0.388602	0.406039	-5.172526
-1.417235	2.207621	3.544552	-0.714412	2.529834	-0.748312	0.573330	2.924204	2.359853	0.268874
-1.349297	5.593678	1.749846	2.309974	3.535398	1.384032	1.932094	6.215472	3.701004	1.431339
-0.003829	0.889422	2.390168	-0.007086	-2.936781	1.253672	1.744226	2.354888	4.615185	2.274235
-1.698335	-7.208170	-3.420110	-2.378397	-2.197308	-1.979118	-1.682386	-5.608067	-3.328209	1.367526
3.494083	2.281681	0.062981	2.055941	3.513509	1.578634	-3.239556	0.059390	-1.703183	3.769079
5.173419	2.756054	0.437215	4.252223	2.763466	2.690902	1.825303	0.660340	1.138455	-1.077940
3.367870	1.699428	3.479561	4.872746	4.706456	2.216456	2.248677	1.273062	1.828999	1.257635
-2.045566	4.077382	2.734393	1.124308	3.523674	0.493570	3.143253	-2.002660	-1.703458	0.927371
2.160206	4.338096	2.893781	2.080104	1.393514	0.262113	1.273616	0.892353	0.836477	1.866736
1.966484	-0.076952	2.287900	-2.177369	-1.639729	1.002458	-1.829647	2.370083	0.029896	2.400998
-0.240834	-4.631782	-0.875677	-1.884516	-3.476060	-2.699425	-4.514752	0.240410	-0.954408	-0.154974
0.436149	-1.940314	-2.961178	-3.824741	-2.800286	-5.124166	-4.230912	1.641415	-2.260644	-5.437811
-2.742770	1.778633	-1.501728	-2.374948	-3.999311	-4.676095	0.478259	1.712878	-0.640520	-1.114443
-0.735392	-1.837662	0.586247	-2.992243	-1.802541	-1.233840	0.927845	-3.346521	-2.895944	-0.567600
0.315882	-0.999518	-2.207176	0.047469	3.659819	3.457267	0.300734	0.862899	-0.135226	4.569289
-1.549552	3.017745	1.345076	2.819084	5.600064	4.711096	1.829310	0.614717	2.925324	6.469195
-1.366494	2.458909	2.045780	3.903896	0.551489	1.740017	0.661560	3.929114	4.005898	2.352991
-2.289844	0.580653	2.111014	-4.360800	-3.062911	0.835899	-1.094030	2.336168	1.817586	-2.096450
-1.240905	-4.710339	-0.893146	-3.445710	-2.654541	-0.693388	2.516626	-6.573740	-6.284623	0.138744
-1.193776	-3.214087	-2.335122	-3.580240	-4.271907	2.325424	2.437614	-0.404231	-3.425838	-1.645051
-2.968958	-2.159710	-3.982734	-4.571895	-4.865211	2.286304	-3.522078	-1.090627	0.461229	-0.203863
-1.451752	-2.850723	-5.428605	-3.303081	-2.795560	-0.191578	-4.402463	-4.525147	-2.939433	0.434386
0.660542	-0.573347	0.079047	-3.186105	-4.563658	-0.566752	-3.109255	-3.980713	-7.854233	-3.976230
0.120625	4.632803	2.812701	0.038828	0.145692	1.461449	-1.639466	-0.891347	0.251917	0.833466
3.786797	1.041809	1.916339	1.021013	2.061585	0.525095	4.493693	1.908632	4.251905	-0.135349
2.617159	-1.728245	1.041444	2.999643	0.968517	0.959556	2.543210	-0.429099	0.737520	1.846703
0.527510	-1.377876	-0.496603	1.983211	1.239284	0.381601	0.507774	-0.959761	0.017051	2.744300
-3.244148	0.874400	-0.274517	4.478714	-1.350917	-0.052901	-0.054726	1.546825	2.991985	1.251621
-0.194014	3.109867	3.849486	3.405343	2.593710	1.616119	2.142700	2.695838	2.826211	-2.178454
2.402613	2.410511	1.780890	4.333895	2.188062	2.220633	1.513342	1.463956	1.308618	2.739555
3.389134	2.755015	3.072082	4.928864	5.103836	3.617509	3.339190	4.750358	3.238392	2.438529
0.074451	1.993866	3.280849	3.119443	5.286730	2.478018	3.990237	3.033422	4.344224	1.958848
-4.178136	1.930648	0.349777	1.331528	1.327840	0.777530	2.538574	2.164227	2.512999	-1.321206
-0.480623	-3.902051	-2.223445	-0.612586	-3.123135	-4.413884	-2.236907	-2.097248	0.595907	-2.406149
2.503591	3.830355	2.895172	0.018195	1.510003	3.189047	3.458288	5.176576	1.036935	1.659500
2.234006	-0.452549	-1.482482	-0.191833	0.654153	1.139593	-0.053549	0.268578	2.835872	1.416725
4.987226	-0.179473	-2.213917	0.743626	-1.513888	0.114627	-2.181322	-1.210364	0.476906	0.677209
3.262853	1.001469	1.605259	0.907467	1.095579	2.613120	-0.512439	2.185130	1.277425	1.979737
-1.599013	0.536966	-0.061063	0.305086	-1.858745	0.025345	-2.526403	2.072140	-0.801283	-2.610706
-2.079468	-0.914194	-0.025689	-3.361220	-0.588062	-2.325427	-1.478718	2.359446	0.241372	-1.888136
-1.291110	2.366177	1.662775	0.055345	-1.132771	-2.406222	2.673811	3.115426	-0.853623	-1.021367
-1.440138	-1.981729	-1.283677	-0.112823	1.013028	0.058132	-2.203618	-1.924639	-0.416178	-1.780714
-1.037650	-1.451425	-2.447451	-0.646625	1.762435	-0.362790	0.886892	-6.538069	-2.106205	-1.183989
-2.309243	1.470481	1.859551	-1.126266	0.834351	-1.433914	0.760938	-3.831983	-4.508114	-1.397408
-1.148616	0.304279	-0.501677	-2.413346	0.428078	2.092533	-2.082679	0.941300	-1.989816	-0.912783
2.940433	0.076461	-0.161235	-0.263969	-1.768383	-1.198572	-0.939463	2.984060	0.822178	-0.217427
5.785406	1.399917	-0.102127	3.743065	2.661670	0.467044	1.506688	3.001479	2.556959	3.243548
0.003505	-1.874960	-1.228254	-1.168446	0.199539	-0.365442	-2.126028	-0.352260	2.006617	-2.120773
-3.077369	-4.519177	-2.526617	-5.639804	-2.787273	-1.577553	-1.362010	0.508023	-0.474559	-3.330801
-0.633915	-3.260742	-4.704615	-2.664308	-1.768663	-1.495214	-2.769056	-0.996188	-0.983778	1.081353
-0.635831	-0.872261	-3.798749	-0.389459	-2.042828	-3.273548	-1.839466	1.453589	-0.205648	-3.862226
-0.936017	-4.941041	-2.299718	-2.787058	-3.865064	-3.921875	-1.392939	-1.923363	-2.628579	-5.486847
-0.530171	-3.884287	-4.673620	-4.033804	-2.502068	-1.012119	-0.160671	-5.155360	-4.982280	1.103477
0.284006	1.440895	0.391647	-0.471796	-1.387034	-0.272000	0.025538	-1.488318	-3.007358	3.826033
-2.791584	2.018800	1.476085	-3.033334	-2.787460	1.204060	-2.482208	2.576548	0.574278	1.408212
-1.031742	-0.353076	0.524597	-2.385115	-3.968939	0.119741	-3.455006	3.081721	2.039320	0.322400
-0.911068	1.692464	-0.712714	3.433760	1.729632	0.555925	-2.111354	1.502387	1.659562	-0.798114
-2.856963	5.346814	2.810856	3.327495	1.206960	2.392990	0.762952	-1.186068	3.312995	1.781660
-1.403326	-1.574227	-0.137389	0.438890	0.496350	-0.577981	0.152116	-4.596358	-0.230087	2.265408
-2.401261	-4.772464	-4.213546	-4.758450	-3.057193	-0.474007	-2.431660	-2.749398	-5.152891	2.991820
1.958633	-0.918597	-1.832009	1.900776	1.000338	1.763496	0.851830	1.603301	-1.370622	1.443884
3.833052	3.451971	2.511527	5.020271	4.635349	3.892710	3.216988	3.679124	3.478812	0.376589
3.883996	3.443037	4.872365	3.661439	3.399046	2.117918	1.179218	2.250360	2.747006	0.658722
2.756360	4.601202	2.628313	2.422483	1.065835	1.639005	2.526625	3.700696	0.427856	-0.095727
2.482744	1.939365	1.288774	2.073508	-0.363677	-0.852044	2.333212	0.528121	1.082954	2.374030
-3.806559	-2.440876	-2.563945	1.195216	2.265818	-0.849943	1.322484	-4.578076	-2.669302	2.186281
-1.788249	-6.219419	-2.218739	-2.634087	-0.792675	-5.310208	-4.169856	-5.534706	-4.016719	-2.534586
-0.522833	0.066934	0.060798	-5.518998	-2.737849	-2.258350	-3.642903	-0.922279	-1.529300	-6.136382
-1.808915	-2.795814	-3.704729	-4.803811	-4.161696	0.589717	-4.039955	0.574694	2.606651	-1.110919
5.900501	1.274736	1.429987	0.100679	0.203891	2.400082	-1.319307	2.446803	3.150629	1.499891
3.013209	1.427787	2.759152	1.195176	1.028918	2.256233	-1.050255	1.642841	1.637731	-0.131862
-0.603297	-1.728260	-0.740830	-0.178414	-0.489307	-4.780140	-0.905897	-2.978403	-2.494546	-4.933292
-3.128823	-1.337002	-0.299351	-4.886985	-4.521377	-5.647848	1.975571	-6.214437	-3.597306	-0.960109
-1.750475	1.531562	1.959793	-0.266631	-0.878086	3.175401	4.253753	-2.139868	-0.820952	3.262976
3.024939	-0.397864	2.406008	3.322153	0.881874	3.428798	1.302851	0.101294	-0.518986	4.504950
5.041911	1.454023	-0.180800	0.754873	-0.485091	0.901736	0.110968	1.750142	0.464489	-0.088397
3.265336	-1.051474	0.047475	2.480536	-0.064273	1.660807	2.414107	1.044570	0.728271	0.085724
-0.375497	1.477348	-0.245263	1.576349	-1.723965	-0.863094	5.067570	0.551771	2.043557	0.551902
-2.187695	0.346595	1.307593	-1.903983	-3.609962	-3.362673	0.662360	0.819237	0.865546	-3.662974
-2.266166	1.056870	1.399146	-1.256751	-1.632057	-2.543334	-4.982621	2.433362	2.096536	-3.234715
1.262479	-2.438522	-1.674398	0.388350	3.126557	-0.353082	-1.367071	-0.518358	1.429525	-0.807829
1.288132	-2.634476	-1.501234	2.812028	4.612186	0.927782	-0.323489	0.016269	-0.112588	-0.372928
2.778882	0.840513	-1.994258	2.822991	2.579336	1.289554	-0.141572	-0.775662	1.318896	0.110480
-3.103479	-1.196349	-1.919264	-2.498755	-3.769887	-5.389265	3.422380	-4.561555	-4.488124	-0.332615
0.369938	-3.006156	0.211450	-4.531901	-2.503778	-0.391777	0.980271	-4.822415	-6.099450	1.845480
2.095923	1.932397	-0.367710	4.485461	4.390471	1.706318	1.286499	0.549853	-0.212381	3.745056
-2.465635	1.528018	0.789860	3.569638	5.275663	1.277124	5.276069	3.401445	3.250182	0.929905
-1.754046	0.424712	2.637563	0.417638	3.680604	-2.051658	2.612379	2.199057	2.209638	0.888721
-0.803821	-4.705712	-0.601797	-4.674029	-3.481200	-7.225425	0.363832	-3.922115	-4.875713	-5.212602
-3.672170	-3.128549	-2.884915	-6.966956	-2.775845	-4.292073	-4.001972	-3.321973	-4.993770	-1.098970
-1.690603	0.104110	-0.636089	-2.939634	-0.871925	0.118105	-0.792030	3.249079	0.428567	1.605212
0.014767	-0.447828	0.236085	-0.624153	1.760764	1.538314	0.353357	0.014738	-0.447001	-2.419060
4.362532	4.703046	2.598811	4.301594	2.521026	2.820961	1.774292	1.204803	0.928626	4.765810
5.382379	4.775039	4.189592	3.997918	0.306567	1.246054	1.935576	2.710371	2.606149	1.553822
2.743700	3.618660	3.598632	3.829528	1.185790	4.730603	1.822410	2.892341	1.867770	2.419272
0.250484	-0.348883	0.860434	1.062834	1.499899	1.299018	-0.442004	2.450311	1.616890	-0.318039
-0.956380	1.655621	0.351701	4.106445	3.520600	2.515908	1.606236	3.881880	1.968410	2.033488
-2.106000	-2.070420	-1.310263	0.298472	1.845695	-3.550212	-0.166967	-0.639452	0.379034	-2.111243
-0.393986	-7.912197	-5.222454	-3.759475	-3.662610	-9.889032	-3.828313	-5.944986	-4.407136	-7.698232
3.556752	-1.060800	-2.406669	-1.475587	-1.671412	1.171464	-2.839197	-0.575120	-1.466599	-1.588875
-0.127993	-0.290219	-1.917603	1.571049	-1.625308	1.942390	0.717982	-0.707155	1.980950	1.511634
-2.185531	-0.914744	-0.068854	-3.196558	-3.258692	-0.932039	-2.190371	0.036211	-0.279387	-0.878800
1.615931	1.824835	2.623583	-2.656697	-2.395860	-1.518005	-2.436753	5.113479	3.226794	-2.599070
-0.576015	2.183829	1.638913	-0.873055	-1.172610	-2.746592	-1.978461	-1.180148	0.769798	-3.806267
-4.107774	4.208748	3.200940	1.566377	0.724064	0.419319	-0.361689	-2.622069	-2.275371	0.216717
0.110845	2.421904	3.492469	1.494513	1.111166	2.425148	2.959868	1.956421	1.283692	-0.272807
1.589438	0.080807	0.384605	3.813562	2.180601	3.546514	-1.493687	3.416924	2.843393	0.678174
-1.979101	-2.310132	-1.757946	-0.037162	5.039072	1.670438	-0.824146	0.693446	0.695137	-0.867929
-3.628076	-0.790402	-1.179380	1.398452	5.434285	0.648142	1.687996	-3.262910	-0.776570	-1.030000
-0.063992	0.023210	-0.446489	2.336715	0.699645	1.935547	-0.130054	0.203363	2.930479	-0.474825
-0.070851	0.328614	-0.339567	0.593042	-2.636643	0.325177	-2.238989	1.995870	1.943192	0.100414
-0.975756	0.042622	0.726392	-3.177558	-2.406274	-0.778044	-2.160102	-1.183182	1.105976	-3.536668
-0.423809	0.883646	-0.180304	-1.367370	-2.524742	-0.366293	-3.253083	-2.415486	-2.617560	0.623851
0.532989	1.221197	0.629051	0.473817	-0.685841	-2.542346	0.348274	3.859366	-0.529908	-1.324612
-0.106763	3.718187	1.951767	1.473515	-1.046865	-1.849176	-0.047220	1.194783	2.703641	-1.757235
-1.486265	-1.329072	-0.461149	-2.212462	-0.979307	-1.467958	-1.848557	-4.418126	-1.482302	0.719205
-2.081615	-0.847369	0.270012	-3.177004	-3.325860	0.244333	-2.989426	-3.947251	-3.534127	0.900929
-2.163913	-0.439891	-0.963441	0.202004	-0.446718	-0.698476	-0.041718	-3.224381	-2.091725	1.540062
-1.317655	-5.302228	-2.012398	-3.874829	-3.301172	-3.778458	0.354879	-2.816506	-1.960982	-2.213873
-0.371940	-5.905067	-4.498750	-4.940388	-1.581315	-3.485587	-1.474526	-4.777412	-3.951888	-3.154649
-3.226862	-1.571897	-3.747086	-1.132863	-1.088238	1.711264	-1.935920	-2.058687	-3.359231	1.859559
0.106682	1.905093	-0.324096	2.535558	1.345566	-0.264078	0.491907	-1.339717	0.392504	0.165379
-0.821403	-1.191785	-1.364470	1.183187	0.409107	-0.974186	-1.086932	0.312710	-0.572972	-3.209763
-1.132211	-0.953421	-2.021395	-0.835766	1.590795	-0.406133	1.048374	-2.002589	-2.110244	-2.734540
1.704264	1.222896	-1.834861	1.835311	-1.912962	-0.000692	0.812437	-2.287899	1.342701	-1.261421
-0.654471	-2.566522	-2.722456	-2.655373	-0.346153	-3.848038	-1.782530	-2.055804	-2.753722	-4.157381
-0.658509	1.349533	0.392131	-3.571306	-3.089068	-2.933242	0.675884	2.069512	-2.258898	-1.316788
2.031758	0.464172	-1.199486	-0.755180	0.010703	-0.080680	3.412892	1.221766	0.504988	3.155885
3.522839	3.237004	2.396502	1.074914	1.367072	2.115374	2.316906	0.887777	1.184952	3.836767
3.057842	1.604440	2.252110	1.997786	0.108348	0.584045	3.277537	4.085863	1.458408	0.049787
2.848577	0.382887	-1.713552	1.158143	0.931044	2.839358	1.913597	2.698043	1.236274	0.814175
-3.805046	3.850054	1.910929	1.963393	3.917871	1.898036	-1.482401	2.419336	2.094364	0.590158
-2.625018	2.614348	1.352665	3.323542	1.442541	2.688603	1.054553	0.585161	1.581595	0.780766
2.320471	-2.062621	0.174468	2.517496	-0.321835	0.459381	0.108969	-0.626961	-1.245316	-0.998675
3.105233	-1.453349	0.771849	1.870661	-0.143944	-0.137709	2.871760	0.935690	0.266445	1.181264
3.017378	1.425672	3.061020	2.137642	0.087525	2.699356	2.890334	1.535034	1.986997	1.902908
-2.453683	0.283548	0.914191	-1.447257	-2.469716	1.355493	-2.564299	-2.805307	-1.091447	-1.526114
-1.003139	-1.321717	-0.773225	-2.249935	-2.468254	0.265723	1.216871	-2.136913	-4.465069	0.484421
0.082521	-1.165618	-2.213620	3.112712	4.277123	1.879462	-0.599150	-2.173763	-1.334755	2.210939
-0.514291	1.989949	0.653618	4.300585	2.378726	2.152228	1.327648	-0.837436	1.007712	3.449263
-1.702865	3.167987	1.419797	2.424685	2.490367	0.450535	2.711471	-2.162710	-0.096455	1.436016
0.107011	-4.725400	-1.142274	-1.294190	-1.288842	-0.661401	-0.471574	-2.249266	-2.086840	-0.911381
-1.183452	2.167487	1.029213	1.588160	-0.510189	-0.429069	-3.761083	4.041617	2.386470	0.685495
-0.601843	2.976152	3.007267	3.548332	0.193437	3.644044	-0.073850	5.598660	5.372588	-0.098139
3.300949	0.853993	2.581994	1.142323	0.084347	2.730348	0.146127	4.814784	3.975829	1.534135
0.878934	0.392711	-0.909601	2.355628	1.842251	0.908952	-0.960448	2.970706	0.853703	2.524336
1.869522	1.246104	2.357288	2.785443	3.279260	1.999663	0.960428	1.046447	-0.257477	0.619078
2.703024	0.612570	1.356167	0.790861	-0.569917	0.499387	-1.193247	0.838824	2.850699	-0.188724
-2.043652	-0.801993	-0.797263	-3.488326	-3.934569	-1.022671	-0.719270	-1.554244	0.585040	2.428243
-3.388895	0.282910	0.607303	-3.617224	0.448811	-0.602907	0.227056	-4.509039	-3.259944	2.025489
-1.823198	-1.383323	-0.061935	-1.032144	2.589233	0.298879	3.480830	-2.800647	-0.306345	2.043024
2.185849	0.266101	0.922925	1.562704	0.699104	1.742689	3.851949	0.486349	0.585943	2.252058
1.566353	-0.571523	-0.544319	-1.139189	-2.768669	1.168021	1.601708	-1.174436	-2.907873	0.170596
-1.531379	0.030697	-0.018265	-1.856737	-4.629879	-4.521328	-0.352897	-2.583690	-2.946388	-5.322855
0.186061	0.166556	-1.208318	1.100748	-0.704120	0.384237	-4.094972	0.331901	-2.741799	0.331608
0.585279	0.322044	0.520320	1.244752	0.274513	2.322813	0.530377	4.643448	3.595097	3.897187
-3.162421	2.688252	1.128945	-0.800438	2.479924	0.288390	1.737640	1.705161	2.215302	3.473583
-2.091632	0.801672	2.200952	0.228162	2.665518	2.987662	2.959710	-1.245151	-1.758385	0.610397
-0.239251	-0.014906	0.140034	0.950035	2.387596	-1.811383	2.973077	-4.252281	-1.126963	0.895524
0.054626	-0.140395	3.316484	-1.432434	-1.599238	-1.345955	3.082931	1.215279	0.057565	-1.082636
5.163003	2.631195	2.381096	2.652037	1.126716	3.411433	2.550260	2.649733	3.712996	3.287309
3.791680	2.576352	3.441458	4.611329	1.589160	2.301668	0.821252	2.756785	3.480626	1.996955
-3.347039	-1.383036	1.415463	-0.831875	-0.472609	-2.068266	-1.101406	-0.709664	0.677548	-4.402107
-2.627754	0.637217	-0.564401	-1.797594	-1.533690	0.808615	-2.036927	-2.595413	0.186757	-0.151684
-0.944865	2.563898	-1.504246	-4.033749	0.008215	0.866094	-0.318624	0.136739	1.110443	0.299313
-0.717372	0.115392	-0.911483	0.712041	1.287601	-2.616647	-3.435314	-0.874613	4.271699	-1.808028
0.232722	-1.367114	-3.284526	-1.663044	-0.034834	1.050472	-1.834510	1.695028	2.462414	0.297383
0.593317	-0.888334	-0.306088	1.400474	3.138705	1.209131	-0.451829	-1.361543	3.424976	2.095532
2.310908	1.012515	2.088317	1.249276	5.339911	2.158010	-1.315086	0.716266	3.196173	-1.376895
-0.994706	-2.091181	-0.441827	1.022540	2.933080	-0.630415	1.165402	2.026148	0.349493	-1.571014
5.062368	1.010763	-0.280434	-0.424456	-0.867797	0.629035	0.332319	4.900791	-0.515480	0.707261
3.917827	1.258831	-0.707721	1.543268	-2.846826	0.608136	-1.187853	4.243385	3.063140	-0.283787
2.183265	-0.643593	2.295398	2.000490	2.019481	3.076665	-2.144629	1.218816	0.233136	3.877725
4.800375	2.089576	2.917905	2.783189	4.808918	1.916997	1.187673	0.999870	-0.264407	4.361579
3.071749	3.717222	1.517783	0.961144	-0.713228	1.380408	0.391237	3.867731	0.060891	2.960758
-1.902219	0.537830	1.942616	-2.798067	-1.938766	1.137673	2.527745	-1.045519	0.179415	3.039143
-1.382539	0.117484	1.419888	1.350737	0.685791	0.977268	0.920281	2.902102	2.602244	0.031816
-1.031919	-2.571931	-0.365019	-0.176166	-0.951469	-2.487134	-1.390871	2.656174	0.766159	-2.382843
-2.353570	-6.369331	-4.519422	-3.875795	-2.123559	-2.800757	-3.701527	-3.265724	-3.140458	-4.228652
-0.489701	-0.776229	0.797963	0.198729	2.679308	1.115674	0.042598	2.486287	-1.970328	-1.116830
-3.515624	0.816059	0.208220	1.705788	5.457119	-0.013666	2.288687	4.274482	1.934830	0.050303
-1.376049	-3.024080	-1.845568	-1.254038	-1.372343	0.638398	-0.123772	-2.860163	-0.611306	0.633030
0.285710	-1.348561	-1.180116	-1.755366	-3.728790	-0.845858	2.177704	2.039728	-3.370355	-0.772470
-0.160859	-0.054396	0.243461	-2.925714	0.102060	0.731442	2.995704	0.015129	-0.228937	-0.498413
-0.516868	-0.153999	-1.085754	-2.496499	-1.412206	-0.385625	1.940515	-1.827987	-2.079074	0.297681
-0.244130	2.535919	2.166228	-1.430838	-3.390205	-0.433582	1.389824	1.078552	-0.121284	1.744796
1.921140	-0.100454	-0.865710	-0.845645	-2.626053	-0.269251	-1.454279	0.845620	-0.105089	-0.277186
-0.446972	-1.420730	-1.302978	-0.229736	-0.034766	-2.312853	0.684796	-0.274012	-2.276706	-0.231081
-2.883580	-6.002918	-5.448890	-0.658324	-3.284261	-4.793009	-0.422861	-3.228172	-2.402156	-4.685006
-1.416598	2.834772	-1.336856	-0.266122	-0.961753	0.155862	-0.933758	2.422111	-3.319757	-0.054875
0.037159	1.565930	0.894912	1.832058	4.901841	2.418942	1.901798	3.641309	3.140973	0.422397
3.302175	1.550849	4.194605	2.409004	1.885405	0.414612	-0.838999	1.513193	2.755317	0.786297
0.822235	2.062521	0.043815	-0.128593	0.499923	-4.384643	-1.560855	-1.007766	0.769258	-1.917089
-1.568275	-3.425660	-4.226867	-3.514143	-3.256921	-2.709138	-3.715474	-4.795795	-3.660820	0.850927
3.352729	-1.930601	-1.604547	1.411347	-0.269743	1.872912	-2.119259	-0.806523	-0.226933	2.702634
1.726231	-0.168606	2.338969	3.227970	1.629841	1.224294	-1.216111	0.762624	1.927807	0.805522
-2.512683	1.261121	0.424477	-3.655181	-2.355782	-0.954701	-4.065431	-1.325583	2.027385	-4.997818
-1.284529	1.454877	0.050772	1.404090	1.602072	0.809615	-0.216219	0.688432	0.511389	-2.750694
-1.269721	0.907058	2.621154	0.066978	3.656590	-0.900266	0.342026	-4.005057	-3.550593	2.603986
-1.537074	0.250764	-3.281180	-3.001917	-0.827744	-3.394551	-1.786292	-4.197374	-4.858369	-3.339885
-0.190003	-3.969906	-5.235531	-1.515999	-2.538840	0.854754	-2.108870	0.391357	-0.492651	1.692790
0.591479	2.664649	-0.451496	-0.808567	3.168388	2.932945	0.100997	3.168814	2.264156	1.405404
-0.768643	-1.470771	-1.467375	-1.018821	4.553328	-1.092080	-0.888685	-1.126025	0.827642	0.179356
0.010318	-5.711563	-3.801764	-1.889858	0.551070	1.612177	-2.975009	-5.232578	-2.228396	-1.761457
0.398250	1.096476	-0.813358	1.804025	-1.225897	3.011816	-3.225467	-1.186665	-3.700264	0.513563
2.280840	1.118549	0.846846	3.034431	3.814818	1.596139	3.645750	2.149298	1.487936	4.131017
5.113175	3.222661	4.213856	4.304367	5.327606	2.450250	3.455352	3.652795	4.114400	3.354305
-0.036454	1.737018	1.174879	1.899739	3.195858	0.797353	-2.177350	4.372512	1.469928	1.245929
-3.606259	-0.720374	2.770522	-4.535446	-4.618931	-4.646046	0.015755	-0.143264	-0.965780	-4.361909
1.566951	2.474492	1.949396	-4.057178	-4.036768	-1.785440	3.681081	-5.680342	-5.321922	-1.379305
-1.940834	-1.937675	0.902509	-3.503149	-2.560457	-1.646920	-0.172559	-4.437633	-4.962096	-0.714556
-1.052522	-1.870968	-1.109928	-0.490447	0.720095	-4.895275	-2.580753	-2.448242	-0.324599	-1.424055
1.034179	2.504124	-0.725902	-3.211761	-1.504213	-7.455994	-3.864083	-5.102876	-3.810025	-3.893298
-0.343636	-1.665691	1.282299	-0.497277	-2.624683	-3.317566	0.437863	-3.155238	-1.855069	-3.373778
-1.651775	-3.246500	-3.246713	-0.968182	-1.814918	-3.105575	-2.125697	-3.571530	-1.710525	-2.653388
-0.976441	-3.249792	-3.305524	-1.641862	-1.861318	0.407092	-1.914249	3.940648	1.916916	-1.639321
1.255561	-0.142656	-0.313620	0.568100	-3.404782	2.214552	-2.033774	2.646999	4.011663	0.683633
2.731528	3.919220	1.953715	4.430019	2.161391	2.755520	2.043042	3.153025	2.885923	1.759280
-0.941442	-0.964150	-0.279206	3.271813	1.586803	1.296116	0.544018	0.587632	1.143509	2.332132
-1.887949	-3.811052	-2.419967	-0.891500	-3.051842	0.452656	0.862970	-3.194372	0.358131	0.071496
-1.734795	0.357727	1.194848	2.910798	0.222260	-0.425040	1.360316	-0.347479	0.574601	0.085583
-0.204177	-0.074799	-0.150545	1.977126	-0.405986	-1.200853	0.802472	-1.841878	2.019331	1.576302
-2.463395	-1.335015	-2.249330	-0.520895	-1.219375	-1.207862	-0.084244	-1.585056	1.170735	1.880764
0.465656	-3.640407	-2.921691	-2.584146	-3.201199	3.521753	-1.156216	-2.156199	-2.740275	-0.282222
2.361379	2.036141	1.181987	-0.759306	-3.958252	-0.578988	1.291972	-2.029293	-0.861683	0.647255
-1.342121	-0.022456	2.073621	-2.538253	-3.373926	0.215537	0.694338	-0.603620	-2.891176	-2.991195
-1.774137	3.747817	1.842126	-0.110067	-1.606512	-1.669052	1.648496	0.871239	-1.849639	2.144539
-0.469264	2.507675	1.464518	2.381276	1.102599	-0.374032	3.932762	2.143903	3.436943	1.120065
-1.968993	0.295634	2.639312	2.021795	1.753117	0.641215	4.340951	-0.443408	1.534985	-0.356907
-2.585114	-0.659492	-0.143278	1.521614	2.351753	-0.320287	3.284976	-0.543771	-0.785897	-0.153366
-1.050619	-0.717887	-0.138937	-2.977145	-1.335384	-3.274520	0.259051	-4.963363	-2.870989	-0.056005
-0.804597	1.958965	1.557249	-4.971260	-3.162382	-2.002462	1.508889	-0.645660	-0.311975	-0.201914
-1.790837	-2.798823	-0.466808	-3.377510	-2.967129	4.348105	-1.703700	1.347863	3.423560	4.346315
-1.975726	1.045664	-1.837095	-1.636073	1.582785	2.110801	-3.749703	1.150432	5.081631	2.201889
-0.777552	0.250640	-2.083600	-1.985427	-0.672327	-1.829756	-0.847812	4.133572	1.915853	-3.533985
0.731500	1.343418	0.194587	1.228249	1.822346	2.905753	2.097083	-0.587090	-1.129761	0.885001
1.443943	1.186813	2.506076	4.649976	2.572517	2.206743	2.328889	2.749674	3.193305	3.056352
0.271191	-1.888964	0.041877	-1.331226	0.520096	2.778531	-1.429286	-0.478809	-0.665837	0.898973
-0.864140	-0.615800	-1.973204	-0.572138	-0.941103	0.470731	-4.986939	-1.728912	-1.330773	0.837169
-2.293133	2.598317	0.180342	0.670560	1.823130	-4.443442	-0.186164	-2.741306	-2.105090	-3.195557
1.853525	1.398496	2.169819	-2.565915	0.492608	-0.586475	-2.707858	-1.465964	-4.471478	-0.140702
1.802553	0.940849	2.471833	-1.368444	-0.787960	-0.231657	5.063081	-0.823959	-1.010024	1.238338
-2.714634	-2.954316	0.817886	-2.157812	3.338138	1.155323	0.832952	-3.248664	-4.611818	0.316262
2.477480	0.027609	-0.205618	3.791998	5.147312	2.980873	2.330955	2.484250	1.178850	1.118972
-0.424086	2.897334	3.200221	5.992100	2.621672	0.874503	2.047288	2.064406	2.071289	0.725468
-2.316017	1.792063	1.838803	2.046307	3.361926	0.874718	2.823848	4.188433	2.893607	-0.201053
1.097805	0.303604	2.078727	3.187033	1.276785	0.668023	3.870829	-0.289647	2.462612	1.526209
-0.715104	-0.435640	2.745888	1.358087	1.988854	0.632424	0.303826	-3.098407	-1.359490	0.897350
0.258272	-3.801864	-3.571516	-0.830619	1.258443	0.333422	-1.916670	-5.663125	-4.605493	-1.553133
-0.193951	-2.656467	-3.303892	-1.643678	-0.804843	2.916418	-0.966467	-1.849179	-2.431092	1.531756
-0.998356	1.431055	3.194654	-0.724982	0.341902	2.669913	1.665425	1.977254	1.550616	0.437309
-2.660928	0.052400	-1.425387	-0.783825	-2.783718	1.946304	-1.304807	3.916093	1.497735	0.372023
-1.571852	1.215968	1.645675	-0.298703	-3.220797	0.429890	-0.934075	3.354857	3.635666	0.600990
-1.046314	-0.349542	-0.093271	0.784487	0.939066	-0.548535	-2.314292	2.095165	1.744010	-1.739699
-1.604600	2.833266	1.324363	4.470848	0.951974	2.384026	-0.765776	3.923532	0.861267	0.945449
-0.897196	1.172588	1.575963	4.965878	3.353329	2.508664	0.938058	1.571475	3.115136	0.630725
-2.266089	0.229219	-1.280986	-1.434424	2.328230	0.217573	-0.207707	-3.390193	1.000016	-1.412282
0.106732	-1.983048	0.206900	-3.872961	-5.447724	-4.788457	-5.393892	-5.032560	-4.255297	-3.822281
3.673278	0.074279	1.839802	-1.279237	-0.395533	-0.379136	-2.956916	-1.235914	-2.743306	-3.154683
5.917560	0.861292	-0.415697	1.015441	-0.749901	1.667526	0.397901	2.018453	1.044284	-0.544001
3.811688	2.779779	1.014883	3.013066	-0.471732	1.667017	3.638835	3.460350	4.128569	3.300654
2.591971	2.017030	1.056219	1.617829	0.213269	2.868623	4.421464	4.431084	5.916841	3.397669
3.256416	2.262832	1.934391	0.753919	0.029898	1.850932	1.441164	3.138459	1.794794	3.792133
-2.134270	-2.208428	-0.935825	-1.121775	-2.465753	-1.047271	3.248611	5.926180	0.087020	-0.313270
-1.235579	0.654935	-1.003853	-4.889168	-4.481491	1.431599	-1.485321	1.303947	0.643811	2.125849
0.128392	1.190605	-1.796417	0.494126	-0.028624	1.580728	0.799842	0.138262	-0.194042	2.630675
5.033249	0.452366	1.569055	3.678892	2.193238	2.200398	0.442075	-0.764576	-2.077049	1.110794
4.329395	5.560199	5.235539	3.491011	1.441085	3.972495	0.926349	3.799431	1.692080	4.190993
5.156934	2.291387	0.642507	3.343866	0.726706	2.163302	2.534137	4.343980	2.474435	-0.014143
3.039066	2.185209	-0.121569	1.938237	2.475190	0.865802	2.193313	2.541765	2.718604	0.501872
2.009493	-0.029354	0.573083	2.191404	0.366724	2.372078	2.689547	3.131580	1.434376	3.693625
-2.361384	-3.269723	0.358635	0.426144	-2.458905	-2.894485	1.175512	-0.948281	-3.488060	-1.365599
-3.872566	-2.900320	-3.041743	0.475637	-0.399309	-4.937704	-2.081020	-1.548628	-2.564417	-4.537413
2.439946	-0.884768	-2.383479	1.014558	-1.502104	1.478503	-2.185578	4.645931	0.303494	-1.035731
5.373750	2.803111	1.135997	4.348485	5.929196	1.259523	-0.666789	3.943985	3.635460	3.425934
-0.968856	-0.404905	0.480356	1.402492	6.180477	1.274738	1.125020	1.306823	1.848269	-0.105431
-2.685075	-4.583842	-4.025231	0.574956	2.186823	-3.562067	0.427819	-6.290768	-1.752491	-2.535939
-1.079411	-0.606722	-4.017993	-2.461749	0.825219	-7.550205	-2.917016	-6.425500	-5.177433	-6.504601
-1.568667	-1.090770	-0.530459	-4.115149	-2.468651	-5.590291	-2.507713	-5.781288	-2.729068	-3.692730
-0.856848	-5.322710	-4.398557	-2.639767	-4.350203	-4.785538	-2.180297	-4.216645	-2.560307	-3.030237
2.447042	0.514035	-1.236515	0.578170	0.764447	-2.284059	-2.730994	-0.614987	-2.369064	-2.258233
1.509198	1.726539	1.495438	-0.589564	-0.828916	-2.238365	-1.049628	-0.167429	-1.131548	-2.749027
0.158014	-3.005220	-1.180722	-1.780192	-0.254309	-4.033168	-1.081322	-1.269786	-1.645270	-3.089828
-2.102214	1.893533	1.265977	0.333160	-0.124246	1.765723	-0.735399	4.285625	1.359758	-2.703647
-0.601193	2.605075	2.519811	3.512468	1.798456	2.932997	1.227621	2.448288	4.816828	2.147809
-1.082727	3.802783	2.879256	4.512608	5.367483	-0.378452	0.559616	-0.695313	0.948530	0.398732
-1.383522	3.826136	3.463688	2.807357	3.837519	2.329668	0.218967	2.168404	3.581156	0.227016
-1.408083	5.588410	3.022685	1.898793	3.966251	1.070351	1.270358	0.763425	1.692096	2.537454
-4.215816	0.400786	-0.395673	-1.777006	-1.796136	3.643091	-0.980628	1.006631	2.546945	4.878341
-0.800425	-2.967357	-1.426206	-6.337860	-4.513655	-0.603715	-2.496707	0.328106	-1.711306	1.285273
-1.482414	-1.895838	1.093869	-4.025088	-4.483119	-1.323070	-1.708791	-3.061265	-2.069061	1.736345
-1.434589	1.777624	-0.467966	-2.958009	-3.523740	-3.374677	-1.785192	-4.743798	-5.385227	-0.637645
-1.753554	2.490012	2.886974	0.510360	1.422571	2.871263	3.756579	-1.685210	-0.973007	3.527299
-0.313811	-0.152390	0.334876	0.728404	1.485001	2.323351	2.781014	0.704784	0.125494	1.086977
0.646337	1.588002	0.553829	-0.693692	-0.747158	-3.077212	-1.153593	-0.525530	-2.673226	-3.605812
-2.280315	-5.938525	-1.663179	-2.649442	-0.120916	-10.097325	-3.759348	-2.633568	-3.152069	-7.689969
-1.781366	-5.948583	-4.825155	-3.389755	-2.379982	-3.069085	-1.595353	-4.128242	-1.984138	-3.710694
-2.560120	-0.904185	-3.642707	-2.640243	-3.739064	1.125112	-2.086011	2.186232	1.448969	-0.713385
2.882723	0.800460	-0.446938	0.906886	-0.665768	2.546071	-2.002720	3.099542	4.316350	0.167460
5.126063	0.316145	0.715747	0.332626	-0.901901	3.913696	-1.110979	1.548376	0.578007	1.831944
3.669800	3.103260	2.078547	2.603772	-1.292568	3.069994	1.286417	4.984620	3.275442	2.778068
2.260735	2.415502	2.010364	0.008319	3.047927	4.061771	2.697974	4.069665	2.570356	2.467238
-2.414530	-1.515535	-2.806900	-1.455933	-1.550119	-1.182565	-1.556800	2.704899	-1.399647	1.058256
-2.947994	-2.135552	-3.648041	-2.590285	-2.369411	-1.468807	-2.557896	-2.468388	-3.901563	1.366429
-0.099454	-4.671051	-3.530053	-2.258636	-1.809048	-1.177547	-2.859001	-2.754007	-2.194788	-1.723539
-2.003805	-4.515632	-5.822427	-2.673583	-0.909834	1.517025	-2.399004	-4.558566	-3.204917	-0.599943
0.210356	-4.757692	-4.998654	-1.099920	-3.641966	-2.350784	-2.116887	-2.738774	-3.529946	-1.860876
-2.451667	-3.753029	-3.990522	-2.761341	-2.136646	2.658737	1.678564	0.739561	3.080133	1.110767
-0.493868	-4.835937	-4.555318	-2.156140	-4.567572	1.401695	-0.567731	-1.277869	-0.936376	1.717894
-1.535642	-6.220211	-3.726326	-3.417906	-1.728142	-3.992398	-2.208252	-5.981472	-4.401165	-1.957888
4.352319	0.495156	-0.049731	1.706172	1.474847	0.863665	1.011921	0.988247	-0.878227	-1.023073
0.692220	-1.703026	-2.281914	-1.556996	-0.882001	0.127594	-0.530086	-0.641819	0.236243	-0.717952
-2.341332	-5.543448	-3.921155	-2.255395	-1.781584	-4.583201	-1.796752	-4.541577	-3.900346	-2.280920
1.373071	0.343702	-0.422233	-2.029812	-2.667496	-0.318613	-1.741649	3.999269	-2.089788	-0.401668
4.127337	3.628835	-0.191627	0.635770	-1.219532	1.798869	-0.873551	5.532913	3.254425	3.538612
-0.497125	0.337864	2.456087	-1.607532	0.107013	-3.023849	-3.294530	-2.414151	2.293400	-0.821574
-3.326309	1.002705	2.555435	-4.020903	-0.468555	1.067343	-2.254056	-5.087126	-4.698957	-1.790217
0.075895	3.711271	4.014840	2.986778	4.243670	1.692351	-0.863100	3.950682	4.490562	1.222589
-0.537804	2.877279	2.849831	3.581929	3.620896	1.761482	1.184868	4.699570	3.973964	1.944553
2.057701	0.849645	-0.088566	2.291670	2.274629	0.762442	0.452581	2.948932	2.326453	-0.683219
5.468320	4.154385	0.746178	4.079322	4.283177	5.750937	3.257971	2.073265	2.290637	1.672780
1.709562	2.600418	0.547690	4.587004	4.280546	2.474473	1.721169	1.480665	3.289021	2.794557
-3.290266	-4.147938	1.402300	-0.905561	-1.267356	-1.226548	-0.958790	-3.912574	-2.542592	-3.380382
-1.712355	-6.110967	-4.262163	-6.948652	-1.395920	0.599279	-2.269475	-4.676054	-4.623295	-2.463529
-0.572396	-3.831349	-6.430469	-3.664548	-0.147839	-0.095944	-6.011550	-0.473881	-0.900786	-1.804280
0.070017	-0.517966	1.835211	0.418673	-0.196606	3.143786	-1.401685	0.216742	2.836139	2.308872
-2.779008	-2.226700	-0.354194	-3.016968	-1.032311	-0.748131	1.439556	-1.651991	-1.156618	1.274631
-0.571163	1.753667	2.156846	-1.598049	-2.527049	-2.660694	-1.879395	0.590117	-1.386056	-5.942697
-0.987643	2.078053	1.151059	-0.960550	-3.153410	-1.372504	-2.464506	-3.090441	1.675627	-3.370607
1.889959	0.227076	-1.119825	2.223350	-0.638187	1.174138	0.383056	0.947632	2.198630	0.786804
-0.657253	-3.515548	-3.053179	0.524471	-0.025572	-1.925370	-0.138978	0.513229	0.492553	-0.876659
1.497528	1.609699	-0.213775	2.588933	0.266542	0.067069	-0.274277	1.387145	0.497494	3.474108
0.498704	-0.805969	0.404513	0.850055	1.627262	-1.316350	-1.432910	3.135974	-0.381749	1.264907
-1.009521	4.412964	-0.534690	2.657656	0.376096	-0.097729	2.182951	2.344110	2.046421	-0.016959
0.055056	0.934013	2.014242	3.297952	2.241451	0.005025	1.561435	-1.627353	-0.572701	-1.018786
-0.040764	-2.269409	0.425732	1.434260	3.864734	1.022006	2.049869	-3.349223	-1.780920	4.435427
2.004121	1.302010	1.309702	4.707296	2.069251	2.766908	4.291080	1.684694	1.813460	2.905983
2.014210	3.431882	2.124173	3.606076	2.029909	2.158124	4.206391	1.896691	4.115330	-1.039717
3.409202	2.800217	1.700066	3.131212	2.270015	2.332747	0.939127	5.914360	4.534985	2.936528
3.464297	2.084525	0.314598	2.731418	1.533974	3.935767	2.087209	1.678093	5.458815	2.650421
2.519991	3.231513	2.795486	1.718805	1.533494	0.540377	3.492059	4.798282	2.809312	0.190161
-3.626519	-0.786710	2.189746	-1.600816	-3.214619	-4.849533	1.683496	-5.791081	-2.126334	-0.830050
-1.254737	0.735860	2.986791	-3.689636	-1.976560	-2.857971	3.963036	-2.452904	-4.854132	-1.280310
5.460530	4.538829	2.685132	1.754055	1.390977	3.697551	3.789197	-0.338396	1.149406	2.013779
-2.107523	2.068898	1.539981	-0.038738	-1.418501	-0.659374	-0.232408	-3.262766	-1.875831	0.314919
-2.729204	2.458872	3.173947	0.975292	2.753111	0.189241	-3.730065	-0.689722	-0.062554	-1.852788
-1.420821	0.393049	1.393934	0.202949	1.115920	0.085589	2.564336	1.199526	-0.850877	-1.038044
3.260518	4.097431	3.584150	1.429539	0.277231	3.599357	4.884205	3.576570	0.370790	1.638053
4.349401	1.940915	3.956997	2.834963	1.416350	4.292838	5.704750	2.195600	3.904932	4.804404
-1.193682	-2.367002	-2.149724	-1.962477	-1.090516	3.754419	-0.822323	1.183609	1.460038	1.677009
4.536258	-3.042223	-0.757312	1.220519	0.491840	2.818893	-2.625810	0.696587	-0.262408	4.450569
1.472908	-2.281254	-0.478969	0.298851	-1.109177	-4.357051	-0.602109	-3.042475	-1.394717	-2.643414
-3.441746	-4.885900	-5.680399	-2.406982	-3.668860	-7.225621	-1.690518	-4.405285	-4.329802	-8.089439
-0.463817	-5.313668	-3.772007	-1.796084	-0.889602	-4.822527	1.095663	-3.147151	-4.750279	-1.740304
-0.039721	1.538533	0.331501	3.028542	-0.300696	-0.154677	-0.608670	2.024118	3.603442	1.358992
1.078728	3.913794	1.735715	3.723893	1.830866	1.740021	1.215781	3.054516	4.109846	2.745452
1.172313	-2.411093	-1.137174	0.208262	-0.226209	0.290361	-2.219389	-0.726366	-0.402378	-1.729323
-3.587682	-0.596840	-0.121276	-3.728156	-4.264613	1.287434	-0.541089	-4.670134	-4.259143	3.219772
-0.431675	5.027943	3.842495	3.934533	-1.440937	1.293535	4.417075	-0.604495	1.554738	2.708039
1.253418	2.525944	2.812126	1.213820	-0.311074	0.565558	1.866793	0.542046	-0.828845	-0.155419
-1.584522	1.877551	2.170701	-3.918602	-2.342314	1.949697	4.018154	0.100882	1.239497	1.677702
-0.594613	1.683953	3.896105	-3.301042	-2.225148	0.319450	1.703546	-0.014591	-2.251746	-1.007093
-0.968774	-2.026965	0.679820	-2.256308	-1.786467	-3.830189	-0.044043	-3.129377	-1.247284	-1.367600
1.690377	-1.782013	-3.184471	-0.167711	-1.824861	-1.442621	-0.351829	0.756519	0.883273	-2.511614
1.132520	-0.619906	-2.838187	-0.103559	-1.681920	-4.019551	-2.528426	-1.274905	-1.411882	-3.954830
-0.594064	0.884545	0.094651	-2.545465	1.310567	-2.106778	-2.375950	-1.233752	-2.425556	-1.595043
-0.554893	1.314926	1.571925	-1.288237	0.914810	-1.800104	-1.738019	-1.242123	-1.227956	-3.064246
-0.039587	-0.045775	-0.488687	-1.621588	-2.272780	-6.210529	-2.844650	-2.357120	0.852612	-5.934633
0.838935	0.147929	-0.111405	-2.993628	-2.821093	-2.362053	-3.044061	-0.843542	-2.371557	-1.975799
-0.873046	-0.172072	1.334549	2.218332	-1.027216	1.835325	1.513828	-1.009289	-3.001766	2.026464
4.888052	1.843209	3.827954	5.002381	2.388362	2.452107	2.357297	1.557240	1.886681	2.484562
-1.580091	-2.115638	0.925287	1.038006	3.436151	-0.538205	-0.069874	-0.503952	-2.040518	-0.575198
-3.521492	-4.618423	-4.691971	-2.016703	0.950665	-1.891909	-4.191005	-3.239763	-4.037063	-3.034109
-0.623569	-4.358155	-6.128343	-1.669658	0.623714	-4.066100	-1.607317	-1.496888	-3.971856	-3.044565
-1.398840	-5.017344	-4.581450	-2.620271	-2.311690	-2.861176	-3.369931	3.079876	-2.780796	-2.701457
-0.404621	1.222403	0.717687	0.877348	-3.478335	0.164268	3.122531	3.126335	0.619220	-0.166681
1.599170	5.119079	3.890048	6.762787	4.414289	4.105436	4.856148	3.451696	5.138394	3.002172
-0.460682	0.684278	2.675614	0.330334	3.942495	0.386433	3.866999	0.205364	1.846129	2.135508
-1.968893	-1.157405	1.407864	-3.540521	-1.053707	-6.223437	-0.397339	-4.040152	-3.475272	-5.946967
0.765423	1.407227	-1.091719	-1.409488	0.257094	0.043733	-4.418485	-1.785744	-1.839101	-0.581046
1.626152	-5.002830	-5.176353	-1.006479	0.007009	-1.775453	-3.683962	-3.190203	-2.345255	-2.441325
-2.196521	-3.037378	-4.770755	-0.056205	-1.019354	2.278110	-3.915691	-0.287220	-3.408425	0.662302
0.176293	0.252784	2.601158	1.500026	0.499516	3.605528	5.042209	1.291917	2.784594	3.236340
0.135682	0.982256	3.161573	2.367302	-1.717372	2.196906	3.769816	2.301218	0.147312	3.249393
-1.175966	-1.844861	-0.581525	-0.126386	-0.573809	-0.155151	0.243312	-2.496205	-1.106963	1.261264
-1.258860	0.411437	1.576051	1.654752	1.644511	1.870162	1.511275	-0.682141	2.436578	4.367358
-1.519711	-0.700446	-0.880010	0.701407	1.311896	0.946950	0.071789	1.413125	-0.415155	2.816175
4.717073	-2.385005	-2.187718	0.458370	2.585452	1.164017	-1.682967	3.455504	4.002248	1.915018
-1.041716	-3.247834	-4.193683	0.824931	0.337986	0.269668	-1.629110	0.812011	4.734299	-0.858813
-3.776285	-6.520826	-5.462813	-4.147217	-1.420499	-3.499195	-3.014956	-3.562640	-3.303692	-0.515017
-2.981340	-3.507570	-0.669313	-3.771883	-2.453198	-3.584667	-2.134823	-4.184336	-5.147214	-1.666396
-1.956185	-0.373658	-0.718390	-1.947275	1.222392	0.081354	0.543474	-3.254660	-4.167154	-1.444752
-0.103627	0.387421	-1.700247	1.165599	4.412572	1.701870	-1.861881	-0.864698	0.686199	1.013913
0.915433	2.739079	-0.963687	1.210331	4.593144	3.780084	0.134099	2.950265	3.376458	3.546995
-0.910108	0.546928	1.574290	2.065514	3.203308	3.851995	-0.770600	0.289845	2.964335	3.849090
-0.937153	0.214983	2.431583	0.369441	4.770963	3.942205	1.194109	-3.148943	-1.372958	1.711490
0.029298	2.783158	-0.657705	-2.001996	-0.819093	1.071914	-2.659085	-4.029782	-4.175308	-0.310109
-0.311056	-3.000132	-1.677073	-2.395702	-0.732063	-2.045079	-0.908893	-2.858057	-2.127503	-1.027517
0.040987	0.172830	0.428985	-2.785585	-3.115050	0.466224	2.289274	0.499249	1.911470	0.217059
-0.338772	1.221960	0.316174	-2.779850	-2.941361	4.677022	2.039208	3.614251	4.258323	4.814508
0.168270	-1.024825	-4.739499	-0.747404	-2.453900	2.340311	-1.820998	1.262266	2.888168	3.080120
-0.888586	2.288995	1.522773	4.785448	1.948724	1.448689	-0.084454	1.876509	4.195317	3.103183
-0.498134	1.898036	1.175002	4.944601	4.286204	2.087650	3.912837	4.556496	4.869582	0.293984
-0.508071	3.236420	2.608496	0.762348	0.158031	-0.065309	2.803767	2.461842	3.056274	2.095309
-1.076791	-1.896136	-1.826432	-2.253214	-3.550406	-2.162293	1.020935	1.606465	-1.713494	-4.096856
-1.614889	-2.169112	1.080030	0.984909	-0.978617	-0.816110	-0.553564	-1.434022	-0.027012	-1.059727
-0.271457	4.398114	1.284397	3.088012	4.911386	2.097835	2.001168	-1.396703	0.104932	4.054381
-0.875089	1.337660	3.625284	1.178393	4.002389	2.850435	2.377731	-1.198763	-0.249154	3.228849
0.033022	1.707448	-0.627094	-1.689653	2.434979	-0.240718	-0.785675	-1.772086	-2.839257	1.460060
0.997986	-2.238502	-2.512119	-1.570130	-4.526957	-2.940132	-2.751050	-1.759660	-3.998469	-0.927204
0.128010	1.184031	0.323826	0.272159	-1.959937	-0.287316	0.533410	0.229132	-2.751579	-0.566563
1.197905	-1.396532	-1.695641	-0.958289	-3.270974	-1.288179	-0.445492	2.005602	-2.228078	-1.658537
-1.153621	-3.859672	-3.436699	0.433024	2.826014	1.780371	-2.296353	2.131065	0.960842	0.829655
0.285142	2.381433	1.094771	4.390696	4.650810	-0.951876	3.129135	-1.321167	1.795890	0.757191
0.726506	1.024402	0.066591	-0.999475	3.335896	-0.281631	-0.878323	-0.283079	-2.393625	-2.528450
6.109881	3.412256	0.761680	0.725608	1.764856	1.931396	1.295481	4.385240	3.105304	1.470411
0.365378	-1.037685	-0.044538	2.034346	-0.320130	-2.460303	-2.322544	3.307004	2.376686	-0.743148
-3.426491	-1.374703	-2.571942	-0.739162	-1.363981	-1.628441	-2.766587	3.056024	0.893626	-2.532950
1.922585	0.911024	0.991592	3.714683	1.606086	2.003573	1.350561	1.861313	3.780234	2.698685
0.121018	1.196312	0.229887	2.743483	2.803650	1.203928	-0.022986	1.944081	5.122814	0.322933
-0.715979	2.969781	1.593966	-2.472263	0.651593	-1.507885	-2.434915	0.620841	1.549274	-2.802427
-2.069694	0.978649	0.841252	-4.324552	-3.726104	-7.730978	-2.867113	-3.058296	-3.592679	-6.982318
-0.873314	0.518733	-1.451029	-2.974183	-1.989761	-2.461160	-1.672063	3.411479	-2.335441	-3.319561
-0.452627	-1.354849	-3.061154	-3.446754	-3.295697	0.983659	-3.275449	1.208879	-0.779804	2.360622
0.851481	2.140319	-1.073100	3.032240	2.145371	4.683469	0.520146	-2.387288	-0.407064	3.899509
-0.205979	0.698653	1.145259	2.792701	-0.307678	2.154562	0.672441	0.070490	0.873285	3.513080
-1.577493	2.276068	-1.237753	-0.633167	3.775740	-1.963372	-1.615144	1.326521	1.698249	-2.023587
-0.578647	-0.054919	-1.507013	1.406842	3.877707	-0.394741	-0.708489	1.336816	3.165532	-4.583510
-0.247730	-3.483096	-2.753296	-2.589966	-1.877795	0.483848	-2.063972	0.625984	-0.397660	1.712990
0.076073	-0.716447	0.911222	-3.196887	-3.465681	-2.689613	-0.801371	-4.590066	-2.701322	-1.844905
-0.608726	-1.103260	-1.306437	-2.697612	-3.055069	-5.411731	-2.024161	-5.403825	-3.988748	-6.908114
-0.131514	0.596778	1.345851	-0.421934	1.610328	1.230888	-2.646119	-2.095383	-1.830635	-1.076754
-0.036578	1.540880	1.663210	-0.011545	2.161494	-0.630961	-0.894119	-3.288132	-0.858577	0.254058
1.354996	0.787656	2.870561	-2.321236	-1.160884	-3.575283	-0.760935	-1.047064	-5.359070	-3.647993
-0.227582	0.036817	4.551928	-2.950496	-5.271618	-4.292482	1.220361	-1.150868	-2.826107	-0.610023
-1.511297	0.793775	1.614530	-2.377817	-4.164221	-4.546562	-0.983905	-5.334137	-2.059985	-4.425146
0.833563	-0.297761	-0.540610	-2.782886	-3.110501	-3.793124	-2.736802	-3.284263	-3.310198	-5.100774
-0.778491	-1.271482	-1.258171	1.142009	-0.370570	-1.779871	-4.498401	1.455664	-0.085142	-2.404219
1.023655	1.491721	2.395165	-2.984120	-0.412535	0.162197	1.292527	3.311952	1.090690	-0.500492
-2.437788	-0.246945	1.585019	-0.329560	1.169096	1.755480	-0.548386	2.286310	3.009102	1.249996
1.898191	-0.634371	-0.467792	-3.619695	-4.756981	1.525479	-2.875209	2.810946	1.678000	-0.315162
1.730906	2.180049	1.592751	-3.173313	-4.101973	2.172795	3.750990	3.707270	1.745288	1.604526
-1.016634	-0.376779	1.265165	0.818304	-0.976781	-2.567267	1.826444	-2.720312	-2.314426	0.639252
-0.602018	-1.702447	0.611067	2.147971	-1.457008	-1.545606	3.743286	-5.144888	-1.406339	-0.021786
0.093267	-3.052652	-1.277630	-1.732595	-2.807154	0.592284	2.440349	2.375848	-0.245743	-0.380395
-1.625570	0.094413	-0.433509	-1.981976	-2.012618	3.089508	3.244267	3.617508	2.653366	3.534924
-0.845418	1.689251	1.105544	-3.400554	-3.576897	1.698773	3.112375	2.747199	1.258795	2.073269
-0.297767	1.989167	0.401839	1.935989	-2.301088	-0.969813	1.453507	4.017530	1.133650	-3.471361
-1.949008	-0.903936	-0.742909	3.288774	-0.232586	2.154556	0.579397	-0.071188	0.808638	-0.953464
-0.841630	0.487646	2.262209	3.236119	1.865218	1.516391	0.770181	-1.380946	1.388363	1.298062
-1.674425	1.010714	2.595103	2.484747	1.529431	0.753101	3.319594	-1.460835	0.082333	0.781719
2.834416	0.056472	1.352483	1.158776	1.717463	2.187796	3.341869	2.263156	-1.296445	1.801313
5.281002	3.431421	3.677955	3.527829	2.133826	1.830390	2.305444	4.111536	3.862134	0.495050
4.765241	3.243463	4.050328	4.871028	2.291133	0.456594	1.954451	2.530816	5.088776	1.303435
5.541742	0.885799	0.754106	2.361895	1.474098	0.360820	0.265826	3.510206	2.705090	0.011877
6.430511	0.385330	0.375995	2.294951	-0.987163	0.948884	3.699003	0.563016	1.216780	2.170784
-3.177044	-0.623044	-2.123102	-1.807779	-0.781832	0.248799	2.034916	-2.409542	-0.319446	0.220468
-2.767416	1.905078	0.973817	2.872226	3.079710	0.763381	1.258100	-3.809558	-0.639183	1.031040
-0.037298	1.336596	2.330354	1.696890	-0.381818	1.157046	-1.056913	-3.386522	-0.311123	2.150110
-0.753484	-4.523590	-1.594491	-1.306663	0.761407	-2.121590	-0.189390	-1.318120	-2.275160	-3.865306
-1.580068	-3.433982	-3.313618	0.605189	-0.152993	-1.175009	-2.175398	0.380157	-0.489989	-5.201096
0.505355	1.492421	0.774271	0.687269	2.337307	1.153405	-0.697107	2.969321	2.102696	-0.398644
-0.749809	2.124016	-0.052228	4.158402	4.088833	1.578270	0.207016	2.058985	-0.830997	0.430065
-2.708554	2.094703	0.153382	5.501309	4.397610	2.444706	3.123001	2.812259	1.478136	1.385349
-0.707077	2.084681	1.158395	0.932215	2.692867	1.871731	1.150176	3.222057	2.491600	2.761225
0.332527	1.818346	-1.421394	1.349142	2.502534	2.180663	1.013271	0.455189	2.384701	0.872310
1.847261	-2.728401	-3.514893	-2.536788	-0.767761	-4.202577	-0.763687	-1.426732	0.247145	-5.398776
-1.633669	-0.298764	-3.694209	-3.832552	-2.388886	-5.240369	-3.650872	-2.444793	-0.172965	-6.247714
0.018938	-0.741345	-0.296453	-2.374428	-3.370110	-1.878995	0.115544	-3.770283	-2.163324	0.459916
0.139687	1.157454	3.944266	-1.415596	1.593502	-1.175334	5.191884	-3.569788	-2.641129	2.352635
-1.541720	1.929831	1.731636	-2.904934	-3.416818	-3.844565	1.174173	-0.710396	-2.909174	-1.449136
-0.198281	-1.387718	0.345545	1.411478	-1.515636	0.368231	-1.716969	4.883006	2.484342	1.992323
-1.700093	-1.427495	-0.993219	-0.505340	0.853484	1.596875	0.368482	-0.092171	-1.009277	1.881636
0.728845	-1.915503	-0.824871	0.216330	-0.506822	0.882387	0.946045	-0.248713	-3.788629	0.056423
4.666037	1.459055	1.805875	5.438708	4.445880	3.163488	0.497538	3.418193	5.494189	2.212608
-1.867818	1.302375	0.579602	1.157311	2.748529	0.718197	2.330880	0.408760	4.045076	-0.029887
-1.949618	-1.523545	-4.052405	-0.781545	0.484360	-0.211465	-1.387714	-2.343701	-2.736965	-0.828839
-0.842461	0.494590	2.274036	0.293757	0.729611	-1.047279	3.881372	-2.069076	-3.920234	3.064974
1.128653	-4.235822	-1.452592	-2.761468	-1.483681	-2.644825	-1.488548	-1.953853	-4.558431	1.905477
-3.031075	-3.586585	-5.004009	-3.240706	-3.648978	2.196518	-2.346163	4.237981	-0.302356	2.347491
-1.403445	1.781797	-2.534034	0.058456	4.608658	2.954868	-2.421762	3.201139	2.483788	2.053739
-0.674756	3.016121	0.325314	0.027431	3.990264	3.712443	-1.410834	4.341332	2.674401	1.216846
2.165492	1.617982	2.901814	-1.108170	-0.843421	1.471064	-2.016172	2.857174	-0.610821	-2.989966
-1.392101	0.678577	-0.103356	-2.481637	-3.951262	-1.316351	-3.044469	-1.090623	-1.327979	-0.487175
1.805066	-0.011797	-0.196715	1.541140	2.762781	2.715114	-0.003819	0.836052	-1.626477	0.804642
1.108691	2.000954	0.946612	2.256168	3.069243	-1.444420	-0.541918	-1.718088	3.210481	-1.269991
-0.869626	-0.629073	2.497005	-1.674446	-2.553438	-0.021038	0.587336	-4.047631	-4.485910	-1.792454
4.495817	-1.091282	-0.816760	-0.122295	-1.482626	-0.512522	3.203146	-0.079065	0.741745	1.258276
1.716118	-0.588277	-0.637405	0.119625	0.293214	-2.930656	0.996510	-0.493778	-0.356160	-3.314679
-0.444523	-0.727562	0.778845	-1.947282	-1.881681	1.204277	-1.844872	-0.585360	-0.218031	2.313802
2.550194	1.734458	-0.264032	-0.685213	-1.903677	3.249493	-1.748102	-0.168899	2.845125	0.434641
-1.459531	0.155280	-1.109561	4.154332	-0.587040	-3.438794	0.064616	-0.250883	3.724801	-0.211943
-1.089799	-4.005801	-1.121665	1.714454	0.070264	-2.782967	0.538376	-2.377002	-0.503412	-2.127628
-1.897909	0.074611	2.435631	-3.445447	-1.131133	-0.641213	-0.892027	-4.571245	-3.941522	1.534804
-2.206461	-0.132388	-0.381597	-1.454774	-1.840398	0.632383	-3.625600	1.729500	0.311463	-0.392725
