X1	X2	X3	X4	X5	X6	X7	X8	X9	X10
-0.563404	-3.253516	-4.559082	-1.915183	-3.743355	-3.851816	-2.660983	-1.729071	-3.868816	-4.697992
0.493218	-0.875514	0.948692	2.779315	1.214000	0.678193	2.058852	-1.230275	-0.385230	0.625994
0.006019	2.209724	3.423090	3.712716	1.135855	1.345660	5.883254	3.112339	3.097286	2.297934
0.811400	1.640088	0.229616	1.784822	0.643112	2.157599	2.037954	0.684153	3.025216	-0.616777
-0.377034	-1.622231	-1.612731	-1.564062	2.958273	2.542223	-2.807518	-3.313549	-2.819653	0.419057
3.927919	2.372159	1.751952	-1.530332	-0.876558	4.219349	4.380970	0.087016	-1.853236	2.885633
1.010263	-1.190949	-0.154332	1.118518	1.862322	2.452293	1.153449	-3.564769	-0.731044	0.958752
1.522403	1.699237	1.553021	4.404291	5.700419	4.452072	2.176854	3.808078	2.201809	3.234112
0.997842	0.708011	2.017813	1.601394	1.825337	-0.969697	0.899618	2.471141	1.613812	0.643816
2.007585	3.027366	0.700351	-1.339868	-2.962716	-1.528693	-2.893524	1.304803	2.987354	-1.512635
-0.588265	2.973596	0.841738	-3.818189	-3.319533	-5.258698	-3.595936	-1.419754	-0.575774	-4.437736
-2.632401	-2.040603	-3.160720	-2.616561	-1.969906	-4.054590	-2.545083	-3.541145	-2.636383	0.355519
0.993381	-5.141237	-4.392916	1.226023	-0.034926	1.838051	-0.228927	-1.260088	-0.310882	2.778635
1.278086	3.252190	1.619355	-0.205631	1.482716	2.565347	0.708769	3.560301	4.506223	3.011219
0.545020	-1.482926	-0.823499	0.027786	-1.984468	-1.331279	-0.615657	-0.760293	-2.039177	0.765381
-1.079411	-1.754088	-0.961771	-2.054017	2.172031	-1.747804	0.567533	-2.767086	-2.066187	-2.041570
-1.655801	-2.439999	-1.111954	-1.713032	-1.729973	0.412597	-4.371923	-1.381394	-0.516914	0.613277
-1.261443	-0.044961	3.411162	3.637650	0.849032	4.386246	2.320514	2.637168	2.343739	1.816834
1.815669	3.358024	2.892883	5.921840	7.080459	3.858271	4.126885	4.752687	3.272966	3.325713
-0.201658	4.872854	2.425719	2.048547	4.096621	4.038695	4.073627	4.586347	4.392765	2.801727
-1.262216	-3.157470	-0.701521	-1.676318	-0.903465	-0.922456	1.200782	-1.120665	3.219433	-0.031408
-2.172298	-1.067549	-3.300228	-4.008344	-6.392286	-5.415654	-3.808013	2.982838	0.676469	-0.836277
-3.228796	-0.072984	-1.272393	2.225082	0.152074	-0.342373	-2.187017	2.295044	-0.270729	-1.849064
0.786200	0.051327	2.923394	-3.071530	-0.079868	-3.744787	-1.871391	-3.536559	-0.930159	-2.882353
-0.776303	2.791886	1.993343	-2.169266	-1.494895	-0.984868	-2.292395	-5.892182	-4.788822	0.358674
-1.986995	-0.366307	-0.381837	-2.135914	-2.823891	0.535212	-1.640990	-1.684835	-4.039714	1.912536
0.317333	3.471552	4.397765	3.101740	1.190964	0.375680	3.924362	2.133371	-0.002135	1.276551
-1.249408	3.189165	2.860558	4.968310	3.147386	1.246965	1.719301	3.681029	2.545720	-0.203862
-0.720208	-0.036565	-1.412948	-1.640889	-0.601806	-7.486706	-1.190037	-3.206970	-0.622345	-1.086882
-0.925457	-0.242733	-1.000542	-3.702844	-2.681392	-5.501104	-3.617912	-2.661533	-1.552824	-4.816091
-1.369244	-2.801136	-4.523016	-4.092338	-1.449354	-5.967402	-5.597188	-1.302965	-2.454114	-2.106766
1.110644	-6.147168	-5.418258	-3.716556	-1.767771	-4.448270	-3.931129	-1.043773	-5.456405	-7.137187
-0.987982	-3.799024	-5.833761	-2.007182	-4.357125	0.944419	-3.255299	-1.350459	-2.674792	-3.207934
1.890391	-2.258598	-2.761413	-0.084099	-2.024294	3.404993	-0.043262	1.247772	-0.331765	0.997416
0.695576	-4.567484	-1.486605	-0.934591	-1.593259	1.366281	-1.885285	-1.815880	-1.301916	-0.222116
-0.091913	0.204824	1.435570	2.218060	-2.095399	0.976911	2.373466	2.542382	1.553166	1.210891
0.115636	-0.981965	-0.638477	-0.333728	-1.613094	-1.281691	0.453624	2.102360	2.007390	-1.887840
-0.619560	1.239556	-1.591538	0.886363	-0.727224	2.204704	-1.151580	-1.775946	1.188969	-2.815089
1.096111	1.896995	3.296794	2.311051	0.316733	1.598823	1.084185	1.465567	0.929813	-0.549533
2.361767	0.049561	-0.388971	-1.458745	-1.308403	-0.665807	-0.431452	3.229802	0.928437	-1.340750
1.011221	-1.803937	-1.879927	-2.135706	-1.519311	-6.562960	-2.678563	-3.278334	-5.611347	-1.560020
-0.433608	-1.338890	-0.562967	2.512587	1.096928	2.871691	1.417679	-2.023437	-0.372325	1.573580
-1.078005	1.879912	1.841517	3.685054	1.208536	1.863972	0.500001	3.101400	-0.283083	-0.436031
-0.284153	1.451779	2.415031	-0.636486	0.803332	-2.918093	0.163027	3.910688	0.421196	-0.939430
-0.662933	2.863223	0.915080	-2.804912	3.466437	0.972523	4.314981	-1.390165	-2.061373	0.882902
-0.493528	3.425254	2.533169	1.697295	5.308669	5.961843	2.444984	1.405451	3.335726	1.150986
0.452380	1.395284	1.858605	3.532357	5.456350	2.427292	1.164657	2.865850	4.268009	1.606141
-1.328089	1.453323	3.243791	-0.602007	3.348696	0.830692	-1.311880	-2.250755	0.500895	0.910087
-2.281116	-0.914614	1.145231	-1.099976	-1.948671	-3.559232	-0.343909	-2.851850	2.656600	-1.931656
-2.292782	-1.785817	-0.709472	-2.800429	-3.238435	2.032140	-4.195014	1.833781	2.078442	-0.181471
0.397533	-2.153373	-3.392715	-3.683946	-3.204378	1.751932	-3.570079	-0.089945	3.011541	-1.552339
3.555650	-0.506668	-3.622795	0.680194	-1.544381	-0.550037	-1.694192	2.128890	2.222714	-0.170044
2.451589	0.818210	-0.586411	-0.394488	-1.261528	-0.050246	1.819361	0.464204	0.345480	1.583834
0.926172	-0.675925	0.468438	-2.480173	-0.753402	-1.960674	3.022389	-3.942982	-3.699541	1.155008
-1.776181	0.423340	1.873353	0.872762	3.622413	0.569996	2.717504	-3.456246	-3.946631	0.168497
-1.032047	0.127720	0.511933	-0.178965	3.792031	0.350884	3.434611	-1.771068	-2.521871	1.921514
-2.214806	-1.885272	1.213080	-3.201732	-3.164232	-0.787894	2.619818	-2.696823	-3.599040	1.417475
0.533866	-1.653022	-0.175210	-1.814221	-4.885063	0.331980	0.860930	-4.139288	-2.211620	1.328994
0.883889	-1.071916	1.024363	-0.840011	-1.076348	-1.654378	3.061751	1.323561	-1.312491	4.023185
-0.778614	-1.243239	0.182297	-1.798083	0.378626	-0.017653	0.779382	-0.898849	-2.340334	1.357360
-1.605220	2.644523	3.591688	1.743582	-0.323529	1.670669	0.257624	2.995008	-1.840031	2.684531
-2.519807	2.216085	2.424635	4.304503	0.059497	-0.144997	3.805078	-2.587242	1.412539	-1.460389
-0.710952	1.431961	1.916432	1.967899	0.792615	0.015161	2.381340	2.227028	-0.930707	0.706710
-1.626434	-1.223535	0.255976	-2.280813	-2.186865	0.422156	-4.048791	0.649348	1.440949	-0.550462
-2.219828	-3.418488	-5.501538	-0.715415	0.619466	0.604799	-2.712921	-4.678055	-1.317473	0.444807
-0.641114	-3.605884	-2.881315	0.452409	3.647015	0.567201	-0.778355	-5.261653	-3.215057	0.470124
-3.651069	-3.267009	-2.192360	-0.813123	4.071491	1.445071	-0.031199	-1.451915	-2.250685	-0.645701
0.208929	0.185552	-0.226879	1.814703	2.249598	0.888218	3.088337	1.995687	1.759158	-0.649260
-1.180597	-0.192288	1.216122	-2.371095	-1.959157	-1.181548	3.510446	-2.452517	-1.598209	0.058554
-1.755325	-0.963814	-2.096465	1.196095	-0.353969	-1.091322	2.750017	-4.185898	0.256227	0.009747
-2.414636	0.837986	2.215354	-0.735911	0.640965	-1.951896	5.212540	0.455574	0.116483	-1.247173
-1.109706	0.686327	1.871872	0.562699	-2.580652	-0.242064	-2.260299	3.518827	5.197971	-4.607400
-1.244416	3.056621	3.223182	-1.960262	-3.094518	0.883779	1.045588	3.989791	2.885607	0.129169
-0.052345	2.607782	1.275875	-0.551581	-2.365031	0.048736	1.016088	-3.041304	-0.059898	2.785541
5.245927	0.787522	1.631944	0.812952	-2.004292	4.014513	1.646886	3.730968	3.276869	3.034219
3.286520	0.770154	3.870181	-1.220953	0.271899	2.719410	1.784966	2.243736	0.512419	1.945007
1.871253	1.980388	1.334278	0.253814	-0.801758	1.345431	-0.136686	2.872327	2.961262	-0.464591
0.309945	-0.672862	-0.654074	-0.185538	-1.925767	-5.372823	-1.779289	-4.220231	-1.890692	-3.146573
0.638012	-3.641987	-3.783983	-0.626101	-2.129630	-3.726552	-1.896159	-5.770814	-3.407334	-3.250936
0.586973	-2.511475	-0.226058	0.353531	0.960549	-3.052056	-0.533313	-0.906695	-2.310858	-0.392178
-2.418155	-2.025317	-2.411505	-0.966036	3.200966	-0.083636	-2.923970	-2.260251	-2.994556	3.155603
-0.668457	-2.184802	-3.358734	1.262004	5.645314	1.930906	-1.405548	-0.584659	0.989276	1.251706
2.022282	2.644679	0.741547	4.633454	6.137988	2.983869	2.639735	3.215804	2.040145	1.593535
2.604277	4.163735	3.092130	4.115418	7.242582	4.488850	2.869959	2.009358	2.970853	0.581888
3.279142	1.911073	1.932008	3.433199	5.022986	2.820344	3.026405	3.273624	1.093603	2.995167
0.640890	0.778901	0.071572	-0.401903	2.288794	0.210948	-0.656545	1.774419	-0.112004	-2.035430
1.119832	1.863527	-2.369084	0.846313	4.352596	1.396157	-1.645312	2.315960	-0.914767	-2.027403
3.354380	-1.441345	-2.972767	1.145446	-2.116117	3.838966	-2.213414	3.083763	0.549613	3.501648
1.211443	-0.809707	-1.243885	-0.369505	-1.554055	3.607567	-0.423070	2.593843	2.802334	0.718621
3.609032	2.930846	4.360257	2.168157	1.717770	3.176055	3.920700	4.487710	4.356695	3.253215
4.862854	2.915216	-1.009748	1.605729	0.066749	4.735722	2.394777	2.910876	6.231890	1.535728
5.353916	1.950509	0.220494	0.240906	0.298368	3.420461	-3.097457	1.211150	2.077016	2.439458
-1.904575	2.102928	1.557380	1.202384	-1.710984	0.845764	-1.952320	1.160739	1.606766	-0.589997
-2.402613	1.837373	3.083603	0.543655	-0.588219	-2.658980	2.035869	0.954448	-0.327167	0.066260
-1.881295	-1.850252	1.427360	0.171113	-2.077152	-8.702579	-0.455808	-3.468018	-3.955589	-2.317275
-1.627617	-4.668948	-2.929853	-2.549149	-2.884594	-3.224942	-3.611568	-4.027459	-3.326811	-1.054003
1.082523	-0.825213	-5.157839	-0.095542	-0.345159	3.184819	-0.866727	1.536327	3.295460	1.394371
2.251226	2.416950	1.621799	2.955426	1.056537	2.765494	-0.378402	4.211635	1.722611	0.924444
0.551692	-0.906859	0.881160	0.762044	-1.110117	-3.757729	-0.985309	-0.879336	1.009232	-1.809789
-1.843579	-1.814743	-3.011658	-0.269699	0.110362	-5.489661	0.447637	-1.921793	0.170711	-3.402031
-1.939790	0.271396	-0.977856	-0.896315	-3.139939	2.289886	-2.010678	4.887255	1.888135	-0.225288
-0.456944	2.609053	1.148366	0.484283	-0.481535	2.941498	-0.414970	5.247701	2.865590	1.174935
-2.436843	3.202024	0.964709	-1.082017	-0.096640	2.300263	0.206150	4.181531	3.859062	0.215734
-1.732494	-1.399496	-2.744926	-1.081530	-0.958269	-2.658233	-1.098332	3.253333	-1.304763	-1.340998
-1.232802	2.852488	1.027062	1.580131	1.257363	0.664196	2.732372	3.851191	2.537598	0.768233
-1.726874	3.055767	0.329375	1.264950	-0.519158	-0.235063	-0.302449	2.961689	1.100431	-3.409879
-1.268918	1.724035	-1.295183	-1.666088	-2.653648	-5.566426	-2.251106	3.837008	0.753518	-2.755240
1.107859	0.885483	2.114692	-3.395499	-0.178619	0.421692	1.862591	2.837428	0.039144	-0.869059
0.953946	-0.712397	-0.942298	1.272401	0.061413	1.271377	-1.940867	-0.082274	-1.435110	-1.904842
-0.323766	-4.478515	-4.161946	-1.101604	-3.169966	-6.255888	-2.728788	-8.057321	-4.577059	-3.659798
-0.226389	-1.981481	-4.902049	-0.976131	-2.258269	-2.977219	-4.856781	0.168162	-1.023123	1.025264
-1.045134	-1.225005	-2.763499	-3.160897	-1.966710	-3.201231	-3.878152	-2.428451	-3.901317	0.528537
-1.884914	-4.264901	-2.928392	-1.208518	-3.164702	0.936858	-4.217909	-4.131789	-4.867861	1.496210
2.990759	-0.109378	-0.035319	0.555387	2.166440	2.946833	0.577244	2.326021	-0.107271	3.492374
3.040172	0.576549	0.839725	-0.127797	5.737006	0.675874	0.537900	4.519148	0.483434	-0.345383
2.315809	2.051468	1.766450	0.154411	-0.669118	-3.088334	-0.114144	-1.765339	-1.950864	-0.536669
-0.931743	-1.537635	0.230662	-0.533804	-4.286044	-0.984410	-0.279992	-6.040673	-4.072081	-1.555898
2.531900	1.663326	-1.571730	0.940339	-0.578984	1.549129	1.278251	2.017015	-0.560235	2.100220
4.780925	1.557437	0.428482	2.926124	1.682551	1.536065	-2.153215	3.700990	1.653757	0.457571
3.954614	3.146482	3.705809	2.279435	6.110451	2.510078	2.808705	6.490419	2.757577	2.139944
4.069852	3.021147	0.342658	1.343456	0.675704	1.587352	-0.176189	1.152166	1.462110	2.375224
3.877123	1.301314	1.008039	0.498770	-2.109999	3.468667	3.745401	-0.879404	-1.015161	2.944198
2.412112	0.214469	2.498361	0.994163	0.451833	-1.009395	4.102075	0.653275	-0.141752	1.083552
-0.165299	-0.273605	2.561135	-1.337881	0.466589	-0.462654	2.136432	-1.356234	0.445922	0.323570
-2.323524	-0.081224	-0.030630	-2.445476	-3.814039	4.668172	2.648172	1.001435	2.379847	0.983238
-1.408381	-0.858505	0.877575	-3.336136	-1.217659	2.745265	-0.680104	-3.716355	-0.595594	0.562240
-1.764886	-1.389966	1.230560	-2.220175	-2.382879	-5.052596	-3.541195	-7.189539	-5.230412	-2.914440
-2.353053	-4.648522	-4.854965	-3.057605	-2.234306	-1.106728	-2.814201	-1.723052	-3.824322	-2.157520
-2.157999	-0.169691	-1.064792	3.441462	1.719254	0.242050	2.170180	-1.332228	1.075464	1.067686
-0.148439	-2.528091	-2.602110	0.896514	0.149693	1.106019	0.960349	2.313098	0.812933	0.733158
-1.066689	-0.322837	0.583889	-2.334059	0.626906	1.675359	0.655509	-2.327508	-1.283326	2.386480
-2.910762	1.292253	1.449615	1.605833	-0.276111	-2.414746	-0.405739	-3.349979	0.114576	0.417535
-3.435873	-0.013438	2.900875	3.605180	3.477235	0.512685	4.219707	2.655354	0.733728	-0.170596
-0.814536	2.579174	3.199778	-1.261625	0.141442	1.611834	4.080651	3.620859	0.028921	1.723068
-2.324265	-0.305929	-0.323468	-2.776691	-3.983296	0.082183	1.313693	-3.079294	-0.423154	1.205811
-3.789371	-4.481762	-2.993455	-3.430323	-2.192981	-1.019285	-3.778162	-8.548136	-5.103507	1.624714
0.897932	-4.834441	-2.174277	-0.604827	0.389185	2.108413	-2.050813	-2.248394	-2.901244	2.177058
2.901433	0.949517	2.984772	0.494991	1.161299	2.447262	-0.419656	0.699705	0.705727	0.940425
2.759921	2.526397	2.235501	3.057428	5.048659	2.543845	2.159211	3.349935	0.864198	1.792798
2.289386	3.099185	0.855012	0.811981	4.200665	2.969947	-1.498110	-0.052229	-0.780935	1.446658
-0.525581	2.283466	1.890613	0.339848	-1.690884	-1.533947	-1.397014	1.876389	0.236821	-2.233212
-0.623091	4.189225	1.578507	-3.013874	-6.282789	-1.657251	1.485100	2.514069	3.544962	-0.607429
-1.243151	-1.203051	-2.195101	-1.665184	-0.297647	-1.173177	-3.254065	1.407089	2.730283	-2.421111
2.003531	0.352425	0.531592	0.708519	2.786241	3.666861	2.428395	3.864330	5.262680	-0.693273
0.551348	0.560040	1.743089	0.569936	1.103377	-0.083449	1.088582	-0.553925	0.923750	0.170467
0.677095	1.848582	-0.033109	1.368668	4.216865	5.057884	0.195298	2.572508	1.410691	2.860095
-1.758335	1.653840	1.313402	0.015220	2.991706	-1.986852	-2.562153	-1.373986	-0.408900	0.801096
-2.220145	-0.865598	1.562121	-1.340206	-4.137396	-12.287365	-3.145268	-3.238719	-4.160524	-3.315144
-1.688540	1.705860	1.797649	-2.882704	-3.677537	-4.216963	-2.762345	-1.826604	0.834316	-3.419839
-1.056222	1.002403	1.482386	-2.361968	-1.815511	-3.055853	-2.229882	-2.748950	-0.906878	-1.999100
-3.188996	-3.594378	-2.050370	0.149807	-3.486715	-1.060541	-3.259776	-2.962365	-0.893909	0.115160
-2.519461	-4.080090	-4.437618	-1.327871	-0.378941	0.686868	1.036376	-5.047957	-3.294375	-0.586070
3.570381	-0.390140	-2.111362	3.065805	6.882116	2.997671	2.237477	0.728771	-0.088175	2.296602
2.884229	0.047364	0.242195	1.267044	2.966164	0.627765	-0.019672	3.844613	2.202790	-1.287834
0.744883	2.110018	0.260451	-1.652445	-2.848990	1.870549	2.847632	1.969867	4.070823	0.864215
-1.755455	2.227815	4.037002	-0.009453	-0.136237	3.323722	4.567492	-1.806066	-0.637074	0.431443
-1.945884	-1.142447	2.758643	-0.597268	4.071732	0.402187	1.871309	-4.695087	-2.126999	1.925244
-0.419102	-3.389972	-1.601231	-0.250281	0.582526	-2.258955	1.730887	0.252106	-0.575649	-3.432686
-0.301607	-0.377763	-2.998325	-0.072579	-4.658644	-2.457000	-3.119473	3.241917	1.758279	-2.320750
-0.066895	-2.457621	-2.996145	-3.369752	-4.235968	-0.957542	-3.303269	0.656650	3.723388	-0.923848
-1.157663	-3.531848	-2.455898	-2.441886	-2.643734	-5.854876	-1.095298	-5.398488	-1.830217	-4.585782
-2.044307	-4.123944	-1.631690	-1.263169	-3.946431	-9.565994	-1.880958	-5.986390	-4.691632	-6.179750
-1.964022	-4.655408	-0.253430	-1.426288	-2.510645	-6.549887	-5.526646	-3.680748	-3.791652	-1.422349
-2.665904	-5.843538	-1.020724	-2.884530	-1.425764	-6.888345	-3.809262	-3.829453	-2.975172	-6.149477
-1.440747	-4.819232	0.589619	-2.904381	-3.753774	-7.298056	-1.055803	-2.904494	-2.414387	-6.719729
0.532754	1.294412	1.048990	-1.322427	-0.192061	-1.982109	-0.335666	2.765742	-0.661589	-3.365697
1.196205	0.289598	0.418880	0.216145	1.530589	-0.087089	-3.742250	1.198366	-0.789574	-4.484974
2.761911	2.125531	2.684180	3.573751	0.030393	3.335118	1.333847	1.324691	1.104866	2.082248
1.491380	4.102716	2.721881	3.433505	2.017265	3.448829	3.529628	2.512333	1.279739	0.848780
3.074918	0.827858	2.450473	0.904721	0.038722	2.468260	1.533995	0.623107	-0.707249	1.430533
2.809530	0.381965	1.321245	-1.324287	0.332680	4.581429	1.320349	0.522027	-1.662888	3.262019
0.152025	-0.048956	2.501488	1.567997	0.220056	1.021156	2.937092	-0.058089	-0.561971	4.325852
0.520608	2.041702	2.767791	2.054987	1.414966	1.774860	4.782627	-1.344623	0.399511	2.226647
1.242486	-0.622252	-1.096757	-1.207303	1.908129	0.664163	0.734156	0.421841	3.184469	-0.617479
2.854867	-0.049310	-3.266666	0.121743	-2.286938	3.128785	0.306981	4.087721	4.415311	-0.221612
1.954757	0.618739	-0.344148	3.528639	1.029882	2.462450	1.098903	5.439737	3.949447	1.762468
1.243662	1.543805	-0.705112	-0.797202	0.329309	2.925479	0.731225	2.312807	0.220090	1.428680
1.835190	-1.419903	-2.630370	-0.202964	-1.694241	1.674398	-1.984251	-2.481150	-1.331552	0.851041
-0.345854	-1.719272	-3.856833	-2.964033	-2.910849	-1.326771	-1.645223	0.497186	-1.592565	1.365074
-2.431361	-0.624292	-0.789412	0.705104	-2.025397	-5.005602	0.054412	-1.812466	-3.550939	-1.533001
-0.418828	-1.232849	-1.374817	1.366661	-1.056767	0.923929	0.824055	-3.493985	0.121840	-0.393562
-2.744846	3.112167	2.183541	5.067553	2.156560	4.021848	3.555109	2.058447	2.486882	1.069312
-2.914612	2.408169	2.108550	4.699992	3.095601	1.561180	2.761675	3.615151	4.303702	1.617244
-2.105618	-1.353428	1.204301	0.213992	4.036574	-0.122950	-0.213743	-0.776954	-0.083787	0.297758
1.428941	-1.551613	-3.576216	-2.366235	1.129696	1.504085	-1.118844	-1.861649	-2.427372	-0.214723
4.691069	1.746628	2.509687	1.081425	-0.703216	2.291610	0.651776	0.288587	-0.902140	-1.405175
0.132071	1.298909	1.962001	-0.967316	-1.487044	-4.187750	-1.669883	-4.054128	-2.976375	1.105724
-0.428848	-1.414056	-0.789684	0.216455	0.754327	-2.480770	-2.881817	-2.385776	-3.456464	0.513799
-2.450784	1.266847	1.921622	0.719848	2.996314	-0.895525	-1.831123	2.047063	-3.400993	-0.920026
1.849967	1.879132	0.703611	2.182476	5.693332	3.190511	0.149700	3.520507	2.362455	2.227973
0.356807	1.991213	0.403173	1.298651	0.287995	-2.028639	-0.612444	-4.156427	-2.792307	0.397718
0.213341	-0.339096	-0.005401	-0.623217	-4.617482	-4.057351	-0.005153	0.141477	-0.185464	0.831833
1.767970	0.380321	0.424181	-2.323416	-4.454686	-1.329703	-0.682925	3.092638	0.164899	-2.320958
-0.119903	-0.246524	1.242410	-0.870437	0.314796	-0.553771	-1.293955	-0.487729	-0.659102	-0.052034
-0.801777	3.211084	1.826280	2.360832	-1.178824	3.917065	1.320357	-3.174309	2.652447	2.947628
-2.420649	-0.361240	0.230783	0.874401	0.540865	-0.621772	1.858817	1.435913	0.161761	0.276849
-2.703220	0.661618	-2.687889	-3.603922	-2.438027	-2.164864	-3.853475	4.514851	2.593255	-1.531951
-2.054489	-2.788130	-3.506043	-3.974426	-2.636389	-1.473692	-0.495414	1.560419	-1.972556	-3.827250
-2.070056	-3.957668	-4.732783	-2.122602	0.041586	-4.971336	-2.421998	-6.209671	-2.213359	-3.440830
-1.672021	-5.722184	-1.941317	-1.932942	-0.048494	0.699719	-0.158923	-4.180407	-4.616538	1.307328
-1.344585	-2.694963	-0.459950	-0.265037	4.701377	3.762989	3.573513	-3.219078	-1.550180	1.832241
0.679650	-1.166594	-0.504686	0.939421	5.101106	1.914190	1.370515	-1.273574	2.756229	-0.132474
-1.706518	3.123637	0.816668	1.317641	3.742997	0.557336	1.801285	3.259414	3.511800	-0.586202
2.201409	3.126943	-0.227190	1.675028	2.909753	1.616937	-0.748074	-2.093105	-1.197152	0.657073
-3.391572	1.532435	2.681436	2.724392	5.069477	1.439906	-0.279657	-3.004824	-1.266716	0.317063
1.820235	0.137726	-0.288459	0.755337	-0.855730	-0.813047	-0.615463	-0.688936	-0.500180	0.335682
4.436327	0.005726	-0.925376	0.659472	1.382432	3.242385	-0.001086	3.057065	-0.051833	0.593439
2.461600	0.564547	-1.608119	0.536402	-0.970436	-0.804089	-0.443324	-0.689017	0.207734	-0.348254
4.334948	0.823600	-0.710190	-0.655768	-1.486638	0.734936	-2.514573	1.665422	-0.982269	1.039210
2.694967	3.104194	2.041810	-0.760532	-1.280775	3.176764	3.237170	4.615185	2.029468	3.112239
0.533750	-0.020361	1.867480	-2.435985	-0.211652	-0.100900	-2.090692	3.979173	0.812652	0.029039
-0.392408	-1.863855	-4.170182	-1.799023	-1.861273	2.243545	-3.593554	3.422188	-0.570209	-0.605885
-0.753714	-1.615980	-1.034076	-0.161942	-2.031245	1.048199	-3.196314	3.276230	0.692291	0.429171
-1.390274	-1.600227	-0.161102	1.029661	-0.348975	-0.618138	0.870032	3.562298	2.449156	1.350608
-0.407797	-2.085289	-0.997660	-0.763209	1.686331	1.204431	-0.585412	4.796389	3.781493	0.127928
-1.422189	-0.374859	1.931352	-2.143551	-1.005138	0.052004	3.146956	0.717102	2.959005	-0.387070
-0.617959	-2.065430	-1.333867	0.777137	1.155510	-3.276524	2.304040	-5.447567	-2.571506	-1.461188
-0.698815	1.240104	0.303387	4.458557	5.374863	2.730341	1.995544	-4.043824	0.811362	0.109972
-0.155865	1.286448	1.933414	3.451509	3.058611	3.219091	3.300169	5.227128	2.788910	2.859805
0.802481	3.313008	2.298217	-2.966305	-4.625758	2.305220	-2.054179	5.786781	4.446938	0.910405
2.592114	0.319087	-1.852102	-0.725886	-3.350158	0.735818	-2.853800	2.551128	1.840645	2.170666
-0.867675	-1.712711	-1.842439	-2.347435	3.053998	0.515773	0.155912	-4.767437	-1.458772	1.029680
-0.037895	-1.072283	1.185309	1.659646	3.589097	-0.107324	-2.402743	-3.977224	-1.571015	3.186639
-0.284756	-2.263726	-1.758555	-1.925243	-0.282177	3.559914	-0.839261	-1.337941	0.814811	3.187730
1.700432	-2.558639	-1.640727	-1.498106	-5.050938	2.449373	-1.633439	0.483201	2.126602	2.154845
3.332860	2.871081	-1.453303	3.456554	0.298098	0.518040	-0.782276	0.985993	-0.384749	-0.884130
-0.402683	-0.574067	-1.604177	-1.110267	-1.751784	-10.271400	-2.440768	-5.157577	-3.893848	-5.517508
-2.219807	0.348119	-2.825946	-2.374473	1.051298	-2.898863	-1.538113	-2.369820	-1.560103	-3.478603
-2.440320	0.963137	2.365296	1.140930	4.528430	1.828435	1.433790	-2.208849	1.253478	0.889371
-0.280433	4.085586	2.032854	3.302837	3.444594	2.256579	1.874144	-1.928274	2.429486	3.470198
-0.023156	1.781666	1.732734	4.571141	0.420874	3.429950	2.895451	1.846490	3.641009	1.868061
1.968303	0.336775	-0.378958	-1.017665	-0.976246	2.434631	2.761412	-0.119870	3.532739	3.002544
1.062434	0.504609	0.205083	1.350410	-2.348983	1.044804	3.932029	2.471834	1.837463	1.435029
0.766028	2.781667	2.874765	5.113060	1.031646	0.489951	6.031503	2.178587	1.717170	1.419998
-1.401924	2.430245	1.279494	2.672174	3.187925	2.081054	-0.588463	-0.028724	-2.099454	0.776134
0.743371	2.283439	-1.124824	-2.862258	-2.878561	-3.001205	-0.813569	-1.937614	-1.426221	-0.145284
3.250204	2.149245	0.690418	1.791355	-1.606529	0.728854	0.755187	6.048004	1.910857	1.242627
2.947067	2.344859	0.236629	0.783202	-1.784793	-0.637086	-1.835295	4.687416	0.276164	-1.725652
-2.566645	-1.767023	-2.922286	-0.263730	-0.483169	-4.008444	-2.212814	2.453307	-0.560714	-1.573042
-0.819041	1.943892	-0.018718	-1.481852	2.821530	0.010262	-0.244368	2.441063	-0.341589	-0.181560
-0.869525	1.131700	0.255340	-0.524876	0.255389	-2.043986	-1.564857	-1.199630	-2.282578	-1.704527
-2.137704	-0.551904	1.826797	4.063884	1.704995	-0.493904	1.754221	-3.050386	-1.364694	0.202539
-2.167282	-1.746726	-0.606740	1.617014	0.494835	-1.510211	1.572165	-3.993617	-1.130352	-2.990480
-0.034964	-5.457672	-3.858362	-2.953299	-1.702802	-0.198223	-2.717124	-4.995938	-2.402067	-1.247204
-0.626753	-5.252948	-2.396462	-2.334871	-2.451327	-1.935155	-3.133445	-4.357962	-4.052853	0.552350
-1.355153	3.572741	2.504370	-0.678214	-2.126751	-3.936024	-0.958997	-4.833302	-4.201424	-2.161936
0.662035	0.011988	0.094142	0.901254	0.523016	3.179356	-0.609081	0.327131	0.753705	1.553821
1.329908	2.633588	2.102462	2.087419	4.231565	2.723170	6.836204	3.744123	1.273521	2.489804
1.760765	4.329835	3.786740	5.495165	1.986589	4.035505	4.486459	3.275764	0.417811	3.546197
0.982106	3.771223	4.181883	3.493277	1.232880	1.907849	3.836384	-1.469658	1.383060	0.928286
-1.607268	1.866546	1.735902	3.573237	-0.562167	1.118989	4.062078	1.066046	3.721858	1.963955
-2.947257	-1.801902	2.901606	0.702730	-0.541959	-3.125185	-1.681057	-0.641033	-0.205709	-2.075509
-2.788859	-3.983624	-3.805498	-4.293760	-2.905699	-4.773883	-4.794621	-2.313806	0.348848	-5.955120
-1.525072	-2.701027	-5.240200	-2.887350	-3.338992	0.614184	-1.710515	1.851218	-0.927182	-1.662288
-1.393291	2.226384	-1.720290	-1.397557	-0.864241	2.946609	-1.808138	5.262031	2.555891	0.957074
-0.582815	-2.056994	-2.648360	-2.008796	-3.764546	1.767685	-3.460590	-0.657376	0.049458	-1.343444
-2.077338	-2.520066	-2.781001	-0.577983	-2.866609	-0.079696	-2.602571	-3.407210	0.132308	1.793749
-0.346455	-2.671436	-1.570104	-1.188936	-2.421331	-4.511439	-3.633781	-2.149178	0.444934	-3.374055
-1.914661	-1.911408	0.319441	-2.709870	-1.017011	-0.198948	0.254279	3.846214	2.106129	-0.172764
-0.890550	-2.063485	0.509842	-3.375800	-4.821548	-0.032927	3.832210	1.187259	0.637185	0.905215
-0.768415	-2.424769	-2.174892	-2.139543	-0.251840	-4.978180	-2.983388	-0.989047	-2.518504	-3.061322
-2.152050	-1.261764	-3.238153	-0.589013	-0.484083	-3.796608	-1.018616	0.087491	-2.300542	-2.401480
-1.365346	1.351230	2.456569	0.496674	4.807625	1.161288	0.913825	-4.476731	-1.784634	0.777037
0.155203	2.749409	1.166181	-0.358195	0.874988	2.981506	-0.485565	-1.776018	-1.718885	-1.726073
-0.809493	0.950274	-0.412508	1.901864	0.302611	1.534647	-2.304587	0.586928	0.236304	1.042988
-1.766427	1.671222	-1.331091	-1.035161	2.215399	0.042613	-2.935542	-2.842596	-1.521971	-2.134981
1.011610	-0.710247	-2.092759	-2.187085	0.226856	-3.127095	-0.916132	0.319609	-2.239010	-1.918579
3.697327	0.348468	2.126095	1.613480	-1.592411	2.353025	1.174544	1.491839	0.351185	0.611494
1.403232	-0.319734	-1.852222	-2.073478	-0.656396	0.204776	-2.242818	-0.166406	-1.468786	-2.106960
0.445736	-1.742553	-2.899802	-2.247372	-1.169193	-2.049439	-1.127919	-0.976327	-2.835322	0.621662
-1.315353	-0.974187	3.320260	-1.781613	-2.921996	-3.830016	2.577739	-2.854524	-2.836722	-1.181538
-1.025027	-0.729435	2.434171	-2.106211	-0.192897	-3.838950	0.065053	-2.049998	-1.074185	-3.083855
-0.307976	0.790804	1.340938	4.510723	1.104410	0.421463	0.126020	-0.352549	-1.255508	0.292415
-0.292391	1.101632	3.810564	1.924679	3.648430	1.583526	2.600438	-0.570076	-0.158290	0.524176
-2.409365	2.242549	3.022757	3.699549	-0.380828	1.986646	5.820101	-2.410079	1.662274	0.998734
-1.868489	1.727060	1.583419	-1.168676	-0.431058	-5.509173	1.904207	-2.765857	-2.507813	0.647294
4.363845	-1.574836	-0.301644	-2.629304	-1.488755	1.939375	-0.158149	2.245192	2.245451	-0.319237
2.169645	-2.083734	-0.917929	1.152158	0.859787	0.810493	2.594528	1.535868	1.011972	1.571247
2.498017	0.845666	-0.102333	-0.848398	-3.727625	-2.805214	1.099032	-2.746527	0.670754	-0.322948
0.352468	-3.234633	-1.889454	-1.855076	-2.558686	-8.593040	-0.861943	-4.820592	-3.571700	-5.273814
2.914704	0.503971	2.772812	0.021717	-0.063493	-0.253582	-2.159402	-0.722425	-1.740284	-3.643247
3.436631	-2.253120	1.133965	-1.804523	1.407161	-1.091135	-0.698453	0.726975	-2.995294	-1.672838
3.723453	-0.359403	1.728705	1.207699	5.921978	4.033304	0.239196	1.881511	0.041774	1.954419
-0.264425	-0.388377	-0.760865	0.624579	5.468262	2.924838	0.647038	5.089883	3.884226	1.866129
-1.626700	0.128759	-0.801848	-2.474786	-1.808084	0.776069	-0.856736	5.204994	3.125265	-0.551900
-1.187068	0.953807	0.519856	-0.992599	-3.114059	3.303000	-0.364636	5.612445	4.920096	4.772538
-0.159128	3.466969	2.181245	-0.542061	-2.260461	2.141031	-2.572570	1.740137	2.924723	2.174647
2.317222	0.120544	-0.166282	-0.043474	0.128510	-1.710135	0.628850	-2.624827	1.061749	-0.314666
-1.497317	-1.371867	0.196170	0.464360	4.051655	2.705099	3.468214	-2.864846	0.044179	1.329803
-0.115846	-0.739064	-2.235701	1.451540	5.473672	2.268734	-1.248089	-1.665620	-0.400785	1.055258
-0.210765	-1.901348	-1.150901	-0.843933	0.065760	-0.443331	-0.405771	-2.930745	-3.581639	-1.155996
1.268525	2.977181	1.785166	1.315842	3.447416	3.829099	-0.628545	2.111579	1.022219	0.313644
-0.995080	1.319421	-0.788905	-0.808737	4.137938	4.484823	-0.953623	2.242454	0.421491	2.588981
-1.093382	-1.407531	-2.981822	-1.381466	-2.160479	2.011636	-3.771719	3.591380	1.323978	1.129316
0.229915	0.873723	-0.646592	-1.553346	-4.816939	-0.035066	-0.651146	2.993859	-0.942017	-0.072348
0.760306	4.262380	1.236379	2.975827	1.407153	2.069410	1.208182	-1.798108	1.099905	2.743590
-0.468713	2.488035	1.293780	4.307454	2.731690	3.337257	5.519650	-1.581919	2.458146	2.821830
-3.580150	-0.705515	2.463705	3.726138	1.108566	1.956668	4.205744	-1.000173	1.447704	3.183271
0.135191	1.367725	-0.844158	-0.737218	-0.217026	-3.796165	1.715049	1.850531	-0.412720	1.853213
-1.908900	0.049647	-2.626319	-2.921612	-2.562596	-6.251451	-1.192251	-4.757706	-5.280428	-3.685246
-1.068528	0.723647	-0.983287	-1.690039	4.297350	-1.096200	-1.963070	-3.140283	-0.764322	-4.407707
2.313096	2.751617	0.319724	-1.202095	0.810801	0.045376	-1.136823	1.444103	0.563896	-1.728375
5.644465	2.068749	2.040904	2.570422	-1.315753	2.497667	1.901273	0.647953	0.428025	3.051149
5.489169	0.078235	0.531041	2.046718	0.979880	1.143261	1.628304	3.413169	0.826960	1.768960
-0.050602	0.103267	2.018820	1.552397	1.793188	0.505446	2.020754	3.581652	0.570000	-0.049647
-2.362057	0.975334	1.096930	0.736663	0.059661	-1.527193	3.307809	-1.960295	0.951639	0.822024
1.642792	-0.471473	-1.367644	-4.513478	-3.883813	-4.071268	-2.146347	-7.433369	-3.911825	-0.142332
0.396637	-0.584965	0.936884	-2.975722	-2.426045	0.331607	-2.572228	-1.546768	2.813602	-0.450422
-1.811935	-2.840653	-1.150199	-3.303164	-1.724245	-0.289683	-4.256549	0.756411	1.290917	-3.640952
-3.290934	0.310052	0.443991	-3.500298	-3.686527	-3.752051	3.648478	-1.271628	-0.533585	-1.161427
-0.399471	2.705338	1.131241	-2.033019	-1.713200	2.000488	2.201439	4.835718	4.019190	2.585345
0.874144	0.501592	1.616134	3.245379	0.450322	3.019418	5.036422	1.078654	4.392938	4.356358
-1.516202	-2.542198	-1.207243	1.752201	4.017730	2.718726	1.362613	0.472885	3.242054	2.277805
-0.418317	-2.227444	-2.481207	-0.501147	3.373112	-0.170302	-3.167497	-3.824384	-0.912267	1.451078
-0.629414	-2.381061	-2.470871	-1.715859	1.172257	-1.126782	-3.152620	-5.568948	-3.730131	-1.414929
-1.387001	-3.235662	0.913150	-2.707329	-4.278346	0.397974	-3.871765	-1.193000	-3.693842	-2.349924
-2.408190	-1.258259	-1.096661	-2.663851	-5.135507	-0.866949	-3.374340	3.215966	1.504294	-3.945013
-1.507489	-0.961266	-1.829017	-0.319819	-0.089434	1.152936	-2.107055	1.019858	2.142174	-0.192304
0.518593	1.671903	-2.617632	1.588673	0.829262	1.217618	-0.343114	-0.263216	-1.080608	-1.200101
2.069346	1.518535	2.176179	-1.157469	-0.057027	-1.950515	-2.248925	2.553253	-0.341855	-2.721113
0.671564	0.349217	0.944602	-1.644337	-1.531809	-2.331575	-0.995491	4.492273	0.749029	-1.515444
3.307938	1.427136	1.496925	0.932673	-1.329491	2.503029	-0.775717	3.541355	1.520840	3.311500
1.626261	1.568079	1.370533	1.628969	0.003420	0.357287	-3.403103	-2.605491	-2.956024	1.487114
-2.185872	2.056834	1.681315	-0.467143	-0.260680	0.785791	-0.568152	-7.033354	-3.501266	1.842593
-2.002266	1.218888	2.641159	1.830644	-1.604498	-1.401065	-1.594062	0.323478	0.773911	-0.567765
-2.317626	-1.155869	0.498654	1.229136	2.198364	0.145113	-1.126033	-0.513982	1.128406	-1.782965
-0.474956	0.989351	2.618489	4.392540	2.110003	1.445120	2.094539	-0.399322	-0.226981	1.937390
1.814541	2.720238	1.423655	1.819863	-0.224384	-0.530048	1.225758	2.995872	-0.090151	0.722300
-1.529735	-0.256518	-0.357359	-3.751688	-2.255797	-6.260691	-1.760870	-4.196185	-2.890704	-4.486237
-2.528986	-0.976426	1.110941	-3.398506	-3.176237	-6.088210	-4.262739	-6.630178	-3.893038	-4.490421
-2.045312	0.306306	1.738847	3.191616	1.772099	-0.089605	-0.177239	-3.594292	-1.457153	-1.596552
0.134689	-0.649830	-1.369248	0.673685	3.556213	1.661427	0.805038	-0.238511	-1.319045	-1.024929
-2.102682	-2.992940	-6.103448	-2.922691	-3.475893	-1.766709	-3.019497	1.702481	-2.192113	-1.824049
-1.000321	-1.120431	-2.938060	2.431595	-1.958513	0.884492	0.700770	-3.717597	-1.100751	2.115890
-1.909124	0.849994	0.086815	5.173150	2.912258	1.564838	2.950851	0.160970	1.393243	0.856793
1.840616	0.219530	-0.588427	4.611382	2.105428	0.831937	0.556861	2.917202	1.178876	1.174064
-1.542197	-1.408225	-0.710087	-3.536300	-3.591597	-5.937599	-2.423483	2.735217	-1.066147	-3.708891
-1.921854	-4.794874	-4.735165	-2.970589	-3.606906	-10.271059	-4.185264	-3.053267	-4.440719	-5.073366
-2.195047	-2.521717	-0.401860	-2.849477	-1.976190	-3.493829	0.336236	-3.926131	-4.042234	-1.795154
3.279634	-2.293853	0.310629	-1.774656	0.075662	-0.925493	0.486537	-0.066055	-1.704083	-2.241146
1.358100	-0.888081	-0.842995	-2.157316	-0.208736	-3.465134	-3.115940	-3.804020	-3.108558	-1.253433
-1.253238	-0.687998	-2.148027	-1.028849	-1.573173	-5.804635	-1.060375	0.626394	-0.509750	-2.682705
-2.181866	-2.309800	-2.951862	-3.240446	-4.261532	-3.977473	-3.270844	0.326706	-2.732950	-4.111152
-0.505371	-2.242584	-4.420494	0.047701	-0.883400	1.580371	-0.376524	-1.205764	-1.475946	0.374838
4.049961	-2.180441	-0.328215	0.765403	0.501941	2.802522	0.879908	0.409104	0.556570	1.105577
2.771447	0.971833	0.691482	1.084568	0.049908	1.310803	0.271378	3.888429	3.204712	2.473677
0.904603	2.466649	-0.840092	3.293707	1.702518	3.136840	0.762412	5.482431	2.758290	2.385853
0.410647	1.468114	-1.681426	1.605330	1.018591	2.228960	0.302934	4.543330	3.275416	2.695918
-2.013104	2.031040	0.912590	3.633546	3.528345	2.467592	5.696873	0.050745	2.722303	2.187387
-1.051230	1.869338	3.893470	2.633367	0.508003	1.797165	3.980454	5.232595	2.972864	4.003375
-2.414711	-0.002480	0.970327	1.020002	-0.733316	1.384209	0.862705	-0.996802	0.016411	1.294998
0.913773	-3.219201	-1.737225	-0.785338	-1.372991	0.480555	-2.915746	-0.574327	-1.787641	0.698373
2.687143	0.742390	0.620630	1.975860	-0.342398	4.341935	0.972028	4.629537	2.490820	2.711515
0.138920	-0.775593	-1.604393	-0.205094	2.490284	1.683383	-0.217844	3.053108	1.815409	1.170641
-1.070873	-3.188233	-3.192375	-2.529589	-1.073621	-5.117169	-3.509836	-3.370897	0.759138	-2.191230
-0.916114	-2.676113	-1.143401	-1.083013	-3.697791	-4.138685	-1.831620	-3.050562	-0.786977	-4.606483
-3.118680	-2.346418	-1.482151	-1.903853	-1.443701	0.651567	1.214333	0.480129	3.345676	-2.450399
0.445952	1.922572	-0.239107	-3.333998	0.208671	3.373325	1.295249	3.388391	1.161212	0.272539
3.098805	0.473476	-1.760849	1.783365	2.477850	2.142121	0.601455	3.670638	3.524645	2.925250
-1.149696	0.626911	-0.151958	-1.705352	3.978259	0.300193	-1.864422	0.196984	-0.991612	0.690450
0.348271	0.923698	0.193587	0.645364	1.280922	0.686475	1.006544	-3.609458	-0.781245	2.883358
2.284231	0.819456	4.406806	1.301624	-2.842137	2.390603	4.424579	0.434624	0.302659	1.634890
1.165706	0.587705	3.045520	-2.133457	0.517906	0.054912	0.498107	0.968742	0.235414	0.395066
-0.907079	-0.290633	0.935349	-1.478467	1.620872	0.818636	-0.216446	-0.597595	0.904333	0.709002
0.072399	1.340061	1.796116	-1.802493	0.242986	-1.498989	1.834541	-0.766576	0.048828	-0.205785
-2.903138	1.960908	2.573840	-1.046722	2.446470	-1.656930	-2.870706	2.370807	-0.796388	-1.713578
-1.007067	0.143529	-0.939956	-0.727941	-0.438855	0.227047	-1.086968	1.152862	-0.116002	-0.671961
-0.737665	-0.871956	-2.502951	-0.567038	-0.100167	1.582075	-1.004922	-0.305903	-0.749204	1.576884
-2.866011	-3.776526	-4.276426	-2.762499	-2.775845	-2.656914	0.332552	-0.225284	0.327218	-0.392229
-1.536484	-1.064762	-0.531258	2.381189	-1.914269	-0.735089	1.503672	-2.105675	-0.944424	-1.183884
-0.957562	-0.589742	-1.479828	0.050938	1.459980	-0.221920	-0.618842	-0.689372	0.801879	-3.092167
-2.180627	-4.041649	-1.155015	0.225461	5.166822	0.929724	0.289126	-0.931171	-0.184561	1.011038
-0.049760	-0.842362	2.191900	-1.394431	-1.362327	-1.184931	2.787192	-3.168171	-3.103935	1.182344
2.960059	2.558837	1.465036	-0.715424	-4.797150	-0.111556	1.327672	-0.279770	-1.001034	0.581164
2.504647	-1.180134	-0.907387	-0.530106	-1.529030	-2.663827	-2.609021	-0.286868	-1.034448	-1.867889
0.189620	0.876543	2.064548	3.057533	2.660847	2.246482	4.822126	2.333434	1.102330	1.994697
-2.198907	2.018083	1.820059	-1.924394	-0.919706	-0.312007	2.354125	1.754035	-1.114591	-0.052766
-1.036518	2.093105	2.570762	-0.503877	-2.739275	1.001128	-1.629414	2.351732	-1.847604	-1.528568
-2.454301	0.732122	3.931574	-0.090005	4.131150	3.737907	-0.069781	-0.896478	0.543899	-0.596299
1.630958	4.790449	2.111209	2.921733	3.081580	2.650349	-0.052668	4.523200	0.255723	0.939752
2.553968	3.374299	2.302884	3.419845	0.873924	1.214671	3.530331	3.004461	1.947275	2.665191
2.669141	0.426887	0.775310	1.959442	-1.040911	1.341089	2.539924	1.304499	0.301561	-0.460772
2.895086	0.406822	-3.367699	-0.013868	-1.433918	0.649315	-0.504986	-2.200693	-0.040014	-0.572730
4.490309	0.865316	-0.091231	0.190924	4.114308	2.177763	5.429505	-0.259223	0.515953	1.362424
3.516417	0.238678	-1.096276	3.102326	5.264771	2.096543	1.736500	2.265700	3.665669	3.274694
2.873216	3.046018	0.782377	2.760244	4.014773	1.877964	2.733400	0.591967	1.862936	0.544187
0.640109	-0.234757	1.776936	2.086685	-2.422285	-1.303767	0.568706	-2.213332	-1.021842	0.487005
2.276099	4.276959	1.238910	3.605456	0.459197	1.678755	4.344417	-0.521508	1.018638	0.743454
2.597088	1.872172	0.952706	0.741462	1.229317	0.300033	-0.929168	1.666426	2.337979	-1.048964
4.000975	0.244287	1.876128	1.029008	-1.569628	0.842771	-1.479653	0.952160	-1.333319	-0.376247
4.320959	-0.135593	2.577884	-1.080102	-2.647741	1.311167	0.918060	1.526879	0.398249	0.133905
3.336139	0.295133	-0.385824	-1.027366	-1.968429	0.660222	-4.133935	-1.991729	-3.560318	-0.131105
-0.494290	-2.604132	-2.629493	-1.795079	-0.529498	-0.142869	-4.596743	-4.897979	-3.789319	0.018421
-3.887533	-5.024289	-3.587620	-3.529440	-3.440657	2.169490	-3.201569	0.949514	0.556948	0.525083
-2.606594	-1.222438	0.083596	-1.094648	3.249684	0.508094	-1.187321	0.478435	0.597882	0.392878
1.682618	-0.053782	0.123954	2.760498	7.041417	2.327534	1.671893	1.761068	1.490783	-0.134894
-1.031005	1.581176	0.201354	4.128999	6.098228	1.342001	1.413964	3.557298	1.122551	-0.581038
2.160828	5.113334	1.344693	2.845453	0.543804	1.524085	1.234083	1.187907	0.584585	2.202644
4.458808	3.259185	2.182470	0.667660	-1.777968	1.020273	-1.107759	3.944979	4.169285	1.455647
-0.591379	-1.144077	-1.939319	-2.189783	-1.983303	-0.755248	-3.531273	-0.583803	1.992147	-2.328835
-2.694643	-5.955457	-6.020179	-2.806779	-1.956917	-0.228793	-3.630172	-8.337358	-0.873728	-2.304306
-3.509998	-1.614063	0.846186	-0.830531	0.489372	1.461222	3.600134	-1.331203	0.440056	2.260826
-1.451058	2.235095	3.745268	1.805758	1.560447	1.152481	3.504533	1.652844	0.353498	2.816456
-1.936938	-0.909490	0.627462	-1.464718	-1.653710	0.201764	-1.259090	0.232265	-3.148406	1.115775
0.198846	0.879170	-0.123440	-0.417064	3.737380	1.236052	-1.406046	5.313541	2.414942	0.052976
3.366778	4.928667	3.458054	3.691715	6.195198	1.771226	3.771750	3.701554	3.584340	2.712351
2.330142	2.566987	1.942935	1.193112	4.931323	3.563663	1.477884	0.725285	1.177882	3.472489
-0.879581	1.221320	0.471395	2.277521	2.405635	1.275742	3.438942	2.809716	3.226067	0.480082
-1.196408	0.467753	-0.700277	0.764834	0.373010	1.549040	-1.169991	2.405428	0.723089	0.221219
0.290842	0.151874	0.531309	0.798843	-1.019772	0.500633	-0.716030	1.483403	1.230045	1.589990
0.845750	-3.930431	-1.649157	2.190240	-1.046536	-1.623404	-0.212690	-5.395078	-3.965369	-1.608916
-1.943304	-0.741276	-2.329387	-2.090184	-3.364002	0.065405	0.368113	1.148867	-1.203159	-0.567011
-0.432039	-1.372274	3.460909	-3.241538	-4.094394	-0.952565	1.277263	0.516520	-2.307628	-0.407406
-0.619275	-1.367140	2.386618	-0.487032	-2.825136	-3.802941	-2.981356	-5.736537	-2.781882	-1.557114
-1.504232	-1.532388	-0.583671	0.305526	0.547350	-3.435449	1.054242	-5.294221	-2.982027	-2.386947
-1.970431	-2.894133	-5.735571	-2.801177	-1.640260	-6.151315	-2.544262	-4.239851	-4.256467	-4.977319
-1.928492	0.608711	0.326807	-0.141948	1.686111	1.785535	2.453717	-2.832542	-1.300308	-0.392242
-2.063035	0.593028	1.894249	0.890599	4.499841	3.243872	4.600864	-3.043212	-0.649156	2.843471
-3.526181	-0.439895	0.142145	-1.253044	1.946406	-2.716429	3.438661	-6.045577	-3.090217	-0.089496
3.204649	-1.021975	-1.351419	-1.448190	-2.553515	-2.957996	-2.558608	3.040748	-1.298897	-2.500255
0.928535	-1.523725	0.727745	-0.258849	-4.187145	-0.441856	-3.289960	1.622946	0.866298	-1.981521
2.840857	2.688139	4.499425	-0.861032	-1.739006	2.105665	-0.572909	6.368503	4.517361	0.476492
1.123794	3.536904	1.656909	1.169949	-0.961519	3.059539	-0.095173	5.868405	2.389586	0.426369
0.869328	2.313655	-0.634915	0.398483	-1.290903	1.879039	-1.420268	4.144637	3.651166	0.274896
3.738938	4.019679	2.293242	3.951758	1.758520	1.990941	1.511890	5.129187	3.344894	2.429357
4.113305	2.757462	0.745569	3.041765	2.514831	1.552818	4.648086	2.390642	3.882163	2.764438
1.344211	1.192890	1.912054	-0.009010	-0.901388	-1.167656	-0.371496	-0.940509	0.792066	-2.827477
-0.550365	0.260451	0.471787	1.390724	-0.211755	-0.336306	0.728327	1.158320	1.729896	0.396599
-3.311439	-1.572767	2.903058	4.054255	2.695612	1.097444	1.136041	-2.128778	0.418346	1.692049
-1.635031	-2.725575	-4.319643	-0.257327	-4.341802	-1.285630	0.335330	-3.921716	-3.085493	3.175959
0.546344	-5.440487	-4.843925	-2.573834	-3.877513	-4.046151	-4.937920	-3.563101	-2.983427	0.557414
-3.466132	-1.787511	-2.912596	-5.354174	-1.363735	-2.448143	-1.311424	-2.065642	-0.708163	-2.772800
-1.318976	1.359342	0.864936	-2.557760	-5.408781	1.734873	-2.137297	0.798954	1.842889	0.624201
0.786797	2.638362	-0.464737	-2.830299	-1.456764	0.522176	-3.930453	1.961680	5.163324	2.426502
2.106670	1.384241	-0.060921	1.204598	2.896705	4.114544	0.644694	2.852131	3.365733	5.944890
1.873330	2.359971	0.501278	4.721322	5.361816	4.053559	5.180931	-1.573000	0.065809	0.296851
-1.757338	0.683744	0.742054	3.432365	3.500060	1.917401	0.735944	-4.283514	-0.983957	2.413069
-1.644747	0.317054	0.170003	-1.245583	-3.007971	-1.132947	3.757520	-1.609716	0.780129	0.957432
-0.893212	1.139895	3.239522	0.873571	-2.591184	-3.451202	2.875147	-1.238008	-0.945041	0.443626
1.501656	-2.774938	-0.336493	-0.020580	-1.244683	0.497219	2.025913	-0.495691	-1.021676	-0.036863
3.371344	0.221951	-1.568642	3.056157	0.941527	2.122403	-0.361894	4.783135	2.294819	2.695053
1.981542	-0.519742	-0.335929	0.526274	-0.943256	2.026634	-1.991085	1.885370	2.387834	0.311361
-2.614462	2.573882	4.729249	2.737266	0.318865	1.018801	0.684229	1.423317	4.301164	0.297650
-2.279578	-0.698380	0.373890	1.647427	2.229490	-0.668410	2.651437	-2.165523	0.239900	-1.492894
-0.805014	-3.467427	-2.049002	-1.326148	-0.636780	-1.173307	-3.859571	-6.017145	-1.719165	-2.477181
-1.212380	-1.384261	-2.648826	-2.475663	-1.625742	0.750199	-0.957203	0.118954	-2.937337	-2.718023
-0.306185	-3.851379	-3.849878	-3.406422	-3.775593	-2.763901	-2.532169	-2.642719	-1.659824	-4.082029
-0.477735	-5.022379	-2.935853	-2.295128	-2.183528	-3.282912	-2.484278	-5.184258	-6.100831	-4.108809
-2.694737	-3.591759	-2.959045	0.224215	2.350959	0.242058	-0.160037	-5.239055	-2.009267	-1.924274
-0.757099	-1.767015	-2.170647	0.234507	0.081876	-2.132294	-0.401953	-1.103903	-0.367036	-0.896633
-1.486625	-1.188542	1.358447	-1.171255	-5.078370	-6.600973	-2.168633	-1.510691	-1.309345	-3.991392
-1.588921	-4.003533	-1.695853	-3.707371	-3.328567	-7.751081	-3.218284	-6.665309	-4.130301	-5.744862
-2.264691	-4.076283	-1.680038	-1.207841	-1.363805	-6.564018	0.679490	-4.104347	-3.992008	-3.436649
-0.131640	-4.531883	-2.132096	-3.775965	-1.880572	-6.954785	-1.234117	-1.752392	-3.046972	-4.535959
0.805330	-0.362126	-3.585317	-1.393641	2.131747	1.729321	-2.473410	0.263169	-1.442598	-2.673299
-1.403285	0.909298	0.567014	-0.669767	1.290566	1.327900	-2.260591	3.052251	0.769309	-0.480875
-1.284086	4.639899	0.819108	-0.959441	-1.190099	1.036059	-0.411663	2.364367	-0.746755	1.869410
-1.621776	0.550789	0.407682	-0.020560	3.588770	1.679601	2.066670	0.937433	-0.581995	2.177449
0.007145	-0.271422	-1.080549	0.486982	1.604490	0.956334	-3.462293	1.131065	-0.392715	3.355340
-1.160424	1.897280	-1.673068	-2.096613	-5.255120	-0.004936	-3.807453	4.954182	2.173281	-0.339821
1.226916	1.437808	-0.317959	-1.089237	-2.330938	2.826902	-1.387709	3.578999	1.671191	-1.615235
-1.503634	2.894977	2.166899	1.011015	5.583655	-0.270744	2.739837	4.074136	0.624312	2.092394
-1.725273	4.336200	2.889323	3.639049	3.446283	2.777538	3.173487	1.115812	3.171540	0.319367
1.640801	2.482194	0.250934	1.331674	1.447069	-1.977940	0.165344	-0.459953	0.462073	-0.523819
2.356988	2.993274	2.764153	1.450297	-3.208665	3.666536	-0.219492	4.244860	2.077511	1.822838
4.846091	3.072558	3.102201	5.241327	7.183809	3.680581	2.919084	6.253972	3.614450	4.709238
5.281712	4.039262	2.144202	4.079474	4.692113	1.971810	2.052974	3.574605	2.787290	1.669882
4.707555	0.863205	1.626778	-2.017352	-2.432724	-0.527460	-2.094416	4.733980	0.682131	0.734072
-1.534078	-0.241996	2.933852	-1.678140	-3.182976	-3.240511	-4.339581	-0.644880	-1.766829	1.018409
-0.332184	0.770678	1.468450	0.317922	-0.619116	2.563675	2.720083	0.730545	1.418810	-0.317802
0.758943	0.446346	2.979295	0.554144	-0.624715	3.443319	1.942485	0.958979	2.821950	3.744940
-0.019394	1.346628	3.114114	0.191241	2.356154	0.763441	2.679129	-2.702655	0.274490	1.369740
-1.085791	0.206042	2.006531	2.542824	1.986221	0.207663	5.601225	-3.350335	-1.327169	0.759702
-1.531843	-1.704590	1.438373	0.309208	-1.970784	0.666206	-0.109720	-1.783038	2.709875	-1.561069
-1.751145	1.715450	-1.444734	-1.724892	-4.132732	-0.737906	-2.531597	-0.590540	-0.218676	-2.034269
-0.020192	-1.444118	0.130537	-0.609662	-1.172094	-0.718048	2.814104	-3.464420	-1.849521	-0.544592
-2.643579	-0.726772	1.083713	1.057713	5.183162	1.728203	1.718693	-2.902253	-2.627658	1.724467
-0.323800	-3.526494	-3.021580	-1.777351	0.729565	1.202573	-4.017521	-4.751717	-3.618183	1.928516
-1.545950	-1.393462	-0.828515	0.644963	2.574547	0.407688	-0.400525	1.898110	-1.107993	-1.006142
-0.808224	4.572142	3.610836	-0.693729	0.435736	-2.405826	-1.808409	5.679050	0.521713	-0.464997
0.361385	1.078538	1.522398	0.511690	4.059364	4.187058	3.453440	4.112327	3.011941	2.057154
-2.637519	0.918946	3.579100	3.643737	5.260462	2.572667	1.787433	2.275260	2.049394	1.675421
-1.444028	-0.992415	-1.067533	2.183032	3.207859	-0.306171	1.531884	-3.536527	-0.345425	-1.136092
2.512062	-2.051426	-2.001275	-2.349509	-3.320014	0.085773	-1.620694	-0.185216	-2.332011	0.452124
0.060258	-2.525369	-3.665899	-1.285868	-4.240428	-1.653575	-3.746388	-2.901684	-5.173960	-2.114026
3.502565	2.347775	1.712520	0.696276	-1.202754	0.237216	-2.326584	-0.010813	-0.674667	-0.783034
3.082089	2.999122	1.358006	2.865940	2.209939	1.580973	0.765832	2.455916	3.503873	1.421206
-0.992265	-1.005211	-0.516515	-2.020357	-1.292821	-0.836674	-0.549025	-0.307577	1.095265	-2.535999
-0.819291	-1.204007	-2.058420	0.333706	-2.591406	-1.707697	-0.161841	1.460225	-0.388587	-2.133143
1.204017	-2.074251	-1.180186	0.723947	2.092512	-0.875166	-1.846102	1.353338	-3.341877	-3.496319
-1.009836	0.132572	-0.464491	1.149785	0.460160	-1.666354	3.040609	-1.799720	2.729801	0.302577
-2.176345	2.469076	-0.561512	-0.617159	-2.837435	0.174269	2.073005	-0.712234	0.954251	0.829151
-1.537606	-2.666625	-2.402928	-1.071966	-1.986846	-0.651970	0.779803	-4.312490	-1.938720	-1.887591
-0.952012	-3.974520	-0.693621	-1.310617	3.265151	-0.807340	-0.659383	-2.986374	-1.946608	-1.603445
0.836239	-2.775296	-1.472971	0.534309	0.460181	2.159784	1.777562	0.650127	1.138794	-0.917306
2.508354	0.250257	-1.497560	0.441230	-2.679731	0.435932	-0.751246	1.906225	3.041790	0.830228
-0.774765	1.353648	-1.707372	-0.674934	-4.502563	-0.161771	-1.562393	0.975930	4.365187	0.901261
-0.518413	1.685887	-1.047990	-3.098363	-0.406692	-1.882896	-2.365962	0.691953	0.810690	2.125795
0.486914	-2.087819	-1.919901	-0.677538	-2.712997	-6.079518	-2.452640	-3.911097	-4.263196	0.055633
0.798418	1.697136	3.712810	-0.314140	3.273143	3.273389	2.779889	1.210588	-1.594865	2.487176
