X1	X2	X3	X4	X5	X6	X7	X8	X9	X10
0.091224	-2.393539	-3.572499	1.389277	-1.810312	-3.242059	-0.297740	-2.622452	-2.930173	-3.801738
-0.786337	1.136702	0.135873	3.931311	1.759262	1.167055	2.968912	1.828716	1.513821	2.221901
-1.601925	0.837178	-0.945653	2.975487	4.446941	4.036834	2.910495	-1.365050	1.929848	3.295849
-0.005850	-0.795325	1.844497	1.873529	1.534130	2.701771	1.335931	4.922051	2.832701	1.118095
2.646375	1.017779	1.854298	0.345063	-1.349367	-0.387736	-0.113162	3.785623	2.209375	1.464327
3.659940	1.905775	0.198824	0.123112	-0.378448	1.609608	-1.288862	2.634368	0.516763	-1.899764
0.793633	0.070050	1.576350	-3.261498	-2.388509	-0.999199	-2.694551	-0.005412	2.087560	-2.031692
-2.371056	-4.056510	-0.196350	-1.778441	-2.896247	0.767939	-1.587810	-2.070613	0.830761	-0.678666
-2.253038	-4.404720	-6.886101	-1.963994	-1.035958	-5.313681	-0.805319	-4.889932	-4.432739	-1.643997
-1.718724	-0.537994	-0.256828	-4.239130	-1.509839	-5.386060	3.838038	-4.195965	-7.682644	-0.924796
0.341375	-0.268744	-1.657458	0.118776	-3.258886	-0.062101	0.185280	-2.206609	-5.541259	-0.097574
2.569151	1.963414	0.881787	3.978949	0.897003	2.992695	-1.043377	2.566339	2.808714	0.549661
-0.963608	1.023167	0.495579	1.554915	1.583834	-0.705272	2.173985	-0.791715	1.482671	1.820298
-3.769310	-1.509497	0.459195	-0.863201	0.408308	1.070495	-0.843119	-2.651169	-1.614589	0.842827
-2.392565	-0.350493	0.378910	-3.157672	-4.128170	1.227698	-4.570573	0.205784	1.439931	-2.121859
3.206220	4.554966	4.530801	5.318226	4.091204	4.207536	4.195138	4.985647	5.945630	4.287229
-0.223065	1.219769	3.476243	3.791120	4.002933	4.154311	0.786629	3.842326	3.655307	2.526585
-0.782826	1.515702	0.605514	-4.691365	2.644022	-3.356777	-4.441186	-5.228274	-7.736938	-3.356100
-1.895672	0.647353	-0.173110	-2.133902	-1.486826	-0.845624	-3.326693	-1.566448	-0.234003	-2.037934
2.281292	2.552911	2.295649	1.905433	-1.508907	0.920570	2.514121	1.265210	4.527411	-0.254321
5.072459	3.650165	3.746170	4.337867	2.969384	2.520709	2.675770	4.662807	2.724008	3.626730
3.778824	-2.285298	1.414631	1.227925	3.087452	3.597797	-0.123734	0.111048	1.408089	2.826315
-0.638318	-0.358187	-2.969288	-5.891967	0.581101	0.051838	-4.691480	2.208140	3.239958	1.510229
-1.116271	-2.630513	-3.919807	-2.695684	-2.906965	-5.673365	-3.129355	2.243289	0.931219	-5.084133
-0.462638	0.765015	-0.418745	2.524101	-1.103340	-1.314305	2.357952	1.992103	1.963176	-1.735575
0.010777	0.278587	-0.396220	-0.343188	-1.123520	0.242424	-0.388248	0.733687	1.745235	1.254601
0.072673	-2.774506	-1.831851	-7.358324	-2.002599	-4.736773	-3.703044	-5.281649	-6.834800	-0.710808
-2.054252	-1.417571	-4.290554	-1.471184	-3.700672	-5.094389	-1.077927	-4.297499	-5.677420	-3.104804
1.712302	1.708283	1.479755	-0.236941	-0.455633	1.368284	-1.169586	-2.177956	-2.031919	0.846013
1.278835	1.662749	3.167861	-1.272172	1.270023	0.437254	0.569187	-2.105511	-1.148090	0.508341
-1.538351	0.600321	1.955849	-3.987050	0.501901	-1.769671	-2.469296	-1.493357	-0.594423	1.629382
-0.870056	-4.440208	-1.737193	-4.584051	-3.193792	-1.465981	-3.073628	2.440815	1.215690	-0.795964
-0.411876	1.329657	-1.164478	4.002849	-0.737950	0.635432	3.861401	0.620012	-0.523542	-1.230395
1.278292	-1.793789	-0.348617	0.591774	-1.662467	2.784479	2.801198	-0.386358	-2.193207	0.192693
-0.872147	-1.602851	-1.505021	-3.543252	-0.104637	-0.901330	-0.691728	-1.763186	-2.731496	-0.841299
1.712812	3.646368	2.810701	5.939495	3.237446	2.528317	4.305732	1.773336	3.078502	1.715935
2.784274	3.005365	4.474740	7.528838	5.336188	3.519230	2.582985	3.426216	4.191699	1.479199
1.129047	3.358937	1.797689	-4.057399	3.086796	2.849922	2.114638	4.196563	3.483006	3.724398
-0.051162	2.485681	2.087041	1.728607	2.896877	2.499004	3.858400	2.576184	4.191136	4.038338
0.231555	-7.708503	-0.958707	-0.379823	2.240137	-0.300611	-0.596924	-3.357812	-2.203198	-0.816073
-2.075792	2.486584	-2.022463	1.366234	-1.082918	-1.664511	1.132976	-0.931617	-3.489784	-0.773429
-3.250593	-0.728859	-1.529627	-0.588001	-3.065182	-1.224582	-1.543296	2.240676	1.690491	-2.483121
-1.852338	-1.421732	0.476197	0.514795	-1.184347	-1.092611	-1.733731	-1.605125	1.394639	-1.740241
-1.830416	2.233366	4.044108	2.945941	-1.553109	-1.047385	0.390976	-3.367512	0.520376	-0.900679
-0.093413	-0.201863	1.163905	-1.967041	0.208941	-0.925890	-0.050268	-1.017878	1.962112	-2.472426
-0.194417	3.636282	2.104090	1.230868	3.707607	2.075788	5.519144	3.963584	3.748963	3.122229
-2.584114	2.414704	1.803763	2.005687	4.059895	5.557262	2.086217	-0.574519	-0.166760	1.844096
-1.659291	0.837205	-2.193372	-3.527364	-2.122888	-0.813753	-1.593843	-5.754481	-5.633442	1.219187
-1.457933	-1.511712	0.127087	-4.452667	-4.270138	-3.345544	2.201571	-3.953595	-7.680572	-2.139187
2.964376	-0.121843	-2.275955	1.902897	-2.568049	-2.220597	0.293063	0.271144	-1.972737	-3.669314
2.880652	0.560116	0.469707	4.089243	0.539285	-0.131499	2.147640	3.929942	0.537977	-0.317580
2.640310	0.241269	0.746179	2.899189	0.937266	0.900365	-1.078594	4.043103	2.449480	-1.310175
2.077868	-5.901779	-2.150834	-2.399050	-1.376799	-4.172792	-3.526333	-0.294068	-0.570216	-0.152485
-2.165257	-2.616824	-5.408822	-2.276057	-1.787107	-3.934458	-2.882173	-0.785768	-4.740700	0.341304
-3.476349	-3.450460	-5.443080	-0.471319	-2.794354	-4.168819	-3.782309	-1.516091	-4.166760	-4.885696
-2.593088	-1.382682	-4.152098	-2.280222	-1.425738	-1.689362	0.287363	-0.407637	0.580711	-2.666772
-2.173457	-1.907485	-3.114766	-5.119852	-2.026056	-2.439276	0.132748	-3.833901	-3.288075	-2.679110
-0.973839	-2.604863	-3.868976	-1.244197	-1.725505	-0.688248	-0.556152	-4.294583	-4.250011	-0.182196
-1.747414	-1.117510	-3.062517	0.736655	1.684416	1.549433	-1.465431	2.911918	-1.109989	0.569282
1.073935	-0.465321	0.258921	-1.855086	-1.694291	-2.071922	-1.637788	-0.809496	0.374398	-1.208162
-1.884172	-0.030689	-0.779551	0.336090	1.171473	-3.868103	-2.320218	-2.612326	-1.255144	-1.614616
-0.356418	1.218390	-2.394022	1.654293	2.186110	1.062700	-1.269721	-0.046773	0.096391	-0.302466
0.178015	2.159022	1.223420	3.959931	3.304817	2.800797	2.762307	0.349862	1.805306	1.242800
3.690047	3.891913	3.126987	7.182411	1.673794	2.988696	3.834567	4.567476	3.213805	1.307295
2.380694	2.087469	3.976589	2.020839	4.474139	0.204006	0.932861	5.236368	4.026691	-0.456170
2.289974	-0.047007	-0.088461	-0.847478	2.756648	2.794133	-1.140712	2.643732	-0.112337	-0.581483
4.006704	-1.487808	0.184049	1.323964	0.023819	0.868785	0.413450	0.799665	1.956223	-0.145833
-1.167998	-1.068631	0.105730	-2.831032	-2.273253	2.486567	1.387946	0.618962	3.700570	2.545891
-2.316516	5.548228	1.657294	3.072037	-1.148973	-1.474015	0.558876	0.573017	3.211500	0.063098
-1.926635	0.382274	1.834352	2.816174	-0.570347	0.343943	0.553739	0.058223	0.940612	1.717599
-1.867438	-1.517090	-0.809784	-7.240721	-1.791481	1.989744	-3.066969	0.401272	-2.764500	0.456903
-1.531213	-4.398161	-2.950003	-4.515849	-3.375482	-3.330507	-4.418948	-0.586342	-3.415041	-3.842783
-1.089543	1.028362	0.562806	2.723290	3.338340	0.436790	2.662998	0.917671	1.010082	0.870150
-2.937618	0.524582	-0.012348	3.399994	4.762878	3.314137	2.025065	0.202402	1.217861	1.149709
-3.017723	2.496201	0.630546	3.663859	4.588521	1.035035	1.952250	-2.016760	2.513588	2.744199
1.518453	0.107818	0.588096	0.830082	-0.509341	0.487183	-0.699154	-1.163626	1.042951	-0.989573
3.603720	3.287934	2.460213	-1.469744	-3.286019	0.501481	-1.188751	2.632894	2.103540	-0.826203
3.129188	2.757048	2.401604	0.903978	-2.109526	1.189026	-0.605248	4.204686	4.736942	2.583413
-0.036735	-3.289042	-1.888224	-2.794062	-2.068975	-0.257084	-2.654752	0.858938	3.665543	-0.877121
-1.533240	-7.098937	-5.238762	-2.137870	0.781421	-2.087553	-3.402570	-2.557463	-2.648171	-2.628203
-1.906322	-1.457340	-0.506605	-2.538755	-1.217752	-0.241084	-2.137112	-3.228832	-2.819216	-0.336431
-1.846575	-4.757154	-1.894148	-3.522628	-2.263510	1.894217	-0.828285	-3.410682	-1.879708	0.415495
-1.758395	-1.462285	-3.194684	-0.339398	-2.579468	1.442445	-0.717801	-4.016430	-3.608465	-0.834525
2.199021	1.662963	1.804489	3.899623	2.352257	2.124395	2.076231	0.355510	1.582395	1.202410
5.506375	2.252485	4.880876	5.088422	0.881049	3.521258	3.860100	4.813822	4.830853	4.736796
3.183367	3.967472	3.023078	3.451787	3.956389	4.226429	5.360093	3.836289	5.707288	5.209933
4.733696	3.982819	5.135798	6.609903	4.261160	4.398898	4.948098	1.588096	2.892481	5.837316
4.098560	1.688616	3.268437	5.414956	4.419644	1.039659	4.834202	3.740824	3.440310	3.605143
5.401455	4.185454	2.581393	1.448331	5.002622	2.336001	1.887892	5.045458	4.995853	1.818608
2.551178	2.739225	1.505868	1.750312	1.794574	2.578817	3.356853	1.637879	3.187488	1.539507
2.646620	0.698518	1.542559	-1.595618	-3.666219	-0.845505	-2.150329	-1.696329	-2.667206	2.518433
-2.099425	-8.020580	-4.640837	-4.521776	-2.380077	-6.180972	-4.346970	-6.654083	-5.693153	-6.012120
-0.646967	0.425821	-3.912923	-0.499678	-2.495419	-3.289496	-2.283585	-4.182101	-5.215576	-5.153959
1.827685	3.425309	-0.233301	1.634556	0.910735	1.077614	1.864609	0.742500	0.739303	1.649609
0.083918	2.596768	2.273122	0.406909	4.531464	0.715248	0.973697	-1.632698	2.376760	-0.095224
0.651420	1.738788	2.270341	-0.822338	4.470750	-1.181506	2.498761	1.522090	0.060874	0.046832
-1.681225	2.781151	-0.425950	-3.077604	0.007672	-1.302355	4.384084	4.310347	0.630621	2.940871
2.153069	1.294546	-0.306858	-1.471207	-2.279488	0.071188	3.696751	2.067555	-2.608921	2.619581
0.893984	2.889055	4.546810	0.023032	-0.996850	0.755514	2.991042	-1.655000	-3.036773	2.765555
-1.364998	1.869763	1.920246	0.136096	2.867667	0.252715	-0.020159	-2.474333	-1.992756	-0.864618
-2.179296	2.198155	0.330242	4.623465	0.427247	-2.324420	-1.780869	-1.401661	0.080309	-1.668146
-3.778731	-6.112286	-0.737413	-0.582780	-4.412630	-2.783100	-3.702105	0.319304	-0.041498	-4.230641
-1.277824	-0.321075	0.534373	-4.085458	-3.347179	-4.682732	-4.712585	-2.838152	-4.104795	-4.101810
-1.128499	-1.966530	-0.997510	1.288612	-0.901917	-1.436924	0.821975	-3.423143	-1.985301	-3.197464
-0.030978	-4.591168	-1.990171	-1.563587	-1.165558	0.873715	-0.333442	-1.011180	-0.982532	0.495387
-1.839788	-7.868404	-5.494222	-4.576473	-6.337917	-2.069321	-1.397851	-2.149674	-4.271204	2.159436
3.006947	5.069146	-0.912973	0.600136	-1.279207	2.591364	2.138131	1.005664	1.071969	0.214072
5.134700	3.564563	3.541366	2.866924	2.937559	4.552762	-0.158710	2.711225	2.616374	2.549787
3.747643	2.728433	1.657885	1.500574	0.057672	-1.688430	-0.449190	2.504500	1.589699	-0.315427
3.365250	1.425440	1.561572	0.733471	-1.074579	-0.905916	-0.842221	2.916782	0.569333	-1.438176
0.410591	-7.794333	-3.261882	-2.712000	-2.447301	-0.186998	-1.199417	-1.272836	-1.152931	1.097130
3.878137	3.119101	1.040312	1.327148	-1.220203	0.990122	-2.343490	2.191142	-0.193601	0.859687
1.174458	2.737426	1.272645	0.071101	-1.908688	-1.044558	-1.679751	-0.921790	-2.660483	-2.151512
-3.276175	3.643929	2.958607	0.939947	0.276338	0.202164	2.164289	-3.494234	-3.491079	0.468028
-2.203093	-3.251604	-0.820911	-2.052225	-3.359027	2.299989	-2.055480	-3.417991	-2.763392	-0.988196
-0.910727	-0.554585	-2.893818	1.336776	2.480117	-1.555682	-1.567865	-2.106364	-0.694121	0.752710
0.347093	2.749174	3.507778	5.852839	6.057971	2.587256	3.202927	4.061649	2.598434	3.596546
0.773936	3.221161	2.876269	3.971257	3.095436	2.220506	4.667588	0.270949	3.438078	0.213708
-2.682730	2.200468	3.138050	3.414723	1.493517	-0.174226	2.226215	-0.487262	1.532917	2.100496
-0.902434	1.348583	1.962313	-1.129968	1.129720	-0.564334	-1.570996	-3.425079	-2.726443	-2.375889
-2.572208	-1.755100	-0.288946	-7.499020	-2.291548	-9.256510	-4.939647	-1.685097	-3.561193	-5.538847
-1.943783	-6.309988	-3.680233	-2.918538	-1.992677	-8.541745	-5.096741	-1.639311	-2.198421	-6.861677
0.481712	-5.032489	-6.396651	-3.735124	-2.985057	-1.025730	-4.149075	-2.146813	-1.141814	-1.770274
-2.939953	-2.980407	-2.907003	-3.858277	-3.973275	1.455345	-0.379249	-3.435295	-4.420159	-2.398136
-1.975707	-4.372945	-2.113991	-4.749198	-3.337316	2.078792	-2.753560	-3.438448	-6.099938	-1.194456
-1.594080	-7.843607	-4.581216	-2.410685	-3.267167	1.948523	-0.471503	-1.828562	-2.836534	1.790569
-1.184201	-3.612894	-5.758478	-0.025835	-3.216208	1.083850	-3.281373	-2.224425	-2.768428	3.306249
-2.073395	-3.432107	-6.126376	-3.748244	-1.277921	-3.540011	-1.189363	-3.272426	-6.370397	-2.468711
2.132208	1.773055	-0.960709	-2.518008	-5.208587	-2.662847	-2.781764	-0.818850	2.879380	-3.619702
-1.232517	0.780995	1.470127	-1.830121	-1.464483	-1.843143	-3.835667	1.504214	2.553028	-0.347314
-1.124594	0.955115	1.745135	-1.532774	-1.703286	0.581018	-1.682162	-3.538219	-3.271829	-1.297337
-2.254550	0.027820	0.746120	0.085540	2.155726	0.071051	-2.422836	-0.763132	2.144537	0.505540
-0.485908	-1.170686	-1.143012	-1.999369	1.429980	-1.950026	-2.457576	0.116588	1.236053	-3.616171
-1.102390	1.336005	0.796544	-2.475592	-4.785199	-1.768998	-0.051668	1.121359	-0.422753	0.660341
2.926682	4.668900	2.335698	4.287382	3.693516	5.345454	3.434002	1.517296	2.263850	4.340390
0.337787	-1.986893	0.342056	0.115366	0.114754	2.274848	1.354252	-1.618582	-0.647109	0.720588
-1.394695	-0.230063	0.124528	0.480971	-0.421158	-2.385801	2.122699	-1.942559	-2.797597	1.406351
-1.928082	-0.555800	-2.081777	-1.414289	-1.479991	0.349327	-2.916140	3.601283	1.388915	-0.255308
-1.438991	4.293407	0.756254	3.770299	-0.176215	0.943249	2.540754	5.466861	2.387262	2.435425
-0.452738	0.109570	1.924029	0.959749	1.765799	-0.035218	2.954400	0.775594	0.920574	-0.549735
-2.728140	-15.607296	-3.523938	-7.073523	-1.730819	-2.498557	-3.645981	-4.964801	-3.900315	-2.892472
2.486092	-0.089279	-3.155935	1.160796	-2.875140	-1.494151	1.791131	-1.011805	-1.554972	-1.097772
2.804744	-0.207564	-1.226449	3.502722	4.067968	3.287216	2.142558	1.835599	1.745735	-1.580720
-0.249396	2.051565	0.761233	1.861270	-0.471468	0.297561	3.687119	0.728730	1.267939	1.710999
-1.414437	2.312723	1.502324	2.789256	1.567082	2.843599	2.574238	2.717303	4.370273	1.436200
-1.733687	2.518127	-0.145761	0.619694	0.383647	1.407944	-1.235965	1.770738	2.594068	1.001498
2.684045	5.041792	1.161892	7.096200	0.893555	2.238711	0.702233	4.982650	4.107057	-0.259194
4.631054	4.032937	3.341097	3.973789	2.957532	2.157612	3.094353	4.437056	3.088870	2.855538
-0.962165	1.686077	1.279768	1.094775	4.031305	2.061860	0.037718	2.895174	2.025538	1.437707
-1.414316	-10.151168	-2.318379	-5.263527	1.790399	-2.367434	-3.012153	-0.148083	-2.340510	-0.588173
-3.028900	2.276618	1.567568	1.294697	-1.770262	-1.153859	1.577964	-5.726197	-5.154144	0.506109
-1.789020	0.895853	2.733525	4.923561	3.159445	4.504595	2.844488	0.748045	2.928363	2.679065
-0.260573	0.791654	-0.123295	0.073176	2.322742	2.622735	0.275440	3.146858	2.996737	1.893905
0.487242	-5.154760	-3.632677	-5.938243	0.315749	1.273268	-3.450561	0.576256	1.439006	3.190139
-2.023773	-1.965972	-2.987409	-0.983887	0.829185	1.202602	-0.390894	-4.510048	-5.284107	0.721277
0.842888	0.520034	-1.323178	-4.166244	-3.168335	2.872341	-2.638142	4.642158	2.989622	-0.409874
-2.306170	0.931977	1.527730	-2.999104	-2.946393	1.367389	-4.469686	1.071088	1.348615	0.158294
-1.581140	2.090073	3.723427	3.218542	0.020223	-1.727552	0.527391	-2.991348	0.772893	-1.508814
-3.315213	3.919038	2.511023	-0.397798	0.767125	-2.377980	3.206105	-0.402039	-1.015724	-2.404592
-0.556680	1.898489	0.810830	-6.806015	-3.431077	0.416504	1.685670	-2.486474	-4.235818	-0.761536
-2.080530	0.176741	1.144959	-2.995003	-3.018374	0.378001	-2.968398	1.947657	-2.144673	-3.939643
-1.638150	-1.252090	-1.054281	0.682042	-0.727661	-2.526892	-2.438486	0.004863	0.535028	-2.414712
-1.609127	2.814809	0.803319	4.125626	0.586467	1.209421	2.189318	0.160053	3.857397	0.515859
-1.157546	1.727455	2.027668	-0.334947	0.854912	-0.581864	4.776725	-0.207265	1.184149	1.068069
1.458210	-0.505240	2.241673	-0.506175	5.212775	2.573548	3.809647	2.817517	3.436494	4.248317
0.547856	2.349137	1.931042	4.999544	4.916755	3.046349	4.298290	4.197008	6.321642	3.508601
1.303212	3.009699	2.605580	2.418212	4.751648	1.043133	-0.764735	-0.480987	2.614301	1.660016
0.694698	2.988758	1.458594	1.934027	3.162349	0.527490	4.321577	-1.654960	-0.254921	-0.074742
-0.570166	-0.271874	1.360587	3.349289	2.575552	0.305311	-0.436868	-2.093505	-1.601518	2.183222
-2.387658	0.953314	0.490764	0.283497	2.840548	-0.836415	-2.105365	-1.403514	-2.442085	1.020901
-0.859753	-3.759368	-2.920771	0.090648	5.732127	1.530501	-1.144310	-0.773483	1.741481	1.519787
-0.842729	-1.734411	-0.447116	1.462938	2.524077	-0.092153	1.911399	-0.075906	1.027782	3.265672
-0.621359	2.536996	2.265431	4.777565	3.533086	-1.081489	1.043163	-2.031476	-1.027080	1.361546
-2.815817	1.837060	0.591871	6.160222	3.206938	0.985479	1.949883	0.596012	0.885595	0.460600
-1.698775	1.202590	1.426805	2.627905	4.821819	2.768236	-0.367742	2.088264	3.918506	2.795521
-2.333404	1.583995	2.477033	3.772909	1.436711	1.145470	5.116487	2.035386	3.151453	4.419399
-1.819476	2.703180	3.919356	-0.293072	-0.735003	0.616264	3.407768	0.904883	4.009532	0.789121
-1.529358	-7.507246	-1.955829	-6.516446	-2.666843	-4.066195	-5.914204	-1.368838	-1.975060	-1.155526
3.401280	-3.259078	-5.234721	0.391982	-4.711227	-2.333223	-4.688832	-2.965772	-4.857825	-1.946355
4.829270	-1.129509	-1.297723	2.254304	0.007022	1.297764	0.563179	-0.342013	-0.238770	0.026620
1.398747	-1.551034	-3.458837	-3.214087	-1.787314	-0.089648	-1.911576	-0.243354	0.143202	-2.427615
4.389444	3.208454	0.345835	-0.329097	-1.439157	0.862524	2.752996	1.724413	2.593485	2.381125
5.168096	2.287659	3.134491	3.059366	0.618370	1.699465	2.704788	1.500493	2.448973	0.885625
2.048140	0.724387	1.781628	-0.260605	0.649147	0.075360	-2.224207	0.162994	0.425261	-2.128629
-1.860090	0.349742	-1.649757	-3.311716	-1.041848	-0.996905	1.390403	0.765924	0.959042	-1.575253
-2.520956	-0.695671	-1.760867	-0.834774	1.101664	0.016155	2.634709	1.398490	2.226609	-0.513162
-0.808720	-4.289947	-3.465404	-2.733885	-2.138439	-1.050076	0.009204	-1.705098	-1.492143	-2.611069
-3.142245	-5.162682	-3.700871	-2.831255	-2.884978	0.571290	-4.656621	-4.139232	-6.829322	-2.574692
-1.860393	1.945930	1.571929	0.934611	0.354327	1.359739	1.464824	-1.924104	-1.091933	-1.195942
-1.848624	3.461392	3.941893	1.611808	2.153856	-0.454541	1.891229	-1.458803	0.230316	0.581964
-1.971199	1.258609	1.397820	2.087033	2.319892	-0.240863	5.388987	-0.292519	-0.799980	1.386012
-2.422880	-3.727513	-2.019692	-3.302919	-0.832486	0.326361	1.648987	-3.114943	-0.290828	-2.581409
-0.056228	-0.512071	-1.385346	-2.793249	-3.723692	-2.833679	-3.538981	0.740936	0.313866	-5.211115
2.697698	3.002140	-0.533543	0.457440	-1.777044	2.381406	3.012876	1.853830	3.950897	-0.511916
2.700236	4.505727	5.106218	4.010647	0.301043	1.496708	1.843747	5.921149	4.046760	2.849774
-0.683374	2.246393	1.506034	-4.375628	-0.320943	0.872517	-5.255576	2.934504	1.661949	1.406845
-0.768594	-4.118156	-2.579693	-3.422285	-0.764715	-2.954575	-3.160102	-1.009291	-5.970741	-2.326914
-3.504384	-3.485914	-4.197264	0.052278	-1.608784	-2.991674	1.302561	-3.676627	-3.690414	0.145086
-3.473507	3.121225	0.492024	-1.942436	-2.504760	1.167114	-0.406596	1.213310	0.779726	0.797437
1.663875	4.411366	3.606571	6.288974	-0.610350	3.373882	0.377720	4.860532	5.062976	3.396430
2.568999	4.002315	2.838980	4.424414	0.836938	1.026827	2.773402	5.208750	4.400931	3.392358
0.750302	-1.537320	0.380353	-5.887811	-2.761999	-5.659356	-2.190958	-2.793822	-3.716712	-3.073287
0.194720	-8.401034	-4.919705	-8.371696	-3.571366	-5.642069	-5.051765	-4.403974	-10.427955	-2.039709
-3.025913	1.477480	-2.041691	-2.912834	-1.742964	0.377285	-2.522726	0.516208	1.451500	0.657985
-0.627462	2.803429	1.829601	1.517383	-0.701695	0.462604	1.327053	0.706734	3.067549	2.089492
-0.014396	3.914420	1.344174	2.434662	-0.044756	1.728188	-0.015432	0.833717	2.632491	0.388208
-0.813881	-0.312840	1.054336	-3.076486	-3.116046	-4.112763	-3.124485	-1.262734	0.711323	-2.614170
1.072312	-0.268543	0.716893	-2.758653	-2.705061	-4.192449	-3.022011	-3.326406	-6.496955	-4.310042
0.867313	-0.881883	0.374052	2.209372	-1.414494	-2.943169	-2.284013	-2.230790	-2.344946	-2.576109
2.855649	-3.212752	-0.214280	-1.192500	-2.934040	0.086879	-0.577394	0.107624	-0.625452	-2.089672
0.446747	-4.381843	-3.566694	-4.177658	-4.864891	-1.965703	-0.817656	-1.511855	1.882626	-2.404529
0.665031	-4.095848	-2.049982	-2.890690	-3.401338	-2.068912	3.007699	-1.468619	-1.120014	-1.527079
-1.148975	0.288140	-1.027235	2.170516	-1.170669	-1.937746	2.947670	-1.828161	-4.929474	-0.012219
3.635049	0.580728	0.134057	3.533772	4.061325	1.492799	2.805056	0.613526	0.361244	0.941854
1.098223	-2.794078	-4.436896	-2.511008	-0.119343	-1.269373	-4.090245	0.497049	-2.316462	-2.936456
-2.621635	-1.976070	-3.255684	-8.556713	-4.830261	-2.645659	-4.344530	-6.118790	-5.721295	-2.047643
-1.364409	1.798258	-0.411498	-2.029928	-3.795013	0.838545	-0.314901	2.275715	0.802442	0.252196
0.642815	3.559611	2.198674	3.269657	0.391013	3.894643	4.568245	6.457166	3.863146	1.375669
1.355148	1.809597	2.722743	1.184656	3.882932	4.472041	2.594507	5.058063	4.052913	3.003882
-2.764299	2.182720	1.468419	0.966381	4.976460	1.578441	-0.190212	-0.513993	3.360639	1.417442
1.735581	4.005384	-0.342387	5.282743	4.346413	1.241548	0.992890	0.819696	1.230918	-0.441145
4.772493	2.451695	3.434935	2.020055	3.665405	1.553666	1.584514	3.363929	1.483945	2.082132
3.784343	0.269956	3.328097	0.889726	0.911253	1.204198	-0.057636	3.185700	0.881814	1.023078
2.607030	0.860370	-0.871691	0.487769	-1.623829	0.657049	-0.528460	0.241805	0.251819	1.143504
3.346755	1.758740	0.360480	4.505891	4.029276	2.811222	2.040347	0.521437	1.304750	2.665618
4.226615	2.082868	1.169121	1.890902	1.848381	3.061619	2.294887	2.608088	5.591900	2.586129
4.111805	3.503254	3.226442	3.518710	2.914303	2.930443	2.594363	2.523347	3.548460	3.687946
2.865318	0.904498	2.637751	4.004322	2.505954	0.728198	-0.025123	3.681004	3.680619	2.040879
2.042346	2.117601	3.236557	0.060144	1.474849	0.447883	-1.319768	4.970746	2.440867	-0.360063
-0.227723	-5.578041	-2.476533	-1.154419	0.645599	-0.307698	-1.682469	0.818658	-0.521908	-2.785171
-0.466101	-8.506528	-7.003910	-4.037063	-2.885383	-7.660246	-3.962523	-5.585774	-7.948418	-5.730935
4.051498	3.977335	0.237130	3.228116	0.943014	2.172040	2.745072	-0.478168	0.916822	0.886754
4.530856	0.759244	1.620695	3.223118	2.060499	0.997461	3.226519	1.810257	1.571098	0.668705
4.868755	-1.516107	0.993090	1.487145	0.285681	1.522214	2.186319	0.383582	1.851096	1.115226
6.525176	2.357677	0.479017	1.578895	-1.016832	1.911100	-1.764826	1.457986	3.456300	1.396227
4.728396	3.419486	1.782080	3.522666	2.436066	2.188516	2.638086	2.286846	5.327292	-0.196285
2.682192	1.110813	1.334582	-0.935045	0.872180	0.225360	-2.032544	1.891338	5.068155	-0.868401
-1.091259	-3.273352	-4.039377	-0.473143	0.297914	0.723729	-1.717715	-0.813461	-2.237929	0.284186
-3.400685	-3.120520	-2.569697	1.950867	1.196870	2.212120	-3.591927	-0.913578	0.485621	0.597983
-2.122312	0.830198	-2.668979	1.449976	5.514550	-0.436072	0.045619	-0.402741	0.151786	-0.105603
-1.305769	3.729687	1.309775	0.770777	1.973152	-2.786052	2.930225	-2.968775	-1.247756	-2.373166
-1.782886	-0.473966	2.330261	3.541860	0.044774	-1.249123	3.247388	1.633689	-0.544023	-1.421501
1.026008	0.829224	0.683275	0.697313	-0.312387	-0.183192	1.620808	2.718523	-0.148138	0.918098
3.212080	1.503341	3.090711	2.385424	-0.234435	2.172035	0.171081	1.063896	3.355377	1.649934
-0.410201	1.289566	3.886862	2.724979	0.347021	4.165452	1.099907	-0.499022	2.742102	-0.077889
-3.001668	3.386483	1.693120	-4.897235	-1.979825	-2.858549	-2.721919	0.304939	-1.281787	-4.627266
-3.076254	-1.192928	-1.626826	-3.476635	-4.279583	-4.015274	-3.779100	3.141347	0.351089	-2.675197
-2.502393	-0.643087	-2.123185	0.506362	3.715836	0.381169	-0.966841	2.362270	-0.704993	0.541121
-3.909418	1.013485	0.323730	5.089939	2.562620	3.804072	-0.209345	3.140377	0.682144	4.168889
-0.936763	2.352765	1.376707	2.803477	5.756555	1.921926	2.730782	4.120537	2.821779	1.946007
-2.330863	1.209031	1.145931	-3.078144	0.846425	1.243822	2.609833	1.834918	0.966488	2.727074
-2.941051	3.579861	4.215487	-5.810043	-3.155984	0.176654	0.113002	-6.906611	-5.032251	1.077690
-2.178161	2.117329	1.893658	-0.428641	0.643508	-1.508590	-1.564718	-2.429180	-4.586159	-0.336048
-3.016526	-0.752290	2.023626	-4.663261	-1.314216	-0.786417	-5.641935	-4.265021	-5.437858	-0.918841
-2.017280	-1.998119	0.770974	-2.430924	-2.366776	-5.440237	-4.928357	-5.047662	-4.933870	-3.516195
1.501345	3.751914	-0.493619	1.373547	-1.294393	-1.582959	3.387807	2.644468	1.499885	0.179089
3.785618	4.854184	3.108128	5.931629	2.546811	2.881108	3.540848	6.567240	6.272787	2.807603
2.826206	1.371764	4.470792	3.920000	3.728313	4.529054	2.096756	-0.539873	2.239616	3.276444
1.081380	0.476226	0.841551	-7.597964	-1.376009	-3.927629	0.859320	-5.149896	-4.879646	0.460105
-4.644390	0.596644	1.931383	-5.658287	-4.691480	-7.809651	3.192929	-4.996656	-7.132818	-2.571922
-2.071233	-9.502710	-3.501036	-2.099392	-1.872625	-4.285119	-2.090927	-5.143776	-5.247118	-1.417043
-0.852477	0.031238	-0.219531	-0.204003	-3.424069	-1.413644	1.191938	0.907322	-0.105561	0.062233
-0.290047	0.045758	-0.992927	-1.864842	-2.973437	-0.845633	1.660814	0.159516	-1.251763	1.702998
2.006830	1.220624	0.735452	3.564468	0.705244	1.410205	1.215286	0.975786	-0.059840	1.057042
4.722531	3.179509	4.332679	2.309103	-0.904852	4.752662	3.121343	3.620015	3.099796	3.139455
0.030332	-0.012815	2.654527	-1.334057	-2.002951	-0.907769	-0.299729	-0.131915	0.309830	-1.982673
-2.711588	-9.265775	-4.661128	2.574264	-1.417980	-4.487496	-1.705744	-3.961719	-5.414648	-2.426553
-1.799949	-4.257497	-3.412515	-1.728054	-0.852666	-3.245825	-1.805916	-3.120110	-2.249949	-3.859996
-0.259170	-0.401908	-3.418460	-0.909931	-1.126534	-2.589665	-0.909058	-2.013700	-2.375683	-2.611213
2.593331	-2.226332	-0.631390	1.900013	-0.698411	-0.281920	-0.856186	1.254601	1.472741	-0.625318
3.163138	0.453503	0.194568	-0.368042	-1.631023	1.427003	2.049388	-0.198515	-1.088585	3.512178
-3.443564	0.787075	-0.142512	0.436388	0.945304	1.367199	1.702347	-3.628756	-0.710467	3.602863
-0.231288	3.853958	3.946842	4.264284	4.976847	4.613462	1.245178	0.489374	1.784189	3.421724
3.271354	3.421330	3.672904	2.879331	6.701580	3.161587	1.053166	-0.269328	0.301478	3.756147
0.199051	-0.595433	-0.501852	-1.536187	3.088279	1.144572	-1.986204	-0.818663	3.160897	0.364220
-2.242805	-2.915251	-2.168752	-1.314584	4.690721	-1.786789	-3.952045	-0.819333	3.442043	-0.336070
4.871778	3.263653	0.834978	2.542127	4.803385	3.167501	2.104126	2.502866	1.753815	3.268663
2.157393	-4.143941	-2.581785	-0.523565	1.698248	0.302640	-1.734102	-0.624163	-2.339990	0.347708
-1.672665	-7.306450	-6.333968	-6.092572	-1.527710	-5.429376	-3.384246	-3.630316	-3.477870	-2.384250
-2.184100	2.335605	-3.330594	-2.077603	-5.922508	2.727453	-1.044518	2.049814	4.113074	0.503877
-1.898814	-1.278992	-2.190985	-3.074566	-4.413165	1.095324	2.750868	-1.404664	-0.254155	-0.208223
-1.369010	-2.585158	-2.638665	-2.200669	0.170102	2.798036	0.107699	-5.031742	-2.702055	0.523437
0.176614	-1.075408	-0.271656	1.529483	-1.738023	0.194788	1.444861	-1.949509	-0.153324	0.148245
-1.162043	3.357044	3.220122	3.170986	0.679845	-1.200719	2.035344	-1.158553	-0.572158	-0.670809
-0.771878	2.288584	2.303347	-0.971965	0.120092	-1.186786	-0.040566	-0.845861	-0.364753	-2.836739
-2.856090	-6.178099	-3.569699	-4.528172	-3.309095	-4.282612	-4.848380	-4.873420	-5.093504	-6.358354
-1.518274	-4.452318	-4.497435	-2.253334	-4.227226	-0.141595	-3.503609	-2.757613	-0.513907	-0.708364
-1.870426	-3.296881	-3.985579	-3.305653	-2.862710	2.206264	-3.741462	-0.875626	1.159545	-0.001180
-1.857441	1.137501	0.830452	0.081174	-3.220656	-0.396931	-1.019651	-3.065541	-3.065744	-0.354511
3.576587	4.611522	2.427342	3.106749	0.108428	-0.355079	3.826116	0.144659	-0.479868	-0.122665
1.540664	-1.387126	-0.032723	-0.821224	0.235639	0.844824	4.062030	-0.480009	-0.375119	0.600949
-1.623203	-5.244848	-0.456959	-4.732039	-3.884228	-0.803221	2.954583	-0.786126	0.192609	2.025325
-3.088107	3.409351	2.808622	2.718208	1.104424	2.145190	3.418169	2.296726	3.758221	0.832056
-2.969739	1.270568	1.234308	0.738425	-1.070906	1.517261	-0.798020	3.616967	1.778525	0.549935
-2.397393	-5.345901	-4.475013	-4.820979	-1.853317	-0.786005	-3.443189	1.179916	-0.844073	-1.952042
-1.610459	-1.506056	-4.975850	1.924104	-1.654907	-5.893802	-1.549243	-2.617009	-3.024266	-2.852779
-2.354430	2.485102	-0.398814	-0.159416	0.357628	0.445372	1.055515	3.656213	1.403653	-1.040382
-2.332098	5.155473	0.783288	1.349972	3.946791	1.319224	0.195079	4.796599	1.419689	0.323548
2.176947	3.368160	1.543448	-0.315220	0.266789	1.128458	-2.687052	3.763769	2.411351	2.715609
-2.020088	2.332564	1.316761	-5.473880	-3.761970	0.423380	-3.925179	1.900842	-0.439658	-2.034002
-0.936094	2.673589	3.980319	1.860705	-3.987878	-3.240205	-2.994804	4.339434	2.168571	-1.962984
5.826735	5.024239	4.130320	6.520749	4.392475	5.925010	2.283272	2.733165	3.272442	2.262163
1.641509	1.691020	1.280359	3.413165	3.414901	2.556229	1.269751	0.729151	2.998461	1.457239
0.097733	-23.957163	-8.170867	-8.272930	0.406113	-4.635641	-2.095566	-6.544491	-6.043167	-3.772854
-2.485986	-3.684102	-8.261758	-1.871723	-1.867977	-6.525093	-3.439376	-6.578745	-7.269036	-3.594413
1.065960	3.832211	2.785183	1.617703	0.236747	1.319980	-0.101277	2.506403	4.424159	-0.796335
2.534375	2.677484	1.724058	0.658864	0.920000	-0.589316	-0.797765	2.620169	1.074821	-0.385616
5.110365	2.878326	2.087466	2.257075	0.556600	0.572525	-0.193935	1.625465	1.087656	1.211647
1.664935	-0.963152	1.064410	1.434653	-0.746936	-0.476488	3.721318	0.161505	-2.236333	1.777360
0.039889	-7.829639	-4.866708	-6.256385	-1.866589	-3.496449	-0.301300	-2.900899	-4.749841	-3.773370
-3.396671	-0.942324	-3.769784	-1.855423	-5.988741	-1.231650	-3.509281	0.590763	2.419834	-1.663239
-2.386842	1.505706	1.793886	-1.268745	-1.707671	2.427215	-3.210419	5.278302	4.972697	-1.243439
0.044379	0.715864	0.631206	0.767267	-2.075859	-0.055945	-0.013206	0.830028	3.855449	-0.579864
4.809393	2.748063	3.207583	2.513928	-1.573583	-0.951524	1.487968	2.928947	0.625096	-1.997805
1.158100	4.598618	2.418324	0.225855	-2.487822	-1.337113	-0.569089	-3.092631	-2.996162	-4.208154
4.596600	4.896144	3.065735	2.684064	-1.332454	0.929195	1.817934	1.827399	0.967780	0.536796
4.304591	2.306056	4.184825	4.322070	2.291744	1.878807	2.547047	1.559043	2.006323	3.578354
2.830473	-7.833529	-0.178097	-2.755011	-1.004707	-0.773468	-2.300439	-0.788194	-1.801230	0.323930
-0.578658	-1.949694	-6.587421	-4.488564	-1.268183	-3.371624	-2.922112	1.390592	-4.460776	-0.398869
-1.276904	2.881577	-0.932637	-1.478075	-1.411662	-1.448453	-2.088562	3.495305	0.158587	-2.090332
-1.891170	1.869603	1.457366	-0.004530	-1.888022	1.354253	-2.279976	1.357946	0.498562	-1.310351
-0.864660	-6.719599	-0.224500	-1.038215	0.556060	-1.561299	-2.406341	-3.621182	-3.983749	-1.392116
-0.198280	1.349492	-2.444723	4.383683	0.035207	1.691799	0.367456	-2.076578	-3.031342	1.391481
3.496666	4.415693	2.637312	7.466277	5.935740	4.375554	5.175527	3.152259	2.310685	4.720350
0.435270	-0.381675	0.119119	3.984477	3.973481	2.101073	2.081285	1.331628	0.771136	3.982800
-2.282074	-6.337092	-2.220989	-8.145004	-0.426149	-1.895737	-2.060155	-4.565371	-1.410487	2.880440
-1.485573	-1.004437	-3.171396	-0.880257	-0.293729	4.796831	1.500120	0.061161	1.090921	1.077577
-1.253637	-0.222790	0.078515	0.292829	0.400760	1.123885	0.384823	0.840824	1.873264	0.670922
-2.724072	-1.207529	0.904861	-1.580738	4.200139	0.472930	3.572968	-2.184885	-2.826755	2.055181
-2.455087	-3.085533	-2.119342	-1.658049	0.849225	-2.689527	-1.697132	-5.638667	-4.020430	-2.321238
-1.450391	3.146922	1.301926	1.702603	-2.013663	-1.771779	-0.067462	0.094276	-0.841156	-1.337127
-1.252994	3.332556	-0.487918	3.863925	0.795291	0.738379	2.374690	2.155641	2.790271	1.341620
2.323296	-2.490307	-1.986254	0.260523	-1.204895	0.052455	2.468739	0.090428	0.195259	0.225410
2.637969	-1.457344	-2.323062	-3.140897	-1.130008	1.637153	-1.755403	0.374733	2.006014	-1.057750
-0.474184	0.937568	-2.116521	2.892768	1.818067	-0.589021	-0.536522	1.997655	3.759542	-0.937456
0.955927	-0.327048	-3.005011	1.253424	3.131744	1.180138	0.126295	1.395392	0.661051	-0.920303
0.365594	0.694931	0.657291	-1.586028	1.191233	0.893036	-0.892240	2.415542	0.201849	-0.343285
0.370306	-1.213170	-0.517593	-1.888984	-3.822053	-0.998823	-2.911115	3.054704	-0.514155	2.378200
2.648655	0.163271	1.807558	1.855757	-1.906805	1.661466	0.506683	2.602576	1.529347	2.677957
1.865632	-2.520621	-1.147131	-0.471105	-0.304014	-2.299592	-0.157035	-4.533242	-4.510834	-1.235011
-1.006471	-0.379522	-0.045737	-0.241468	-0.083073	-4.173994	-0.497757	-1.724750	-3.719789	-1.681103
1.064737	-2.456708	-3.068836	0.532967	-0.242776	-2.703636	-1.531572	-0.789549	-1.041806	-2.626216
-2.679451	3.230544	-1.851005	3.417799	2.585583	2.044886	0.302429	-0.777439	1.305625	2.273950
-2.585442	0.741158	-0.378117	5.665526	5.890308	3.640976	2.663458	0.509281	1.958916	3.786696
-1.222444	-0.847243	1.001251	2.583647	4.725501	0.896935	3.525824	-3.580887	-1.945720	2.100123
0.907637	0.797366	0.102324	1.293759	-1.060136	-0.450132	-1.918764	-0.711341	-2.773071	-1.487270
0.829696	0.332407	1.888329	-4.120541	-1.054103	-3.310123	-0.618697	-3.299279	-0.663824	-2.936483
-3.926572	-1.095197	0.667391	0.012343	1.629400	0.645363	3.433833	-0.524500	3.444136	-0.553119
0.886829	-1.829023	-1.721866	-0.836792	-0.486230	2.375130	-0.243366	0.983602	-0.542578	4.039421
-0.366506	3.663152	-0.092515	4.155249	-1.176594	3.157277	-0.938787	-0.350770	-0.550252	1.981735
-2.600080	3.291949	2.348570	0.560161	1.640702	2.541908	-0.530023	-2.328612	-1.708670	0.706120
-1.500693	-1.211710	-0.902587	-0.637359	5.020755	1.012223	-0.739868	-1.665620	-2.259218	0.039374
-3.350049	-0.034003	0.863341	-2.340318	3.404458	-5.800377	-3.054916	-4.638987	-4.615380	-2.141207
-1.637747	-0.340312	-1.415022	-2.655321	-5.171996	-4.483191	-4.906061	-0.142907	-3.144441	-4.391628
-0.946488	-1.783715	-2.105950	-2.863973	-2.759114	0.815181	-3.562600	3.666324	-1.289286	-0.317990
-3.262570	0.083807	2.580981	-2.674679	-1.641405	-1.780060	1.146173	-2.981686	-1.705598	0.020301
-0.944592	-0.270827	0.351996	-1.657946	-1.632278	-1.881316	3.952960	-0.597329	-0.518161	2.303541
0.068849	-1.297900	0.436819	-3.370079	-2.966343	2.531615	3.623466	1.174300	2.136739	0.868425
-2.550444	-0.558595	-0.318927	-0.478083	0.012389	0.862831	4.198893	-1.073890	1.594519	0.182250
-2.010367	-0.374694	-0.755519	-0.104365	-0.574392	2.050932	3.987642	1.177809	1.698995	0.177310
-0.231114	2.580317	2.312765	1.614070	2.487101	2.127416	4.156517	0.365005	2.807381	0.171301
-0.877880	2.598953	2.545447	0.737816	2.951457	1.721783	2.535119	0.922505	2.616094	-0.689482
-2.214259	3.049028	1.378949	2.621269	5.372063	-0.426969	-1.280053	-1.474182	1.976148	0.056056
2.546558	2.899854	3.001391	5.263223	4.131806	3.088059	0.658704	2.576253	4.407158	1.290212
2.214377	1.040544	2.428491	0.756073	2.836774	1.441864	-1.743011	0.200518	-0.711562	1.443780
3.594608	1.553107	0.856969	-1.861185	-1.187248	-0.654755	-0.015799	1.483520	-0.801898	-2.752943
2.490261	0.712354	-0.068958	-1.580656	-5.351071	-2.076301	-2.544059	2.290269	0.043564	-2.584962
0.018645	0.276493	-2.115874	-1.239644	-5.097809	-1.840575	-3.894394	4.621271	2.515637	-3.962981
-0.452929	1.945431	2.749138	-0.096452	-1.662776	2.932720	-2.217504	5.032435	4.244433	-0.730603
-2.126649	-1.258226	-0.046407	-2.406285	-2.146184	-1.416019	-0.973591	3.856869	3.039963	-0.938630
-3.570803	-10.325173	-5.616598	-7.188045	-3.412347	-3.455494	-3.355358	-3.413722	-1.354960	-3.388468
-2.889980	0.100395	-3.221820	-1.389934	-2.112276	-2.381109	-0.739406	-8.223829	-12.430327	-3.241317
-1.285365	3.377779	3.290436	2.870944	-0.478986	0.248134	4.273861	-2.946347	-2.866028	1.649619
1.859554	4.732480	3.776481	2.540488	0.994114	-0.085369	3.636141	-0.514570	1.395146	2.379540
4.367591	2.063600	2.139223	0.461197	-0.824890	1.013680	2.669630	0.898007	1.245404	2.023542
4.825261	2.038236	-0.546730	2.710968	-0.457607	0.244476	0.538125	4.237290	5.021452	0.431226
4.445778	0.269685	1.392328	2.018703	-0.574150	-0.586182	-2.852978	3.595582	0.854998	-0.879509
2.715458	-0.440855	0.097702	-0.379901	-1.741426	-3.909500	-1.389083	-2.189614	-3.366452	-0.426864
-3.155685	1.724210	0.154294	-0.175643	2.755453	1.924919	-2.926195	-0.640694	4.544306	-0.483438
-1.744635	-1.252526	-2.484492	0.847579	4.623180	3.000072	0.647682	-0.373856	0.127776	1.841169
2.054024	0.518129	0.316943	2.385263	2.257445	2.440655	3.418243	-0.563598	-1.989238	1.878658
2.970306	1.362166	0.996900	0.724512	-0.240656	-0.973536	1.554084	-1.498421	0.195466	2.913732
2.184630	1.255775	0.946876	0.298928	0.574167	-1.520105	-1.059200	3.378975	1.412490	-0.982808
-1.758391	4.152546	0.861568	1.854711	1.161511	-0.108656	-1.255116	4.344591	2.148335	0.433040
-2.312339	1.657965	2.716972	-0.482035	-0.374431	0.990508	1.463731	2.690324	4.361499	1.020780
0.358100	3.926920	3.058981	0.774892	1.598839	2.086081	0.707037	2.290271	2.807783	0.006415
2.977144	2.872595	2.397888	3.193393	0.090116	0.854661	0.102894	2.691530	2.920984	2.545249
0.659308	-7.937125	-3.884215	-3.618326	0.161299	1.495643	-2.087003	-2.614203	-1.454500	-0.955815
-0.293692	-1.102257	-1.058538	-2.605764	-2.475614	-2.786377	-3.092260	-4.573134	-5.590973	-3.375570
-0.920741	2.779881	2.774408	-0.361017	-1.098024	2.087997	-0.766984	3.529133	4.858262	0.190386
-0.827523	2.607270	4.625411	3.920018	0.937869	2.795261	0.654119	4.465790	6.837699	1.227360
-2.176523	0.839291	4.083158	-1.807754	-1.179132	2.787710	2.109843	4.232031	1.894933	1.498958
-1.408527	-4.586576	-0.052966	-6.013831	-2.553427	0.923540	2.126080	-3.189552	-2.530542	-0.321215
-2.014319	1.462346	0.110724	-1.904107	-0.598113	-0.839152	3.681623	3.042732	2.420868	-0.267653
-2.933385	0.135436	-1.443689	-2.275680	-1.873585	-1.200771	-0.951734	0.970175	0.185154	-1.069450
-1.429013	-0.506829	-1.141021	-1.554845	-1.812940	-5.702220	-4.576999	-6.393335	-4.022391	-5.230197
-2.056387	-0.078373	2.071408	0.386902	-1.971972	-4.192705	-2.571079	-4.501406	-5.015775	-3.252190
-2.307495	-9.388220	-4.100221	-3.517836	-2.088775	-0.134829	-3.775981	-3.267951	-1.343208	-3.265620
-0.982224	0.617806	-1.460427	3.307544	-1.994542	2.658605	1.138986	0.804720	3.016802	0.090620
0.882037	0.064179	-0.569331	2.613048	1.352635	0.552991	3.408516	1.176894	2.745644	1.042736
-0.480199	0.852174	1.681044	-8.120223	-2.060538	-4.466173	4.486500	-3.570442	-2.897290	0.607336
-1.321921	-1.146835	1.176578	-6.744364	-4.053850	-3.311492	1.346930	-3.001700	-8.095512	0.619027
-2.600520	0.212425	-0.822852	-0.126172	-2.060092	-0.944170	-4.019501	2.706406	1.505968	-1.316783
-1.855584	3.542628	1.043829	-0.840445	-2.649154	0.319290	-2.118902	2.178562	0.390339	-0.558386
2.050895	3.256947	1.773599	1.931019	-1.391825	2.039985	0.620319	2.741554	2.408691	1.036724
3.533927	1.170856	1.011934	4.140024	-0.216295	1.772310	0.604654	1.576868	3.738513	2.561254
0.485019	-0.021672	-1.015191	1.279172	4.101248	0.120363	-0.528407	-0.198210	-1.960407	-0.293587
-0.986221	1.274035	-2.825401	-0.815037	3.372717	-1.152561	-0.588970	-2.221696	-4.772980	-1.560194
-3.473686	-0.014648	-1.126320	2.231399	0.045524	-1.846764	-1.177945	-2.487304	-3.273417	-3.144658
2.603530	1.640651	0.807926	5.237782	4.405482	2.606051	0.897260	0.961551	3.134672	2.220626
5.510632	-0.565295	0.235713	1.299213	2.461804	1.648180	-1.408164	1.311853	0.535375	0.296166
4.476326	2.280589	1.742215	3.744590	-0.707597	0.444521	2.710974	0.951587	0.902580	0.563766
3.879814	1.210977	1.978507	6.563314	1.245693	0.765972	3.245667	2.221039	1.141478	3.441835
4.767802	-0.648757	2.188564	1.121986	1.847889	-0.795272	-0.152095	1.484594	2.183258	1.719177
2.725090	1.379962	0.920061	0.091803	5.639204	3.634790	0.938579	2.825436	4.316309	1.874698
2.804482	0.632610	1.151772	2.441064	2.426552	2.535953	3.338882	2.989950	2.265520	1.528904
-1.454323	1.815361	2.384875	1.986369	-0.972652	-2.634384	2.141404	-2.284277	-1.175618	-0.492101
-1.077823	-2.081908	1.989443	3.715914	-0.121193	-2.186023	-0.417963	-1.167761	0.951386	-0.533712
1.629181	-0.334819	-0.411246	-1.192403	-0.858058	-1.577265	-1.423426	0.631485	0.033720	-2.409225
1.873188	-2.634895	-1.935117	-0.654585	-1.637431	1.615389	-0.548095	-2.671853	-1.978323	-0.468136
-2.096204	-5.932759	-7.467593	-2.646234	-3.614198	-0.070764	-4.205778	-3.645890	-7.242553	1.166260
-2.307198	1.330871	-2.792797	-2.710356	-3.593246	0.688777	0.132318	2.795862	-2.020678	0.005865
-2.317896	-1.825828	-0.746651	-2.539053	-2.670559	-0.072090	1.184085	1.299690	0.228792	2.446382
-0.661904	-1.048175	-2.431178	2.725270	-0.041824	-2.325465	-0.564686	-3.491420	-1.472849	-0.232386
1.732274	0.489813	0.603503	4.952208	3.347775	3.135752	2.220900	0.552021	3.468990	2.049063
-0.556168	-0.445282	1.544468	-3.547844	0.276149	2.063862	-1.399866	-2.425699	-1.976498	0.280431
-2.209736	-4.110878	-2.165200	-5.260591	1.063314	0.129164	-3.217790	-6.692592	-4.573920	-0.808880
-1.907937	0.587710	-0.313323	1.509660	2.303482	1.035659	-0.611979	-3.331569	0.461818	2.272230
5.184722	2.625567	2.854780	2.752106	1.442367	1.745949	2.750261	1.067260	-0.022391	2.731463
2.908731	-0.442720	0.548892	-0.533562	-0.461319	2.616334	2.759424	1.903285	-0.181654	3.589220
0.173081	1.163534	-2.009805	-4.171349	-1.880862	-1.973183	-3.848396	3.230095	0.327525	-0.738701
-1.808636	0.439420	0.604671	-4.205362	-3.370950	-5.141400	-0.331404	-0.778118	1.831440	-2.574099
-1.229032	1.295825	0.296805	0.061392	2.413929	-1.209315	-0.332204	-2.111263	3.193486	-0.053374
-1.609618	3.254941	1.678780	5.311808	2.108787	2.602974	0.971698	2.337051	4.007358	1.944873
0.450696	-0.198742	-0.591818	1.130877	3.819935	1.013271	0.288800	0.158118	2.258253	-1.356059
-0.949805	-16.947331	-6.157903	-9.128007	-4.060416	-7.838420	-4.479202	-3.507271	-5.370135	-5.492471
-1.078631	-3.811632	-4.112289	-1.450052	0.128745	-3.444196	-3.591511	-2.891221	-4.911009	-3.761866
-2.322197	-3.541951	-6.144289	-2.239264	-0.937571	-2.798153	-2.548529	-1.497340	-0.656971	-3.118544
-1.054017	-0.910291	-3.542414	-3.935250	-4.772955	-2.292484	-2.097358	1.528267	0.435374	-0.258009
2.959996	0.293243	1.821324	6.024783	-0.044197	0.761813	1.265002	3.494796	2.802723	1.872139
4.990126	2.651651	3.174315	4.194127	1.069213	3.471946	3.100149	3.583241	2.838774	4.343297
2.950458	3.104131	2.941949	6.241076	4.453883	5.334721	4.885385	3.305098	3.479225	2.536961
2.902777	2.111783	4.287116	4.662224	4.057022	2.580343	2.781609	-0.546237	1.577174	4.058130
0.135167	-0.556990	-0.866491	-1.257137	4.835538	-0.435781	-4.203076	-1.470266	0.669418	1.116201
-0.808289	-0.714687	-2.379380	-2.610212	1.749538	-2.444942	-1.905467	-2.714793	-1.358044	-1.933429
-2.492007	-3.042104	-0.990759	-3.194608	-3.266369	-4.577534	-2.949362	1.192980	-1.352814	-6.456063
-1.529305	-4.398736	-5.031933	-1.154230	-1.595478	-4.098248	-1.142756	-3.256748	-2.478493	-2.032005
2.443302	3.475122	2.943291	3.817116	0.691619	2.717825	3.536055	3.083421	1.593918	3.302944
3.577994	-0.441123	1.610509	-0.958874	2.170327	6.309494	2.765177	0.147087	-0.389282	2.351180
-0.755344	-1.989963	-2.486884	-10.422606	-3.604748	-1.890632	-5.629283	-1.886251	-3.312194	-1.342100
-2.488131	-2.470989	-0.067191	-2.582683	-3.140800	-3.555543	-6.021218	-2.761994	0.098382	-2.634399
-1.829884	-2.836391	-2.020616	-1.400611	1.655076	-0.902428	-2.003019	0.767261	3.254344	-2.758818
-1.272220	0.846741	-0.631162	0.479109	-0.442216	-2.131275	0.359622	-2.970586	-1.843206	1.535638
-2.111158	1.890019	3.980371	3.902672	0.866128	-0.504475	3.898317	-2.479335	-2.703470	1.059168
-0.340115	3.762855	1.627079	1.538276	-2.524287	0.124186	1.789576	-1.809783	-3.102746	1.140069
-1.274009	1.031964	1.746063	-4.913980	-0.841658	-0.526781	-0.426588	0.460073	3.179863	-1.375160
-1.920656	-1.060241	-0.480979	-3.754499	-3.475882	1.174937	-1.722563	-0.980066	0.622761	-2.783522
0.063925	0.626956	-0.180047	-0.616280	-0.217156	0.353454	1.233966	0.102203	3.299845	-1.928818
2.874019	1.727871	0.752161	4.143475	4.749422	1.553182	0.475515	4.209485	1.674718	2.202051
0.174109	-0.528180	0.932544	2.500167	2.442254	2.923936	0.469999	1.818582	0.894779	2.683783
-2.011523	0.031221	0.224105	1.184296	4.080743	2.915130	-0.404365	0.649900	-0.010871	-0.087522
-0.550191	0.494793	-1.877456	-1.328234	0.188690	-1.139221	-2.816657	1.910841	-1.623430	-1.616765
1.821689	2.102753	1.237064	3.534077	1.894596	2.787097	-0.336959	3.502611	0.391803	0.474855
-1.708898	0.686621	1.110267	0.137932	2.806262	0.897801	2.445550	-0.249185	-1.199573	0.460838
-2.157167	3.067518	1.277255	0.281035	3.655889	-0.646294	2.589091	-5.082941	-3.616554	1.059285
-1.517132	-1.638436	-0.747868	0.863391	1.800077	0.858628	1.639386	-3.576652	-3.438940	1.905197
2.188794	1.842680	-3.418499	2.139603	-1.879173	0.584983	-4.057040	0.537688	-1.297629	2.154076
1.813298	-0.904012	0.408765	0.986978	1.811838	0.815088	3.804937	0.614185	1.796880	1.263625
-1.893531	-2.981591	-4.661972	-3.245378	-1.092791	0.857861	-1.505858	0.962047	3.080290	-1.971355
-2.518507	-0.609234	-4.966507	-3.590458	-4.569959	-0.466482	-6.505398	2.158479	1.122603	-1.644459
-3.549838	-0.042919	-1.710335	-1.864754	-3.285767	-0.812824	-3.343455	1.151790	0.364320	-3.328584
0.765366	-2.141221	-1.272752	0.732441	-2.582116	-0.164345	3.394999	-0.776214	-1.204855	2.352775
1.952194	2.349581	0.769747	4.630437	1.898892	4.819670	6.183794	0.795675	-1.140820	3.830722
-0.944960	0.246611	0.168565	-0.027657	-0.093243	-0.720859	-0.068240	-3.111634	-2.277572	-0.903937
-1.628504	1.335594	1.878207	2.976670	-1.099823	-3.188714	-0.582170	-2.555434	-0.806308	-2.324995
-1.648144	1.847352	4.301179	2.227630	0.561551	1.157923	0.025735	0.746284	0.288375	0.206654
-1.005986	2.724111	1.482184	-4.019167	-0.071224	-0.810629	0.481309	-0.712271	2.036481	-0.709583
-2.807633	-0.971307	0.140328	-8.052008	-2.905748	0.095248	2.845387	0.358709	-0.076587	-0.733598
-1.028490	-2.791976	1.367016	1.529621	-1.413825	-1.461626	1.901004	-3.532367	-1.972223	-1.157081
-1.299257	-2.071572	-1.138347	-0.766068	-1.634554	-3.280534	-3.354205	-2.759688	-3.116225	-3.366025
4.268464	2.730427	0.697343	5.366541	4.533861	3.506444	4.156698	3.280855	3.324614	1.864583
0.668472	0.327448	1.016192	0.903762	3.786518	1.086827	-0.291949	4.132271	3.338797	-1.176149
0.540170	-1.130186	-3.092795	-5.311789	0.532215	-2.988267	-2.025708	2.023172	1.293331	-1.409708
2.902360	0.847848	0.235586	4.893003	0.514451	1.700083	-1.033040	0.517866	2.759720	-1.219883
2.987145	0.069075	-2.091658	0.800357	-2.353377	0.401894	3.260696	0.498865	-0.669329	0.407838
0.545630	-2.668481	-0.682824	-3.626611	-3.008870	0.644186	2.314141	-2.987320	-2.388609	3.016070
-0.610079	-1.647397	-1.731405	1.056316	-1.044131	-0.205223	2.976035	-2.651879	-4.692014	3.099327
-2.650675	-0.380450	-0.138598	3.475958	2.837638	1.591287	4.919222	2.675801	4.136762	2.494622
-1.570550	-3.538915	0.171004	-2.564766	0.246136	1.507234	0.188344	-1.417071	-0.047671	-1.559328
-1.694893	0.316629	-1.860195	-4.724738	-3.320839	-2.913663	-5.669856	-0.810881	-2.287307	1.300092
3.327407	5.468406	4.134611	1.151463	-0.037490	0.099415	1.236366	2.620683	1.025264	2.065800
4.508461	2.436539	-0.458874	2.722258	2.365383	1.588586	0.827855	2.383831	1.744550	2.886812
4.478283	2.494149	2.350655	3.079567	0.150479	-0.232231	0.617257	-0.715022	0.166460	2.296046
3.805689	2.692959	1.510205	3.922711	3.268595	1.877382	0.353115	1.640436	0.841704	0.925522
0.373193	0.182691	0.813879	1.890914	1.192331	-1.378657	0.723378	-0.317483	0.121292	-1.558340
2.029614	1.094367	1.244682	2.543696	1.380286	1.699970	1.419590	2.644235	2.861535	-0.277722
-0.503030	1.777107	2.644721	1.959580	-1.451541	2.020982	2.439900	3.301604	3.828745	0.472898
-3.884719	-3.695667	-1.904100	-1.204909	1.237050	-1.043104	-1.365447	-0.560363	0.641833	-0.388659
-3.615132	-1.218034	0.494925	-8.101550	-3.918642	-1.676571	-7.991802	-1.815351	-2.353689	-3.608470
-2.337247	-4.302473	-1.729300	-2.706917	-2.485017	-5.774299	-5.237418	-4.453247	-5.840509	-4.344014
