X1	X2	X3	X4	X5	X6	X7	X8	X9	X10
-2.478471	-5.223108	-4.786548	-3.230034	-2.876427	-6.875502	-1.921967	-2.648671	-5.122675	-4.717600
3.963933	0.678877	-1.623983	1.424785	1.018944	1.430886	3.667131	1.129208	-0.485380	1.216802
0.461766	-1.236951	0.402742	-0.106371	0.738180	-0.872277	3.911203	1.185026	1.843201	1.370488
-3.476973	-0.684610	0.058507	1.961094	3.445182	1.369506	2.328852	-3.148327	1.812561	0.386570
-1.115882	0.559579	-0.472109	1.743075	2.609554	1.149435	0.332684	-1.636460	-0.038104	1.524558
-0.999463	-0.280202	-1.948630	-0.202933	0.458098	0.224606	0.071204	-1.313582	1.731801	-1.440338
0.681285	-0.911972	1.980725	-0.989334	-2.904683	0.216015	-3.478585	-1.010204	-1.781529	2.415392
4.575061	0.926848	2.368632	0.086068	-0.438285	1.121060	1.581922	1.323464	-0.127698	0.239756
1.692364	1.038540	0.451669	-0.259629	-2.782106	0.734335	-0.733671	3.856914	2.990888	0.376463
-0.027307	2.008285	-0.334186	1.354370	1.436558	1.945234	0.740541	3.418235	5.087127	1.807320
0.764946	0.699663	1.962243	4.337462	1.979809	1.595952	0.344560	1.133417	1.108415	2.142533
-3.649779	-2.523444	-2.292767	1.651845	2.143050	-3.075617	-0.268208	-3.311848	-1.788252	-1.560591
-1.370883	-1.011856	-1.541639	-4.787085	-3.075115	-3.565383	-5.818160	-1.684472	-3.744677	-4.843848
2.322632	1.209208	2.637003	-0.159928	0.911215	-1.254653	-1.424492	0.823337	2.414938	-1.317833
2.221063	3.298330	2.718335	5.556512	4.547345	3.545865	3.890001	1.526068	2.086088	3.803158
-1.724292	0.560990	0.959232	3.398234	1.713476	1.725959	0.407423	-1.386688	1.213672	3.838426
-3.143636	-1.914531	0.279071	-1.821465	-1.552090	-2.878279	-2.291923	-1.620141	-3.066313	-3.813625
-2.435473	4.217849	3.108026	-2.769185	-1.823149	-2.524762	1.272470	2.598099	-1.995968	-2.560995
0.194996	3.271810	3.514173	0.135671	-2.278900	-0.454600	1.164604	3.983723	2.480003	0.279017
-0.388235	2.785034	-1.445814	-0.932397	-0.719641	-3.774208	-2.934013	-1.891080	-1.376401	-3.344390
-2.949467	-3.295099	-5.599159	-5.597691	-2.387270	-6.899697	-4.318378	-6.789919	-7.534182	-6.736418
-1.953105	-2.296506	-1.225189	-2.219611	-1.595185	-0.698782	-1.230385	-1.435703	-2.594042	-2.727669
2.449847	0.492093	-1.148728	1.033541	0.898214	3.181122	-1.687928	4.148856	5.100419	0.170054
4.908686	0.163380	-1.399103	0.239464	1.386328	2.871200	-1.892102	1.532851	1.816697	2.308548
3.161708	-0.765365	-0.113338	0.472458	0.919459	4.724836	2.586102	0.656071	-2.099807	2.653707
0.284108	-0.120160	1.346839	-2.065278	-1.907893	-2.267286	2.810988	-0.802294	-1.013096	-0.485674
-2.557117	0.143677	3.291704	3.108955	-0.571129	1.086916	6.335164	-0.994653	0.138730	0.261700
-0.870672	-0.478073	0.711530	2.322157	1.558353	3.700025	2.238938	-1.391916	0.518068	2.640819
-2.092761	-3.026229	-3.823408	1.138027	2.564051	3.645222	-2.827382	-1.271991	2.142619	3.773078
-0.478489	-3.875509	-6.249136	-4.281135	-2.784136	0.601289	-5.229389	1.507710	0.842281	-0.330933
-0.618558	-1.844231	0.460220	-5.008530	-3.652907	-3.885495	-2.572173	1.130880	-3.170247	-5.742923
-0.870175	1.312986	1.653335	1.304842	-0.404465	2.489950	4.062474	4.107608	0.254934	-0.566802
4.849157	2.345124	1.278382	3.113079	2.674889	2.708205	4.478562	2.529985	5.043223	3.815719
3.683934	4.739265	2.805237	3.703382	2.010352	2.719449	1.344901	1.101403	2.951119	1.436629
1.874852	1.916191	3.600575	2.468149	1.734523	-1.186341	3.433101	0.871151	-1.163379	-0.821783
-1.427394	0.845985	3.247371	-3.334619	-2.208900	-3.226486	-0.354028	-1.522878	-2.894572	-0.082431
-4.797507	0.951527	1.126499	-3.120624	-0.411922	-2.613407	-0.777574	-1.661194	-0.654560	-1.238128
1.256008	0.558602	0.093237	1.756834	0.486256	2.851772	3.758474	-0.930606	0.898754	2.421413
2.423149	1.778691	2.826258	4.515853	1.417029	2.502928	3.560629	1.396978	2.156271	4.164478
2.042611	-1.864323	0.296941	1.541333	1.564194	1.654040	-1.555399	0.680749	0.138889	3.047953
-4.695809	-2.466457	-1.822339	-2.871027	-2.453553	-0.537818	-1.546496	-3.027401	-4.602693	-1.994179
0.048486	-2.088628	-1.548104	-3.044928	-1.526116	1.822132	-1.389250	-1.643680	-6.075175	-0.677932
3.566292	1.028847	0.053624	-1.138072	-0.356300	0.483065	-2.430448	-1.193597	1.342941	1.548778
-0.090893	-1.400248	2.829021	-2.142959	-0.625809	0.908958	-3.277075	4.280441	-1.311846	2.724134
-2.224871	-2.752929	-3.016333	-3.686291	-3.527248	2.757187	-3.847819	-0.634573	1.898663	2.705521
-0.342147	-2.770612	-3.689258	-1.313470	-1.062423	0.266027	-0.640266	-1.528248	4.005167	0.633622
1.442279	4.072986	0.273423	0.559704	1.984462	3.192353	-1.141502	0.912009	3.808366	1.529619
4.212204	3.784751	2.352793	0.017528	-1.989999	2.398443	-1.024013	4.423492	1.447957	1.377595
3.021826	2.907267	4.477331	0.962901	0.190589	0.314970	-2.513984	2.329694	1.450640	-0.358166
-0.429256	0.334419	0.832620	0.473521	-0.026680	-2.502189	-0.237101	-4.627491	-2.408385	0.706718
-3.426743	0.358794	-2.709659	-1.693614	-1.972211	-3.554859	-2.921750	-5.921171	-3.573221	-0.964971
-0.513237	-0.676924	-1.595922	-2.217405	-1.962010	-4.023064	-2.077317	-1.156049	-2.334169	-3.259050
-2.221938	0.754453	1.449814	2.835746	0.747818	2.866472	0.678714	4.671467	3.714672	2.486263
-2.161847	0.430210	2.869834	-0.172564	2.844466	2.143025	-0.985144	-1.825627	1.662900	3.084851
1.838135	-1.045165	1.656622	0.056664	0.544830	0.165770	-2.925977	-1.148836	-6.750186	-2.670204
0.529210	-0.408684	-2.079734	-0.590472	-0.036695	-1.941616	-1.968770	2.275736	-1.874687	-1.679919
-0.457023	0.889239	-1.074948	2.979825	3.679783	2.805544	1.588491	-2.360915	2.600497	1.293588
-0.537963	2.983194	3.379467	4.630054	5.056862	2.835326	3.629718	1.375006	1.630766	3.369401
-2.037809	1.600669	0.691101	3.386613	5.812636	1.740608	0.830726	0.452297	1.504017	2.261701
-2.993761	1.746953	-2.107958	1.616400	5.554899	0.774066	2.333127	-1.102145	-0.520248	2.106474
-0.203816	-1.194463	-3.650918	-0.729887	-1.614152	-0.625522	-0.802365	3.292878	1.070870	-1.137599
0.929327	-0.379789	-0.517489	-3.023050	-2.468821	-0.462878	-1.435739	3.593163	1.586870	-1.606734
-1.146831	-3.688335	-2.659577	-3.646490	-2.678512	-2.185923	-1.310382	-3.518490	-1.816046	-6.085345
-2.004486	-4.628009	-2.740791	-1.780509	-3.037229	-6.462578	1.597716	-6.866983	-7.503280	-3.328150
-0.734737	-4.450919	-3.220535	-3.041708	-3.091875	-6.263865	3.073768	-2.211916	-1.772530	-3.577863
0.464319	-2.652573	-2.665515	-1.832988	-1.572751	-3.030504	2.388683	0.471612	1.083404	-3.007000
1.714685	1.490123	-0.998435	1.070449	0.416239	1.323586	0.513072	0.718500	5.326524	-0.785775
5.546465	1.034362	-0.970297	1.885403	0.980895	3.178886	2.194944	2.215950	-0.829271	2.978898
0.782861	-0.895262	-2.033403	0.382974	0.659215	2.030976	-1.086892	3.030364	-0.709378	2.436305
-4.489422	-2.997152	-2.894255	-3.635839	-1.289601	-2.877962	-4.446929	2.353144	-1.868296	-3.076268
-3.224782	-2.193514	-3.653752	-1.225537	-3.988753	-5.157745	-5.169058	-2.727507	-1.875722	-7.869432
2.213686	-0.225152	0.592106	-1.336317	-0.063740	2.807110	1.709528	2.774714	2.738144	0.529898
2.305986	-1.897168	1.273222	0.109020	-1.513060	0.905987	1.411834	-0.574589	1.164907	1.527213
1.785022	0.679435	1.687298	-0.316325	-1.792512	1.849469	-2.481235	4.215489	0.958368	2.819699
-2.284001	-1.391944	-1.583061	-0.620850	-2.688392	2.799443	-2.890372	1.607653	5.006631	1.152847
-1.189480	-1.098307	-4.629351	-0.214453	-0.516097	-0.257507	-0.131974	-0.918993	1.770999	1.388446
-0.922408	2.982346	1.781333	2.987768	1.358978	-1.090194	-0.148639	-0.876341	1.333776	0.347287
0.299217	2.951015	2.552898	3.594517	0.462438	1.514670	-0.257662	-1.244684	1.892067	0.525060
2.943002	3.409201	1.534853	2.815696	1.376790	0.977573	0.935556	3.317483	1.967376	0.769456
2.844051	2.143006	0.929205	0.645810	-0.144361	2.381703	-0.077181	3.963369	-0.449292	3.290369
2.099869	1.843732	1.396063	-0.345738	0.623395	0.551050	-0.980874	4.361583	2.736168	0.258790
-1.310740	-0.363318	1.584338	0.453859	-0.113235	1.040704	3.671276	-6.421768	-1.459138	-2.575087
-3.282069	2.263260	0.959841	0.908605	0.276559	-1.743443	4.087969	-5.653274	-5.145805	-0.540768
-1.191816	-1.214530	-0.011417	-3.738693	-1.850113	-2.870998	3.624703	-0.732825	-1.427625	-2.157359
-0.647273	-0.551083	-1.083024	-1.340529	-2.444538	-6.202570	2.999375	-2.649613	-3.082292	-1.983265
-1.332838	0.484606	1.076034	-2.159194	-3.543506	-3.911964	0.702483	-0.780225	-3.511999	-3.622689
-0.372505	-3.535656	1.203271	-2.766781	-1.029103	-2.498284	1.089622	-2.711752	-2.679639	-2.858737
-1.933469	-1.869263	-0.598199	-2.209782	-3.517415	-1.020037	2.742388	-1.046483	-1.848204	3.013690
-1.312226	-3.251508	-3.265761	-2.736686	-2.372728	2.958776	1.838477	-4.216206	-3.738786	2.900988
-0.096072	-2.204583	-0.181400	-0.531384	-1.708226	3.018852	1.819181	-1.337411	-0.619477	2.640056
4.446198	0.099721	0.328301	-0.773165	0.476308	0.568490	4.563896	1.291715	2.849832	-1.975507
3.154587	-0.343488	0.964059	2.519682	2.608090	2.330288	3.699915	-1.043516	2.002750	1.254798
-1.881000	-2.121500	-2.444310	-1.931530	-0.606062	-3.036553	-1.412870	-4.301594	-2.432915	-2.573730
-1.544460	-6.038307	-7.144289	-3.579190	-2.217829	-2.312432	-5.374665	-3.685105	-0.970854	-1.536590
-1.865989	-0.407596	0.006541	-0.508185	2.230709	-2.845346	-2.030480	-0.561338	-1.753057	-1.356981
0.545915	1.998540	0.986297	-0.815499	1.983571	2.394507	0.279377	2.370518	0.869385	1.174298
1.519256	0.750615	2.439797	1.590480	3.144578	2.980332	5.954799	3.394576	3.700081	3.411149
1.686435	0.250038	2.907359	3.566969	5.826051	1.458733	2.749076	0.393948	3.911741	2.901175
0.477156	2.948321	1.888703	4.002481	1.347911	1.648915	-0.622702	1.388243	2.659374	2.760678
-1.379679	4.564775	2.693545	3.015633	0.535982	1.806486	-0.532644	3.611875	1.623690	-0.544538
5.767030	2.576812	-0.021995	2.678742	1.982385	2.327752	-0.192159	3.684452	2.922997	2.567330
6.614785	3.511945	-0.274399	1.529824	-0.519857	2.633121	-0.483157	2.901586	1.027505	-1.019214
0.934187	-0.889216	-0.121749	-1.836105	-1.995021	1.317502	0.875853	0.159187	-2.854978	1.130534
-2.335863	-2.340758	-2.773427	0.232774	-0.180083	0.714405	-1.114441	3.579963	-1.581142	1.400980
-0.752266	-2.012170	-4.080616	-2.166222	-1.254320	-3.246361	-3.394147	-0.256576	-1.164780	-5.033973
-1.009221	-0.274939	-2.406098	-1.794875	-1.014709	-1.918285	-1.345875	2.065778	1.802217	-0.478218
-1.826930	-0.989554	-0.579556	-0.221467	0.167374	-1.419955	-1.210835	0.665632	2.840955	-1.534951
-1.056294	-4.873102	-7.067674	-2.168781	-0.440647	-4.407960	-3.511036	-5.760806	-5.039257	-1.404066
-0.276013	-4.323573	-4.180035	-2.486797	-2.344950	-5.643788	-5.359787	-2.707331	-8.339014	-5.083057
-1.782691	-1.879656	1.823876	-3.188298	-1.326111	-7.088025	-4.428099	-4.119138	-2.730509	-4.174019
-2.212230	1.306262	1.809673	-4.530166	-3.376409	-3.544958	-3.809779	-0.589322	-2.041237	-3.760645
-0.933032	-0.153710	2.418172	-5.053484	-1.626421	-1.764075	-3.524936	2.640820	1.644607	-4.071931
-0.048101	-0.848161	3.710986	0.025968	-3.132624	-2.009261	-0.354879	0.526991	0.847227	-2.245969
-1.880440	-3.257981	-1.756371	-1.944594	-1.627999	-3.411502	1.449785	0.906193	-3.538372	-0.666354
-1.075455	-2.146760	-3.105388	1.806147	0.347175	0.054216	-0.147951	-1.300975	0.201910	-0.665780
0.987351	-3.429989	-3.374453	1.155709	1.648718	-0.995592	-3.199296	-2.829912	-0.796123	0.566959
1.288872	2.429241	2.231346	-0.597793	-0.717151	4.633388	-3.579154	2.931780	5.373330	2.756368
5.030503	4.693438	1.791417	1.640356	1.930385	2.948970	3.578766	5.033398	3.894969	3.558954
2.776337	3.773311	3.524671	4.215774	1.710144	2.855569	4.055361	4.501540	3.163492	2.799620
-2.501632	0.091766	0.465215	-0.593927	-1.232758	-2.383100	-2.311477	3.012399	-0.763600	-2.716827
-2.663210	-3.277688	-4.019742	-2.924431	-2.175106	-4.700424	-1.010050	-2.402629	-0.585811	-4.243782
0.860894	3.798453	4.167706	-1.754926	-2.824587	-1.972188	2.303637	1.820449	-0.169043	-1.797441
0.427074	3.923098	3.329465	-0.973500	-1.413388	-1.906878	1.605680	2.225125	0.229099	0.481502
-0.823079	1.033050	3.313741	-3.510439	-1.763298	-1.899480	-4.704224	0.339190	3.493310	-1.983850
-0.698674	-0.551086	2.585637	-2.001934	1.134594	1.435319	0.664624	-3.584566	-1.603315	1.837407
-0.792518	0.102997	2.770957	-1.094374	3.083397	-0.097968	-1.665479	-1.435754	-3.329683	-0.156522
-2.581422	0.606901	3.781504	1.073551	3.280417	3.082071	-0.571335	0.606616	1.275898	-0.512233
3.497006	2.073130	0.034681	2.870747	4.641462	2.029250	2.385258	0.902629	4.677520	2.894176
4.474355	0.499189	-0.023013	5.712424	4.602035	2.055779	2.156198	1.666073	2.553774	3.461608
4.549916	2.428778	1.879225	6.949988	4.139741	3.615472	2.032987	2.841633	4.246950	2.908568
-1.678922	2.145702	2.816493	3.940645	2.034780	3.191837	0.315426	2.721494	1.184038	4.160657
1.581231	5.344762	3.376992	4.086898	3.053255	4.891987	1.784616	4.025540	4.575126	4.500778
2.581163	2.297160	4.419220	7.018154	3.802163	3.393230	1.537161	5.304855	3.011702	2.365733
-2.866536	1.541699	-0.628524	3.132914	3.133004	3.754077	1.962464	2.185822	0.669755	1.121525
1.551723	-0.677722	-2.988143	0.252781	3.300572	3.045437	3.349729	-4.110377	0.266071	3.700656
1.529529	2.867600	1.189461	0.303458	2.883365	3.100617	2.860360	-0.783460	2.275537	3.172626
-2.123231	-0.124634	1.170084	-1.844057	-1.183024	-2.935373	1.712663	-2.585344	-1.618960	0.231140
-1.761568	-3.404923	-3.585976	0.199239	1.154097	-1.657927	-1.098557	-1.924950	-4.669834	-2.817603
0.084508	-0.366366	0.175377	1.513644	-0.396380	1.789962	4.136908	2.470705	2.524401	2.283100
0.255783	0.171937	2.269440	3.084058	3.024737	2.842001	2.153664	1.709201	2.755330	2.198051
-1.407153	-2.436611	-1.247892	-0.065822	0.782636	-0.240803	-3.030781	-5.795980	-2.738260	-3.038449
-1.525513	-0.376810	-2.222623	-0.701596	0.097006	-1.046646	-4.070918	0.549941	1.970216	-2.338798
1.764892	1.425841	1.228344	2.724631	-1.433566	-0.583922	1.992861	0.133247	3.712945	0.694707
0.914250	0.108145	-1.573995	2.185558	0.122109	4.417474	1.203768	-0.595182	-0.807488	1.641366
-3.153850	0.038202	-2.329545	-1.350319	-2.962784	-2.082553	-2.077489	2.499135	-2.753396	-1.589916
-1.595620	0.085915	-1.458710	-3.767903	-2.293760	-3.271300	-5.298498	4.721080	-0.192091	-4.031338
-1.310571	-2.368014	-0.990092	-2.882097	-0.117833	-1.540063	-3.598747	-2.203065	-1.124287	-2.927397
-0.222115	-0.656982	-3.170696	0.783596	3.199380	-2.070338	-2.527824	-4.540717	-3.110896	-1.698890
-1.983462	-2.226386	-2.504524	-0.277729	-1.193635	-2.877420	-1.917517	-1.961494	-1.116629	-4.013813
0.004277	-1.611223	-0.560880	1.405326	2.348606	1.803892	2.482089	1.258988	1.948504	0.290937
-1.954510	-0.136689	-0.913367	3.681157	-1.591515	1.453902	2.822706	-0.453288	1.349891	0.864266
-1.555631	-0.492380	0.879714	5.229762	1.237687	-1.398287	1.357451	0.315964	1.701824	-0.684324
-0.185998	-1.447292	-2.171539	-1.239561	1.825596	-0.604372	-1.875363	-2.666271	-1.638106	-2.343626
-0.776320	-2.464918	-1.570629	-0.631716	-0.647005	0.815350	0.341181	-1.837407	-4.971506	0.342765
-0.747407	-0.050753	2.245945	-2.706704	-3.994232	0.218982	-2.667802	-4.515058	-4.099382	-1.781145
-0.963267	-0.514993	1.363380	-4.136625	-1.055599	0.040027	-4.346494	-2.564134	-3.849840	-0.717449
3.025490	1.061571	1.755078	-3.281080	-2.573324	-0.459313	-0.374479	-1.580449	-3.448584	-0.386540
2.024756	-0.091655	-0.071962	-0.362070	1.844881	1.180567	-0.317539	1.964889	0.309783	1.162789
-0.742778	-5.927763	-4.512040	-3.721693	-1.192700	-2.409831	1.623543	-3.215532	-1.586342	-1.049653
-0.835818	-4.719647	-6.427153	-3.580849	-4.854379	-5.634203	-2.290613	-5.666519	-5.447359	-2.754358
1.530228	-2.780697	-3.502101	-4.176335	-2.033271	-5.326046	-1.610789	-0.301181	-2.843268	-3.748217
4.328354	4.441194	3.841018	1.582953	2.368014	2.519544	3.002933	5.860176	4.760433	3.432181
-0.039848	0.223236	0.685107	-1.135883	-0.563636	1.317771	-2.910326	5.339045	1.730146	0.248544
-0.977183	-1.549263	-0.620531	-2.947038	-2.596832	0.656539	1.153451	-1.012179	-1.741125	0.063986
0.103243	-3.239092	-3.577294	0.002894	3.505618	-0.811347	-1.680314	-4.850399	-4.650475	-1.103585
0.387426	-0.930044	-2.577377	2.113018	2.462504	0.371017	0.953597	-0.455820	0.042603	1.163144
-1.376738	1.381093	2.149722	0.513142	0.605020	0.661636	0.048405	-0.042744	0.085815	-1.686614
-1.928354	-3.894873	-3.934991	-1.588628	-1.479341	-2.976486	-2.355271	-2.816673	-4.853931	-3.412248
0.131974	1.441969	1.236086	-0.085182	0.748815	-0.461542	0.787389	-2.000907	0.677077	-1.196445
0.725845	0.342928	2.312960	3.684388	1.359685	-0.834627	3.117504	-0.518346	-0.708153	-0.379292
1.368455	2.097013	1.757433	3.266292	0.242364	1.309263	3.075895	2.568809	1.838391	1.954525
-0.446097	2.189734	2.013312	2.059240	-0.697848	-0.221164	2.590980	-1.892840	2.237922	2.083820
-2.222612	3.792200	4.596501	-3.660457	-4.513153	1.441096	-5.990422	0.838410	-0.802047	0.585705
-0.735492	4.523320	4.306205	-2.928488	-1.072651	2.009249	1.539908	0.782760	4.603698	0.690095
2.792264	4.012202	6.648928	-2.693541	0.514159	0.121702	2.572689	0.794513	2.431771	-0.539997
-1.614745	2.341755	4.161276	-0.833604	-1.891721	-2.165739	2.969037	-0.709027	1.402988	-1.646556
-1.421718	-0.187514	0.382354	-2.629466	-1.432988	-5.914368	0.084270	-3.480755	-6.101936	-3.927569
-0.713252	3.402002	2.759365	-0.973913	-1.932139	3.203220	0.605505	3.884732	-2.389583	0.164779
-0.973048	2.114709	0.228815	-1.537533	-3.823568	1.543632	-2.809843	0.832040	3.163462	3.458499
0.329699	-1.424486	-3.284093	-2.403114	-0.797970	0.726073	1.291441	-1.311327	0.056218	0.455007
-1.390910	-2.653880	-2.882355	-1.264344	-0.212740	-0.537651	1.966172	-2.234363	-5.397399	0.534314
-1.055371	0.759033	-1.108766	3.623390	0.263330	1.183566	1.836962	-0.661763	0.702729	2.705534
-2.007780	0.649455	-0.872325	2.753999	1.998447	3.505229	0.030024	1.697880	5.711519	1.091579
-1.027233	-3.194310	-2.731127	1.341294	0.946519	3.510042	-1.743230	-0.268928	3.163390	0.326460
-0.591925	0.132539	1.192430	-2.672813	-4.404446	-1.024389	-2.830491	-0.196582	-3.706542	-1.308411
-1.329351	0.757102	1.101748	-0.445512	-2.469939	0.450138	1.052651	0.910524	1.647042	2.176977
1.368494	2.240079	-1.290672	4.130306	0.241549	1.181929	1.558803	4.398498	2.848958	3.240933
-0.836182	-1.027731	-1.482628	1.753650	-0.226073	-0.507413	-0.657028	0.361244	1.645823	-0.012532
-1.505775	-4.002430	-1.894120	-2.261172	-3.554495	-3.019087	-0.572238	-0.451130	-2.527046	-0.355810
0.412824	1.178878	-1.275447	-0.214353	-0.341010	-0.982688	-1.186221	1.212382	0.295067	-0.102693
1.210121	-4.095111	-3.651210	-3.461788	-0.546907	-1.881417	-0.818376	-2.997315	-1.147224	-1.744974
-1.690875	-1.069903	-0.231310	1.520629	4.191222	-2.128071	1.458798	1.718485	-1.397902	-1.999545
-0.811957	2.000396	-0.039547	2.561002	1.653487	0.870450	0.230500	1.645989	2.064746	2.208598
-2.167117	3.572079	2.941075	3.330332	2.814094	0.463646	0.227029	-1.655299	0.759333	1.694161
-1.482845	-0.082164	0.644056	2.656420	-0.411047	-0.751385	1.071682	-1.219572	-0.192827	0.608447
-0.963533	0.486660	1.699991	4.399767	3.377371	3.629057	1.599653	0.283075	2.083578	0.266860
1.110528	1.703238	3.707978	3.313972	0.160754	0.434869	0.534135	-0.644752	-1.223742	-0.373898
0.034049	1.187661	0.166513	2.129630	0.950208	0.622948	1.806421	-2.422349	-0.711177	1.854175
-1.882162	0.381615	-1.283509	-0.465963	-1.101560	1.498291	1.409700	0.701389	2.285084	2.544778
5.829307	4.677989	2.028108	3.027588	2.807854	5.258893	2.624462	5.519668	3.661748	3.502212
3.793665	4.558067	4.664058	4.191376	3.643553	2.540549	4.132394	4.836691	2.140322	2.432676
-1.462977	4.128836	1.657135	3.038891	2.239941	0.220454	4.255082	-6.014236	1.778514	2.185066
3.608391	2.884981	1.374035	2.857924	4.196620	2.870800	3.917009	2.043091	2.609328	2.164882
2.890881	-1.974414	-0.538850	2.775663	4.415591	1.812780	3.016160	0.782877	3.366469	1.946118
-3.137397	-0.605366	-0.498527	1.382996	1.194853	1.923788	2.789115	1.218525	-0.073059	0.087871
-2.487232	4.205510	4.316899	3.448507	2.186007	0.235614	0.445154	0.497140	2.113745	-1.562265
-2.568912	2.609895	3.316219	4.208781	0.196150	0.658249	0.724957	3.287525	3.637783	-0.476896
-0.215526	3.720473	3.154726	1.376902	1.655678	-0.214216	-0.148498	1.559886	4.502256	0.189573
1.675037	1.145626	-0.471687	-1.735348	-1.747611	-1.383093	-3.702036	-2.021373	-1.217537	-2.240867
3.952688	0.753936	-0.421728	-1.316189	0.058376	-1.200890	-2.241880	-0.764050	-4.359298	-0.519023
0.947240	-3.337115	-4.562405	0.478761	1.423933	-0.927620	-0.135757	-0.104139	-2.022329	-0.364103
-1.068596	-1.850345	-1.932026	1.316279	1.186754	1.291606	2.612408	-1.405236	-1.514733	-1.123815
0.712991	-0.425371	-1.920799	-1.023156	-2.815670	1.983076	1.214786	1.446163	2.235486	1.336230
-0.301388	-0.489712	1.554468	-2.860467	-2.336449	0.440277	-3.087149	-1.428539	-0.062678	1.841523
-1.952720	-1.051784	1.865267	-0.452976	1.051107	-2.888603	-0.467227	-1.700035	-3.009230	-2.055445
-0.426795	0.642494	1.074490	3.232991	1.276187	1.818124	1.876024	0.657777	1.917823	-1.904385
-1.393301	0.461807	-2.381372	0.320113	-0.171622	-0.335756	-1.244527	-1.360596	0.908173	2.610993
-0.198326	-6.361764	-5.276424	-3.241838	-3.003031	-1.298256	-1.976209	-5.203051	-5.387086	0.528878
0.527140	-3.774533	-2.077377	-1.266985	0.949843	2.338111	1.554646	-1.971783	-4.959965	1.582859
-1.415290	-3.390317	-2.553937	-1.078053	-0.165011	-1.868468	-2.500590	-1.531286	-1.214871	-0.204174
0.528493	-2.225830	-1.824911	0.906833	2.179788	0.338594	-1.561748	-1.686456	-0.743815	-3.916933
-0.314400	-4.069287	-2.538307	-3.195753	2.676127	-0.091716	-0.830260	-1.020886	2.282792	0.480172
-1.376656	-2.260202	-0.124433	-1.696934	-1.527512	-0.492211	4.979146	-1.057571	-1.559559	-0.862771
-0.927066	-2.485089	-1.060695	-2.137237	-2.923745	0.478196	2.885339	-2.219306	-0.415880	1.358629
-1.814520	-3.479458	-3.076799	-3.183183	-2.182691	-5.040907	-0.037211	-1.508985	-1.933883	-3.861839
2.706094	0.791877	2.103747	-0.031499	-0.239766	0.052768	1.820069	0.697898	-0.394379	-1.153087
0.831486	1.106407	2.827137	3.342895	2.765110	0.077410	3.926649	4.097951	2.777719	1.192376
-0.823935	2.578820	2.173665	2.477375	1.638821	1.127306	1.688602	3.021877	4.309300	3.682439
-3.451758	-1.166392	2.051626	-0.493380	-0.577154	-0.481654	-2.110699	-5.077715	-0.558149	0.974394
-0.538573	-3.086939	-2.909387	-5.249992	-2.951631	-0.401281	-2.072980	-6.240719	-5.787940	0.175230
-1.706472	-6.552727	-5.543978	-3.806879	-2.829929	-2.795183	-4.995065	-3.783929	-2.739687	-3.052161
-0.418444	-3.049364	-6.527954	-4.100161	-1.834768	-3.858672	-1.991679	-1.004238	0.584498	-3.374289
-0.135381	0.804144	-1.473219	-2.735156	-1.631364	-1.854255	-4.067244	4.570962	4.926102	-2.003561
0.210226	3.145491	4.272022	-0.448980	0.043165	-2.645540	-1.172382	3.700875	3.013013	-2.237187
4.524187	2.639973	4.306564	4.013751	1.399900	0.115065	0.324487	4.890410	2.145417	1.197127
2.444109	0.315087	1.195203	1.562022	2.200125	0.069052	-0.850155	4.139474	1.814304	-2.116927
2.970702	2.624828	2.077534	1.255921	-0.575377	1.648917	-0.574126	3.026572	2.897359	1.135044
-0.622227	0.495894	1.720954	-1.980665	-0.704321	0.717554	-3.349742	-0.976488	1.264972	0.860033
-2.506069	-0.444315	-0.062642	-4.189046	-0.893124	0.222857	-2.693017	-0.811000	1.616330	0.449335
-2.249517	0.525497	1.491442	-1.065832	1.666001	-0.825577	-1.014963	-3.089757	-1.657578	-0.277456
0.349636	0.457931	3.285603	-1.566730	-1.429362	-2.817252	-3.658193	-3.411553	-5.485765	-3.478646
-0.724401	-3.346912	-3.094664	-4.681847	-2.952525	-3.180570	-1.437015	-1.687281	-1.751940	-2.533539
0.975177	0.028166	-1.317361	-4.008590	-0.964400	-0.124232	1.537263	-0.887036	1.288585	3.211359
3.265279	3.974568	2.635708	2.445938	-0.247199	2.494659	-0.205966	1.350389	3.347900	2.105345
5.209711	1.698994	-0.283261	2.300234	-1.110333	3.794504	0.737994	-0.356501	0.253795	1.941315
3.936179	2.120347	0.247230	3.240297	1.632489	2.663203	0.666140	-1.359901	-0.258640	2.190365
1.188190	1.376829	2.247977	2.206925	0.435758	2.784757	1.499672	2.860095	5.310787	2.767991
0.905749	0.616642	0.485776	1.649919	-0.787432	-0.908633	-0.943811	2.684292	-0.009235	-1.422908
1.725564	1.909590	-0.265274	-1.339019	-0.696289	-0.179763	-1.948207	4.233993	-3.164813	-0.747336
-1.656561	2.075375	1.343922	-2.394885	-2.874318	0.278969	-4.149311	5.728105	1.171645	-0.752294
-3.861421	2.410401	2.819661	-0.667577	4.620377	-0.275034	-1.570018	2.485529	2.570132	0.518414
-0.045309	-0.839928	-1.643358	0.816410	-0.167707	-2.393066	-0.940523	-4.353528	-5.652861	-3.122113
4.457779	-0.457109	-1.455239	0.039184	0.487127	-0.152823	1.422285	1.794934	1.541161	-1.147377
-1.715252	-1.624437	1.095715	-1.553351	-0.536520	-2.874300	-2.697986	-0.469680	-2.698308	-2.249078
-3.819198	-6.421110	-5.523297	-1.384487	-4.168148	-4.976590	-3.554824	-4.837167	-7.091874	-0.843719
-1.266353	-2.823622	-0.308480	-2.398315	-0.467857	2.264313	3.808682	1.983574	-3.465143	3.245999
2.727185	-0.210368	-0.154235	0.873374	1.801757	2.772317	4.363047	1.357046	2.039480	4.059876
-3.030378	-4.001546	-1.306264	2.148989	3.711396	2.284927	0.701186	-0.923749	-2.241807	1.646311
-2.245539	0.726350	-2.232570	0.274639	0.344467	0.523653	-3.898786	3.319289	-0.451011	0.436502
-2.157695	1.392824	1.605845	-3.021964	-2.895125	-0.658797	-2.006852	2.690062	-0.260933	-1.000250
-1.987043	1.878481	-0.626120	1.035991	-3.211074	-2.986515	-0.575893	-2.800630	-1.912977	-1.897646
-2.908079	-1.062274	1.228333	-1.093887	-0.944071	-3.010091	-2.256892	-3.909385	-0.356246	-3.249686
-1.564402	-0.351538	-2.225298	1.307916	0.343493	0.802882	-0.549129	-1.771205	1.606558	1.067028
-1.989408	-2.073904	-1.429113	1.457910	-1.072273	2.132516	-0.060783	1.890712	4.049534	1.400798
3.424605	3.040731	3.576386	2.585508	0.650942	1.613920	0.494466	2.479463	3.900679	1.060621
0.967137	1.140973	2.003600	1.664221	-0.848651	1.485103	3.744739	0.770550	3.674693	2.471200
3.273892	3.238227	1.680526	0.181762	0.599061	2.103375	4.072058	1.128770	-2.369425	0.826733
5.763568	1.724999	2.025066	2.859341	-0.618708	2.202247	-0.663255	2.403323	1.682124	2.353619
-0.467231	-0.386908	0.675420	1.076572	-1.271746	3.111529	2.668321	-1.785993	0.327440	4.165361
-1.373807	1.008614	-0.073711	3.194466	0.023862	0.884431	0.829709	0.773121	0.308624	2.215356
5.619441	-0.528731	0.612273	2.079134	2.328532	1.819663	0.442931	1.986162	3.429574	-1.006095
3.819212	1.605363	2.476675	2.452388	0.481380	0.764736	-2.709892	2.104230	0.985593	-0.061991
0.100806	2.868104	0.198296	-1.396261	-2.879380	0.625859	-1.726336	-0.239079	-0.212420	-1.007434
-2.356778	0.238196	-1.623462	-4.050803	-2.268431	-5.050158	0.615919	-3.885867	-3.435364	-4.013922
-2.449544	3.281048	1.854805	-3.521427	-2.745054	-1.660904	-1.254906	-2.383236	-6.212937	-1.532755
0.693009	4.738865	3.910000	1.933977	-0.181535	-0.104571	0.507911	-0.215689	1.112362	1.938866
2.419775	-0.710744	-0.904074	0.779019	3.198746	1.075052	0.097489	2.213173	2.066034	-0.266058
2.745553	-3.360973	-4.882011	0.667407	-1.252796	0.001473	0.816048	-2.563155	-1.748920	-1.275627
-1.459361	-4.284212	-2.037408	-1.542950	-0.854441	-4.046200	1.004107	-2.974575	-7.796198	-2.676941
-2.295272	-4.110954	-2.739158	-0.833643	2.232727	-2.529756	1.455084	-1.804689	-1.920399	-1.061899
-0.827485	-4.786790	-4.678457	-3.264465	-1.159575	-3.597190	-3.809303	-3.860901	-1.846721	1.020598
-2.242804	-4.092309	-6.415497	-3.184008	-1.663328	-4.390792	-1.496939	-1.785214	-1.461262	-6.058548
-0.824837	1.560696	1.796027	0.611234	-0.568115	-1.311456	-0.535307	1.584168	3.000378	-1.664537
-1.611490	0.440538	2.104524	3.649867	0.478580	-0.272374	3.048508	-0.240356	2.867401	0.642130
-1.333371	-4.855273	-3.660499	-1.237503	-3.714125	0.939859	0.488617	-3.358092	-4.546790	1.240255
2.220514	0.044773	-3.149533	-3.878871	-2.125815	1.389448	-0.786165	-0.837841	-7.062596	-1.427562
3.105754	2.126588	1.964429	-0.316932	-1.908774	1.770700	-1.400827	1.511292	2.068086	3.217680
-1.493658	0.914485	-0.889903	0.349716	2.512015	1.365718	0.202340	0.449804	4.844156	1.227380
1.846365	-1.918824	-0.889119	2.919578	3.992066	0.794207	0.918545	-0.042808	2.331916	1.091441
-0.192985	2.782474	2.620190	4.927557	3.122893	3.506670	2.095798	-0.785549	-0.019933	-0.115039
-2.306420	3.630492	2.320534	0.347354	3.320110	-0.530792	1.195803	1.610178	0.808310	-2.265057
-1.151653	-0.879056	-1.212076	-2.975229	-0.393369	-3.235275	0.036967	1.596469	2.366945	-2.769114
-1.524296	-4.998055	-5.684829	-3.307090	-1.261233	2.050821	-3.130905	0.538920	2.546673	-2.198908
-1.204462	-1.958591	-2.871616	-2.543530	-1.766469	2.494496	-3.215312	0.748026	1.231195	-0.586740
0.073234	-3.401650	-1.123124	-1.061048	2.085232	0.575351	-2.108550	1.429284	2.392311	0.970492
-0.196722	-4.382217	-4.645642	-2.872144	-1.836517	-5.191417	-3.274119	-1.870210	-2.577979	-5.147712
1.018254	3.337125	3.354340	-0.578320	-1.612710	-1.809209	-1.412019	0.080638	-2.882875	-3.656350
5.537647	3.875289	5.005134	4.982023	2.802764	2.512873	8.804347	3.108524	5.921725	4.039376
1.222940	3.350493	3.242451	4.929583	2.758011	3.115224	5.569679	2.844543	4.976318	2.584669
4.256815	2.162851	2.883502	2.554558	2.477538	1.578741	2.079271	2.984889	4.960906	2.928429
3.300356	-0.942821	-0.997100	-0.357457	-0.393849	1.842818	-1.417379	-0.789841	-2.433811	-0.889344
4.013744	-0.642907	0.778053	0.700937	1.164554	4.532449	3.012021	1.363046	-1.908535	3.503750
2.365261	2.297007	4.430674	2.847634	4.130951	3.377328	6.425367	1.653344	1.749834	4.900913
-1.286713	2.168838	3.078172	4.919131	3.276646	1.438247	4.868250	-0.985051	4.413396	3.047143
-3.169397	1.135799	3.190258	0.993423	3.641239	0.437898	2.665264	-0.835148	-2.257050	2.422543
-1.342010	-1.243993	0.894141	0.425805	3.240833	0.434571	2.715598	-2.018050	-2.254803	-0.570089
-0.870973	-4.464126	-2.954869	-1.053229	1.214827	-3.654043	1.698944	-0.908566	-1.866466	-1.567253
-2.804205	-2.388885	0.382637	-3.252584	-1.498980	-2.872054	2.446192	0.537698	-1.230638	-2.270247
-2.986328	-4.178157	-2.831133	-2.057268	-0.661890	-1.709275	-0.510968	-5.000266	-3.174821	-2.144874
-2.413761	-0.525030	0.070528	-3.963786	-1.794804	-2.198715	-1.763747	2.307237	-1.107714	-3.645632
-0.307026	-1.456791	-0.467472	-1.596946	-2.100427	0.736511	-4.332957	2.073998	1.691782	-0.007922
0.514758	0.547970	-1.402126	-0.346055	0.268138	1.058490	-2.183109	1.331809	-1.077935	-0.552945
3.938469	-0.708736	-0.518229	1.132580	-1.134015	3.331110	0.117385	2.490162	2.142436	1.078298
4.758988	1.842200	1.894724	-0.380549	1.322509	1.989356	1.283613	2.235850	0.837895	0.197307
-0.124405	2.402786	0.548939	1.107349	-2.057497	-0.601086	0.399064	4.520664	0.431840	-0.113120
2.641969	-0.848869	0.273919	1.702667	0.108759	2.725167	0.103925	1.556295	0.146471	2.374917
2.416791	-0.210960	-0.345734	-0.026504	-0.408229	1.231302	-2.847015	-2.225566	-0.510611	2.249517
-3.018557	3.043819	-1.281617	-2.395073	-2.135371	-1.106399	-3.158769	-1.696127	-4.961107	-0.905223
-0.871994	1.544471	-0.940429	-0.787949	-2.184676	3.858450	-2.810147	-5.057599	-1.190117	-1.087503
-1.029539	1.278200	-0.762969	-1.546241	-0.776454	-3.549968	-2.609963	-0.602489	-2.509541	-1.645725
-0.841708	3.324007	1.731063	-3.927657	-2.733513	-4.090970	-2.403225	-2.866507	-4.043979	-3.338991
0.262582	3.792092	1.711165	1.808493	0.121434	2.544827	2.530954	-0.291964	-0.861530	0.381297
-0.288784	3.116855	2.041035	2.836199	-0.453922	3.613809	0.363765	2.779531	2.286806	3.568037
-2.406321	2.151692	1.155071	2.450553	0.094007	1.870657	-1.551202	1.613869	3.084130	4.461228
-1.660043	1.150501	-1.487332	-3.930955	-1.735491	-1.241145	-2.997757	-1.720959	-3.594358	0.849166
-1.028364	3.139877	0.948324	-1.108134	0.793073	-0.963012	-1.523807	-2.515265	-6.385756	2.234150
-0.382494	1.963912	3.286332	2.148207	0.502986	0.477538	-1.255862	-0.613857	-1.240365	1.756578
-1.140944	-0.818101	-3.414714	-0.487742	2.057337	-0.474109	-1.275727	-2.069546	1.141818	-1.881654
-2.621225	-0.049472	1.648181	1.849112	4.123314	-0.023169	3.396989	0.128660	1.624192	1.192852
3.014357	0.648290	5.172908	1.640458	4.147704	-0.224057	1.404381	0.715151	4.597560	2.388395
3.660394	1.387973	2.841659	3.699889	2.517395	1.427612	-1.371255	-1.491583	1.768623	1.962371
-2.176620	0.792463	0.214527	3.528696	-0.722125	1.918724	1.703575	0.542350	1.398882	0.139377
-3.032889	-0.340754	-3.112699	-1.105729	-1.387668	-3.075134	-2.885833	1.538740	-0.690261	-2.552988
-0.171416	-0.357293	0.831873	-4.887794	-4.319345	-5.234276	-4.328880	1.091479	-3.015605	-7.299728
-1.827601	1.074529	-2.553068	-3.324305	1.403131	-4.748412	-2.840369	-3.350042	-3.655448	-4.370145
-1.149945	-1.254105	0.614467	-1.608570	-1.758351	-5.913355	-2.808401	-3.128830	-1.128789	-4.283940
-1.369547	1.379284	2.546567	-0.756496	-1.039801	-2.841415	0.537523	-1.900093	-0.710926	-4.079518
-0.506502	-0.882321	0.720121	1.226512	-0.891831	-1.484602	-0.379496	-0.466139	-0.678357	-4.368380
-1.218507	-0.530242	-0.739583	4.228648	0.876450	1.082976	0.438744	0.155027	3.004020	2.059173
-2.219155	-1.260400	-3.194556	0.430807	-0.024869	1.167710	0.879043	2.282397	4.301006	2.001237
-0.483839	-0.637417	0.648289	-3.148216	-2.429597	-3.389906	-1.936395	-3.049535	-2.243596	-1.410389
-3.027349	-1.817417	1.710440	0.122277	2.127056	0.362023	4.484434	-1.674273	-1.060285	2.390092
-2.550875	-0.493621	-1.984416	-0.421919	-4.750316	-0.956709	1.138734	0.660578	-0.792260	2.735681
0.140795	2.157246	-1.198189	-1.037706	0.452877	1.038394	-2.822191	3.224814	0.780182	1.043074
0.004575	0.629359	1.090107	1.207315	3.983229	1.517931	-0.105734	1.046331	3.705542	0.856071
-2.494119	1.927296	0.817760	3.539442	4.078732	-0.321900	0.484611	-1.054974	1.554622	1.728571
-0.413673	0.856731	0.216859	3.765576	0.896281	1.848901	4.473850	0.290599	1.189924	0.480172
-0.980467	2.315139	0.537092	0.197416	-1.819430	0.953535	3.053692	2.225446	0.481649	0.522176
-1.833483	0.528797	0.524447	-0.779835	-3.726205	-3.049296	2.792644	3.717769	-1.476002	-2.823020
-2.992801	0.135580	-1.532886	-3.079276	0.268652	-0.088488	0.087516	-0.666132	0.070874	-2.252014
-1.089599	-0.986936	-4.267917	0.994296	4.571836	2.588962	-2.997585	-1.171158	1.395978	-1.104907
-0.737156	0.000425	-2.310358	-0.312214	2.384246	0.693461	1.109753	1.327596	5.349511	-0.462697
-0.483746	0.762641	0.942082	-2.414501	0.140680	-0.151484	-3.119662	3.438330	2.557075	-0.379585
-1.939747	-2.262612	-1.918305	-4.761361	-2.768664	1.407136	1.762781	0.382050	1.178771	3.256833
0.307568	-3.053756	-0.908929	-3.414587	-2.743387	-0.011772	2.149394	-3.205541	0.373600	3.017456
4.573724	0.890789	0.910402	3.452630	-0.843888	3.038504	3.899086	2.180964	0.505464	3.811087
6.079648	0.824302	1.943682	0.586697	2.229734	1.766076	0.582769	4.580471	4.294864	4.468929
5.295767	3.739963	1.857004	2.906423	2.069080	0.740755	1.177555	0.158586	1.342801	1.857383
1.592210	1.170454	2.442662	-0.482381	0.680552	2.815255	-0.382446	-1.764682	-1.214724	2.703353
-0.249795	-0.221642	1.789150	-0.745405	-1.438346	-1.212308	-1.174920	-1.940523	-3.700509	-1.234257
3.259580	2.060558	1.595664	-0.299237	0.041288	-3.013519	0.459543	-2.157228	-0.133054	-0.464045
-1.443336	-5.612361	-4.381799	-3.341565	-2.886140	-1.721862	-3.444745	-5.319985	-2.034157	0.098395
-3.904014	-2.145512	1.981458	-4.882074	-4.800427	-4.004720	-1.480671	-3.435384	-4.777117	-4.441434
-0.526025	-1.836208	2.208733	-1.646952	-2.072567	-4.005773	-2.761224	-2.720311	-2.906533	-4.797427
-1.229739	-4.488560	-5.575476	-0.947684	-1.732954	-2.791904	-0.963093	-4.169154	-2.522904	-3.032978
-2.142229	-5.918279	-2.975869	-2.340254	-4.469882	0.592207	1.214335	-3.007697	-3.504328	1.523817
-1.841666	-4.300971	-3.337446	-3.438047	-3.247443	-2.360018	-1.667229	-1.075725	-1.861805	-3.954635
0.277479	2.972656	3.375094	-0.273246	2.369669	2.123239	-0.532774	4.990076	1.622566	3.435772
-0.213368	2.818797	3.202054	4.388566	0.888763	2.446101	1.958512	6.152323	5.082888	4.173743
-1.047678	-3.090752	-2.810364	-1.851294	-2.331053	-1.880010	-3.039361	-3.228466	-2.043039	-2.399413
0.182073	-3.222494	-6.488057	-1.566108	-3.479770	-4.105273	-1.387582	-3.310774	-2.895214	-3.981591
-0.774187	-1.028429	0.624480	-1.970358	-2.176080	-4.336965	-3.978841	0.523017	1.806364	-4.690383
-2.065935	-4.376456	-4.220849	-3.751026	-3.362473	-3.258664	2.316173	-4.191674	-3.118203	-1.979681
-1.411547	-1.488873	-1.364839	-0.516893	-2.286740	-4.335148	1.411869	-4.909928	-5.796713	-0.114178
-1.374799	-1.011178	-2.038781	-1.504840	3.026830	-1.547393	2.537256	-1.974025	-1.732366	-1.989166
-0.625270	1.051535	-2.319372	2.674351	4.449246	2.742923	1.007544	0.724755	1.711440	-0.297438
3.425561	3.687973	3.861899	5.937800	5.699118	4.631723	4.162640	2.508532	4.609305	3.972217
5.832212	2.502343	3.539437	3.849824	5.292857	2.574828	2.955053	1.488927	2.998733	3.442904
2.585803	0.378053	1.347452	-0.046658	0.734872	3.026161	2.566491	2.708560	1.729422	1.573034
-0.574350	-1.084185	-1.192847	-0.177226	3.881874	0.871843	0.400761	2.967251	-0.109824	1.047214
-0.955032	-3.325261	-2.575151	-1.117964	-1.403126	0.717295	-4.928332	-3.090378	-2.485505	-2.449647
2.641871	-1.065663	-0.034850	1.112146	-0.383219	0.682739	-1.200180	0.654792	0.514780	-1.387040
2.955673	2.759624	1.774465	1.515522	3.935606	4.045393	1.407822	4.100784	4.759932	2.804542
4.390583	2.051013	1.779905	3.199480	3.326858	3.383979	1.155679	3.073616	-0.096347	0.910509
1.998612	-1.948581	-1.255019	1.400137	1.202448	0.934614	4.153795	-4.167990	-2.349156	-0.326931
0.471568	-4.948140	-2.251397	0.091808	-1.082516	-0.568684	1.424974	-4.541016	-3.991596	2.278831
3.490056	-0.084049	5.194983	1.375809	1.538376	0.544903	-1.367480	1.723458	4.284537	-0.828399
0.415983	0.981111	2.573032	-0.307747	0.307733	-0.055509	-3.345266	-0.072749	3.549441	-0.226211
-3.577449	1.502756	2.324860	0.417954	-1.121936	-2.580806	-0.738080	-2.274618	-5.435383	-2.038098
1.464063	2.313307	2.666178	4.470524	3.587677	1.684328	1.414779	0.284868	1.297666	-0.986552
2.710017	0.975280	2.306899	4.600275	2.400379	1.189006	0.821311	0.921527	3.794388	1.476933
4.248015	-1.620404	-3.082268	1.975519	-0.931522	0.033040	-1.384284	-0.035026	0.949784	0.352466
2.070551	-0.394025	-0.209811	0.150564	0.010080	1.072140	-2.224905	4.910626	-1.780348	-0.284948
-0.248876	-0.600766	1.436281	0.112820	-2.806506	1.533917	2.368745	3.591898	4.668594	1.775698
-4.079974	-0.474505	-1.421983	-2.727405	-3.205977	-1.374520	4.447466	-3.965097	-2.576093	-1.042091
-2.132148	2.719577	0.835709	-4.995605	-2.428026	-2.499664	2.029554	1.022355	-6.743708	-0.519907
-0.882608	0.228099	-1.234734	-1.004775	-0.308048	0.066692	-0.202793	0.826667	1.534648	-0.631247
-0.872163	-5.986820	-6.642601	-3.025209	-5.435140	1.198152	-4.007680	-4.124252	-0.556926	-2.448605
1.223877	3.777039	0.947316	-1.915304	-1.863897	0.257922	-2.585010	0.566411	-6.121033	1.540024
2.218299	2.597896	0.919327	-0.400758	-2.901617	0.821102	-1.744089	5.610063	1.386527	-1.914058
-0.939909	0.205767	2.226940	1.254431	2.347103	-0.453305	0.240977	2.826914	1.692252	-1.524146
-4.250262	-0.831228	-1.309637	-0.396839	-1.490836	-2.116698	-1.039117	2.891571	-0.695860	-0.708238
0.732525	-0.657073	-2.974995	-1.961266	-2.070733	-1.650379	-3.166679	2.337339	-0.081712	-1.291730
3.226537	0.890549	0.637773	3.469846	-0.239186	2.789250	0.418883	2.884424	1.530094	0.788879
3.575856	1.045354	-0.057927	4.567293	0.609703	3.011286	3.173361	1.906129	3.303556	3.652290
4.556064	3.382757	3.532012	2.029573	1.197134	3.674225	0.139346	1.052359	2.565670	3.737306
-1.448656	0.462173	0.749595	2.766579	1.515305	1.070862	0.496529	-0.517586	-0.760266	-0.933673
-1.984723	-1.085283	-0.921071	2.149505	2.647814	0.499289	1.816800	-2.321005	2.069643	0.379953
-2.230557	-2.351100	-3.580782	-0.381856	-0.271242	-4.306999	-1.871853	-2.019797	-1.120204	-0.600117
-1.238278	-2.842364	-1.423234	-0.919013	-0.949366	0.714687	-1.760539	-2.925064	-5.277312	-0.152683
-0.375906	1.126835	2.627777	-2.533775	0.257437	0.929640	4.209228	-2.322309	-2.422385	2.981255
6.481238	1.517009	2.594754	2.792848	1.614762	3.160448	3.868336	1.722666	0.705174	4.655593
0.842234	0.185066	1.804001	1.620745	4.174505	3.291301	4.862273	0.412556	2.453961	3.161332
0.883860	2.036317	-0.800182	2.413204	1.257359	0.441888	2.433026	0.721957	0.453071	1.402067
5.454496	3.524068	2.327009	2.248713	0.162518	1.874696	0.883680	1.736963	2.049702	1.693397
4.449421	1.492126	2.119873	2.515758	-0.646326	3.178012	-0.447978	6.603266	5.084649	0.918618
-1.906488	0.263299	1.848212	0.671425	-0.894681	3.375322	-0.963164	1.449159	1.084007	1.773727
-4.825549	4.514590	2.856325	0.698001	1.731946	4.184414	-1.609793	2.807935	4.051174	3.187621
-0.632585	0.777004	1.091313	-2.502331	3.487846	-0.164229	-2.243679	4.748384	4.638645	1.008195
-0.542615	-0.649556	-1.038126	-0.623885	1.622709	-2.791220	-0.752240	-4.461903	0.947717	-3.610355
-0.283660	1.858814	1.871608	-0.891877	-2.180074	-2.660774	-0.482790	-3.470036	-5.084715	-4.951633
-2.459440	-0.798685	-3.703389	-0.466225	-1.484213	-2.314906	-0.538247	-2.896227	1.201947	-0.895243
-1.248973	-2.325653	-4.511817	-2.704744	-0.140219	-2.463633	1.395873	-0.273985	-3.188201	-3.821191
-0.330079	-1.483690	1.650019	-1.845351	2.897697	1.998531	4.489552	2.813177	-1.218462	0.823620
-1.581875	2.570705	2.598619	4.268835	4.817425	1.733971	5.296974	0.952948	2.478062	2.413383
-2.051580	2.761529	2.582877	3.909599	2.879853	2.873270	3.671521	0.393416	3.351868	1.464494
-1.126511	-0.090920	-1.634811	-1.445677	-1.679332	-1.910685	-3.523825	1.703667	-2.387646	-0.682552
0.678516	1.074355	-0.550447	1.641089	0.294760	-0.183611	-0.356482	4.162190	-1.625183	0.835640
-0.529314	0.445652	-0.990837	-0.145321	-0.637984	-1.170222	-1.868266	1.634572	3.254558	2.419966
-1.629018	1.182965	-0.407686	-1.158023	3.201324	0.428668	1.716702	4.562800	0.166975	-1.424781
-0.726408	1.777490	2.488902	0.206766	2.718470	1.154544	2.979207	-4.343339	-2.947033	-0.211603
-3.143300	-0.160278	-0.199180	-2.926772	-0.442256	-1.625306	-2.878471	-0.642958	-0.309466	0.262893
-0.467204	-2.988246	-2.280037	-1.819454	-1.562367	-0.305996	-4.055250	-1.354469	-3.526623	1.963103
-2.700635	-2.046319	1.472225	-3.640896	-2.626677	-0.080938	-2.823848	-4.705886	-7.692303	-0.057876
-2.755101	-1.490604	2.761599	-0.880914	-2.628498	-2.492245	-1.628982	-3.123119	-4.878204	-0.580849
-0.084314	-1.534008	-1.381620	-4.391825	-3.199141	-2.015027	-3.867271	-3.414683	-2.785824	-1.689119
0.293417	-0.649839	-2.696339	-1.652143	-2.349620	-3.364695	-3.361833	2.105112	-2.292761	-2.805590
-0.474117	0.929796	-1.461866	1.225717	0.264854	-1.860558	-1.923884	-0.008747	1.239389	-1.648365
-0.392423	0.082788	-2.110807	1.870039	-0.858831	-0.302425	2.095256	-1.047070	-0.243270	-2.131448
-0.760609	-1.589171	-3.512970	3.265110	-0.772887	-0.150005	-0.666628	-2.469669	-0.265833	-2.410139
2.909620	-0.227190	-0.285661	-0.743583	-2.490826	-3.519004	-0.815854	-2.558253	-3.200294	-1.839243
-0.778441	-0.959576	3.350311	1.454047	0.620443	-3.485829	-1.660840	-3.102134	-2.342148	-4.452059
1.410303	1.531960	1.504340	-0.854913	0.689607	1.047615	2.050499	2.102879	3.853211	0.034610
3.758148	-0.643490	2.826017	1.538027	-0.051243	1.061924	-0.127254	1.387177	5.092093	-0.135836
-1.582309	0.576065	0.071035	-0.943045	-0.126416	-3.487306	-2.173915	-5.215648	-1.224796	-5.662698
-2.698470	-1.290984	-3.080214	-1.061939	-0.652823	-6.257277	-1.842199	-3.603105	-4.762146	-1.870376
-0.705035	-0.133247	2.069462	-1.759764	-0.419572	-2.159591	1.771578	3.293800	3.538853	-0.645969
0.041593	-0.908933	0.347755	-2.778729	-2.681072	-0.365247	2.206901	0.969658	2.698510	0.204323
-2.430485	-2.907150	-4.191643	-2.929241	-2.325929	-0.053745	-1.194144	-2.170736	0.764637	2.278303
-0.281769	-1.548709	-3.245040	1.052992	0.024448	0.604217	-2.384971	-2.347988	-0.590155	1.933671
5.306643	-0.680817	-0.613245	3.018164	-0.860046	0.397541	0.336106	0.260597	-1.689454	3.950130
-1.585048	-3.764784	0.268236	-1.849330	0.494283	-0.282168	-2.211526	-2.732187	-2.730245	1.308283
-2.739140	-2.207519	0.578092	-2.729995	-0.821569	0.866493	-2.322079	-3.339142	-5.752416	0.063934
-0.471031	1.989670	0.285517	-3.792835	-1.530408	0.969731	-3.425866	2.163327	-2.072053	0.665185
-0.155017	0.833773	1.377402	-0.097854	-1.042036	0.739953	4.851801	0.589218	-0.567540	2.857141
2.672505	-0.170816	3.102638	1.389148	-1.661057	0.639567	4.193713	-0.493572	-1.007662	0.932207
2.842039	2.740692	3.658918	0.926268	-0.447070	1.037980	2.424957	3.775155	5.536096	2.096187
2.458388	4.218790	1.163233	2.005106	0.584621	1.072402	2.114724	3.280398	5.858552	-0.131512
3.285356	2.421471	-0.417125	1.063861	0.073119	4.599844	1.037605	3.266855	3.932622	4.005913
-0.980151	2.849425	3.271535	-2.547266	-2.259877	1.489217	-0.846710	4.490527	2.413224	-0.563329
-2.613931	3.062047	3.110406	-1.026773	2.839435	2.207433	-0.312628	2.546513	3.869275	1.964866
0.791322	-1.918373	-2.540022	0.124143	1.613159	1.586305	2.406842	-0.036287	1.648294	-0.136893
0.724012	-1.665240	-5.084656	-1.461717	-0.963503	3.015745	-2.292107	0.932229	0.417299	1.984100
-1.615257	2.304437	1.849595	0.513552	2.161156	2.617668	-1.913281	2.557260	3.017908	0.104451
-0.495980	-0.525948	0.732522	0.405155	-1.209861	0.869789	-4.632186	2.111309	-1.743059	-0.636730
0.476147	0.000999	0.043118	1.249995	2.486155	2.505522	-1.289928	1.921776	-0.153483	-0.254337
-1.455673	-2.044131	-2.704127	-0.033422	-0.647889	-2.591016	-0.576311	-0.933437	2.576054	-1.236661
-0.083536	-1.197842	-3.405420	-0.808990	-1.949885	-1.688410	-1.109339	0.157972	1.509474	-1.263495
3.764062	2.632357	-0.770570	3.355298	-1.724323	2.691357	-0.371317	3.098405	2.906194	1.343270
4.940524	0.552562	0.794013	3.349148	4.016708	2.942701	0.730253	0.387163	0.577834	2.937542
-4.583948	-1.882834	-0.862377	0.074368	2.533319	2.727640	-2.718232	-2.752852	-3.926087	0.880330
0.281148	-0.231238	-1.366651	0.254665	1.511322	1.439391	-1.088474	-1.603038	-2.155648	-0.722260
1.291814	0.919845	2.109183	3.960849	0.364632	-0.248030	3.912526	0.005107	1.272268	0.818783
-0.778750	1.589008	2.565017	2.320526	-0.621639	-3.676603	1.365868	-1.792515	0.703281	-0.788934
-0.340741	-0.118154	0.587742	-1.207894	-1.809473	-4.373213	-5.264450	-4.664705	-5.208490	-1.601202
1.889738	1.632952	-0.577051	0.654597	0.606944	3.049758	-1.909026	4.231041	0.789772	1.414886
3.085088	2.717221	2.590128	0.567009	1.302430	0.999627	1.141140	2.767822	4.893785	1.908438
-1.794293	-0.608854	1.847372	-2.005850	0.850904	1.766112	-1.634551	-1.574661	0.979068	-1.774038
-2.704108	-3.936878	-7.073430	-4.527270	-3.172618	-5.196570	-2.981397	-4.249107	-3.020762	-3.237534
0.145141	-3.745458	-2.058785	-1.702842	-3.144514	-5.403404	2.761305	-1.021618	-6.098790	-4.473043
-0.439750	-0.916600	1.593596	-2.090456	-2.730764	-2.216873	2.751358	-3.185594	-1.059099	-3.250758
-1.548285	1.209189	0.254904	3.727495	-1.384248	-0.978462	1.686464	-0.108037	4.169727	0.848527
-0.758871	-0.051197	1.959130	3.988122	0.781656	-1.544454	-0.102872	0.133353	-0.856797	-1.643881
-2.831413	-2.735864	-3.029235	-0.268768	1.602472	-0.187935	3.769054	-1.722028	-1.602258	0.395525
-0.075319	-4.453019	-3.940701	-0.563664	1.881422	-0.146290	-0.078854	-0.150683	-0.056241	1.190150
-0.393596	-1.588969	0.471823	-0.304260	3.025129	3.891193	-2.481491	1.481285	2.148667	2.369198
-1.305755	2.261978	0.875727	0.599254	2.432720	2.184928	-1.006850	2.299072	2.849578	3.255176
0.637697	0.544716	-0.018899	-0.858616	5.030717	3.134427	-0.672027	-2.106028	-0.652097	0.874288
-2.366353	0.225537	0.317836	0.635139	4.289848	2.451903	0.494484	0.527580	-1.679547	2.601737
-0.778516	0.707134	-0.306179	-0.128976	0.369538	1.414966	0.538792	2.230988	4.217338	0.199128
-1.487305	-1.332903	0.978948	-1.844253	-1.166987	-1.974174	3.034001	-2.611909	-0.937333	-1.039436
-0.166133	2.726920	-0.856395	-0.865387	-0.845199	-0.031007	4.299521	-4.285721	-3.028552	-0.165554
-2.771115	1.774193	2.758583	0.955227	-0.327872	0.400474	-0.613043	0.728544	4.367589	0.482779
0.066733	0.993208	1.548271	0.011094	-1.702778	-0.763621	0.472018	-1.611323	-1.324304	0.960362
-1.983303	1.057356	0.878261	-5.525681	-2.715389	-4.476987	-1.813487	1.204666	-3.869526	-3.158302
2.895757	-2.234172	-2.316759	-2.754695	-1.744977	-2.637918	-1.958852	1.206200	-2.498971	-2.794712
7.271697	-0.619186	-0.754998	1.455854	0.890687	0.039992	-0.983666	1.123068	1.564365	0.210331
2.246697	0.617104	2.094632	-0.164332	-1.741269	0.966347	-0.913721	3.080156	-0.627216	-1.118673
0.323937	0.726589	0.166623	1.122449	-0.230615	-0.287551	0.145692	0.520651	-1.914512	0.219777
-1.121602	1.238557	1.064163	4.956697	-1.027325	0.805502	2.997983	-0.574762	1.452880	1.123977
