X1	X2	X3	X4	X5	X6	X7	X8	X9	X10
0.955977	-5.442306	-6.336118	-2.520572	-2.137745	-4.192577	-0.856559	-3.786992	-3.955411	-3.726079
-1.050551	-2.878765	-2.459598	-2.041065	-3.550188	-1.583539	-1.692608	-0.762532	0.709590	-2.771290
-0.791681	-1.347193	-1.516242	-3.889215	-2.443018	-1.474958	-0.759281	-1.377843	0.858910	-0.802816
1.067085	-2.493206	-1.828782	0.083780	-0.854138	-1.333543	-1.805385	-2.170841	-1.913649	-0.708680
-2.759257	1.830480	0.135548	5.484725	1.182748	0.963392	0.725669	-1.741044	0.923316	-1.755703
-0.293713	3.796746	1.611417	3.074519	0.473534	2.158836	0.545574	4.045230	2.375808	2.288791
-2.541584	1.112973	-1.607109	-0.195734	3.414816	4.101677	-0.635282	3.541163	3.300530	3.882079
-0.514076	1.371641	0.765839	0.037065	4.775788	2.701204	-1.302408	4.754135	3.351983	2.743636
-1.267291	-0.664769	-2.159674	0.767218	3.208243	2.765204	-2.355713	-0.936072	1.789871	2.109138
1.327864	-2.280181	-2.380980	-0.632177	0.546174	0.078064	-0.988610	-1.962678	-3.281304	-2.451842
4.929287	2.411585	1.956187	2.143380	1.000672	1.997573	0.371193	-0.176103	1.962860	-0.808428
2.165873	2.435906	4.354194	-3.144314	-3.615472	-3.645982	-1.609518	-1.479667	-2.004935	-1.389149
-2.134082	-6.677843	-0.350893	-4.688059	-3.555368	-5.471513	-0.351352	-4.366190	-5.186787	-5.493630
-0.742984	-9.122687	-5.916007	-1.492760	-3.161526	-4.095934	-1.059921	-3.372995	-5.271393	-4.163199
0.724164	-2.687349	-1.759282	-1.298421	-2.034459	-4.064557	-1.695438	-2.191100	-3.334752	-1.453084
-2.756343	1.196242	3.335348	1.736555	0.595623	-2.409194	1.250487	-1.252529	-0.747462	-1.924914
-0.803009	2.968262	2.822949	2.535461	1.632605	1.374142	1.527240	-1.050402	2.510478	0.543984
0.179660	2.428882	2.847587	-1.685709	0.840674	0.728438	3.248609	-0.360340	-0.304630	2.524080
2.663959	2.009973	3.089729	-0.499461	-2.923785	0.946081	0.210583	4.940534	0.912516	-2.261654
2.994284	1.610708	2.402840	1.582496	0.929213	2.587660	-1.026753	4.048299	2.829216	1.613052
-0.269970	4.338957	1.881386	3.632053	1.146651	2.329661	3.349390	-0.258266	1.923572	3.520770
-2.393308	0.933689	1.207234	1.188501	0.613612	2.031573	3.455898	-2.196284	-1.271415	2.937570
-0.917235	-2.226826	0.465149	-3.740271	0.604478	-0.237017	4.765759	-2.610276	-3.249344	0.767923
-2.866356	-3.260919	0.195497	-2.523573	-2.017168	0.231179	0.696959	0.828337	-1.457915	-0.518100
2.323423	-1.144521	-1.586955	-2.582818	-3.083047	0.629448	-0.241316	0.692732	2.640774	0.156072
2.782998	3.316535	0.513359	2.318481	1.547722	2.267781	-1.579378	2.400889	5.087621	4.320410
-0.124636	4.381417	1.380105	4.148010	3.070519	3.423964	0.261360	4.909885	1.693529	3.912985
-2.878185	2.762391	1.629750	3.610454	2.314722	0.687287	-0.993817	3.878702	3.200997	1.497170
-0.745455	-0.361774	1.297160	2.116399	0.683410	1.402439	-1.162322	-0.306884	-0.456675	-0.489364
0.106851	1.200786	-1.698598	-4.514872	-1.747940	-4.234291	-0.978667	-1.940791	-1.907587	-1.291345
2.728426	2.690139	1.334344	-0.079377	-0.879649	-0.229014	-2.326467	1.657259	-0.606439	0.598601
2.273266	-1.396749	0.536151	-0.645732	-1.661843	-1.381438	0.191165	1.383648	0.800168	1.592247
0.473365	0.554688	0.668093	0.257344	-2.844643	1.570525	1.921016	5.025654	-0.588565	1.039966
2.864018	-1.732785	-2.955065	0.170131	-0.964674	-0.669833	0.561272	-0.286840	-0.038440	1.072934
-0.337980	0.485598	-1.207852	0.386510	3.111140	2.804679	-1.328080	0.990447	0.700143	4.054224
-2.942335	2.121802	1.499497	1.213061	2.415574	2.058452	2.457648	3.050196	1.277583	1.917113
1.104749	1.873395	0.182953	-3.768938	-0.475496	-0.095821	0.939741	-1.045311	-2.163521	0.542377
0.801866	0.584341	-2.180615	-1.250609	-1.615196	-1.670249	-0.663813	-0.399690	-0.884371	-4.896006
0.273412	1.277807	0.083061	-1.513372	1.951650	-0.419438	-0.968726	1.206040	-0.049467	1.368441
0.416681	0.984958	0.219051	-0.717152	3.975416	0.558104	-2.108012	2.263065	2.174390	0.591798
-1.198032	1.170861	1.119126	2.539230	3.012577	-0.367628	1.092517	-0.530532	1.256897	0.550142
-1.767232	2.972283	2.816255	2.501049	4.082609	0.588260	-1.564252	-1.481065	0.731054	2.875557
-0.846523	1.967290	1.370111	0.792382	1.137385	1.477863	-0.085830	-0.628750	0.416358	-1.525779
-1.865711	-3.379249	-1.108835	-4.528295	-2.280720	-5.741525	-0.743230	-4.345101	-5.492392	-4.587081
0.458000	-0.946568	0.109388	-0.077606	-0.295629	-2.624807	1.192836	-1.287129	-2.780098	-1.668867
3.080205	3.404202	2.113153	5.894423	3.393732	3.919512	1.127056	2.979351	2.526738	0.773648
2.572700	3.850130	2.806634	7.419869	5.946638	5.455831	3.501320	2.474428	3.925414	2.327448
-3.131221	-2.334316	0.385705	1.480707	1.224566	3.353745	2.766814	-2.497410	-0.532372	1.145620
-2.750160	-1.808266	-0.049261	3.145311	-0.300808	-2.209747	0.896730	-5.432273	-2.742022	-2.594249
-1.721024	0.382152	-0.077689	0.233357	-0.328207	-1.946347	1.608654	-3.673570	0.094861	-0.750770
-0.613816	-2.078993	0.043297	-3.801780	-3.917255	-2.797056	3.609477	-3.224913	-3.905825	-0.090655
1.888560	3.284471	2.052174	3.803375	1.804327	2.332625	1.545088	2.336692	3.637318	1.005286
3.552200	4.598918	1.555217	7.228998	3.838815	1.365796	2.366177	2.496436	4.014587	1.314646
2.668599	-2.085581	0.668005	1.918264	0.236889	0.010856	2.010733	0.772512	-0.260620	0.909415
-2.316245	-1.589051	-1.221684	-0.128752	-1.193073	-0.565193	-0.302454	-3.979287	-4.717005	-1.915812
0.859562	1.578882	-2.761471	-0.123972	0.512210	0.047950	-0.163094	-2.254866	-0.004672	-0.032042
-1.872082	-1.473206	-0.100278	-2.765222	-1.742682	-1.958215	-0.178996	-0.397431	1.579677	0.077520
-0.829980	1.304961	2.228978	-4.077024	-4.246369	-1.412785	0.744230	4.194914	1.734140	0.390169
0.865363	-0.620640	1.810075	0.546499	-2.285869	0.149642	-2.144825	1.804366	1.393813	-0.113296
5.689844	-0.266731	-0.112003	2.839324	0.556001	3.616567	-2.519971	2.580020	3.179195	0.924820
1.967560	-2.831333	-2.915674	-0.220771	0.597424	1.572594	-1.621216	0.045975	-0.873719	-0.141983
-2.192591	1.641134	3.155644	-2.736109	-0.273018	-1.581575	-0.110570	0.058629	0.317470	-0.152706
-0.158213	2.427949	2.201136	0.060892	-1.372538	-0.041636	-0.809041	1.510581	2.522659	-2.244150
-0.439908	-3.760305	-0.253714	2.165108	-0.109552	-2.135687	-1.385639	-2.267770	1.051544	-1.956714
-1.232880	-0.138746	0.953480	3.050321	0.061225	-0.480124	-0.421672	-3.111625	0.512024	-3.421997
5.201869	3.591708	1.046502	0.275210	-0.391419	-0.516344	-1.386448	1.703118	-0.135906	-3.298998
-2.252864	-4.196157	-2.636259	-4.113442	-0.307097	-0.470742	-1.957376	-3.286041	-2.214148	-1.617113
-3.348881	-5.299059	-4.017617	-3.021355	-2.150620	0.652283	-1.103665	1.535501	2.333895	-0.710941
0.019616	2.093691	-1.041884	-3.582846	-2.229200	0.596836	-0.014223	2.692044	2.808620	0.748422
2.470725	3.484177	1.326229	-0.532631	0.731852	3.339120	0.503241	4.643792	1.817424	0.312480
-1.457158	-0.879313	-1.800989	-1.672728	-2.695672	-1.000462	0.489219	1.184247	-2.268997	-0.503965
-2.263434	-11.609890	-4.842248	-3.078353	-2.728181	-2.374107	-1.608697	-5.881187	-5.173346	0.389693
-1.984105	-5.519366	-7.245758	-2.259319	-4.363784	-4.265413	-2.302617	-1.949307	-5.029625	0.878457
-0.772374	0.196148	-2.022427	-3.122442	-2.160088	-1.699977	-0.888849	-0.350708	1.229361	-3.254768
0.535458	1.234544	-0.181565	-2.688234	-2.943400	-4.837096	-0.146301	0.348813	1.442310	-1.700478
-0.703311	2.243911	3.312922	-0.578310	1.343274	0.177930	1.858417	-0.044139	0.351617	-1.031368
-1.326085	3.154942	2.403824	0.640018	2.864628	1.963404	4.238897	1.105240	2.720779	1.197766
-0.707263	2.517230	0.132537	-0.157161	-2.150042	1.313125	1.474029	0.701556	-1.288508	2.295328
2.033350	-0.637435	0.066352	-1.055458	-3.899041	2.841694	-0.150096	-0.305786	-1.185948	0.488223
-0.209247	1.516543	-1.049737	2.379116	-0.811972	1.966311	-0.599886	-0.061983	1.640255	3.384454
3.126144	4.767656	1.470366	0.505051	0.450661	2.848175	-0.180753	3.881373	1.108896	1.414425
4.987021	3.494100	3.136154	3.394038	1.915056	2.806184	-1.060006	2.482184	1.862572	0.752638
3.105881	2.253568	0.357422	1.697268	0.851211	1.417736	-0.008654	1.553557	3.068378	1.935798
-0.908478	-5.914445	-0.017935	-1.876466	1.010924	0.564027	1.030992	-1.907803	0.182608	-0.160394
-2.029559	0.094558	1.120579	-5.007573	-1.556507	-0.099346	2.980621	1.363707	1.109158	3.040564
-0.120765	1.143471	-0.446941	-3.334859	-3.239482	0.454513	3.209823	-1.190608	1.109423	2.821073
-0.482498	-2.439509	-1.205900	-1.498432	2.358798	-2.186503	0.928186	-1.724243	-3.376704	-4.518666
-3.480961	2.283212	1.604500	2.866804	5.033734	2.835801	-1.664801	-0.382795	0.552373	-1.820553
-0.921259	4.978933	3.220952	4.571141	3.994225	3.088717	3.426351	2.298141	3.421047	2.563511
-0.038593	-2.366053	0.264654	-0.384725	-1.330828	-2.131763	2.195529	-1.436034	-0.647088	-4.568676
-1.690968	-13.217247	-4.939898	-3.430398	-4.070524	-4.065348	-0.359979	-5.369016	-4.987939	-1.836215
-0.444288	-0.230654	1.717790	1.268815	2.673937	-0.833648	-0.400985	-1.129903	-3.769013	0.570791
0.318543	0.583722	0.608316	2.329912	5.142758	3.139925	0.264797	-1.811293	1.053683	-1.415063
-0.622179	-0.716923	-1.973025	-0.899711	0.545340	0.578461	-0.027645	-2.410785	2.059942	-0.670680
-0.836359	-1.792892	0.961262	-3.487759	-4.942916	-2.290554	4.509374	-1.978180	-1.639844	0.629333
2.331598	1.504110	-0.455526	0.181566	-0.886308	0.677767	0.337042	-0.575476	-1.302983	1.099971
0.599587	-1.095321	-1.561094	-3.574640	-0.766933	-0.330291	-0.976657	1.120226	-0.946984	2.342626
-1.285998	-0.461790	-1.473148	-4.979279	-2.933790	0.436655	-1.298237	0.324323	-1.003456	1.204190
-2.777063	-5.231002	-4.971891	-2.760954	-2.641875	-0.569709	-2.386612	-2.650487	-3.577308	-0.643745
-0.698913	-5.972461	-4.736529	-1.084367	-2.759587	-1.761801	-1.655798	-1.974106	-3.774849	-0.799289
-0.565757	0.155626	-2.982567	1.843980	-1.167723	2.040860	-1.190410	3.079362	-1.648489	1.854048
-0.715700	-1.203445	-0.638312	-2.091116	0.030221	-0.082044	-1.746264	0.315111	0.500762	1.350454
-0.451649	-4.157881	0.016833	0.265044	1.795046	2.040668	-1.658275	-1.045863	-2.337906	1.292218
1.761487	2.051913	0.218959	2.575758	5.622657	1.313275	-1.952460	1.597833	3.108396	2.127027
1.941600	3.907029	3.497062	5.890224	3.678556	2.711356	3.105966	0.668592	2.664656	4.215468
0.801883	3.578160	1.930835	6.069941	2.951547	1.568892	2.310085	3.660206	3.893764	2.363127
5.137527	5.029200	1.999871	3.493608	1.401933	2.758759	2.324082	2.673466	3.570209	4.691290
3.656022	4.890840	6.427263	-1.126277	1.243418	4.234836	-0.860561	6.498263	1.115478	5.101443
1.969560	2.383374	2.499304	-0.266413	-2.116195	3.314701	0.095440	3.418587	2.639160	2.445969
2.141332	1.715993	-0.923612	-1.501102	-3.146900	0.503031	-0.246131	1.679525	2.200744	-2.434746
-0.694674	-1.868611	-0.660994	-3.254445	-3.675493	-0.175297	-2.431792	-0.689733	-0.510584	-3.397318
-2.369565	2.728354	-2.607049	-3.373141	-3.711071	-2.066305	-2.605560	-0.679500	0.147965	-4.041163
-1.013754	1.885879	0.395115	-0.852591	-3.264227	-1.942015	-3.658250	0.185010	-0.835922	-3.907297
3.052550	2.053556	1.186892	1.994007	-1.710057	1.233849	-1.546181	3.882282	2.372744	-0.938936
-1.033363	2.104276	2.139274	5.130052	1.325446	-0.802333	-0.586767	2.700004	3.685650	0.517004
-0.386505	5.084332	3.273253	4.746045	3.865786	1.115015	0.512474	2.160059	4.860284	3.488906
-1.986087	-1.905887	0.965621	0.565188	1.106171	2.770273	-1.506573	0.616432	1.036434	1.754357
0.280982	1.291013	1.608972	-2.445617	-0.755093	0.608320	-0.738124	2.328906	1.639188	-0.468761
-0.338411	1.082123	1.656298	0.323633	2.732703	0.473736	4.301706	2.140366	4.048735	2.025339
-1.721875	3.525336	2.545893	1.428739	4.628165	2.700302	0.960501	-0.498506	0.721063	1.346242
-1.446721	-1.406157	-1.854650	1.076106	4.725703	1.353498	0.288447	-1.184526	-2.797639	-1.285065
-1.572561	-1.803061	-2.248137	-1.384863	0.098425	-1.917292	0.404430	-2.658712	-4.132582	-0.216796
0.215195	-0.344484	-2.042974	-2.955263	-1.967958	-3.638284	-1.156564	-4.594281	-3.352876	0.623636
-0.726662	0.061670	-0.797765	-0.541088	-0.424437	0.512305	0.306751	2.276149	1.695069	-0.782779
-0.469543	-0.860006	1.044284	-2.493533	-2.701500	-1.874638	4.593465	-1.038038	0.312144	-1.549452
0.546843	-2.322815	2.041470	-3.730889	-2.416835	-7.103526	3.267664	-5.537360	-7.680761	-3.548993
-0.780015	-3.356761	-1.661712	0.052650	-1.128729	-2.190571	-0.558463	-1.665433	-2.685253	-0.855710
0.152476	3.881253	4.088037	4.655594	3.663330	1.376918	0.914875	3.090125	4.396260	2.596288
2.230208	4.040026	3.886914	3.666251	3.757757	3.248032	1.814867	2.950200	3.243870	2.604496
-0.044829	2.152157	1.930719	0.714534	-1.103833	1.536064	2.163804	2.634174	1.640972	-1.531591
-1.866940	-5.523453	-2.082650	-6.696846	-4.372923	-4.302991	-1.750822	-0.911567	-2.697640	-4.152879
-2.450032	-2.719603	-1.625891	-3.898976	-3.836399	-3.249836	-1.518417	2.787763	-1.578271	-5.045868
0.396688	-4.999390	-2.014303	-4.462843	-3.229040	-5.563175	-1.985889	0.202349	-1.068025	-4.098262
-0.636884	-7.614310	-5.983684	-3.298030	-4.282030	-7.910806	-2.168443	-3.814120	-4.405204	-5.162460
0.019747	-6.554256	-7.104529	-3.046322	-5.273448	-6.350429	-4.547283	-4.322658	-2.370612	-4.344960
-0.192321	-1.208522	-0.974635	-1.650701	-2.905175	-3.843539	-0.008212	-3.237975	-2.637249	-3.163961
3.687408	3.153700	2.912405	0.882152	1.664911	1.501267	1.034065	0.636219	1.801385	2.153241
1.979733	-1.551880	-1.366703	-0.096942	-1.696969	-0.260602	-1.345952	-2.596885	-2.059611	-0.052149
2.218553	-2.568950	-2.368052	2.269237	-1.480291	0.072861	-1.902363	-0.254996	-0.841735	-0.127124
-2.892231	-5.874597	-4.883232	-4.517288	-1.834732	-1.258233	-1.226969	-3.772419	-3.390884	-3.705777
0.806783	-7.470507	-5.991133	-3.470093	-1.837468	-0.166273	-1.599568	-1.579461	-3.547756	-1.382099
-0.705004	-0.475964	-1.378444	0.932148	3.054727	1.257657	-1.894759	-2.253325	-1.434546	-0.272980
0.455313	2.366949	-0.282654	2.957160	3.535578	-0.326130	-0.503737	-1.746614	-1.688648	-0.093809
-0.610462	-1.718148	-1.083249	2.164571	4.919512	0.431383	0.275901	-2.890329	-1.199757	-0.904775
-2.535322	-6.026836	-3.226715	-1.232189	-0.339344	0.063616	-0.242939	-3.508471	-2.307266	0.031836
-0.354161	1.103708	-3.867036	-0.119891	-1.784363	1.629787	-2.633452	2.741762	1.758433	2.063338
-1.091671	1.103107	-0.415198	0.384595	0.158284	0.635219	-0.463230	3.111072	3.887749	0.462946
-1.515041	0.374686	-2.144583	-4.110797	-3.593575	-5.053868	-1.887566	-4.208235	-3.028509	-2.799925
-1.120162	2.940270	1.053627	0.184965	0.229589	-1.139948	-2.578552	-4.165456	-5.606330	-2.650159
-1.839522	2.095186	0.905449	2.818616	0.372605	0.709902	2.098223	-0.209581	3.082696	0.873562
-0.025408	-2.067936	-1.815095	0.227590	2.922602	-0.193592	-1.716132	-0.737104	0.889783	-1.763746
3.911094	3.621333	1.086812	2.553622	4.835011	2.976097	0.134294	2.535786	5.036641	2.269135
-1.105002	1.619922	0.771592	1.654851	1.021060	2.683497	0.336512	4.391501	2.995384	1.229624
-4.230479	2.244564	3.721066	-0.657889	2.266880	1.465535	-1.438665	3.591952	1.409425	2.675538
-0.486320	1.328591	1.934554	-2.075158	-3.532701	0.732240	-3.621825	1.098653	1.457280	2.322896
2.615093	1.833135	1.626679	-1.343020	-2.716753	0.803840	-3.007355	3.360720	2.915862	1.007015
-0.816122	1.143631	0.700261	-0.408535	-1.145347	-2.712833	-0.970941	2.395769	1.965886	-2.484585
-3.352446	2.212312	1.127824	-2.409865	-2.454755	-3.323751	-0.825670	-2.908784	-2.790232	-2.987186
-3.205456	0.608912	2.346689	2.616029	1.603651	0.365615	-0.309428	-2.623418	-1.831676	1.766628
-2.845333	2.443367	3.488578	4.329885	4.761799	3.044697	2.044501	-0.044316	3.202470	4.527076
0.180445	-0.743088	1.938513	-0.023059	3.609716	2.626223	1.580330	-0.840557	-1.048879	0.176774
-0.741998	-2.661420	-0.760085	-0.781563	0.250327	1.220123	0.826774	-0.769219	0.190694	0.259838
-2.318041	-5.718293	-4.066695	-6.125090	-3.486242	-2.739675	-0.942052	-0.631680	-1.999495	-3.176216
-1.106460	-5.479672	-3.373095	-4.491302	-2.399267	-2.439941	-1.151433	-4.190118	-5.421130	1.136327
0.073869	-5.733324	-3.241866	-2.661562	-3.081625	-2.610747	-0.118556	-4.519610	-3.647594	1.845281
0.236069	0.473985	-0.341787	0.702365	2.973006	3.506433	2.394595	-2.532531	-1.595871	0.680659
-1.118134	2.231587	0.771359	1.610216	2.376547	0.295527	3.554133	0.323942	3.722754	3.396673
-2.439918	2.669016	2.410592	2.304325	0.499517	4.965360	0.555974	0.162935	-0.030603	1.254835
-3.110757	1.521502	2.245028	0.645524	4.303535	1.732556	1.900429	-3.562829	-0.004826	4.917155
-1.364328	-4.315024	-1.849616	-2.021653	-0.517982	0.240640	-1.859988	0.836876	-2.529900	-0.496459
3.077494	1.944667	2.084475	-0.107576	-1.668520	1.861834	0.963137	4.029175	3.079088	1.224302
4.339532	2.877803	-0.545885	1.098184	-0.313064	0.739859	1.699215	3.507592	3.086055	2.014544
0.143508	-0.247290	2.946518	2.758156	3.524697	-0.863565	-1.289541	-2.184547	0.439312	0.600373
-0.812652	2.102414	1.808194	2.717865	0.119773	2.365181	0.575778	-2.481418	-0.234526	-1.398007
0.138171	1.663338	1.980856	-0.157263	2.459274	0.191614	-0.783915	-3.032197	0.702053	-1.415492
-1.758198	-0.503095	0.458911	0.660894	2.731306	-1.096751	-1.578812	-2.938760	-0.658339	-2.040382
1.946859	2.992833	1.778968	4.659457	2.114774	-0.088298	0.372698	1.976216	1.751209	1.113025
3.413365	4.810743	0.414734	3.228745	1.530182	0.551285	-1.263579	3.380154	2.710808	0.383128
2.580338	3.748251	2.056814	2.970175	0.927230	3.919209	1.367668	4.239475	3.123969	3.391525
3.494596	3.369670	1.242612	5.448461	1.921717	2.569983	1.611543	2.359302	3.143201	1.241613
5.613658	2.276315	1.231930	3.255117	0.038342	2.395715	0.475755	1.849354	1.304311	-0.121211
4.774941	1.555796	1.164068	-0.378047	-1.081401	-0.449188	-0.315192	1.257651	-0.508091	-0.288654
0.171758	-9.488680	-1.955172	-3.553523	-1.273417	-3.300121	-2.389693	-0.787889	-3.802999	0.813379
-0.197774	2.510496	-0.519694	4.524194	1.770084	0.244417	0.077857	1.129153	0.142194	0.300880
0.895857	2.993127	2.297801	5.175110	0.764493	-0.078171	0.559860	2.207791	0.624893	0.742342
-2.942837	4.302016	1.182207	2.535724	4.448497	2.283415	1.160220	4.431642	4.768502	0.458054
-1.959445	0.228763	1.028018	-3.043265	1.466383	1.098172	1.831039	1.890719	0.360627	0.595007
-1.863158	1.667165	-0.365472	2.348142	3.420134	1.300997	0.103918	-2.326764	-2.726330	-0.946609
1.350733	3.626720	2.367229	6.454137	5.218432	3.319884	3.072758	1.047603	2.356233	0.710093
3.180834	4.814720	3.969310	4.165712	4.358759	2.465729	6.247759	3.077932	5.294518	4.202502
4.724050	1.312059	2.701062	5.151958	2.774192	2.692021	3.555721	3.487130	1.662727	4.395706
4.215486	4.002124	1.066173	0.810362	-1.005291	2.299852	-0.667457	3.329605	1.166358	-2.081709
1.711345	0.060106	0.815530	-3.215091	-2.197715	-1.878888	0.651224	-0.261637	-2.703889	-1.984257
-2.363971	-0.604712	-2.629680	-2.683818	-3.768406	-6.950413	-2.280638	-4.670090	-6.907314	-3.980050
0.429336	2.811157	2.597530	2.665662	2.340809	1.860065	-1.836844	1.434647	-0.079822	-0.551002
2.305467	1.679293	0.412243	-0.171371	2.836601	-1.472370	0.488703	1.809177	2.835587	0.723271
0.399518	-1.676822	-3.162456	-4.801842	-3.491061	-2.516832	-1.812899	-0.502999	-3.263093	-4.029843
1.095986	-1.109509	-2.433982	-1.051274	-1.264009	0.217560	-1.735553	1.083917	-1.766365	-1.459258
4.100666	1.716109	-0.983753	4.079805	2.051126	3.142989	1.180039	2.931424	1.810866	2.966811
3.047553	1.346608	-0.591786	0.426267	-0.340292	1.557936	0.336974	2.119216	2.939794	0.265751
0.836638	-2.610737	-2.339297	-4.005318	-3.047796	2.708281	-2.231250	1.180790	-1.342388	-0.870352
-0.673387	2.230147	1.198996	3.212719	0.383477	2.007204	-0.084135	-1.293261	0.261513	-2.263910
-1.690230	0.778133	1.849874	2.909243	1.928891	-0.177917	-0.121384	-1.705645	0.912891	0.780764
-0.630503	0.249492	0.221221	4.374021	0.556709	-0.983304	0.589701	-0.180271	1.109836	-0.271142
-0.460317	-3.532406	-2.364481	-1.087982	-2.113907	-0.922780	0.465519	-1.922949	-1.204359	-4.082939
-3.498484	-2.015891	-0.862149	1.441296	-1.767596	1.908332	-2.815132	-1.303090	1.570895	0.497361
-2.502316	3.965105	2.326899	2.633518	-0.482796	0.621709	-0.514952	-1.184008	1.073389	1.878049
0.000871	-1.801549	-2.404054	-2.164355	-0.876545	0.133726	-1.632941	-0.330814	-3.104587	-0.675385
3.008663	-6.321086	-0.966523	-3.241561	-2.886984	-2.459340	-1.227599	-1.080325	-4.057145	-3.744349
-0.646955	1.919961	-0.753225	-2.304242	0.015549	-3.056816	-2.842424	-1.816956	-3.729895	-3.592152
2.188002	3.939059	1.954626	3.245363	5.040015	2.328476	3.976783	1.400477	2.692651	2.065601
1.190916	0.079976	0.468614	2.696813	3.747874	1.181309	5.078027	-1.962843	0.228780	1.405403
-3.987230	-6.468322	-3.411775	0.260066	-0.416112	1.500360	-0.007690	-3.501036	-3.770319	-0.056951
-1.465152	-3.445968	-4.167153	-6.903118	-2.560782	-3.326598	-3.533763	-1.337319	-2.573959	-1.913365
-1.915069	0.400705	-1.790233	-3.317181	-1.948773	-1.438988	-3.097189	2.244587	0.941545	-0.333841
-1.226398	0.607263	-0.074325	-0.268064	0.567278	0.071765	-2.933861	2.718563	2.448781	2.767118
-3.396559	3.340576	3.451559	2.008892	0.613633	-1.118963	-2.479973	2.788686	4.049335	-1.899788
-1.225969	3.634111	1.937910	0.662047	0.096256	0.520803	2.478482	2.000137	1.054194	-1.717960
-0.886448	-6.835163	-3.014280	-3.860441	-2.434286	-3.409761	-1.064887	1.697393	-0.740359	-2.760195
-2.055114	-5.167377	-3.849218	-3.149010	-3.971429	-5.213177	-2.694172	-4.872167	-2.475135	-4.713193
-0.527687	-1.684860	-2.497110	-3.303601	-1.860205	-3.439168	-0.693962	-3.448367	-5.669952	-3.460049
2.848315	2.548757	0.625638	2.002750	2.368954	2.316743	0.038554	3.389971	1.286778	1.908741
2.766173	2.854648	2.645923	4.000403	2.357217	2.646135	1.645287	4.601625	2.455639	0.731682
2.991968	3.032885	3.136942	4.502123	1.998855	2.456086	1.626650	4.339271	3.554816	0.955680
1.488380	1.804543	0.710594	0.725173	-1.505061	0.745875	-0.007944	2.903087	2.095195	1.441242
1.186692	-1.188105	-0.625422	-2.056981	-1.558256	0.496583	-2.130580	-0.866450	1.756760	1.818177
-0.509716	-0.297182	-2.993805	-2.140673	-0.543556	3.371191	-4.209344	1.784137	0.873396	3.300893
0.838839	1.371090	-1.393452	3.232166	2.941616	1.836180	-0.414320	2.583325	4.215090	3.992500
0.554538	2.659689	0.630938	4.123503	4.715738	2.839733	0.709408	0.204193	2.287325	2.954610
-2.125738	1.341596	0.473371	5.491008	2.759189	1.814232	1.987556	1.491018	3.701389	2.622532
2.755895	0.352991	2.906952	-0.879646	-0.710849	1.243261	3.397243	1.060579	4.323865	1.805680
-1.231781	-4.423943	-1.734513	-2.408387	-4.506993	-3.552294	0.370885	-0.582747	-1.933358	-3.260734
-2.961983	1.174479	2.123484	1.140160	-0.685257	1.252452	-0.905598	-2.167479	-0.310197	-1.579697
0.313871	1.141342	1.057951	-1.939030	-1.495256	-1.169715	-2.126190	-1.731938	2.269437	0.385804
-0.612335	-2.493368	0.011497	-4.069280	-2.778700	-3.028806	-1.961871	-4.151444	-0.880870	-1.278215
0.448582	-6.633161	-3.011067	-4.185711	-1.718799	-5.449534	2.178578	-6.748617	-7.589730	-2.969841
-0.562493	-3.201448	-3.232031	-1.098942	-0.357460	-1.189310	1.087476	-2.271774	-1.878557	-1.822858
-0.873276	1.479861	1.212617	3.153708	-0.762690	2.461758	1.312041	1.492266	3.447139	-0.369650
-1.419683	-0.817039	-1.121310	-3.749478	-3.319793	-0.254940	3.397592	-1.675514	2.595646	2.075496
1.198472	-2.440756	-0.220098	-3.856315	-0.918071	1.311688	1.982347	-1.231730	-2.219246	0.259597
1.339672	-1.728693	-1.889735	-3.751316	-3.622725	-2.632064	-4.795175	1.450802	-1.990249	-0.854231
-1.160796	-1.348754	-4.127606	-1.836194	-3.298752	-2.119703	-3.639655	0.296566	1.008530	-3.483873
-0.185947	0.804458	-1.062497	-4.039660	-0.685051	-3.142934	-2.318078	-2.870550	-2.008120	-1.208313
-0.083794	-2.478655	-0.161691	-2.156823	-3.081815	-4.455960	-2.446926	-3.537561	-6.309106	-1.404736
1.678249	1.633405	0.014825	0.860508	0.559660	-1.488185	1.456618	0.235421	-3.000536	-0.568426
4.345867	1.655242	1.236268	-0.171371	-2.161517	2.400388	4.373869	-0.854714	2.322783	-0.180669
-1.053051	1.174158	2.329854	-1.946268	-2.774535	0.247059	1.972842	0.307121	0.645946	-0.760550
-1.853819	3.018057	3.039998	-2.890385	-2.589285	0.845226	0.746352	3.800718	-0.597653	-0.255455
-1.333149	-4.735355	-0.187084	0.325074	-0.925153	-0.319810	-0.992290	-0.429932	-1.962519	-0.766270
-0.949554	3.098627	0.676424	5.038608	2.907175	-0.348148	-2.056070	-0.521038	3.578246	1.258218
-0.597346	2.494612	0.790138	2.153317	2.261314	3.252014	4.079722	1.324095	3.105137	0.182822
-0.590336	-6.211193	-0.006027	-3.166598	-1.077021	-1.642622	-0.044903	-3.145141	-5.022546	-3.222945
-0.615537	-1.685579	-0.107556	-4.586536	-1.778410	-1.724151	2.364763	2.178549	-2.686806	0.640926
3.025241	4.029564	2.482066	5.959006	3.255565	2.903429	1.036928	3.727862	2.404358	2.873547
3.476386	0.093047	-0.799746	5.709932	2.390924	2.698325	-0.108801	1.553893	-0.724454	1.512428
-0.453112	-2.701120	0.362321	1.950247	-2.428214	0.504341	-1.899520	1.370641	0.748559	1.179778
-0.188365	-2.182725	-4.093219	-4.676343	-1.248526	-0.422316	-3.022323	-0.907998	-1.082602	1.271704
-0.600181	-5.072555	-1.855854	-2.910033	-3.443590	-1.742340	-0.859410	-2.369223	-3.696433	1.335115
-1.838272	0.330101	0.636929	-2.436815	-1.151583	-0.777423	3.726823	-0.163435	-0.515731	3.010915
-1.308148	3.629558	3.246442	-1.171782	-2.788483	0.544542	1.757574	0.967666	-0.980391	0.685311
-0.475717	0.407627	1.771694	-2.316625	-1.441465	-1.431237	1.367043	-2.064918	1.267890	0.194407
-0.644889	-2.971877	-0.025504	-4.715135	-1.775705	-4.946550	2.881826	-3.456485	-3.963081	-2.036894
-1.665273	-5.148640	-1.881143	-3.799704	-1.895380	-6.170789	2.092420	-4.119934	-6.186898	-1.248891
-1.452677	1.980551	-0.215415	3.753379	3.274136	0.966856	1.398019	1.057240	0.553345	2.620820
-0.193310	0.780609	1.527187	3.653724	3.085366	2.367495	1.002118	1.075339	1.954856	2.519436
0.109720	-2.054151	-0.378030	-0.272159	-1.293365	2.488337	1.930308	-2.711131	-1.742158	0.840058
0.799105	-1.310517	0.767940	-5.051558	-1.909132	-3.788807	2.994080	-4.222766	-5.330089	0.067083
-1.970262	-2.171874	-1.266800	-2.674764	-1.221811	-2.468827	2.393624	-3.548660	-3.956627	2.658609
-1.843887	0.832591	0.958054	-0.256164	0.570820	0.648588	2.357630	-2.326009	-1.489665	-0.560870
-0.239278	2.040890	2.051104	2.890053	2.403486	-1.137652	1.482684	-2.623106	-0.622993	-0.739858
-0.589140	3.424837	2.412553	4.155698	0.523909	1.427765	2.795274	2.944156	4.241299	1.149939
-0.098380	4.608842	4.002100	4.902483	6.065311	2.810848	4.139786	3.917383	6.336720	3.702412
-0.360402	2.243418	3.634345	2.909820	1.526814	1.823309	3.023105	1.127382	3.547879	1.387054
-0.339511	2.209876	0.450787	1.322019	0.211339	1.193759	0.872714	-0.376740	1.593287	0.824655
-0.813111	-5.271873	-3.639777	-1.412006	-1.030494	0.963907	-0.749001	-0.697774	2.292553	-1.420694
0.080093	-6.016219	-4.597851	0.192454	0.295434	0.375665	-3.733760	-1.618515	-1.117414	0.907694
2.532499	2.711947	0.755161	2.015912	-0.890559	1.435442	-2.930978	1.761747	-1.062203	1.730108
-2.345996	5.853334	3.753053	5.395079	6.286244	1.522549	0.177726	0.114319	4.864795	0.965734
2.590906	4.031951	1.341920	3.813867	4.267361	1.991195	-1.122267	1.293608	2.363388	1.140160
1.531603	2.153104	0.420055	2.082786	4.677306	2.986590	0.364525	0.883323	1.582886	-0.019629
-1.812505	-2.086100	0.430748	-1.720553	-0.911907	-0.604056	0.207182	1.984672	-1.203502	-0.721450
-0.430318	1.935646	3.932992	-2.770839	-3.003964	-2.417535	1.249087	2.292762	-0.090969	-0.107016
-0.097936	-0.250754	2.693678	-3.614861	-2.421253	-5.967438	1.874119	-1.650498	-2.744207	1.379555
-1.243057	1.740006	2.604794	-1.102909	-2.337964	-4.560957	0.901759	-6.328401	-5.097709	-3.988754
-2.477080	2.502029	3.197930	-0.297772	3.518112	-0.130583	-2.033711	0.440961	-0.562866	-1.882960
-0.765802	3.095117	-0.017125	1.736059	1.626685	0.105790	-2.263510	4.028495	2.988025	0.823019
-0.173819	1.176974	1.407616	1.350095	2.811561	1.271671	-0.067357	2.570510	3.144873	2.477265
-0.405626	4.155500	3.255941	-4.735556	-1.075053	0.311365	1.218229	4.077913	1.039381	-1.160141
0.769181	-0.177104	-1.705363	-0.326283	1.399948	0.683380	-0.893869	2.615811	0.958054	-0.840917
-0.875692	-9.801737	-3.165510	-1.859178	0.304966	-1.991780	-2.744368	-2.912089	-1.635204	1.174517
3.054162	-0.929801	-1.706913	-0.917230	-1.462096	-0.304907	-3.133885	0.743121	1.547811	1.161544
3.065351	0.196503	-0.817386	0.092567	-1.633435	2.470002	-2.477338	3.757148	-1.046398	1.741442
0.024083	-5.465626	-4.736044	-3.749676	-2.760352	-0.636246	-0.602741	-2.741102	-1.827331	-1.961705
-1.880533	-5.869893	-5.855902	-5.374551	-3.980549	-1.325749	-4.208809	-2.507521	0.675116	-5.242818
-2.335786	0.391901	-0.824173	-4.453550	-3.071825	0.233600	-1.295758	-3.212803	1.399042	-0.841515
-0.832865	-4.059349	-3.369172	-2.974264	-1.248285	-0.081698	-0.234400	-4.230640	-3.624152	-1.325115
-2.247759	1.490954	-4.309014	-1.569486	-0.915733	0.231363	-3.539149	-1.766627	-1.529266	-2.911135
-0.837154	0.109903	1.041486	-2.735908	-0.887072	-1.668215	-4.315517	1.910643	3.752099	-2.743394
-2.325737	0.799094	2.543714	2.250479	3.605592	1.183070	0.632685	2.365678	1.616240	1.246090
-0.767293	0.046522	0.970156	1.638882	6.525851	2.816323	3.399247	1.314883	1.162357	1.849402
-1.133008	3.243080	-1.346402	0.881108	0.879399	0.888845	1.556659	0.245566	-0.533653	0.758223
0.152035	2.001662	-0.511175	0.056867	-0.414871	0.205740	-2.602889	3.511132	-0.020193	-2.746461
-0.515447	-1.029838	1.672525	-0.462436	2.441631	-0.579792	-2.528903	3.163890	3.046734	-0.570065
1.253963	-1.433027	-0.622815	-2.371293	-0.052703	1.544053	-1.011692	-2.787955	-1.483376	-0.925605
0.983583	-1.874911	-2.509608	1.032905	-1.555483	2.946577	-1.492060	-2.012596	-1.359426	0.549706
-0.639966	2.035702	2.568434	6.269064	2.128882	3.209682	0.913285	-0.687325	1.285479	-0.479544
2.268234	2.884506	3.083800	3.713492	2.143881	3.498670	0.290740	2.088465	2.581335	3.456932
0.181004	3.117895	0.456878	2.149497	1.507404	0.874544	0.430400	1.225681	2.902439	1.191222
-2.525536	3.150762	0.348158	5.004186	0.396140	1.885206	-0.655537	1.650531	0.921984	-1.009683
-1.586263	-1.403600	-0.298468	1.939668	0.328678	-0.324641	-0.410273	-2.751177	-0.746632	-1.179092
2.516845	1.716803	-0.012311	-0.397351	-0.378292	0.821707	0.573289	-0.077935	-1.569414	-1.397514
0.664109	2.036466	3.069022	-1.409162	-2.768982	-1.874749	0.142848	-1.758935	0.029033	0.106245
-2.047847	-3.147517	0.165823	-0.334156	-2.760402	-2.657704	3.627205	-1.869068	-4.455893	2.926277
-2.708400	-0.783150	1.774087	2.637973	4.255537	1.282347	1.157560	-0.521925	1.113302	3.203279
0.613374	0.008661	-1.639094	2.039835	0.553225	0.541906	-1.358586	-1.045897	1.413716	1.865445
-1.749301	-1.154386	0.772776	-3.054561	-4.298748	-4.736821	1.126269	-3.310274	-5.126855	-2.978425
-3.418302	2.323704	-0.052506	-5.865607	-3.923493	-3.687829	4.736926	-2.235547	-1.721312	-1.116134
1.345796	-0.332272	-0.567544	-0.226694	-1.267817	-1.204713	2.801288	0.616495	1.545742	0.134717
3.303916	0.900186	-0.250239	2.202087	0.378669	0.115135	3.559958	1.289063	1.341506	1.802530
-1.437716	1.134576	-0.625194	1.252547	1.001758	2.598121	0.880141	1.758367	4.648279	2.301306
-2.251277	-3.465803	-0.394808	0.015795	-0.742957	0.026452	0.130639	-0.969982	0.855860	-2.087850
-2.821043	-5.977250	-3.847981	-4.263959	-1.649884	-2.292764	-0.233643	-1.250971	-4.153949	-3.678336
-0.746390	1.313036	-4.248811	-0.207804	0.898171	-3.056018	-1.712399	1.648610	-3.031647	-3.175945
3.328506	3.013956	1.727805	1.648571	0.032402	0.942799	-2.576826	1.634475	-2.045433	-0.977070
2.492767	1.177015	0.092469	1.037977	0.850407	-1.106002	-1.056318	-0.717164	1.430397	-1.623905
-3.005083	-1.571683	-1.577612	-3.052276	-2.122921	-0.845512	-0.569270	-1.376494	0.222446	-4.051239
-2.283021	-2.297735	0.309766	-2.856174	-2.811582	0.460580	-0.039275	-2.914903	-3.193280	0.278536
-0.211327	-3.741233	-0.028491	-3.840106	-0.931080	-3.147712	0.658473	-4.150277	-5.627277	-1.680767
-1.639079	0.277129	-1.031076	1.424442	1.493186	-2.429878	0.072778	-2.095102	1.187763	-1.853437
-1.261256	3.121459	3.109921	5.633681	4.910515	3.272696	0.724149	2.185134	3.133146	2.805138
4.712762	3.677066	3.598208	5.592425	2.578808	1.603224	1.750890	2.501047	4.681582	3.620574
0.352194	-3.424439	-0.619205	0.194588	-1.839232	0.884919	1.132609	1.049849	-0.146321	1.350284
-3.317341	-16.269346	-6.972508	-5.682416	-3.239802	-6.381104	-0.996088	-5.424445	-7.414753	-2.566115
-0.287027	1.772657	1.206411	-0.311074	-0.987099	-1.443929	-1.397094	0.992879	-2.645803	-3.748907
-0.349546	1.934983	0.787065	3.495731	-0.885515	-2.119242	1.228497	2.726535	1.890942	0.711324
5.163618	2.476546	0.993466	3.004812	0.575954	1.801274	1.000792	1.553937	0.683995	-0.579802
0.248078	-1.330638	-1.736971	-1.508815	2.260717	0.370934	0.004698	0.312098	-1.204932	-2.381168
2.463449	-0.934955	-3.065933	-1.536634	-0.409119	1.568556	-0.988278	0.772632	0.412776	0.586244
3.952943	2.588913	1.040795	1.973169	3.248957	3.060756	0.890470	0.546453	3.353435	2.329156
3.676072	4.870882	3.559828	1.421912	3.375654	2.794451	0.490549	4.464873	4.384459	2.233785
3.829246	2.877271	2.075184	0.183310	0.547384	2.187257	-1.038534	4.769307	3.272066	-0.687847
4.379374	1.108798	3.390078	1.709379	0.879760	-0.492808	1.873128	1.612866	-1.421927	-0.402721
4.596365	0.896484	2.285827	1.734036	-1.071206	0.591572	0.275140	3.711762	-0.838404	0.086485
2.631326	0.770049	-0.184952	2.401097	1.500401	0.933114	-1.334591	1.951907	1.687754	-0.321110
0.796061	-4.712288	-2.833142	-1.101122	-3.172805	1.249334	-2.283158	-1.271587	-1.638636	0.346716
-2.076323	-3.211404	-3.918324	-4.039304	-2.784208	0.570449	-3.134355	-1.580210	-2.143354	-2.354317
-0.978825	-3.360178	-5.586581	-1.826033	-1.596393	-2.294025	-1.034277	-2.378453	-2.779481	0.034111
-1.610441	-2.141989	-2.588595	-1.864592	0.108059	-3.759174	-0.599716	-3.156505	-2.078500	-1.900380
-0.582871	-2.137614	-1.908048	-2.263567	-1.516337	-3.868682	-2.120767	-3.617758	-5.211691	-4.177769
0.212286	0.571970	0.375978	-2.333441	-2.624362	-3.541436	-2.923725	-1.234105	-2.797636	-4.676837
-1.154073	1.120584	1.412001	-4.457599	-4.089098	-0.715622	1.103816	-1.280038	-0.994715	-0.030365
-2.961750	-3.387449	-1.102962	-3.179326	-3.357827	0.274073	-1.881239	-0.819850	2.140090	0.256766
0.803452	3.901794	0.279307	-1.253607	-0.904929	3.018860	-2.759584	2.183963	0.615597	-0.074227
1.945029	1.364836	1.312125	-0.389829	-0.170887	3.596951	-0.984015	0.331507	0.009924	2.539674
-0.971927	-1.197703	0.913509	-1.464478	-0.514481	-0.115346	-1.195727	-2.141616	-3.473112	1.748887
1.589279	1.170401	1.725276	-0.835041	-3.674592	0.584180	0.771884	0.794998	-1.944794	-0.839274
4.669938	0.462668	-0.010159	1.959793	-0.052002	1.320735	4.641323	3.234149	0.932494	2.456507
0.310642	-1.348781	-0.509980	-1.641363	-1.233492	1.819426	3.283093	0.285540	0.422767	1.517244
-1.375818	-0.743824	0.238728	-1.601200	-1.500843	-0.595542	1.020898	-0.635531	-2.940759	1.291850
3.041046	3.151958	1.546878	2.160292	0.995662	3.556835	-0.577360	2.648635	4.292128	1.401039
4.755023	1.800884	1.815185	0.827422	-0.031059	0.427559	-0.139577	4.792336	3.750741	2.640221
0.068301	1.502873	0.788560	3.608698	0.048211	2.645533	1.080549	3.750969	3.521593	3.513607
-4.121933	2.239742	1.331117	3.605725	1.768388	1.147754	1.048221	2.759328	3.433194	0.546505
-1.474493	-1.493891	0.272565	3.227311	-1.023812	1.821923	0.999239	-2.667191	0.249353	0.003426
-0.016093	0.000989	0.687216	0.575259	-0.940373	-0.929965	-0.935294	0.864405	-0.034820	-0.123425
-2.603248	1.842497	1.990677	3.173172	2.342617	0.338186	-1.698879	-1.721192	1.973580	0.507059
-2.076074	-2.121853	-0.879542	1.836052	2.137973	2.204170	-2.049014	-0.669089	1.677460	2.757782
-1.480186	-0.872349	-1.885435	2.314401	3.578806	1.710879	1.930300	-2.795896	3.061225	1.019050
-2.274102	1.344623	-0.650896	3.637017	4.392228	0.725704	0.935463	0.290976	4.296578	0.955764
-0.492737	-0.322930	-0.333119	0.787999	3.596249	0.532834	-0.459326	1.399416	1.907820	0.666427
-2.793410	-0.886396	0.386798	0.788943	3.143777	0.787258	0.824831	0.365713	1.136953	1.659838
-1.021637	2.250632	0.015159	2.428646	2.352421	-0.245439	4.182632	-1.424146	1.645274	-0.031501
-1.739037	2.166460	3.154466	-1.977200	-0.590413	-2.410770	1.376375	-1.281075	-3.873317	-1.360093
-1.139327	2.732593	1.300517	0.105199	3.745779	1.013047	-0.634944	1.062211	-0.061625	-0.373040
-0.758525	2.897237	1.324513	0.260635	3.141902	3.236295	0.493672	1.661198	-0.705355	-0.126845
1.522250	2.779793	0.275451	3.407797	2.522559	2.985456	3.561320	0.967671	3.937587	2.178687
2.227381	1.396163	0.377528	-1.092226	0.659150	1.599009	1.898393	-1.075388	1.430293	1.118253
2.852448	1.243146	2.974639	3.410654	-0.181625	3.590833	-0.615512	3.228706	3.941053	4.309744
3.808234	1.895342	3.321279	5.444623	-0.673968	2.642305	1.977399	2.374135	3.505859	2.721056
-1.135779	2.198647	4.047740	0.862965	1.943319	1.367803	0.664919	2.312283	-1.116803	2.031381
1.553392	1.226959	2.785415	1.449366	1.163231	0.191303	-0.476258	2.934730	2.058656	-0.219890
3.640127	4.902270	3.238395	-0.003893	0.258962	1.428578	-2.014339	3.869260	1.585520	-0.464364
0.437110	4.100575	1.231868	2.184169	0.343105	1.582303	-0.689133	5.438654	1.888575	-1.821852
4.537524	2.180866	0.510323	3.218834	3.590952	4.633052	-1.180045	2.729194	3.532105	2.991537
1.166951	2.287934	1.050149	1.602981	1.883192	2.436098	-0.390687	-0.224538	0.982092	2.409094
-3.316924	0.220768	1.654031	1.827589	0.722215	-0.388288	-2.425365	-4.116962	-2.153581	0.488207
0.599082	1.838257	-0.939146	5.959534	1.683209	0.877766	0.620110	2.706506	3.330765	3.601467
-0.583648	-1.853112	-2.780996	-1.292305	-3.299640	-3.037267	4.043229	-1.266053	-2.243488	-0.452539
-3.140027	-5.301652	-4.867637	-5.945652	-3.056047	-6.251718	0.783182	-5.237058	-6.086562	-3.579421
-1.991071	-3.572478	-0.604885	-3.233833	-3.438528	-2.128915	1.689959	-6.476124	-5.665077	-1.616891
-0.271095	1.802695	1.609640	-3.031772	-0.910898	-3.235387	-0.159251	0.405129	-0.800757	-2.148560
1.961088	2.653749	3.021921	0.601606	0.288925	0.506138	-1.239260	1.814385	3.055678	-0.215338
2.562564	-0.625833	-0.539963	0.415175	0.946421	-0.067371	-1.187177	1.842028	3.176103	-3.894839
0.813021	-4.672469	-3.971932	-0.639891	0.426773	-0.595642	-1.068714	0.417741	0.636296	-0.647472
-0.704253	2.652121	1.039593	1.401381	2.749759	0.424497	0.261217	-2.957590	1.300633	-0.665649
-1.671470	-3.227682	0.163791	-0.964636	-1.117340	-2.173983	-0.020195	-5.090082	-3.780211	-4.141981
-2.936141	-6.557898	-2.987561	-4.461367	-2.900347	-4.943509	-1.536363	-0.255948	-2.660859	-4.463879
-2.462276	-5.031349	-5.840685	-3.422040	-2.339682	-7.388309	-4.459897	-1.431003	-2.228835	-2.967152
0.165315	-0.745357	-2.258804	0.414419	-0.870968	-1.316309	1.144191	-4.116559	-3.974065	-1.268212
1.281523	4.141357	2.053959	2.411684	4.856672	2.477164	3.145688	1.121771	2.482228	1.210533
4.168140	4.538969	0.515480	0.359729	2.341517	3.009885	1.426883	1.579776	4.007720	0.848872
-0.420042	-6.415144	0.308636	-3.213472	-1.796357	-2.403771	-0.856935	2.859843	-2.915214	-3.812103
-3.017529	-0.824004	-1.027597	-4.329645	-3.137373	-3.183828	-4.021679	-3.514636	-4.307198	-0.222701
0.715271	2.607165	-0.587444	-0.155014	2.505347	-1.131408	-0.415260	-1.215373	-0.176755	2.808870
1.810854	3.428438	1.185872	1.136496	0.976879	1.908165	-1.458388	1.436425	0.392691	0.741902
-2.530887	2.194792	2.002927	0.878162	1.962501	2.408871	0.591624	-1.139051	-0.405784	1.329988
-2.659454	2.095902	-0.428504	0.528661	1.614691	0.840390	-2.046533	-2.889308	-1.441201	0.391021
-1.336552	-1.501056	1.543457	0.666169	-0.368574	0.237202	1.799829	-0.852453	-2.819084	1.594694
-2.462584	0.588094	0.521684	0.092066	2.097585	1.341088	1.114500	-1.779493	-1.163755	0.370202
-1.833653	-2.669973	0.144055	-1.566369	-0.869354	-2.548668	-0.364629	-3.923731	-2.063134	-0.498461
-2.688659	-0.217081	-0.707553	-4.228756	-2.310610	-4.661283	-2.494968	-4.296574	-4.659144	-3.502800
1.903296	2.273847	1.849436	-0.297915	-0.711606	-1.251372	-2.520627	0.995076	1.748196	0.166380
0.763712	1.286885	2.815100	-1.829363	0.284941	0.502151	2.144686	-0.803485	3.586964	0.547975
2.788888	0.926710	1.683017	0.636883	-3.402888	2.511873	3.438362	3.132439	2.796143	-0.817619
0.983225	-2.616501	-4.244836	-0.089395	-2.393312	-1.499417	-1.695906	-1.846652	-1.207788	-1.161304
0.337425	-5.062273	0.092022	-3.870411	-2.288448	-5.317132	1.152673	-2.473261	-1.619446	-0.950085
-1.208611	2.202072	2.802068	2.076022	0.558989	-1.514879	3.297994	0.970611	-0.142150	0.153837
-1.551680	1.695210	1.290883	2.473389	-0.469918	1.839530	3.421249	1.007664	3.250784	0.723058
-1.896380	0.792620	-1.328753	2.349379	1.778417	1.849091	0.759832	2.225797	3.417039	1.088378
-1.804406	-3.180421	-0.975959	-2.481019	-1.682219	-2.070506	-1.634861	0.025711	1.469598	0.302194
-0.532357	4.572464	-1.517554	-5.286216	-3.549338	-1.681264	-2.354837	2.988707	-0.300553	-1.516895
-0.138426	-2.203145	-2.034656	-0.544119	-0.919652	-1.282889	-1.812298	1.002984	-1.914730	0.619209
-0.579609	0.615731	-1.367481	1.175163	1.305928	0.628317	-1.303450	-0.715255	0.768653	2.315507
-1.418302	0.179271	0.481853	-0.831776	-2.432005	1.464649	-2.069495	-1.876909	-2.226817	0.059196
3.326601	0.693654	0.836731	1.679659	-1.644161	0.909008	-1.726535	3.859923	-0.215954	-0.366023
1.333207	-0.930038	-0.540862	0.455162	0.721453	1.301691	-2.530573	0.167743	0.579230	1.157250
-2.194580	-2.776125	-4.625641	-2.673570	-4.855467	-0.957401	-2.519710	-0.846547	-0.220378	-0.357087
-0.766452	3.128774	1.311681	2.968961	3.458073	1.732534	1.105654	3.059255	2.800611	4.974968
0.362997	4.454442	2.727191	4.559454	0.309971	3.492996	-0.290083	5.047550	1.797987	4.892913
-2.678026	1.070761	-0.871423	2.357109	2.514223	1.028890	2.486382	1.304942	1.423937	-0.905750
-0.521413	-5.203286	-2.207773	-1.314275	-1.111771	-0.726682	-0.065552	-0.935569	-2.231247	-2.455422
3.193043	1.633284	-0.738869	-0.484996	-0.769211	0.786084	-0.434082	1.220520	2.180725	1.007197
3.222349	-0.376044	-1.580521	-0.826750	-1.441596	0.996693	0.650794	0.788710	0.187444	1.300909
-2.817087	-2.687385	-3.525738	-1.659035	-3.805423	-3.900148	-1.299721	-5.224897	-7.113999	0.582512
-2.067957	1.785947	-2.764527	-3.878546	-4.310288	-5.662033	-2.292822	-4.538900	-6.465013	-0.428692
-0.122253	0.022036	-1.628097	-0.515978	3.220012	-0.351757	-1.688706	-0.463798	-1.962305	2.873797
3.034033	4.622370	2.619746	3.322876	2.891285	2.415690	1.375232	4.080510	3.998017	3.482879
5.112908	2.274237	0.464797	5.360123	4.730538	3.043216	1.247799	5.386225	3.393247	1.609854
2.547182	2.679125	1.405550	0.969469	4.941277	5.054228	2.161100	4.007447	3.027377	1.550224
-0.361939	-6.572278	-1.593899	-3.168776	-0.837286	-0.949563	-0.619857	-0.124224	1.416302	-0.194113
-2.890345	-10.588283	-5.101654	-4.277802	-3.313843	-5.008548	-1.943065	-4.553589	-3.650786	-0.329955
1.067870	-1.278998	-1.643116	-0.498001	-1.601081	-2.561716	-1.619215	-0.102248	-2.793491	-1.333003
-2.143886	1.377666	-0.308788	-1.093760	-2.535489	0.788843	0.283201	-0.241503	1.066782	-1.472455
-0.455303	0.006101	1.187828	-1.430669	1.339248	1.093741	-0.390506	-2.739454	-0.172874	-3.650012
-1.726776	3.629400	3.331633	1.755285	3.310743	0.260589	1.810273	-1.535105	-0.633363	0.309626
-0.165097	0.356956	1.907927	-0.795087	0.446712	0.519300	0.288649	-1.155757	-2.058289	-0.825840
0.223442	-8.478438	-1.492489	-3.520069	-2.591229	-5.504714	0.856433	-2.956313	-2.966756	-4.838409
2.790047	1.692613	1.309186	0.100550	2.659436	2.042059	-0.933761	4.967723	1.685332	-1.174782
-1.458474	-0.450395	-0.990344	0.877986	-1.811273	-1.565167	0.359978	-1.234452	-0.180530	-3.912659
-2.287615	-3.952368	-0.139777	-1.439146	-1.909439	-3.897578	2.165465	-2.342643	-5.259744	0.556762
-3.034270	-1.040207	-0.682310	-3.976032	-3.347242	-1.645862	2.865012	-0.288754	0.289086	-1.810119
-0.063932	-3.210816	-5.561637	-1.871754	-2.319262	-4.463304	-1.139065	-0.783790	-3.523943	-2.863102
2.463703	-3.513696	-3.025353	0.505302	-3.255878	-3.371589	-0.556651	-1.266356	-2.677033	-0.865686
-1.227858	0.642253	2.026846	-2.210147	-0.923768	-4.445203	-2.064430	-0.463560	-2.959087	0.386630
1.101889	1.316729	1.157668	-2.069183	-3.044210	-2.766132	-2.015487	1.281794	1.960393	-3.267753
4.600649	-0.327867	0.930419	1.693710	1.482419	3.644239	-2.903903	3.399897	3.725805	-1.516035
2.276126	4.361767	2.200006	1.505851	0.439441	2.646826	2.493838	1.081143	0.262446	-1.148714
2.797125	2.629133	3.925038	4.898257	3.904381	2.572343	-0.481846	0.919125	3.428016	2.210311
-1.741551	-1.905066	-1.313379	2.305445	1.351964	0.212406	-0.443236	-2.600466	-2.055187	1.717142
-1.350800	-5.189927	-2.807734	-4.189965	-1.854987	-1.248669	-2.030412	-3.140739	-2.138964	-0.054920
0.728482	-7.210545	-4.108218	-3.665455	-2.864346	0.771333	-3.015256	-4.278001	-4.983817	-2.160272
-3.159103	-3.399016	-3.752623	0.631494	1.435412	0.970427	-1.853746	-4.424563	-3.015347	2.588687
-0.935553	3.042267	-0.156738	2.443599	3.940513	1.112330	-0.516764	-0.868133	1.915647	3.070860
2.364034	2.638110	1.910447	3.964981	2.239282	3.845056	1.761014	4.361980	2.957563	2.254949
-1.045343	-0.361181	0.290243	1.535158	2.410047	4.588322	0.667007	0.425164	3.932201	0.924858
-1.593981	1.865302	0.487061	3.431848	4.361933	1.944643	0.667039	2.612509	3.728061	2.068189
0.082018	-0.735131	-2.182089	-2.143129	-0.970733	-2.081764	-0.452169	-2.589194	-2.467857	0.882647
-0.152345	4.827027	-1.084295	0.465146	-2.735025	-4.246886	-1.285494	2.220544	-2.607953	-4.710067
3.498529	4.246986	3.028955	0.514292	-1.993616	2.728394	-0.818612	1.743211	1.894673	-0.576446
2.622739	2.372857	2.892273	2.433127	2.254920	1.707092	0.918400	0.835897	1.390722	0.981612
0.896482	3.239549	3.879969	3.424669	3.597910	3.115121	1.022965	2.512690	1.940594	3.028912
-3.338843	2.396073	2.437756	3.048239	4.256579	2.941798	6.240709	2.539079	0.290289	3.489859
-0.491639	-1.011458	-2.191754	-2.325847	1.772855	3.561837	1.862454	-2.550947	-2.704191	1.868459
-0.965309	-8.827833	-2.749550	-3.202470	-1.557137	-1.512648	-1.508273	-3.567400	-3.483346	-2.488285
-0.395757	-2.534440	-5.006219	-2.135012	-3.861271	-6.074841	0.625952	0.062808	-2.697276	-3.213765
-1.475386	-0.267466	-1.007050	-0.754055	3.075878	-0.810930	2.284254	-1.114734	2.758122	0.371824
-1.362200	-1.095199	0.776470	-1.914283	-1.212164	-1.193301	0.855559	-2.328438	0.001448	1.166088
0.880295	4.000376	2.086250	4.262922	1.696027	2.594760	0.660591	0.683584	2.294702	2.058833
-1.061306	4.259270	1.349804	4.509876	0.520876	1.183066	0.695178	0.452820	0.877986	0.821966
-2.875508	4.122598	4.819642	2.790896	1.545007	-0.296171	1.452344	-1.641141	0.781702	-0.871107
0.213382	3.167973	2.429274	-2.791203	-1.862257	-1.479638	3.831815	-3.601912	-4.782351	0.969922
-0.302141	-3.202191	1.349413	-3.381604	1.070407	0.223175	2.838817	-1.138803	-1.826071	0.954360
0.693916	-2.483381	-1.606733	-0.415495	1.194523	0.499581	-0.378123	0.335073	2.486344	1.002613
4.075445	2.200018	1.365848	2.901541	2.601610	2.734389	1.565319	1.908905	0.744193	-0.219212
2.420739	4.732019	4.074664	5.124517	4.626492	3.059109	1.682470	3.239781	1.216378	1.130395
1.975390	1.547335	3.539925	0.495946	-0.128812	1.904051	-1.640044	1.582590	2.784200	1.325939
-2.332509	-2.888621	-0.900660	-3.192059	-2.777181	-0.273575	-1.632298	0.632921	-0.674741	1.017928
-3.731768	-5.829534	-3.532283	-2.776286	-1.645397	-5.815564	0.237834	-2.666139	-4.976445	-4.145130
2.786805	1.463007	-3.199137	0.800176	-0.484240	-1.554905	-0.866824	-0.763999	-1.663310	-1.481928
0.530400	-2.311885	-5.087714	-1.444062	-3.769394	-3.535294	-2.166045	1.306928	0.239364	-3.037758
-1.862791	-4.240297	-6.477307	-3.933089	-2.896642	-1.824725	-2.468105	-0.187868	0.466776	-1.995514
-0.382578	-4.335819	-4.802210	-2.722197	-1.845867	-1.608291	-2.519779	-1.034697	-0.389174	-0.671687
-1.476471	0.262562	0.230982	0.859824	-0.951454	-0.294988	-1.750444	-1.211572	-1.996685	-0.254372
-0.513380	3.307155	2.090674	3.213080	2.159411	2.339986	1.757025	1.373198	3.332841	3.334339
0.504684	-0.977028	3.155770	-1.259420	-0.028158	-1.482165	-0.258148	0.281001	0.784904	0.901853
-0.059190	-2.216279	-0.759927	-1.688071	-0.950750	-0.886440	-0.937240	-2.157872	-0.505497	-4.433925
-2.387911	-0.090188	2.187787	0.214833	-1.257852	-0.836138	-0.171828	-2.022232	-0.089863	-0.595688
-0.504591	1.945053	0.403513	-2.597804	-0.951254	0.824242	-0.797791	1.444011	-1.866497	-0.635130
1.789359	1.700351	3.598353	0.249923	-0.572347	0.458299	0.988394	2.731147	1.405800	2.825953
3.003627	3.014713	0.233306	3.321315	1.352479	3.499529	-2.289152	3.204065	4.465626	0.822968
