X1	X2	X3	X4	X5	X6	X7	X8	X9	X10
0.729977	-7.432620	-5.143409	-2.696399	-0.771482	-4.986839	-2.204308	-5.106514	-4.075874	-1.120519
-0.564415	-3.851167	-0.401882	-4.929538	-2.096383	-0.828734	4.102152	-3.868457	-3.695931	0.919952
-2.019642	-0.579895	0.824667	-1.728105	-2.381591	1.426130	-2.780781	0.396851	1.470451	-1.959178
-1.359095	-0.821725	-0.070067	0.345996	2.787682	3.149854	-2.278918	-0.716104	-0.892726	2.217893
-0.405568	-0.472477	-1.550991	4.032666	5.120727	2.639037	1.413928	-2.221735	-0.563362	3.125464
-0.780251	-5.510269	-5.573808	0.584205	-2.188664	-1.290218	-1.651553	-3.017555	-1.280254	-3.515064
0.376163	0.496880	-2.573525	-2.850287	-2.732999	-9.569511	-1.450974	-4.560477	-5.218502	-4.868090
4.446282	4.730756	1.237654	1.289891	-0.694486	0.082259	-0.596446	1.305387	-2.529102	-1.085114
4.758815	2.739641	1.129325	1.030141	-0.709332	1.700994	-1.004483	0.465325	1.128145	-1.658833
-1.746430	3.336622	2.163182	0.355063	-0.088244	1.159397	-1.490495	-0.155776	1.169343	0.026655
-1.575645	4.065584	1.934923	-0.896440	0.116474	0.475668	3.094105	3.569372	4.192692	1.047950
0.040580	3.653716	2.964042	4.206433	7.199415	3.315510	3.540104	0.916259	1.008993	3.356055
0.780552	0.515604	0.532134	2.556785	4.236574	1.065324	0.703691	2.549071	1.382646	0.356173
0.829080	-0.094263	-1.499204	0.991719	-1.128652	-3.209187	-0.974248	0.812397	-0.144447	-2.165294
-1.764229	2.985704	2.023122	3.757737	-1.865169	2.771079	1.130775	2.030025	1.033111	4.203256
1.102533	2.398295	2.866607	0.321941	0.908122	1.692024	0.805047	5.829643	3.422922	1.476627
1.858975	1.070399	0.659547	-3.231367	-2.971283	0.380448	-3.118545	2.672539	1.420882	3.147919
-0.049197	1.155708	0.861734	-0.515284	-0.909887	1.423854	0.799887	3.864201	3.655390	1.574437
4.884025	1.775412	2.062263	0.895392	0.152808	1.178143	0.713628	4.518115	2.252542	-1.223817
-0.183153	-0.371699	2.536128	-1.487537	-3.179100	-3.425883	1.481565	-2.537132	-1.068765	-0.388641
-0.773524	-0.201832	-1.949879	-1.323769	0.639189	1.712275	0.144286	-1.384752	1.972364	-1.623933
-1.709383	1.194604	2.086534	0.549196	5.296272	1.783618	2.615476	-1.096961	-0.343078	1.710810
-3.897422	-0.710000	0.971360	2.906761	4.551749	1.467947	4.280921	-2.049972	-3.406796	2.081390
-1.639038	-2.536553	-2.167312	1.885126	3.323320	0.614261	0.750708	-2.364900	-3.011199	1.570209
-0.450426	-0.010862	-0.432291	-2.929209	-1.399816	-2.770041	-2.603578	-1.873261	-1.887395	-3.894232
-1.199981	-4.558338	-5.730488	-3.737643	-2.304458	-6.512461	0.250150	-1.868272	-3.249196	-3.210932
-2.234999	0.431011	1.560587	-1.134778	1.465594	2.171901	2.539576	-0.267848	0.659487	1.024011
-1.005978	0.177477	1.440221	3.000185	0.621641	2.640541	-0.988412	2.930192	3.450042	0.655797
-1.271814	-6.993551	-2.662700	-0.113854	-3.770017	-3.798643	-0.416731	-3.193170	-3.984445	-2.636673
-0.664805	0.627818	0.089310	-2.690099	-4.908178	-0.773155	1.582206	-5.431553	-4.119591	3.874801
-1.043550	-0.812526	1.861037	-4.721451	-1.969842	0.440101	-1.128215	-1.504876	0.509288	1.723217
-0.426248	-7.312094	-3.385435	-2.460815	0.271394	1.091819	-3.439510	-2.996662	-2.354027	-3.346524
-1.417597	-1.592897	-2.162924	-0.652494	-2.302969	1.450495	-0.748694	-0.045031	1.286846	2.205576
-2.073600	-0.100746	-0.620147	0.760808	-0.787630	0.339322	-3.796380	1.370394	2.046383	-3.364286
-1.089955	-0.623355	-2.571923	-3.576315	-0.604086	-3.143207	-4.884983	2.722289	0.422764	-4.906611
-1.270064	-1.290834	-1.967273	-4.173768	-2.279936	-5.052101	-2.775818	1.559930	0.382163	-3.945302
-0.398930	-0.885498	-2.376017	-3.073158	-2.437677	-2.355067	-0.812699	3.039291	-0.971846	-3.031063
2.846945	1.355440	1.694323	-0.293592	0.296493	1.272886	-1.033341	1.838446	1.435611	1.360803
3.840059	2.345464	0.981123	5.019522	2.792876	2.772746	2.497542	2.063067	2.197305	2.929390
1.502907	2.273361	1.407660	6.539277	1.058374	2.678204	1.288037	-0.899174	1.447905	4.044195
-0.483613	0.531514	2.097409	2.814663	0.517092	2.929847	0.545528	1.604894	2.965980	-0.655588
-1.400709	0.805406	1.710444	1.291071	-0.528270	0.829663	-1.514996	2.176739	3.091496	-0.282766
2.507017	3.370221	-0.019263	0.592391	-3.892009	-1.009161	-0.606250	1.319331	1.645220	-0.756744
1.121258	0.602940	-0.046838	-2.513588	-1.559421	-0.041239	1.917154	-0.904563	-1.537085	-1.818231
2.798507	3.994646	0.972989	-0.770477	-2.440303	-0.311786	2.733103	0.646523	-1.924556	-0.514333
4.905459	1.267119	3.375689	1.528313	-1.039753	0.129483	1.113684	2.764056	2.054069	1.615140
4.674006	-1.100261	0.100632	1.167670	-0.514868	-0.549148	2.522385	-0.353601	2.402849	-1.169518
-2.952159	-1.283115	-0.939914	-0.021819	-0.246844	1.175403	-1.378104	1.159516	-1.729456	-2.255419
-2.782644	0.872338	2.555921	1.792133	0.169321	-1.407381	1.867805	3.499271	1.784713	3.039330
-0.288958	1.488474	4.563404	3.602212	6.465631	3.036083	2.848801	3.107025	4.327411	1.346417
0.216392	4.656173	3.468702	5.110706	4.618289	2.241674	2.791776	2.437139	1.999795	2.451833
2.400596	2.055211	-0.114319	0.153900	-0.070801	0.035375	-1.617582	1.339074	1.767619	-3.552934
-1.083754	-3.496035	-2.930092	-4.651720	-5.402636	-0.533736	-2.466379	-0.979310	-0.356261	1.972505
-0.945167	0.661412	0.865948	2.222331	3.414588	2.364121	2.196675	0.876945	3.602107	3.220139
0.678047	4.147727	3.521866	2.677139	4.370574	2.603726	2.861673	1.213198	3.045376	2.325056
-1.013122	2.665986	3.235229	3.991089	2.056327	1.614157	2.429208	-1.733094	1.355598	0.676343
-0.721383	1.327365	0.352700	3.978566	-0.427150	2.266393	0.056876	0.745026	4.030426	1.117188
-1.449845	-1.904962	-0.981455	0.596655	-1.570254	-1.047189	-1.969831	2.515116	1.110409	-0.469122
1.726081	1.984980	5.032628	1.933941	-0.343379	1.814088	0.415385	0.143431	3.345800	1.260201
5.595487	1.920266	3.467215	1.681909	2.803878	2.281203	0.012020	1.358128	0.535149	2.035743
1.655663	3.048569	2.564969	1.619443	-1.816878	0.022033	-3.066730	1.151561	-2.052894	-0.183608
-3.029302	-4.615935	-4.296044	-3.880370	-1.539243	-3.449646	-2.297066	0.450387	-2.497577	2.130434
-1.558015	-1.282872	1.328442	-2.112947	0.854088	1.583643	-2.265288	-1.591440	-2.152851	1.776156
-0.556786	2.194832	1.758991	0.814900	1.629220	1.536978	1.800503	-0.639864	2.894437	4.854845
-0.740724	4.135151	2.583171	0.398254	-1.432343	1.235435	-1.974493	3.572370	4.686837	0.186087
0.238463	4.007960	4.885448	-3.862697	-2.437896	0.912092	-2.126972	2.925117	3.861701	1.654870
-0.658534	-0.363367	-0.456212	1.789432	0.773766	2.960826	0.295568	1.421733	0.959082	3.977680
1.295377	-2.129354	-2.814040	1.694228	1.322250	2.298514	2.692730	-2.507927	-0.431268	0.347705
1.127790	-1.211025	1.774431	0.730877	5.344060	1.369034	0.919319	-0.147907	-0.367395	-1.922268
-1.301303	-1.380106	-1.894527	-1.891733	-1.880799	-0.619436	-2.163559	0.554249	0.396356	-2.370552
-2.337708	1.500780	0.247953	-1.598115	-2.734919	-0.365418	-2.445697	2.823599	2.406740	-1.819457
-1.057632	-2.161590	-2.340655	-2.231181	0.194903	-3.419433	0.003112	0.936800	1.517513	-2.450497
0.109020	-1.801439	-0.700381	-2.241041	-2.766124	-4.267500	-2.228424	-2.194791	-5.072067	-1.671483
-2.285057	-1.383090	-4.034551	-3.250107	-2.083496	-3.899541	-2.087694	-3.177813	-4.297840	-2.410025
0.208634	-1.513764	-1.007991	1.349710	-0.296505	-0.565074	-0.281588	-3.347608	-0.612146	-4.102734
-0.180212	-0.001281	-2.404826	0.477401	-2.221346	-2.172619	-1.217795	-0.653815	-3.085223	-1.916820
2.068502	2.959038	-0.912578	0.533157	-1.381211	-0.487493	-0.759204	0.809028	2.682591	1.698906
-1.803726	-2.895925	-2.163669	-2.610032	-3.282494	2.278087	-2.783799	1.391783	1.112663	1.553537
-0.595297	-0.095490	-3.141920	-1.828073	-2.170388	-1.426496	-1.494669	-0.873984	-1.694341	-4.532637
1.234688	-2.171073	-3.752851	-0.792373	-0.382085	2.933944	-0.345497	0.251890	-4.854951	-0.694824
-2.085371	-7.251090	-5.456378	-4.079741	-0.338179	-0.513908	-0.156669	-4.743926	-5.215499	-2.388031
-1.813673	2.046142	-2.084519	2.881320	1.776139	-1.685666	0.220832	-1.138066	-1.914110	0.121836
-0.445517	4.154811	2.611413	3.184902	2.801776	-0.474141	0.915924	2.499741	0.880490	0.004671
-1.891000	-0.835798	-0.304595	1.368400	-1.159561	0.649556	0.176122	0.201666	-2.063522	3.372667
1.339682	-2.787695	-2.358455	-4.596688	-3.197464	-0.035986	-2.810153	-2.242818	-3.813067	2.393521
1.202433	1.040207	0.695023	0.902134	4.069575	2.594225	-1.677783	-0.445036	0.028337	3.517428
-1.371643	-4.450099	-1.859468	0.392562	1.311265	-1.574718	-0.374349	-2.849011	-1.741327	-4.740714
-1.776639	-7.328823	-7.837535	-4.129005	-5.146788	-6.709022	-1.692631	-3.479464	-4.291173	-8.393109
0.981852	-7.483970	-5.898882	-3.816468	-2.398473	-4.085691	-3.935308	-2.862115	-3.545312	-2.186557
-1.401263	-5.129148	-4.036713	-4.681129	-1.742484	-1.251429	-1.923459	-5.206981	-5.146253	-2.890459
-0.976175	-1.158558	-2.282228	-0.078686	0.478888	0.676062	-0.528365	0.008824	-1.613003	1.706584
-0.340874	-0.592106	-1.441926	-1.232640	-2.467748	0.048382	-0.662603	2.644685	0.692034	-0.688928
1.262650	1.492710	1.614693	-2.051289	-2.640384	0.489531	0.924749	1.248893	-0.584043	0.729909
0.074209	2.154087	3.925635	-0.421329	0.849989	-2.249989	2.507410	-3.296060	-1.427033	-2.378805
-0.863686	0.111429	-1.033594	-3.163060	-1.483521	-6.230073	-2.405295	-1.630681	-2.550333	-7.605766
-2.310322	1.900638	0.446912	-0.842376	2.374594	-0.201618	1.460653	-1.385373	-0.984237	2.664531
3.181815	3.672418	3.993263	3.796225	6.944144	2.468684	4.354377	-0.365037	0.011763	1.873888
0.673141	0.711675	-0.654930	2.866050	3.965937	1.252841	-0.614303	-0.778172	0.457479	1.118612
-2.080731	1.798817	0.547344	0.827803	4.728181	-0.946738	-0.761264	0.018425	-0.961676	-1.582891
-0.970784	3.203852	3.209900	4.081291	5.177585	1.648257	1.626715	0.630561	0.880214	2.586386
-3.069301	-1.063510	-0.141447	2.742920	2.213257	1.090639	4.499553	0.170845	1.263566	3.261150
-1.375664	1.460343	1.592319	1.729097	0.087506	-0.025280	4.604471	-0.986314	1.312601	2.070109
3.318343	0.737523	1.138818	3.824631	0.310840	1.890817	3.284390	-0.514801	0.571142	0.721273
2.273941	3.648944	2.064667	0.953431	-1.161633	-0.411456	0.161627	-0.430100	-1.739987	3.419051
-2.297753	-0.438577	0.728789	2.119904	2.389596	0.249619	-0.515198	-0.462894	-0.128059	2.282652
-1.068917	-7.553226	-6.508195	-2.094940	-1.648266	-4.850239	-2.358166	-3.757063	-4.250646	-6.238911
-1.428633	1.540817	-0.928262	0.432810	-2.124510	-5.080712	-1.259162	-2.782483	-3.805916	-1.604529
-1.318779	-0.252629	1.127212	1.702663	-0.211429	0.997522	2.668632	-3.351729	-0.393938	4.860810
-1.307735	-5.248046	-0.042048	-2.974269	-4.095215	3.041784	0.077732	-4.312975	-2.459778	-0.817681
-0.146080	0.742289	0.540783	2.403025	0.246639	1.205496	-1.694448	-0.934792	-1.906400	0.148110
-2.664291	0.258596	-1.256566	4.063956	0.042641	-1.319018	0.511906	0.174251	1.950332	0.680497
0.653051	-1.816999	-1.892170	-2.598563	-1.471303	-4.303335	-1.704492	0.791688	3.051858	-5.375708
1.363370	-1.171875	-1.169799	-0.527822	0.217714	-2.271529	2.004970	-1.212147	-1.884085	0.539609
0.991686	0.113793	2.069273	3.052594	3.250100	2.435525	3.994202	-0.044919	0.662145	4.503761
-0.162978	1.120932	-0.033724	-3.153604	-2.147640	0.180453	-0.098086	-1.641887	-1.479911	-0.896936
2.295898	4.372566	2.649240	2.194798	1.583000	2.535881	4.832216	0.507485	3.442788	3.414730
4.212538	1.784321	4.584893	1.570112	-0.160173	4.458635	3.910615	4.184540	3.941086	3.677474
4.425261	5.256226	3.056364	3.667852	-0.539554	2.565643	2.856518	2.756520	3.040225	0.830611
2.456888	2.141706	2.152084	2.272231	0.260062	3.633831	-2.919169	2.076666	1.927149	0.385054
-1.270858	-1.444011	-3.517920	-4.097638	-3.619220	-2.745174	-2.805943	-2.034977	-0.317598	-4.773082
-2.713459	-5.372997	-5.476817	-3.239842	-0.051395	-4.184844	-1.268400	-4.910863	-2.273073	-1.353283
-0.560494	-3.496225	-4.954480	-3.004868	-2.870460	-3.779753	-0.039038	-2.132349	-1.441633	-1.785136
5.547955	-0.794367	1.411321	0.914898	-0.980609	1.393625	2.347245	-1.310489	-2.193434	2.458873
5.101808	1.863804	-0.656488	0.438668	0.930459	2.285117	-0.634354	0.550965	-0.715033	2.142858
1.205082	-3.389884	-1.815079	-0.254045	1.077049	-3.054852	-2.619133	0.096058	-2.840087	-4.928368
-2.159005	-2.104506	-1.271126	-0.477229	4.624562	0.335143	-0.823498	-0.945964	1.063643	-1.798593
-0.889136	-3.030033	-3.298403	-3.027772	-1.600198	-3.150873	-1.045650	-1.503155	0.753401	-4.403704
-0.681297	-2.838641	-1.984686	-4.919762	-3.041630	0.154723	-0.380095	0.836932	0.249225	-1.928189
-1.253273	-4.706003	-2.676950	-2.731489	-0.818333	-2.347346	-4.274539	-1.296458	-1.009045	-2.326538
-2.134749	-2.942695	-1.234973	-4.532741	-2.536206	0.697041	-0.464089	-4.142081	-5.233371	0.406461
-4.028412	-4.448294	-1.022434	-4.805309	-2.995248	-0.334693	3.281748	-4.813092	-3.702118	-1.450783
-1.104052	2.475224	1.257688	3.320617	1.201440	0.727470	5.512962	-0.419648	1.365051	2.567441
-1.649458	-0.251318	-0.209487	1.037646	3.974058	-0.854852	0.100143	-0.589907	-1.084032	-2.584759
-1.580820	-1.836401	-2.328142	-2.438714	-2.173996	-1.867840	-3.373519	1.880472	-2.199634	0.745825
1.585171	2.071097	1.224439	0.203143	1.607877	2.893021	5.480963	4.525328	4.150676	3.922800
-0.462180	1.793893	0.630572	0.718625	2.880475	3.838845	3.033477	0.265900	4.160726	0.248273
3.839235	2.064206	3.299470	1.561937	2.054094	3.043746	-0.815391	1.287025	3.087242	-0.027649
4.037518	3.876551	6.634146	-1.554217	-0.554668	0.957436	0.341345	3.601137	5.078851	2.215436
1.743774	3.363544	3.533410	0.404467	0.400185	2.224525	3.493471	3.835669	3.746175	1.028535
-2.204696	1.723097	1.524771	0.866493	2.412248	1.689821	0.083469	0.913154	0.908135	-0.048850
2.252208	2.271124	0.437736	-0.463040	0.072516	-0.568569	-1.625576	3.284519	2.767551	-1.469917
1.744886	2.040933	4.180413	1.360571	-0.038817	0.186861	-1.160581	4.624793	4.997740	-0.053065
-3.528765	4.233935	1.281505	-0.098577	4.365844	-0.018186	-0.721564	3.202900	3.518116	0.837508
1.929750	-1.154165	-2.997486	-1.226284	-0.802009	1.991693	-1.778843	-0.794037	-1.381908	0.900001
3.647527	2.636941	-0.190457	3.176845	0.709318	3.119598	0.819564	0.291004	-0.489720	0.835112
2.885959	1.722255	1.198691	1.651307	-1.011083	-0.554272	-0.598663	0.918139	-0.261912	0.482638
-0.875262	3.142081	2.353556	2.859496	0.279678	0.939980	-0.899642	1.395485	2.546122	2.179478
-2.826846	3.336718	3.734835	3.536905	1.265194	1.723549	2.234905	4.783555	4.134987	4.011626
-0.571204	4.434766	4.683022	5.097527	3.051155	5.805931	1.323261	2.893360	4.692386	3.160578
-0.164849	0.192923	4.093013	2.796951	2.488451	3.163216	-0.484797	2.193909	0.721118	0.276528
-2.187593	0.237983	1.832899	-1.252833	-3.580728	1.819997	-1.496888	1.450008	-2.354317	-0.400931
3.449747	2.367641	3.641871	1.306363	-2.892893	0.117262	0.325567	3.156760	3.442975	2.934493
-1.327044	1.225690	0.466920	3.201226	1.114945	2.149799	1.028848	0.436266	1.059590	3.971392
-1.152285	-0.570979	-4.522467	-1.515059	-1.615627	-3.048804	-1.793966	-0.135874	-0.797779	-2.943244
0.951507	0.966222	-2.180301	-2.491407	-2.210219	-1.081864	-2.304297	1.250336	0.659957	-2.514724
4.568910	-0.225917	-0.373496	1.345466	0.316554	2.041005	-1.425864	-0.604311	1.020487	0.854442
4.445603	2.242789	3.157233	6.469940	2.554782	1.026384	3.882912	1.563278	0.581200	0.959541
2.892164	2.244726	0.680170	3.955698	1.267751	3.845857	1.187809	0.494992	0.196479	1.569061
1.251570	-0.068921	1.752100	0.047020	-1.020553	0.501702	0.618908	1.608419	-1.950192	-0.428009
4.920996	-2.192972	0.137405	1.544784	-1.885343	-0.671201	-0.573012	1.183242	1.772471	0.673716
-0.385183	-4.699442	-2.347133	-0.324832	-1.417733	0.196628	-0.271970	-0.429253	-3.823952	-0.360977
-1.483694	0.260647	-1.395431	1.666751	3.169564	0.065266	-0.640186	-2.858886	0.403518	1.488699
5.037037	1.587875	0.546091	4.351108	3.572933	1.208190	-0.152980	0.103222	0.263059	2.061728
3.149081	3.148522	0.555714	1.411816	3.700360	3.938177	1.382829	3.547649	0.171249	3.427496
-1.025889	-1.611935	-1.507881	1.634250	2.979532	-0.259399	0.556623	0.451871	-0.132436	-2.372512
-1.894903	-2.076819	-0.706014	-1.100316	-4.013466	-9.166461	-2.600118	-3.080038	-3.710822	-5.996513
-1.904690	-0.551553	-2.663205	-4.826706	-3.112348	-5.164734	-3.868109	-2.131903	-4.938835	-3.630420
2.629120	-1.752061	-2.466873	-3.030846	-0.409428	1.566555	-1.551170	0.177045	-0.728401	1.252049
-1.616704	-1.022568	-1.550938	-3.128663	-2.162819	2.378181	-2.923116	2.223278	2.363051	1.721580
-2.002392	-1.312398	-2.903321	-1.000983	-0.753036	1.915519	-0.113965	1.846064	2.131593	0.361256
-2.052575	-2.605576	1.189861	-0.924631	-0.533191	-2.347958	2.342969	-1.966227	-1.301803	-2.118839
-0.896083	1.294773	0.460787	-0.934235	-0.318497	-1.187176	2.955570	2.199771	-1.185868	1.318581
0.693052	-0.097976	-1.567560	-3.159419	-1.625269	0.002040	-1.176876	2.182926	1.315770	-2.330700
0.075199	1.931551	1.180401	0.189291	0.269483	-0.734236	-1.403083	3.780903	4.241179	-0.509199
-0.214472	2.934631	2.611052	5.939669	5.409945	4.826770	2.540336	1.233467	5.255830	2.633372
-1.718291	0.942838	1.010778	2.838992	4.419107	0.972933	0.603768	2.028385	1.318891	-0.574505
-1.852590	-3.333751	-3.010237	-2.655065	-3.057244	-9.238371	-2.730797	-3.093880	-3.599768	-6.605642
0.139702	-3.290362	-4.404911	-5.205525	-4.815518	-6.192468	-3.070672	-2.262663	-2.173278	-4.634054
1.093556	3.966485	0.697545	0.849789	1.422774	1.420319	-1.050565	-0.727899	-2.264669	1.168446
-0.976357	3.419965	4.579915	6.013857	4.721923	2.601266	2.636113	2.956977	4.636028	4.722744
-2.268765	-1.027243	1.074088	-0.079643	-2.623280	0.603451	0.186855	-0.094672	-0.304917	1.652829
-1.772697	-3.368261	-4.870448	-6.477430	-5.423245	-4.014749	-3.870347	-2.610480	0.350165	-6.410213
-1.362878	2.142893	2.102696	-5.308922	-1.929779	-3.068756	1.862100	-1.259183	0.996244	-0.918692
-0.545936	-0.580603	-1.459489	-3.208136	-1.717589	2.043510	3.063391	-2.569613	-4.415008	0.227180
-1.987295	-4.730966	-4.725010	-2.365088	-1.360384	2.615729	2.959521	-1.752207	-0.372322	4.155993
-0.130679	-2.881013	-2.076676	-3.088192	-1.332167	3.416381	0.767585	-0.813996	1.869976	2.020839
0.526088	-0.836362	-0.505292	-3.323561	-3.694846	-3.992952	0.987781	-1.436314	0.729156	-0.576893
-1.466116	-1.470626	0.177937	0.543693	0.626075	-3.626089	-0.640593	0.934408	0.127491	-1.690911
-1.821411	1.699879	-0.926692	1.718360	1.233192	3.644653	0.552161	3.401738	3.876854	0.666478
0.568181	0.927542	0.452218	4.098832	4.679102	3.575060	2.083743	-1.796955	2.203220	2.850267
0.339443	-0.464649	0.091366	0.857403	-1.948699	-0.814186	-1.734745	-3.351699	-2.027238	-4.077050
-0.818043	-2.105805	-1.970348	-1.528734	-2.983212	-1.388098	-3.725303	-2.587523	0.900256	-0.408980
-1.089394	-1.018135	-2.110523	0.397518	3.896762	0.036010	-1.130927	-3.139756	-0.130222	3.669174
0.961377	-0.150445	0.653543	-0.276742	-0.276479	3.411025	-1.339814	-2.758723	-2.512396	1.372307
-1.946545	1.973256	0.713055	0.150484	-3.875534	-1.126465	-2.266760	-0.317850	-2.674387	0.422215
0.088728	0.758265	2.929316	-0.623303	3.386697	1.009529	1.015142	1.806540	-0.679618	-0.022704
-1.701315	-1.898523	-0.148369	2.525101	2.890316	-1.311203	-1.123804	-1.106979	-0.386108	-4.826452
-0.919182	-2.514011	2.222009	-1.944200	-4.177375	-5.239271	-2.906589	-3.902826	-3.253979	-3.715732
-0.416581	-2.742998	1.886456	-2.702602	-2.400974	-5.016683	-3.240105	-3.499224	-6.253149	-2.324043
-1.179420	-2.001086	-1.961919	-3.063796	-0.268577	0.047353	0.284756	-1.788092	-2.204436	0.556313
-0.766302	-0.246473	-2.321507	-4.296974	-1.268582	0.201329	-1.190196	3.019352	3.736443	-0.939762
-0.922131	-0.921057	-1.627697	-5.435326	-1.303482	-4.368560	-2.375049	0.617490	0.731871	-5.803769
-1.031910	-4.151534	-3.163978	-5.279741	-1.315074	-5.058321	-1.643693	-3.890394	-5.862566	-2.987505
-1.725238	-0.746399	-0.111638	-2.277206	-1.618151	1.486542	-1.813015	-3.183913	-3.762684	-0.231068
0.387485	2.894454	4.571936	-1.141108	-0.944008	2.089325	2.776197	3.192217	-1.472196	1.819843
-1.256637	2.259831	1.639957	-3.544431	-4.132038	0.071925	1.149458	2.804085	2.359985	-1.513468
-1.186102	-3.678058	-2.958061	-2.318860	-1.984534	-3.282361	-2.679818	2.477481	0.317249	-3.058697
0.790497	0.782894	-1.262403	1.140321	1.828712	2.062465	-1.669717	-0.721507	0.393584	4.205958
4.149666	2.901499	0.331045	4.964732	5.705007	4.156001	1.003377	3.026814	2.033382	1.767303
-2.350286	0.809666	1.258599	3.130190	5.386860	3.668548	0.268880	4.126535	1.320632	1.130643
-0.559650	1.095609	-0.561325	4.058814	1.828980	0.446904	-0.952390	3.408052	0.694228	-1.182618
4.704986	0.086039	1.352889	3.971725	-1.349323	-1.653828	-0.490618	0.309460	0.927163	0.244425
2.648734	0.245770	1.009058	0.365142	-0.333541	2.737052	-0.161484	2.982453	1.096930	3.660480
-0.824092	-6.757184	-4.484203	-2.331012	-0.027663	-0.137353	-2.364472	-2.967569	-2.137573	-2.155449
-3.668978	-1.304009	-4.148975	-2.583018	1.915921	-2.789442	-0.694163	-2.795509	-1.508653	-1.328655
2.104794	-1.179288	1.990857	-2.704253	-2.102178	2.294590	-0.518639	-1.410766	-2.889210	3.652370
-3.368359	-0.854406	1.154711	-3.254996	-2.333650	1.979946	-1.189679	-0.865640	-1.234247	2.030932
-2.220720	-0.276046	-0.233997	1.837376	0.483118	0.876631	0.037135	-1.783128	2.152535	0.054838
0.341034	1.708909	-0.697049	5.105284	3.183135	-0.673549	0.467721	-0.407927	1.392737	-1.604503
-1.093979	2.242375	0.895172	0.461750	-3.051785	-2.590890	1.778001	-2.212632	-0.951041	-2.493484
-1.862535	-2.399029	-1.367518	-6.790203	-2.563331	-5.261285	1.390693	-4.118438	-3.894995	-0.426096
0.931389	1.181415	-1.793303	-1.186355	1.816309	-0.428625	-1.824782	-0.219838	0.869377	-0.015632
-1.211985	3.784325	0.333334	6.069716	6.155047	3.908196	2.257594	1.170676	2.809280	2.435618
-1.626130	0.020219	2.526009	2.695132	1.875696	0.402386	1.330043	0.566013	0.149718	2.483563
-3.186021	-0.725783	-0.746862	0.116413	-4.080931	-0.951344	-1.695918	-2.017017	-1.152501	0.068411
0.182869	2.845536	0.479036	4.195280	1.402778	3.705215	3.555932	-0.393903	1.606630	3.766773
-0.819234	2.035196	2.604118	4.414752	1.921837	1.791573	5.199913	2.164566	2.153818	3.663059
-0.924901	0.240516	2.228799	1.135549	-1.013242	1.332241	2.672343	-2.718895	-0.536127	1.141278
0.268396	0.380515	3.071893	-0.543210	-2.281846	-0.591569	-2.634659	-0.944772	-0.153894	0.296740
0.496887	1.447111	2.440214	1.147092	-2.235460	-4.067244	-1.499774	-1.754851	-1.286772	-3.000743
2.593201	2.931924	4.536275	4.391575	1.829827	1.406429	2.996417	1.439586	3.062051	3.902038
4.320367	3.856671	3.376689	4.554253	3.868830	3.637263	2.083332	3.844955	4.103188	1.361197
-2.515383	-3.284328	-0.740831	1.963645	-0.475439	0.313874	-1.083612	1.027474	0.393953	-2.614357
-3.660619	-7.492556	-7.089274	-4.048936	-3.423366	-8.639825	-0.353398	-3.170938	-3.964737	-5.525312
-1.861011	4.065206	0.783672	2.068227	1.868663	1.101283	1.373193	-0.392360	0.532132	0.480945
-1.586827	2.861275	1.069617	4.786447	2.143859	2.104414	2.693975	0.906828	0.572178	2.345526
-0.843535	0.793669	2.506572	-0.283463	-1.853863	-0.771714	1.377266	1.133148	-0.457281	1.080844
-1.887606	-1.228195	0.546846	-5.984690	-3.070191	-4.185285	-0.317319	0.353223	-3.515527	-2.596390
-0.214609	-1.787201	-0.744552	-5.527523	-3.333812	-6.014281	-5.298766	-4.235325	-5.510240	-8.406060
-2.982211	0.545668	1.526287	-2.412850	0.670188	0.729418	1.783141	-4.208672	-3.675800	0.246846
0.701817	-0.846773	0.463570	0.914238	3.433619	1.165031	1.022614	-0.995392	0.892815	1.857042
-0.287995	-2.567508	-3.572595	-0.662449	-0.190805	-5.021123	-1.202531	-2.748562	-1.963575	-6.701759
1.075383	-0.858823	0.830598	-2.651903	-4.321372	-7.166623	-3.617084	-1.251554	-2.971245	-5.390140
3.736282	0.759397	-0.806944	0.916285	0.253629	2.926550	1.461168	1.952857	-0.206674	3.481110
3.984029	2.254265	2.000983	1.835220	-0.749090	2.723519	1.392737	-1.003502	-1.119538	3.494909
-0.799946	-0.858806	1.093384	-1.315190	-1.805518	-1.728096	1.039633	-1.324704	-0.382812	-2.173530
2.248283	-2.973204	-2.324037	-3.211440	-2.928345	-4.402974	1.829167	-0.854322	-2.614272	-1.866991
6.856144	0.826483	-2.106776	2.120875	0.120240	-0.281192	-3.616252	-1.080927	-2.034693	-1.510860
0.859662	-5.197234	-2.381231	-0.997941	-1.529053	-3.496729	-1.838016	-2.451992	-2.904850	-4.454219
-2.619836	-4.011446	-4.621800	-4.676086	-4.106216	-1.086762	-4.062216	1.676111	-1.399417	2.684646
1.644072	2.405157	0.760320	-3.696855	-0.039738	3.806230	0.941454	4.029809	3.135132	3.138850
6.405011	4.826683	3.309027	4.581252	6.116587	5.169370	4.761803	3.439232	3.576622	3.982910
-2.091398	2.590940	5.655524	3.978437	4.325868	3.098980	2.068434	2.088807	2.466080	-0.726559
-3.623933	-0.434966	3.666508	-0.946000	1.452011	0.034381	-1.710446	-2.682240	-2.178170	2.279360
1.950525	0.713271	0.264479	-0.675857	-0.427376	-0.479805	-0.348534	-0.225679	-0.997201	-1.784219
5.121894	0.107556	-1.198965	1.787263	-1.534788	-0.511957	-2.967425	1.029715	-0.044787	-2.987480
-1.258208	-1.011007	-4.345427	-1.687039	-2.498521	-3.541753	-4.012017	-1.747031	-1.270104	-5.429808
-3.596765	-1.202616	-3.968910	-1.793867	-0.742669	-2.676072	-0.735909	-0.356991	-0.493927	1.114613
-2.018964	1.087230	-1.353217	2.773479	3.690771	6.331705	2.922902	0.936360	4.241369	3.050698
-2.949790	3.893534	1.629146	1.612595	4.780401	4.304397	0.066116	0.676546	5.944706	2.476061
-0.257734	2.186194	2.576374	2.127777	3.488424	1.546825	3.997032	0.826192	2.270909	3.116616
-1.533484	0.606108	1.775561	1.533622	1.577041	2.494706	1.730950	0.905819	1.132600	1.722777
-0.850732	0.692075	3.412902	-3.836975	-5.854948	1.082758	0.530068	0.346650	-1.882201	2.050358
0.326628	-4.869209	-1.557912	-4.890118	-1.822044	-2.026702	3.573382	-2.688296	-4.805471	1.224971
-1.800298	-4.342749	-6.089587	-3.361113	-1.703947	-6.452759	-2.186810	-5.192097	-3.231393	-5.947771
-3.801207	-4.859651	-4.883933	-0.460766	0.134541	-1.122597	-3.124413	-4.675436	-3.809146	0.091343
1.244403	-1.651722	-0.463558	-0.005582	-1.179184	0.497697	-2.468031	-0.888297	-2.456514	0.310125
6.005933	1.706131	0.380227	0.027332	-0.427626	-0.352463	1.008829	2.794937	-0.620580	-2.595515
2.863682	3.703097	4.591714	2.436268	2.557712	1.032134	1.867662	3.042079	2.379971	1.157432
-1.811053	3.207967	4.286191	0.804920	5.306323	0.895199	4.045359	-1.090457	0.914652	0.749675
0.221023	0.118630	2.804647	1.569279	6.047302	2.748042	2.264014	-1.244661	1.912775	3.729822
4.874705	3.165473	-0.190230	3.955238	2.168542	3.685271	3.742317	1.745077	0.679853	2.817181
3.921785	2.961383	0.052448	4.742789	0.207534	1.150594	3.063460	0.834265	0.807593	4.176357
-2.563745	3.120745	-1.028332	1.899524	1.823971	0.766516	1.219032	1.546809	2.328405	1.031555
-1.868597	-0.121555	1.375817	1.273132	2.492444	2.230442	0.586221	1.214714	1.612393	-0.207920
3.140119	-2.623334	-1.016518	-1.332194	-1.895658	-5.129125	-2.493782	-1.428018	0.008164	-0.715165
5.823088	4.022392	0.880249	4.848236	2.563556	3.712219	3.366310	3.284216	3.807119	3.002823
4.074997	2.432203	1.452603	2.998913	5.339074	2.914573	1.407784	3.046314	2.592462	0.394743
4.779830	2.224082	3.674429	0.174428	-2.787014	0.542338	1.432327	3.501574	1.664291	-2.283804
5.839470	1.048210	2.594814	0.091870	-3.144720	-0.683488	-1.148874	2.068093	2.329506	-0.628518
4.798598	2.379466	1.858441	0.474931	-0.287257	2.083192	-1.489035	4.455565	2.199402	0.399798
-1.099604	-0.271770	0.893496	-1.684600	-2.505537	-0.283926	-1.682570	3.804682	1.599175	2.285541
-2.909856	2.128480	0.817563	-1.325131	0.475428	3.320754	-0.832493	3.917436	3.852619	-1.530294
-1.293180	3.452195	0.282427	0.881326	2.592924	3.243724	-1.700422	5.343616	3.817826	1.863088
-1.038397	2.939854	4.137971	0.442163	0.342838	1.839778	1.374528	3.017412	4.990586	0.909581
1.626270	2.710833	1.014881	3.669970	-0.161642	3.902907	-0.210760	3.826508	4.199689	2.650578
2.743198	4.414411	4.329741	2.794538	-0.330831	2.882502	0.412597	4.233391	0.622522	3.743769
2.500162	-2.635235	-1.365966	-0.946643	-0.154241	-2.841247	-0.821617	0.013445	-0.760527	-6.394255
-2.503860	-4.317428	-1.756853	-2.006581	-1.651185	-1.257852	0.581780	-2.793448	-3.708474	0.721196
-3.497795	-1.143891	-0.945037	-3.867586	-2.225876	0.712176	-0.539130	-5.413106	-4.077734	-1.831590
-2.011868	-4.446847	-2.347833	-4.745666	-3.521326	-2.943176	-1.075564	-4.816949	-2.803524	-2.460624
0.007198	-3.467917	-0.971755	-2.850830	-0.539648	-0.255822	-3.000341	-1.585597	-4.506562	2.982679
-2.667225	3.144676	-0.399919	0.312215	1.948747	1.593724	-1.535877	4.207629	3.423533	0.524407
0.069439	2.283310	0.173762	-1.922939	3.576947	1.868749	0.118708	4.026907	4.704342	1.298144
-1.567236	-0.482636	1.061173	1.569900	2.297441	-0.572064	-1.910603	3.286313	3.519044	0.209875
0.227925	-7.638584	-6.471598	-2.677374	-1.239580	-5.552528	-2.710527	-2.236676	-3.457981	0.065985
2.512697	1.068047	0.776635	2.206632	-3.744026	1.774839	2.061917	0.181317	1.358845	1.830556
0.758454	1.837436	0.744459	1.895812	0.378093	2.573424	3.836712	1.502667	3.123901	1.292372
-3.108527	-3.179736	-3.163338	-3.655439	-3.420030	-2.052391	1.602742	-3.584950	-2.169236	-0.697084
-2.045370	0.055413	0.616232	-4.464527	-3.258003	-1.202222	2.631588	1.142041	-1.620687	3.117769
1.370400	0.166465	-2.410541	-2.062856	-2.405933	0.428317	-2.104865	2.322616	0.295026	-2.149785
0.570560	-3.160696	-3.057269	-2.554430	-1.237324	-3.210391	-3.489533	-1.070550	-1.989219	-3.645866
-2.230310	-6.923985	-6.320060	-2.768652	-2.764383	-4.621861	-2.141032	-4.383580	-3.072044	0.136808
0.285966	-3.044919	-2.061225	0.155874	4.227988	1.291191	0.106922	-3.886400	-3.927571	1.404920
-1.896932	1.408391	0.403227	2.357547	4.301484	1.753551	2.328315	-1.955332	-0.750621	0.922851
-1.707924	2.110931	2.300490	4.252664	3.887805	3.933603	2.777633	-1.148499	1.697687	2.784082
-0.681530	1.181089	0.587554	0.971224	0.027349	3.653235	3.823263	1.086676	0.624133	3.663896
-0.273967	-7.396144	-4.317687	-1.677174	-4.830185	-4.471868	-2.868409	-4.398929	-2.316504	-2.976025
-2.629554	-5.899177	-1.234538	-4.945429	-2.959595	-5.679518	2.482206	-4.937534	-3.050340	-1.986898
-0.550807	0.472781	1.709493	1.335359	-0.594580	-3.540827	1.114297	-2.706060	-3.624392	-1.513440
2.452160	0.408125	-2.264396	1.906190	-1.641037	-0.732808	-2.403047	1.715474	1.994222	2.122631
2.023730	4.202947	0.654788	3.459267	-0.636563	2.740329	1.877665	4.445151	5.901688	1.424901
-1.296910	1.674646	4.183042	4.076091	2.041147	2.905474	-0.408177	3.622053	3.201392	0.873353
-1.841671	1.049416	-0.047737	3.425364	-0.066702	-0.483482	2.054020	0.311564	3.476621	0.129074
-0.963266	-0.489943	-0.828751	0.366991	-1.669104	-0.126947	0.267449	-1.262430	-0.875535	-0.222452
-1.712104	1.062068	-0.299903	-2.785127	0.939949	0.704470	-0.906697	-5.379043	-3.121086	0.903763
-1.936197	0.937750	-0.126994	4.047216	4.790762	1.498164	2.962478	-0.920987	1.058459	0.264107
1.003049	-0.526996	0.501575	2.491022	-0.242054	-0.084873	-0.226031	0.355927	0.815693	-0.459934
0.027225	-0.564366	0.975003	0.891797	-2.130293	2.697657	-2.143927	-0.461410	-0.355888	2.364832
-1.059875	-3.311756	-1.844610	-1.988554	-2.150043	2.125147	-4.105312	-2.724307	-3.867990	1.717693
-1.792957	1.767038	0.705937	1.655373	2.603904	3.556996	0.606411	1.317129	1.407287	1.748241
-2.794225	-1.526976	0.402244	-1.551616	-0.935742	1.995200	-2.149657	0.325593	1.482241	-1.323232
-1.909183	-3.969393	2.263212	-2.125115	-1.938069	-8.484041	-2.503116	-4.192119	-4.380527	-7.507333
-1.370833	-1.704402	0.894043	-4.692919	-4.265467	-4.344729	-1.073564	-3.395610	-6.139615	-1.830869
-2.079979	-1.365597	1.045038	-2.959222	-3.419625	2.269837	-1.309900	-2.354382	-5.474218	1.509556
-0.044320	-3.158665	-1.761000	-5.337218	-2.706832	-2.656043	-2.662821	-5.067035	-4.026631	-7.967763
-1.362758	-5.095398	-4.115670	-3.620301	-1.076278	-8.205066	-2.663922	0.227533	-2.623647	-7.317229
-1.147091	-0.279482	-2.148968	-3.554165	-1.791650	-1.747932	-3.945699	2.157722	-0.320457	1.162356
2.734780	1.646794	1.221508	-0.611704	0.595861	-0.862637	-0.736946	1.054837	0.942847	-1.801609
-0.640742	0.110243	-0.252940	-0.194013	3.208167	-0.063977	-2.848157	-2.075917	-1.298922	-0.851225
-1.042955	-1.686122	-3.160909	-3.038485	-1.403022	-5.443150	-1.481625	-3.345135	-5.322653	-4.621393
0.179144	1.586314	-0.081494	0.309984	2.741804	-0.672350	-0.909342	-1.845711	-2.039331	0.559291
5.340359	2.302764	2.737406	4.918800	6.071253	2.953027	2.848299	2.778864	4.844157	6.329827
1.342494	4.407145	2.830694	-0.003733	-1.112564	1.143486	0.667008	3.627197	1.161127	-1.344082
4.724752	4.220471	0.978275	0.724892	2.818860	1.919932	-1.457406	2.971500	0.236997	-0.495432
4.792739	2.093258	1.596251	2.558576	3.396733	3.046571	0.778766	3.595781	-0.639917	0.130081
0.809661	0.949921	1.916926	2.306426	1.231762	1.535108	2.654635	0.625753	1.530004	1.167062
-2.810978	-3.036124	-3.923898	0.935444	-3.438547	0.334250	-1.967189	-1.571074	-1.583121	-3.827085
-2.270570	-1.585960	-2.096216	-0.974567	-1.196889	-0.891199	-2.307895	-1.009787	0.077226	-2.551054
-0.501411	3.174030	2.513173	2.059196	0.323540	1.505667	0.144928	-1.475273	-0.781333	-1.720639
-1.787192	-1.631640	1.881274	0.419836	-2.025955	-3.698145	-1.646009	-2.142619	-3.961079	-4.958632
4.217791	1.610748	1.905989	1.032254	-1.067574	-1.021332	-2.485694	4.386290	1.526408	1.733672
5.873448	2.893509	2.162321	1.026251	-0.676714	2.813114	-1.003616	5.421766	2.908050	3.479980
1.795684	3.058661	1.040874	2.012929	4.149924	1.421595	3.257436	3.693625	3.500367	1.151999
-3.649892	2.006719	2.105950	3.143686	3.293140	1.348116	0.866975	1.701781	5.052679	1.049137
0.367626	0.224298	-0.518647	3.052023	4.583131	3.425683	-1.830290	-1.134952	2.006106	-1.909699
-2.431453	-2.155485	-2.975615	-0.715060	1.322694	-1.947803	1.085554	-1.740358	-0.190131	-2.206303
0.357077	2.525485	0.700849	-1.219166	-2.480274	-4.905937	2.036118	-0.327023	0.737487	0.802933
3.746125	1.317323	2.107848	3.455504	0.921320	2.653883	3.803712	0.640568	3.004678	4.162016
2.396799	3.196545	1.701386	6.056147	4.154370	1.763758	3.813947	2.036129	2.620362	2.663451
-2.893194	4.063664	2.371164	4.222360	6.313569	3.495891	2.543033	-0.027024	4.375556	5.364847
-4.440145	-5.917605	-1.228713	-1.476659	-0.500893	1.892781	3.775780	-2.763679	-1.166324	1.666107
-0.957646	0.135453	-0.362044	-2.373216	-1.465226	2.881430	2.585699	-0.593820	-3.430562	2.183939
-1.972291	0.315651	0.917376	-0.285614	-0.935440	2.403537	0.272897	-0.271834	-0.159342	0.377247
-0.374470	-8.172398	-6.872951	-3.049557	-3.356647	-5.104801	-3.650517	-2.833508	-3.766251	-1.716364
-1.821375	-6.894180	-7.211021	-4.555052	-2.794160	-2.619084	-3.012933	-4.622728	-5.511676	1.104910
-2.196699	-2.682584	-4.441930	-4.900104	-2.237794	-1.300715	-0.822544	0.103818	-2.750806	-0.036627
1.328167	-1.961296	-1.000876	-4.060919	-2.215662	0.186902	-4.818342	0.688142	0.118970	-1.242472
-4.246970	-0.015506	1.096747	-0.268202	3.973421	2.760964	3.275578	1.973556	2.313160	3.312777
-0.023901	2.997699	2.069541	3.617440	3.935237	2.969766	6.430725	2.490071	2.614571	1.782424
-3.698619	-4.528271	-1.792389	-0.492101	-4.048030	-0.334998	-4.713296	0.114598	2.827211	-0.913532
4.031185	0.744796	-0.829037	-1.831230	2.623903	0.022467	-0.372579	0.475647	2.017383	1.141611
1.979718	-2.033991	-1.199901	0.390045	4.672317	1.649354	-1.244320	0.638828	0.077091	1.833053
-1.686812	1.370379	0.120027	0.853518	0.431595	1.280257	4.041288	-3.302651	-0.020164	2.315594
-1.377697	2.703315	0.757350	3.880181	2.339618	3.338368	4.616346	-0.672380	2.104819	4.137632
4.681271	3.286227	3.468875	3.295526	4.872967	2.369878	4.341761	3.407347	4.422339	3.819766
-0.415300	3.491923	2.670607	3.405747	-0.564177	4.263879	2.098335	0.886840	4.555692	0.106894
-3.432303	-2.836587	-1.155947	-0.537063	-2.159033	-2.015036	-4.081529	0.544103	2.276575	-3.268587
0.310471	-4.495196	-5.374480	-3.610511	-3.301420	-3.059179	-2.089927	0.811344	2.237082	-2.971580
-1.932872	2.256404	0.777715	-1.640704	0.771742	4.572343	0.094342	0.630667	2.669406	1.692211
3.139377	2.863122	0.316945	3.113651	4.174235	3.913619	1.579581	3.165879	3.027838	2.460482
0.881525	3.585664	3.538718	1.966648	-0.690960	-2.791760	1.994091	0.144483	-0.204331	-2.183070
-4.265821	0.415238	2.210241	-2.216719	-4.010361	-7.911105	0.051976	-4.637318	-2.506312	-5.883352
-3.125953	0.965551	2.210525	-4.328556	-2.775886	-5.333724	-0.160864	-3.270119	-4.710018	-4.598668
-2.522564	-4.271691	-4.155223	-3.331868	-3.447751	-4.405128	-2.265928	-3.040118	-4.730862	-3.727224
-1.373546	2.390019	-1.065093	2.301339	0.320026	1.158673	-1.280913	-0.650513	0.657841	-0.046025
-1.342492	3.401986	-1.554576	-0.757338	-2.156771	-2.183630	-0.519319	-0.844402	0.262875	-0.873376
1.246704	2.506217	0.589239	-2.666304	-3.214656	-1.349646	-1.063144	4.937615	1.457724	-1.927085
5.272850	0.881918	1.333261	-1.769563	0.761655	1.668315	-2.597587	6.582140	3.319471	0.029345
1.709353	-0.064706	-1.951197	1.967182	-0.486349	-0.123155	4.534053	0.556372	0.420796	3.970306
0.715619	-1.131151	-2.463327	-0.032671	-2.052383	-1.092164	-1.765622	-1.610089	-3.018919	-1.614207
6.284855	2.365191	1.866585	0.466876	-0.858757	1.148980	-0.674010	0.394357	0.274306	-0.407800
0.606267	0.208822	1.420350	0.113920	-0.450782	1.192169	-2.760411	-0.615092	-0.699149	-1.810877
0.793962	0.920449	2.130878	-0.466238	-1.775167	-2.143203	-1.970722	0.902363	-3.012705	-1.922044
-3.297553	-0.983625	0.701084	-5.111199	-2.513120	-0.798943	-2.090642	-0.403582	-0.743484	-2.361807
1.983626	-2.925895	-0.824222	-1.715564	-1.698547	-3.845654	-1.116568	-2.845927	-2.245006	-3.263768
0.463206	-5.068156	-5.027827	-2.197730	-2.262756	0.053057	-0.742297	-2.375575	0.019407	1.460368
1.780893	3.364895	2.283783	-1.989396	-0.326649	0.685587	-0.657728	4.997070	4.590133	3.128797
0.366491	1.099662	0.378219	-1.714660	-1.152231	2.013833	-3.395657	0.510404	2.928351	0.829516
3.744807	3.087049	0.699395	2.749080	0.637098	1.359193	-2.208282	0.157525	-0.303261	2.644324
3.859546	4.820460	4.345924	4.210429	2.141636	5.203166	3.495002	1.727429	2.339775	5.071217
0.203411	0.217897	0.779119	0.765589	1.632585	0.678250	3.566298	2.599611	0.572240	3.469296
-1.822092	-2.713035	0.396293	-0.793733	-3.934453	-2.058653	2.045909	-1.213933	-2.221988	2.602359
-1.665159	-2.079434	-0.068542	1.927066	2.152324	-0.410642	0.541940	-5.628807	-0.523429	1.381407
-0.100385	0.161304	-0.797871	3.092594	0.230322	0.393285	2.416696	-1.802116	-1.087503	1.119441
-0.984667	-5.081920	-3.561584	-0.716445	-0.854753	-0.299468	-1.170719	-1.754265	-2.527228	-2.045137
-1.008702	-0.067902	2.019234	3.470958	1.046206	-0.262498	1.853700	-2.607058	-0.476222	1.042874
-0.750985	2.770859	2.090595	4.447010	2.984108	3.606500	4.102058	1.992499	2.382197	1.021079
-1.835213	0.273466	1.174911	2.215018	0.070161	0.535834	-0.399639	2.456501	2.192812	-2.447819
-0.690884	-1.894979	-1.008707	-3.263609	-3.840822	-0.449891	-5.227985	2.701943	1.946807	-3.825714
-0.146896	-4.062675	-4.529045	-4.970462	-1.721030	-4.693467	-2.469176	-0.054879	-1.371631	-4.254801
-2.133345	0.182880	-2.885594	-3.806531	-0.328750	-6.205685	-2.215205	-3.833572	-3.660616	-5.741473
-0.295629	-0.146713	-1.965741	-4.704607	-2.566668	-5.963736	-3.721866	0.116160	-2.205862	-4.579522
0.023452	-0.514453	-1.739676	-2.166381	-2.974468	-2.243708	-3.626653	2.909712	-1.493679	-3.635142
-1.947499	2.213561	1.532211	2.235760	2.290965	0.901108	0.522940	5.814879	2.173121	0.295178
-2.152882	3.802430	2.537430	2.170024	0.115049	0.855924	-1.063981	4.374156	0.843631	0.091347
-0.136294	-1.428648	1.641990	-2.315376	-3.424399	-2.033147	1.201191	-2.160163	-3.798958	2.719276
-1.729136	2.086229	2.409900	3.842171	3.346940	5.623607	6.250662	0.392819	0.925148	5.042775
-1.347108	3.823760	3.087568	5.801677	5.266185	3.705801	3.895937	3.767996	3.092443	3.315457
1.116191	4.630645	3.147403	4.657552	3.087757	2.830549	2.203224	2.027465	0.653222	2.857234
6.052961	4.099581	2.721410	0.868609	0.708775	3.341464	1.330327	3.514220	3.331984	4.467019
3.065901	2.949569	0.778997	-0.660739	-1.641839	0.470162	-2.728548	3.292957	1.145927	-2.287375
-0.224790	-7.224294	-5.325831	-3.354181	-1.791663	-7.980841	-2.951894	-3.670327	-3.126951	-7.043933
-1.826313	-11.862910	-7.037869	-2.941805	-4.896776	-3.249431	-1.581807	-5.380637	-4.505647	-4.860740
-0.976170	-5.463881	-5.003412	-4.629198	-1.481054	-0.245391	1.238318	-3.891175	-6.779060	-1.505182
-1.792761	0.679791	0.995044	-4.472347	-1.699574	-3.334705	3.754587	-3.434446	-5.037087	-1.389843
-0.220689	1.599702	0.722900	-1.485541	-1.620515	-3.545058	-1.913697	-1.555953	-4.092622	-3.525307
4.447243	3.198348	1.031361	0.283532	0.965748	1.170168	-0.922029	1.170702	-1.539160	-0.447458
2.534434	0.626627	4.137526	-1.194914	-1.023262	-1.848813	3.180994	-1.577285	-1.100395	0.023120
-0.803219	-2.653467	2.171498	-3.163867	-2.708121	0.395816	1.542277	-3.221717	-4.439818	3.013943
2.758480	3.494863	2.411075	0.921884	1.428794	2.495071	5.941421	-1.686095	-1.132220	3.740729
2.072427	2.978711	3.657058	0.571051	0.456707	1.110168	1.760429	1.711879	2.984508	-2.322107
2.451520	0.743072	-1.160857	-1.370454	-3.612758	-3.958178	-3.267296	-0.636599	-0.358623	-2.643748
2.132454	2.593939	0.932430	1.679582	3.581321	1.907147	-0.481053	1.167271	-0.116200	1.512824
-0.943374	2.970708	3.512514	-0.129331	2.490770	-1.344341	1.310760	0.018987	0.566988	0.041024
-2.665270	0.831671	0.342192	-0.037481	-3.274990	-0.282529	-1.211759	-2.988753	-2.425244	-1.683732
-0.957539	-1.474778	-1.877341	0.444343	2.950565	-1.187902	-1.567307	-0.666850	-2.016683	-0.574727
-2.159984	-0.083348	-0.391391	4.760152	2.867458	2.797152	2.074014	-2.311604	0.389087	0.364555
-3.173213	0.943954	0.769736	2.964256	3.308311	1.557846	0.573703	-0.363916	0.424581	1.718728
-1.710730	0.990020	0.560133	3.738067	4.014146	3.158192	1.200759	0.371212	3.818814	4.501608
-0.815741	2.833442	1.788591	5.916794	5.748686	4.889000	2.410579	3.250680	3.263804	3.474409
3.682247	3.218910	4.844703	5.265447	6.173251	6.061080	3.531662	3.715188	6.104767	3.654046
1.090628	2.926714	0.635358	3.390436	1.734964	3.145844	0.495204	2.394936	4.423920	1.635132
-1.174005	-0.560954	1.185746	1.151571	1.719944	-1.546702	-1.935399	-0.592277	-1.007719	-2.530420
-1.011359	3.785194	3.753757	0.544759	-3.280988	-1.115650	0.443948	-2.875851	-1.460633	-0.719299
-1.627641	-1.601952	-0.769621	1.264212	-0.246213	1.253408	-0.692557	-3.098686	-2.232803	0.227408
0.311741	-6.540202	-5.517501	-2.437264	-3.217110	0.997377	-2.326622	-2.521181	-4.410412	0.318912
-1.129021	-5.808369	-2.633196	-2.897160	-3.612062	1.272362	-3.012852	-2.915737	-3.698042	2.257122
1.156166	2.539437	-1.396819	-2.234967	-2.571850	0.555867	-0.048454	0.793346	-0.587675	1.185548
-0.183009	2.919403	2.151216	-3.437078	-1.694655	-0.367905	1.623267	3.148568	3.995106	-1.116302
-1.194352	-1.782983	3.228492	-4.159086	-3.239862	-3.879754	-5.308497	-0.150971	0.099019	-5.250521
-1.361674	-1.743333	-2.109304	-2.756184	-2.397552	2.558022	0.658846	1.370129	2.301181	2.428799
3.779217	4.329038	3.632610	4.588036	1.096889	4.253523	4.139287	4.953268	4.922808	6.173961
2.180711	3.346219	2.755018	0.153881	-1.286422	2.945446	0.596119	4.029145	5.827417	4.837072
-2.989001	-1.258505	-0.999698	-3.603844	-4.733469	-0.599011	-1.203368	2.453559	0.887723	-0.156166
2.609269	0.424153	-0.926254	-0.290833	3.183960	3.355749	0.589218	-0.834189	-1.594557	3.155551
3.081013	4.264779	4.021531	4.131722	6.531381	4.307619	4.810966	0.569899	1.785689	3.498323
2.857319	-1.459442	0.886438	2.023524	5.069207	2.335195	4.314867	-0.042878	1.749077	1.034052
-0.749223	3.259776	0.490548	2.051181	4.676251	0.868970	-1.473690	2.974878	1.644519	-0.067264
-0.901325	-7.905282	-5.005858	-4.795704	-4.060675	-8.279766	-3.962015	-3.205934	-4.301872	-5.226526
-1.113997	-4.117830	-4.271100	-2.637824	0.763041	-2.568320	-0.111219	-0.958216	-0.464685	-0.406138
0.355149	-1.728184	0.090802	-0.908676	0.385511	-2.482504	-3.607812	-2.684470	-1.534209	-0.514102
-1.462598	-4.459759	-6.352371	-2.954754	-2.590855	0.483571	-3.784006	-2.390999	-1.289435	0.413876
2.406049	-0.293869	-0.356242	-0.662353	0.257955	3.807894	2.463088	1.610393	2.189446	4.183991
-0.277821	-3.293931	-3.044430	-1.221970	-2.034451	0.700251	1.440460	0.013703	-3.119359	1.059434
-2.249521	-7.357060	-5.265757	-3.299900	-2.589663	-7.841673	-4.806403	-3.343172	-4.837743	-5.398501
1.933837	4.570630	1.675657	5.886961	4.588128	0.996809	2.677188	1.202262	0.806599	6.088975
0.655242	2.937621	3.457789	7.619717	5.217132	4.535580	1.455422	1.290601	3.434971	2.895253
-3.862021	1.992399	2.693220	6.892772	5.509555	2.939524	2.520488	1.548340	3.940176	1.407822
2.431637	4.000848	1.925326	6.507631	6.350806	4.054723	5.071774	2.285673	3.805116	3.875369
1.066902	2.289853	2.138888	2.532996	2.387292	2.382859	-0.868830	2.564893	4.045191	1.090082
-1.515537	-4.834102	-3.388417	-2.089728	-2.835180	-4.642586	-2.259836	-0.764908	-0.161700	-7.252254
0.066105	-0.046333	-4.345010	-3.641738	-3.123703	-6.647532	-2.063255	0.294765	0.969941	-3.870252
0.035516	2.497646	2.599887	-3.638729	-0.389970	-3.492599	-1.888996	1.752001	-0.356589	-3.591030
-2.440717	1.543118	0.364954	1.659902	3.184623	1.674394	-0.835772	2.527493	0.254704	0.040798
-2.778407	0.279369	-0.138332	1.564159	-0.389716	-2.849174	1.808110	-1.479569	-1.341585	0.911513
-1.517767	2.079383	-0.907990	-1.370153	-3.212382	-2.510625	-2.732363	-1.211995	1.549837	-3.317901
-2.269211	-0.794255	-0.099942	-3.800632	-2.624671	-7.129679	-2.891398	-0.267696	-0.671441	-4.539764
-0.020650	1.478842	2.324892	-0.504773	-0.326976	-0.661759	-1.383706	-0.337883	2.625172	1.187706
0.245003	-0.178643	-3.444510	-0.065872	1.059108	0.528415	-0.551394	0.169831	1.181066	-1.088710
4.080334	-2.252924	-1.858567	-1.245124	-1.182516	0.862719	-2.217273	0.813835	-2.597275	-1.429733
0.992631	-3.607115	-0.817600	-0.675525	-1.975943	-2.753266	0.648952	-2.641985	-2.944462	-1.082483
-2.511318	-0.352929	1.618073	-0.545671	-2.036767	0.701035	1.752071	-2.864943	-1.979113	0.651920
-0.901625	1.133017	4.489230	-3.836857	-2.108984	2.488303	1.749378	2.493947	1.127457	2.087454
-1.809803	-1.939188	0.034654	-0.960977	-2.210890	-3.104685	-1.569833	-0.816132	-3.575271	-4.487301
-0.412763	-1.869060	-4.453075	-2.263229	-1.329081	0.970151	-2.442170	-2.284294	-4.696215	0.656132
-1.316417	-4.348910	-2.457177	-1.542904	0.943549	-0.107512	-0.093537	-4.340857	-4.152597	-1.970767
-2.557176	1.579146	2.369732	-1.027700	-0.180098	-2.422293	-1.338640	-4.776637	-3.012637	-2.393420
0.098450	1.770997	4.274533	4.281591	0.940584	3.829787	2.401517	0.189648	-0.495260	1.334751
-2.376451	1.227130	1.726208	3.638973	3.102200	1.936208	1.263429	0.239280	1.714613	2.541426
-2.299389	-1.624969	-2.708160	0.794453	-0.839847	1.131452	3.565794	-0.426361	1.657555	1.337882
-0.704873	-1.913311	-2.070688	0.765438	2.947448	0.542898	0.026308	0.321806	1.220941	0.332500
1.329286	1.773991	-1.420193	-0.749367	1.338990	1.787730	-1.359131	0.703761	2.073543	-1.019743
5.509381	4.520725	4.814808	5.659945	1.763785	0.486731	1.896376	3.372384	2.113834	2.303835
4.468702	5.987078	3.245800	6.808481	3.305336	2.848882	3.016026	1.693653	1.923285	2.716612
2.268741	6.257140	2.553866	5.962849	2.595149	3.958569	4.237920	2.804148	3.806966	1.761569
-2.320510	0.582498	-2.391509	1.425856	3.016729	-0.014724	-0.148042	1.455645	0.616447	1.201188
-2.990457	-4.941058	-1.626439	-2.350591	2.358283	-1.380710	-2.260960	-1.905178	-3.109305	-1.947151
0.525093	-5.458841	-5.446941	-2.971684	-1.000384	-8.175004	-2.366533	-2.532443	-4.909720	-5.183765
1.228034	-2.310961	-2.717828	-2.765713	-0.997767	-0.740917	-0.193859	-2.261174	-1.565932	-1.978471
-1.517839	-5.107130	-2.901215	-3.778273	-4.149558	-0.675661	-0.218736	-3.510994	-3.138774	0.439414
-1.173133	-5.263858	-6.231216	-2.842652	-3.201051	0.752254	0.246840	-2.709028	-2.572080	4.117075
-1.467649	1.425043	3.243255	-3.003143	-1.253440	2.642318	-2.360429	2.559401	-2.290785	3.156296
1.379207	-2.016037	-1.208816	-0.274937	0.776783	1.035223	-2.776339	0.471968	1.812977	3.041063
4.470133	0.002292	1.398458	1.340876	-0.248874	1.037462	1.001716	0.866748	-0.123731	-1.812836
2.698626	4.427117	4.149263	1.445306	2.239995	-0.165172	0.585539	-0.144685	1.706956	-1.187514
3.407186	3.882029	3.786387	1.243961	-1.668300	2.547517	4.131937	1.436246	0.895602	1.678918
-1.642089	2.083117	2.947216	-0.883047	-0.523452	-2.273077	-0.680184	0.706414	2.811170	-1.558151
-2.759200	-0.513430	-2.315062	-4.994010	-2.197052	-0.496055	-1.810419	2.284494	2.935223	-2.673530
-1.039245	2.070277	2.685339	0.917684	-2.715191	0.392180	0.199240	2.024660	1.453124	1.057374
