X1	X2	X3	X4	X5	X6	X7	X8	X9	X10
-2.623224	-2.286746	-2.097212	-0.639387	3.227853	-2.241279	0.622682	-1.746010	-2.204441	-1.458961
0.569577	0.762408	-0.370897	1.465063	3.928111	-0.543407	-0.128639	-0.414131	-1.991001	0.756168
0.424692	-0.453574	0.299603	0.113500	1.174871	0.455439	-0.803266	0.167486	0.852428	0.465314
2.520912	-1.277697	-1.036100	-0.154967	-3.879048	2.301344	-1.195784	0.640642	3.175449	0.899673
1.013633	0.164534	1.724903	0.318468	-0.974132	-0.561105	-2.427780	1.151635	-0.498434	-1.102758
-1.773153	-4.951286	0.119723	-2.688688	-1.466861	-5.529024	1.252761	-4.738335	-6.532720	-2.556183
3.264047	-0.249563	-2.240633	0.353072	1.909181	-0.198828	0.614948	-2.141274	0.824393	-0.315607
2.407227	1.770397	2.193143	-0.282450	2.191411	2.754566	-0.930106	5.051215	4.242904	3.717263
2.894780	2.619687	2.007057	2.625951	-3.181252	2.670439	0.687907	5.563127	5.434812	1.822321
1.481999	-0.143998	-1.621084	-2.112124	-1.545592	3.183674	-1.776404	1.450153	1.993815	0.756159
-3.261522	4.981033	2.045524	-2.545574	-2.147191	1.636150	2.123468	4.376487	3.809208	0.987568
-2.506891	0.641774	1.058784	-1.626499	0.497369	-2.446652	2.171930	-0.654681	-0.650213	-2.364762
-2.580313	0.314116	0.120299	0.215599	3.641307	2.632646	-1.130012	1.092440	3.047645	2.123460
-0.918896	-1.113549	-0.005129	2.128318	3.710139	1.667122	0.965645	2.531536	1.273975	0.416322
-1.389445	-0.902530	-2.015699	-1.773145	2.918483	1.568054	-1.157896	-3.848904	-2.929233	1.095013
-2.740269	-0.206536	-2.441713	-0.104397	-0.348642	-3.115682	0.290767	-5.017394	-3.915688	0.248019
0.807227	0.268823	-2.122771	0.202458	-1.704319	-0.237711	-3.987466	-1.210149	-0.290801	-2.192472
3.060336	1.288138	-0.013475	2.151012	0.851870	-1.182956	0.187606	1.047814	-2.314187	-1.850775
0.183552	2.171599	1.143270	0.991457	1.916444	1.052156	-0.447420	-1.796522	0.753542	2.107395
-1.463932	-2.050706	0.565960	-2.991816	-2.622281	-5.425000	-1.637346	-4.145774	-4.668530	-1.924478
1.118778	-4.095288	-3.351810	-2.933519	-3.483585	-7.822551	-3.559477	-4.869464	-7.290919	-4.664708
-3.136524	-3.472058	-4.099246	-2.992961	-1.940552	-2.044924	-2.595318	-3.083010	-4.206842	-1.686114
0.410156	2.074572	-1.154257	-0.866356	-0.799864	0.539253	1.219426	-0.947635	-2.298819	-1.256912
5.175910	3.073590	3.113651	3.979982	-0.158602	3.929953	3.148046	1.348340	0.451732	3.458480
4.691635	0.113783	1.117667	3.038041	-1.892050	3.339047	0.646334	1.629691	1.057389	1.518745
2.840323	0.163038	-0.791019	0.653103	-1.445690	0.251107	0.872380	1.168694	2.404130	-1.204237
-1.309731	-2.651158	-1.905017	-2.915246	-0.736204	1.410604	-2.594925	0.622424	3.199733	-1.562984
-1.474832	-3.984218	-1.776539	-3.021424	-1.525075	-1.498190	-1.623695	-2.260144	-5.039726	-2.535216
-0.877186	-4.830057	-3.043498	-3.346649	-2.545485	-4.951705	-3.353841	-1.349836	-1.659670	-5.512750
2.076001	3.076211	1.933393	2.765061	-0.553219	3.494131	2.183022	4.672822	4.789574	1.283992
2.588226	5.154072	3.247419	5.280687	3.863241	4.056389	3.596680	5.252301	3.566380	3.467493
-0.741017	3.749312	4.979367	3.577208	2.248812	2.479139	2.548218	2.436775	2.768224	0.491431
-3.944033	-1.964185	-0.959179	-0.009696	-1.305889	-0.668245	-2.555282	-3.843185	-2.198724	-1.478111
-2.515126	-1.847133	-4.144535	-2.639646	-1.523947	2.496907	-0.470035	-0.017407	2.199311	3.323646
-1.839600	1.350053	-0.582316	2.890936	-1.598645	2.088168	1.586138	2.352082	4.539200	3.043284
-0.306458	1.961956	4.649759	4.171829	1.851733	1.844009	3.606120	4.101952	2.976015	3.431783
-3.017806	2.108163	1.892574	2.465509	0.747903	0.772405	3.187592	2.338274	1.745129	1.732926
-2.024645	-0.848442	0.147211	-2.358845	-2.729220	-1.580571	0.098532	0.350422	-0.020289	-2.515707
-1.322978	-3.525876	1.405453	-4.106057	-4.031020	-0.298346	1.608320	-3.201235	-5.625265	0.300468
-1.565510	0.263748	2.292182	-3.445351	-3.802883	-2.106344	3.889535	-4.463223	-6.000229	1.280634
0.877659	0.551412	0.834279	1.884351	2.119607	-0.735289	1.205055	-1.836372	-1.106108	-0.991227
3.305126	4.381003	4.384626	4.003425	2.773163	2.378495	1.385757	3.246293	5.455469	2.408969
2.150690	4.127004	5.490204	4.216148	6.218001	3.270785	3.606619	3.107244	5.744374	3.769408
-2.567351	3.570300	4.298796	2.169095	2.677234	2.462160	1.659017	2.306354	3.694481	3.071775
4.691603	1.908878	0.785582	2.973644	-0.693324	2.454999	0.488828	2.930699	2.813963	1.310456
3.237651	2.131620	0.234445	0.731271	1.123341	3.867683	1.461029	5.698352	4.037493	1.384838
-0.568307	-1.805786	-2.409033	-2.456747	-1.714760	0.748094	-3.508505	1.747090	1.404446	-0.244290
-3.235371	-2.531555	-2.596670	-0.414533	-0.133112	-2.177786	-3.066598	0.253089	3.171997	-0.589539
-0.049138	2.471299	0.192415	5.116591	5.863396	2.631328	2.385927	2.137427	3.441522	3.968881
-0.748709	2.366861	4.265507	4.708003	2.449277	0.522421	3.216345	1.173184	1.371698	3.304261
-1.321881	0.520219	0.859788	4.399082	1.704043	-0.441819	1.097933	0.572737	1.541404	-0.183706
0.150549	0.300860	0.083142	-0.275895	-1.333496	-0.953206	2.355365	-1.424031	0.448318	-1.446127
-2.265217	-5.203529	-1.119346	-3.366047	-5.380028	-5.546148	0.874119	-4.277839	-6.418180	-3.537008
-0.265175	-3.918759	0.748407	-1.816595	-2.180742	-7.179554	-1.777929	-4.418304	-4.779508	-5.163751
-0.588722	1.029656	0.836888	-2.847257	-2.475628	-6.206532	-2.725703	0.697561	-1.927684	-3.709761
1.474948	3.891507	1.025482	-0.817653	-0.049776	-0.414787	1.350274	3.001239	0.650777	-1.470439
1.460839	0.575082	-0.383423	-2.617399	-1.088776	2.415876	2.296780	-2.422281	-1.921540	1.951116
-0.973443	-5.749127	-4.717641	-1.239614	-2.997219	-4.117043	-0.922808	-2.020709	-2.428248	-1.627896
-0.715892	1.075169	-1.581083	1.202787	0.957804	-0.815047	-1.224212	4.373443	3.366740	-1.709372
-2.335500	-2.307539	-2.136861	-2.808112	-0.732798	-1.712333	-2.181252	-1.046531	-1.861684	-1.629509
-0.068962	-5.657758	-4.173983	-2.588924	1.007182	1.199700	-2.069151	-7.259439	-4.955631	-2.640002
-0.147068	-3.970596	-3.230159	-4.524264	-2.737047	-0.206043	-2.457528	-3.996985	-5.102806	-3.206043
-2.052410	-5.104159	-2.960799	-4.256142	-4.481577	-4.245255	-2.002702	-2.851272	-2.734715	-6.066026
-0.608479	-1.766654	-3.077308	-3.015871	-0.941803	-7.250729	-2.686693	-4.589303	-4.693261	-6.960040
-0.116665	2.614914	1.111606	2.388139	3.291085	-1.071256	-0.020919	-0.682276	1.237452	0.077623
-1.750658	5.717442	4.382138	4.689479	3.265791	2.977677	1.840603	1.055109	3.032226	2.426877
4.829752	4.772424	0.048484	2.290642	0.294022	2.533681	2.167256	4.383656	3.123362	2.549133
4.194378	3.617259	1.660339	0.237720	-2.133217	3.131572	-1.756676	0.854170	2.702263	-0.992992
-0.271468	2.947844	-0.285497	-0.112691	2.425981	-3.416835	-2.538308	-4.890442	-7.077667	-3.025485
-1.977375	1.273978	2.894072	-0.335696	3.858021	0.411079	0.234247	-1.312973	-0.619720	3.982171
-0.833129	-0.262439	2.545147	-0.932698	-0.678693	0.457634	5.118674	-3.131212	-2.058989	1.047696
-1.169417	-0.481006	1.903128	1.548000	1.445643	0.644749	2.218262	-0.752548	0.799838	1.259107
-0.187623	-1.424223	-1.928783	0.689000	0.720835	-1.382951	-0.350801	-0.737569	-0.198929	-2.361575
0.185166	-4.669987	-4.367284	-0.554400	-0.558514	-3.334443	-1.190725	-2.842658	-3.206376	-2.873928
-0.616034	2.182205	-0.381471	0.573104	3.314200	1.858098	-1.255619	-3.158301	-1.835987	0.909468
-1.661509	-2.676943	-2.271040	-4.230586	-4.711320	-0.020801	-3.325692	-3.831679	-4.619146	-2.294962
-1.488041	-1.369126	-1.491485	-0.331764	5.146030	-1.798010	0.428249	-3.525774	-3.022435	-2.976594
-2.087914	2.896662	6.607699	-2.022727	1.001952	1.465399	3.810898	-2.300065	-2.867933	1.963997
-1.306011	3.989327	2.931222	-1.719765	1.515849	-3.314343	-1.017551	-3.140830	-4.838120	-2.230365
-0.244915	0.435377	-0.421411	1.257329	3.006124	-0.681703	-0.657601	-1.335347	-2.375272	0.949548
0.328791	-4.879380	-4.257189	-1.491335	-2.027922	-1.393850	1.211344	-1.594591	-1.548266	0.278063
3.125827	1.083666	-0.784303	0.719653	4.960814	1.974853	0.758083	0.524365	0.608025	1.933907
0.089009	-4.139677	-2.169642	-1.561495	-0.929866	-2.555361	-3.065987	-3.017255	-1.292772	-2.952992
-2.789944	-0.655596	-1.908896	-1.000065	-4.423061	-6.243656	-1.994465	-2.190621	-3.511931	-5.096004
-1.053012	-5.404581	-4.817652	-4.020744	-2.799269	-7.749795	-1.787449	-4.233406	-5.184120	-5.208302
0.112123	-3.723919	-4.685097	-3.979216	-1.702090	-1.540140	-2.684739	0.523021	2.046989	-0.520256
-3.186219	2.257703	0.449380	-2.415865	-3.077721	2.563147	-1.508531	2.365290	2.648129	4.481264
-0.599120	2.582199	1.634795	-0.416572	3.190738	0.231103	0.039880	3.674132	-0.222368	2.915187
-1.073760	-3.483517	-2.994140	-3.710621	-0.967913	-3.242231	-3.490603	3.081780	-1.406968	-3.546258
-1.318219	-4.505331	-3.917109	-2.345491	-4.293472	-0.411618	-4.414172	-0.021734	3.261461	0.189660
1.125321	-0.546726	-0.141799	2.660938	1.476762	1.306084	1.466278	3.679923	3.673756	2.311669
2.915281	2.506113	4.502407	4.246087	2.556687	1.494912	2.665555	3.262485	4.818151	5.129098
0.874079	0.934804	2.868622	4.715277	3.239406	2.323507	2.078767	3.948785	3.680282	2.791578
-3.289065	0.336563	0.164563	5.503831	1.483317	0.398808	2.273825	2.470560	1.235886	-2.034465
2.452468	3.134407	2.715445	4.729973	-0.006979	4.119055	2.978637	2.770942	3.160798	3.981998
1.496497	0.133755	0.242484	0.877526	1.595918	2.645286	-1.795985	2.272766	3.081757	2.211895
-3.224660	1.373623	0.072293	-0.749786	0.759808	2.086541	-1.798630	-2.320032	-0.923800	0.162753
2.639416	2.381432	-0.334310	-0.198638	-1.477710	1.580956	-1.275086	2.091982	1.525962	0.254998
2.751243	3.264498	2.960987	-0.161805	-2.466036	2.599570	0.140760	3.745943	4.072182	2.850955
-1.120862	1.695040	1.658801	-2.768462	1.699929	1.074919	0.862720	-0.496016	0.817096	3.179350
-1.068281	1.348777	4.209145	-0.479184	4.399085	0.095840	-0.651191	-2.349359	-4.094759	-0.969795
-0.519097	0.350028	3.395233	-0.991044	2.807531	2.176466	-1.146959	-3.874854	-2.322446	-1.128856
-0.660294	-1.750791	-1.084723	-0.161418	0.299965	0.948733	-2.205371	-0.857767	-0.024030	-0.607212
4.623244	-1.023459	2.686692	1.211820	-0.344612	1.855572	0.010988	-0.085166	-1.267875	2.081058
4.353332	1.555140	3.151788	-0.156404	-1.844403	0.443716	0.070434	0.095482	-0.898647	-0.354626
-1.804114	-2.943876	-1.234924	-0.979567	-0.403609	-1.697106	-0.073819	1.028307	1.803390	-4.274447
-3.745981	-5.766590	-4.537332	-2.585843	-3.439132	-5.920863	-2.956255	-2.118859	-1.588132	-4.244087
-1.363854	-3.003885	-1.121427	-1.892507	-2.784472	-2.023730	-3.680558	-1.735186	-0.401881	-0.352831
2.244778	-0.335645	-3.093001	0.453162	-2.817833	2.771121	1.236285	-1.641047	-0.931324	4.314836
2.706629	1.578046	0.786653	0.019489	-2.593115	2.634813	3.845392	1.620587	1.360569	5.293126
-2.051291	2.364202	0.324743	-3.147605	-2.401623	0.828569	3.785376	2.267443	-0.334074	0.018651
1.350929	0.934737	0.344275	0.090501	1.602942	2.879709	-0.224447	1.827947	4.228077	2.473822
0.477700	0.248965	0.528351	0.874629	0.265077	1.515554	-1.137762	2.539323	2.908548	-0.500654
3.553631	1.625198	2.221576	0.949097	-1.389721	1.752020	0.848045	2.224095	-0.106135	1.315831
0.005730	2.822748	1.436452	3.686924	0.753043	1.322123	3.504788	0.398985	0.616252	2.484582
0.469605	1.416524	2.270079	1.953826	0.855368	1.683975	2.947981	2.139914	2.771130	3.025004
1.605262	-0.471764	0.013057	-1.460180	-0.925752	1.999389	0.476338	-1.944899	-2.499177	1.466299
-0.534992	-0.120807	-0.361416	-1.087981	2.085180	0.845474	-1.456029	-6.898235	-4.493552	-2.121432
4.473148	1.162501	-0.694942	-0.244662	-1.761742	1.728437	-1.083008	-0.699176	1.004825	2.817711
5.990787	2.326766	4.269473	4.384986	3.833678	3.669785	2.766714	4.069092	2.339669	4.464125
5.314227	2.758494	2.412025	4.761475	2.161234	3.862219	2.787448	2.462084	2.995594	0.578708
2.947672	0.422686	0.683506	-0.108787	1.898021	-1.081158	-0.609297	-1.721987	-0.657586	-1.890645
2.437023	-4.724455	-4.554992	-1.130995	-3.453368	-2.162046	-2.935210	-2.476711	-2.666361	-3.322442
-2.455518	-6.852729	-6.109778	-4.796942	-2.660638	-7.117649	-5.030282	-4.201477	-2.750221	-6.751088
-2.136351	-0.141635	0.712737	2.184474	0.224403	-0.424570	-0.258205	-0.349176	0.436340	-0.443594
0.139123	3.135823	0.620140	1.490555	1.861149	3.190983	2.809029	4.965098	3.393229	1.627031
-3.291797	3.188043	1.275420	1.575000	5.178591	3.309703	1.711126	4.847951	5.457449	0.827174
-1.875513	1.322918	0.821461	2.183807	1.760822	2.081179	0.766392	3.733587	5.066602	0.407724
-2.266727	0.332543	0.658848	2.071671	-1.936166	1.851900	0.136033	3.531109	3.281887	2.276966
2.851355	2.097311	2.944265	1.315387	-2.775682	0.067950	-1.537447	-0.721382	-3.719898	-0.543715
-1.857169	3.491211	4.398193	-2.139553	-4.553836	-1.359484	-2.233045	-0.387785	-4.349656	-2.918335
-3.532505	2.104535	2.076315	-2.821959	-3.249636	-0.083721	-2.360058	2.811397	-1.145794	-0.156012
-3.054059	4.398469	2.664212	0.691358	2.066407	1.388321	3.539716	2.090662	1.970982	3.312038
-1.590537	0.306800	-0.312038	2.008183	3.807284	1.713421	0.682978	0.526106	1.814462	2.876895
-2.041245	0.294715	-2.419255	4.794501	4.172685	2.127859	-0.260973	0.438223	1.296934	2.291438
-2.026093	1.537298	2.972639	3.767596	6.194999	2.098910	3.628063	1.345508	6.249486	1.116848
-1.641687	3.055632	1.462322	4.292449	5.636714	3.165850	5.448585	1.482252	5.477603	4.584904
-0.949937	0.850900	2.213172	2.523138	2.325020	3.116754	5.269991	-1.078853	0.676069	3.128583
2.085047	1.634882	1.288464	0.719643	0.382505	4.512594	-0.010323	3.945782	3.194866	2.485164
1.241457	-1.208741	-1.131524	1.670739	-1.689941	1.297744	-1.117161	0.290546	-0.008327	1.065423
0.590282	-0.494290	1.175684	-2.378499	-0.925531	1.470173	1.367874	2.178428	-2.528729	0.879338
-0.801890	0.743114	0.553062	-0.808998	-1.065077	-0.610447	1.580375	3.201413	0.567737	0.101285
-1.236069	-1.043552	-1.780311	-0.200785	-1.849290	-0.595747	-1.198962	-0.739412	0.665946	-2.780761
-1.143867	-3.172610	-4.509162	-1.925789	-0.783182	-7.107359	-2.588045	-7.324363	-5.025227	-5.297022
0.112004	-2.530285	-3.917814	-1.249341	-0.831565	-7.110614	-3.418780	-7.716954	-6.548107	-2.750924
0.736032	-1.617699	-2.418690	4.246328	0.749148	-1.190544	1.153626	1.187896	0.702676	-1.105789
3.592804	1.444522	0.166985	1.108285	-1.615553	-1.140083	2.348163	2.238272	1.240495	0.868057
6.737107	1.900054	0.538289	-0.117603	-1.064180	0.408238	-2.836277	-0.273246	1.246519	-1.417210
4.893227	1.742872	5.396999	2.657431	-1.040746	-1.390716	1.694898	-0.830276	-1.373482	-0.786013
-1.485648	0.523351	3.087092	1.783252	0.626538	-0.028279	0.101877	-0.523537	-0.415541	-1.651276
2.055568	4.158766	2.646746	3.294525	3.205062	1.113517	2.129752	0.030950	0.410511	0.944177
4.099961	-0.106808	2.096942	-0.870186	-1.162886	2.797438	-1.931789	-1.079834	-1.366760	-2.128277
1.663617	-1.253695	-4.702842	0.385184	-1.032016	1.293451	-0.194755	0.710190	0.988513	-0.664161
3.429422	-2.194421	-3.539625	-0.254700	-0.988139	-0.265178	-1.922058	-0.097900	1.536794	-0.873398
-0.547538	0.345092	0.313775	1.735725	1.319736	1.421018	1.362492	2.736476	5.766350	0.463592
-2.044377	0.294519	-1.351159	-0.422176	-0.631102	1.559006	-0.726717	1.692195	3.898546	3.223985
-0.739910	-2.442263	-2.448945	-2.588738	0.027639	-0.435046	-2.968296	-0.365564	2.184346	-1.175339
-2.296051	-0.689976	-2.132097	-2.102097	-3.144649	-1.695169	-1.027256	1.808576	3.729716	-0.615300
-1.723513	2.311159	0.086470	-2.488688	-2.937276	0.479006	1.911992	3.051794	1.650119	1.588683
0.412088	-0.187281	2.211144	-3.576243	-1.456449	-0.256554	1.029435	2.279067	-0.028078	1.408489
2.390739	0.122487	-0.885088	-0.604397	0.511026	0.504923	1.020462	0.840274	0.395589	2.125600
3.330025	2.370141	0.982464	3.645518	5.779942	4.628807	1.436262	2.414992	2.657185	1.309699
2.527633	5.198166	2.479590	1.520571	1.616292	4.663770	2.665423	4.688099	2.514777	3.080969
-1.930251	-1.094057	-2.918116	-1.689869	-3.682129	1.023984	-0.260067	1.054773	-0.176769	1.328694
-0.810241	-3.120644	-3.878963	-3.446031	-3.085125	-0.796478	-3.842218	0.390593	-0.677687	-1.660942
-1.770351	-1.992507	-4.933355	-2.119243	-1.424900	-5.196242	-3.393842	-0.836962	-2.107608	-5.690854
-1.105394	-3.686862	-4.112997	-1.393032	-2.380358	-5.201132	-2.580150	-3.546614	-5.506964	-3.062055
-0.409282	-2.438019	1.506209	-0.612124	-0.172802	-3.169973	0.715348	-2.151383	-0.034286	-2.656358
-0.841130	1.104311	0.561561	-0.166842	-2.563433	0.463212	1.870339	-1.000790	-2.945603	1.307324
-1.256350	3.994518	0.267360	-1.621008	-4.860254	2.284403	1.448015	2.958146	4.997655	0.257581
0.504745	-0.488406	1.524305	-1.379644	-2.741165	-2.043723	1.645364	3.054604	1.501863	-1.364699
-0.773956	-6.524767	-3.502699	-3.614168	-2.661967	-6.544285	-3.771524	-4.909033	-5.742408	-7.041625
0.298234	-5.193370	-3.693651	1.092003	2.313242	-0.410001	-3.099958	-4.948884	-2.564481	-2.280505
0.492302	-3.328118	-3.327844	-1.189348	-1.167138	1.804512	-2.591049	-1.451768	-0.321981	4.182452
-3.754361	-2.750715	0.349926	2.292568	-0.326104	1.620036	0.330996	-0.478300	0.014070	2.875439
-1.000069	-2.830161	-1.236833	-2.280064	-0.959256	-3.675342	-1.731035	0.390401	-3.411248	0.164250
-2.363532	-8.198455	-5.125713	-3.134051	-0.781189	-6.483337	-0.900548	-5.727479	-6.644455	-5.710221
-1.221560	-4.492595	0.203494	-2.305803	2.216601	-0.382161	3.807446	-1.418056	-2.513868	1.728821
-0.693465	1.855320	1.435799	-3.315425	-0.416084	4.220874	3.060740	2.343756	3.356296	5.209573
-1.563857	2.518197	2.214612	-3.988421	0.456462	2.610859	2.478026	-0.784857	-2.856478	3.332732
-2.359345	-0.226659	1.215944	0.060905	0.214845	0.578383	0.463396	-5.065108	-5.866001	-1.097006
-1.800539	-0.084741	-0.467492	0.113155	2.165469	-1.527160	0.143643	-3.405709	-1.652986	-2.773141
-1.657649	1.403658	1.794517	0.378329	2.992742	-0.772677	0.230460	-0.313170	-0.219341	0.231725
0.335716	1.374750	2.986284	1.592830	5.262871	0.787426	3.999539	2.209496	-0.093075	-0.532508
1.575648	1.464943	3.158622	0.717165	6.132662	2.680546	2.813175	3.538282	2.415407	0.858260
0.417338	1.167950	-4.947553	-3.455861	-1.751277	-2.785221	-1.953838	1.189078	-1.207600	-3.784169
-0.387522	-0.602618	-1.619728	-2.829337	-1.489537	-3.128076	-3.344408	0.519377	0.508102	-4.349193
0.666061	1.539554	2.228014	-1.054655	-2.223910	0.264980	-2.596238	1.138872	0.358112	0.680590
2.794377	2.768379	3.231886	-1.199301	-1.617887	0.853248	0.574564	-1.596143	-0.534070	1.082283
-0.416679	-4.410227	-2.399996	-2.165262	-1.677358	-3.656470	-1.102504	-0.922773	-3.186540	-3.845110
-0.689014	0.884252	-2.899516	0.160278	-0.094513	-0.555571	-3.116049	3.264179	1.180005	-2.348485
-1.055435	0.929931	1.508041	-2.754465	-2.231443	-2.861352	1.862826	-1.933091	-4.012429	0.858464
-0.773348	-2.777971	-2.023710	0.547728	2.628963	-3.466206	0.747517	-5.958385	-5.693935	-2.297759
-0.446359	0.560762	1.950946	2.392276	5.900517	3.106173	1.325520	1.763097	0.739697	-0.381146
4.732927	1.629149	3.026825	2.240000	4.440928	2.047493	0.852031	2.170055	3.457977	2.521108
4.352204	-0.614191	-1.125660	2.454523	2.104708	0.865962	0.875348	1.324689	0.579215	0.475312
1.306769	0.010160	0.487107	3.053567	-1.468030	-1.401110	1.070967	1.104302	-2.290073	0.933273
-2.503683	2.934622	0.346239	-0.815742	-3.017676	-0.774412	-0.969112	-0.938104	-2.681674	1.884399
-3.763955	2.063814	0.689350	-3.324680	-1.665116	1.285569	-3.370494	1.859876	1.975428	0.879300
-0.849652	5.177356	3.030353	-1.713321	-3.556839	2.359645	-3.322578	1.758948	1.118351	2.617686
2.895225	2.806268	1.034460	-0.614336	-2.491831	2.783631	-0.002767	1.399816	1.634812	1.459466
2.678472	-0.342630	0.135485	-0.903399	-2.086581	-1.959758	-2.500861	-1.820412	0.434131	-2.970349
5.433588	0.445581	0.252337	0.611220	-0.747274	0.631794	-1.029561	1.569573	-0.338771	-1.430846
1.356672	-1.412378	-0.469071	1.290049	2.232303	0.991006	0.312333	-2.939421	-0.203674	0.657684
-2.091277	1.036212	1.122071	-1.011182	0.564462	-0.344805	0.650622	3.640516	1.982446	1.926356
-2.773459	2.907071	0.002972	3.469558	-1.134181	1.669681	-0.493094	1.991096	4.453111	-0.033417
-1.882875	-3.649481	-3.446658	-0.800401	-1.549114	-4.126316	-3.728614	-3.747171	-4.550455	-4.064123
-0.198422	-3.673825	0.444788	-2.461928	-5.115421	-2.700075	-0.865537	-2.894870	-0.968926	-1.280947
0.137900	2.748258	2.200219	0.758407	1.935010	1.523928	4.063340	1.135612	1.779422	4.606927
-0.784106	1.886287	1.074942	1.196637	2.747395	1.897015	4.595219	3.114089	0.566515	3.510814
-1.092337	-1.107720	-2.646637	-0.013107	2.655049	0.819411	-0.579597	1.126677	2.027980	-0.821471
0.399209	-0.849243	1.911888	-2.365094	-3.267715	-4.173960	2.145596	-4.171108	-4.392657	-2.092209
2.694139	-3.528666	-1.529578	-1.645593	-2.699280	-1.931671	-1.006000	-2.457248	-2.042168	0.394215
2.991056	0.899829	0.779469	5.408527	1.686967	1.610604	2.789321	2.599874	4.199074	2.336820
2.245366	1.824260	2.997834	2.956199	-0.291057	4.458692	0.386763	3.592577	2.162796	1.751925
-3.862825	0.491443	1.714719	4.409751	0.761662	2.115623	1.820831	0.208380	4.083728	0.934549
-2.989709	-2.775107	-1.183373	0.427216	-1.480160	-3.784376	0.238430	-2.370397	-0.018405	-2.593889
0.227522	3.385028	2.053461	-2.720878	-1.264508	-2.748974	-3.011731	-1.594434	-0.531772	-1.242967
2.782875	1.768761	0.507721	-1.438100	1.462534	-2.148042	-2.504548	-0.053009	-0.941147	-0.998565
-1.504338	3.646607	1.769510	3.055679	4.158581	-0.829148	3.836087	-2.034801	0.658898	1.450939
-1.582410	0.323481	1.588726	0.682889	4.879549	1.805439	1.224682	-1.771189	-0.994409	1.230968
-2.743527	1.477497	0.205271	0.760555	2.243753	1.053550	-0.596855	-2.937948	-1.429240	2.081843
-0.072180	0.746165	-2.022456	1.203108	2.075809	-0.010482	-2.384016	-2.667658	-0.704368	-0.086712
-2.273956	0.484701	-0.893855	0.480673	-1.317068	1.463974	1.378509	-3.181396	-1.528867	-0.659674
0.884759	-2.515187	-2.188529	-2.147124	-2.398963	-2.428548	-1.995571	-2.689837	-1.540209	-4.606217
-1.878523	-2.719085	0.615021	-1.118557	0.611540	-1.982515	-1.470245	-3.753359	-0.001469	-3.144718
-0.784087	-0.898085	3.077594	-3.092902	-3.275944	-3.822394	-2.925705	-2.676838	-4.553521	-3.914151
-1.764118	-3.066476	1.453087	-2.578534	-3.627101	-3.947954	-1.094837	-4.420152	-5.058139	-0.830391
-1.342501	-4.054749	-4.039102	-2.054032	-2.665915	-0.302859	-1.982033	-0.489876	2.002000	-1.691913
-1.161520	0.281503	-3.906076	-1.862073	1.233927	-1.358179	-2.189079	4.349511	2.066220	-3.097190
-0.267158	-0.495813	0.735461	1.644664	1.246539	2.169520	-0.262464	1.689733	4.327145	3.178102
0.215701	4.070911	1.841508	4.945297	1.475636	1.344071	1.118124	4.275012	5.054398	2.746791
-1.609726	2.218581	3.491960	2.678647	1.691830	2.951604	1.936998	4.811270	3.130599	2.831602
-2.146420	-0.737601	-1.555587	0.370031	-4.155667	0.071451	-2.083930	1.506030	-0.853430	-1.100939
-0.608864	1.315472	-1.427635	0.657764	1.530460	0.546943	-1.127446	3.166111	2.121330	-0.921705
0.528861	-2.772798	-2.653090	-1.927436	0.902020	-3.129590	-2.827237	1.154735	0.343599	-3.779572
-0.654929	-1.412409	-3.102554	0.034043	2.389626	1.513981	-1.529590	1.615321	-0.290705	-1.695013
-2.466114	1.386940	-0.906632	0.171514	4.585487	4.451484	1.103909	4.471388	2.921435	1.835497
-1.298276	2.052450	0.466671	0.155090	-2.156985	3.431547	-0.112228	3.013555	1.332135	0.604781
-1.653896	-3.487280	-4.045048	-0.219919	-2.942283	-0.924404	-1.495685	-2.366662	-3.440389	0.742064
-2.267757	-1.503352	-1.812294	-0.634205	-0.714798	-1.296645	0.196450	-3.687746	-0.874025	-1.861030
3.492259	2.228131	1.473828	0.734041	4.272478	1.491149	2.613391	3.562018	2.537441	0.476420
1.142571	1.223565	1.345914	-0.976375	-0.703549	0.694100	2.397551	3.580743	-0.022980	1.803138
-1.200305	-3.503953	-1.000041	-3.103348	-4.794073	-2.397372	2.882445	-3.203956	-6.201477	0.105242
-1.448952	-0.407431	0.849358	-2.487575	-3.894689	-2.570548	0.352285	-3.669270	-2.867642	-2.187745
3.798247	2.597824	0.811707	0.759047	-0.526893	0.385491	-2.611516	0.494513	-1.612865	1.196393
5.442208	2.069805	0.057900	0.003618	1.144017	0.739860	-1.549544	1.689502	2.996059	0.897375
3.837646	1.940801	-1.559967	3.273439	4.218543	2.215572	1.184812	2.933903	3.371035	0.680316
-0.245124	4.811803	2.254801	1.210007	3.697187	1.820140	-0.500335	0.741823	-0.589632	1.728632
-2.691589	1.893099	1.790698	2.253718	0.482446	2.723474	1.932327	3.720267	4.343659	0.586436
-1.565135	3.400076	2.097019	4.025268	2.852521	2.677982	3.812809	3.113037	3.751011	0.400138
-1.913251	1.925720	0.309859	4.412351	3.387807	1.021370	0.344923	-2.012566	-0.623577	1.728649
-0.246124	-1.409584	-1.700487	3.019458	1.521902	-1.439659	-2.056622	-3.561440	-2.772907	-1.523822
-2.113946	-2.221951	-3.361926	-1.844818	-2.115900	-0.515902	0.200785	0.081510	2.700618	0.679030
2.669494	0.163401	2.521538	3.271912	-0.174205	3.312239	3.675353	2.344984	3.466794	2.126311
3.354704	0.941954	1.169299	1.297936	-0.029921	1.031262	-0.139409	2.172574	0.961614	1.716722
-0.395310	-4.921912	-3.548849	-2.292859	-2.683256	-1.467539	-3.848892	-3.309825	-8.774628	1.307164
1.468060	2.914284	-0.118212	1.762313	0.186480	1.069429	0.665611	0.877178	-0.155740	1.103237
3.928617	2.616821	-0.090795	-0.071463	-0.828823	1.715957	-1.145993	1.128673	0.506765	0.703135
4.532265	1.051075	-0.414205	2.370695	-0.387479	2.681933	1.598103	1.321350	0.397778	0.240254
3.389507	-1.440375	-0.268347	1.364871	2.335500	2.729742	-0.887297	0.390793	0.464986	4.253386
3.616945	2.628747	3.815072	2.360145	5.588900	1.032468	2.360914	2.010290	0.261173	4.646820
0.390778	-0.078384	1.330346	-0.161102	3.574906	1.817792	-0.175162	-1.702476	-1.567874	-0.576955
-0.078594	0.544606	1.748270	1.740808	3.304800	1.640795	-0.800021	0.679477	4.952226	1.097048
4.918527	4.407993	2.431636	4.328954	2.629667	4.716152	1.413241	3.967830	4.630156	2.919810
1.552936	3.070849	3.929039	1.550613	-1.969113	3.603140	0.788024	3.982862	2.420197	1.452514
-0.303069	-0.924752	0.665573	1.147562	0.069741	1.747731	4.221430	0.756353	2.789128	2.894140
-0.423694	0.499363	2.609531	1.521176	3.174411	4.086698	1.895159	3.462678	3.584729	4.062965
-0.515445	0.009965	-0.658893	-2.038169	-2.730226	1.597809	-1.674889	2.125114	3.057175	2.656364
-3.019131	0.104627	-0.906705	-1.958899	-3.536489	-0.776668	2.672484	-1.418764	-2.795555	0.165011
-0.272158	1.201222	1.428790	-0.074440	1.873398	1.298835	5.478476	1.478716	1.719213	4.011178
0.717663	1.239520	2.850984	0.932182	2.720114	2.496782	2.419084	-0.043171	1.049254	1.369036
4.113023	1.943294	0.011972	-0.949060	2.022436	-0.723764	2.449406	-0.428056	1.018743	-1.081549
0.372412	1.146117	-2.314651	0.556207	3.239040	-0.020440	-1.934864	-2.187266	-3.304048	-1.909008
-0.544882	-1.499041	-2.130992	1.591856	0.931804	-0.180784	-0.077831	-0.396630	-0.939347	-1.599676
3.457228	2.668694	1.151445	0.128860	-1.809497	3.299463	-1.433600	2.867719	5.234620	1.880310
3.245731	2.798695	2.168153	0.458892	2.977213	3.392661	-1.359278	1.727153	3.452123	3.893213
-1.466887	-0.962265	-3.390772	-0.370576	2.688611	-1.896131	-0.582772	-3.940861	-0.934066	-0.553205
-1.776538	-2.081312	-4.686835	-1.601771	-0.224228	0.070545	-3.012890	-0.144453	3.921723	2.842217
-2.031537	-0.981671	-0.416041	-2.947019	-2.654327	-0.052754	-5.176039	0.641644	-0.106840	2.060938
-1.854698	-1.086967	2.058707	-2.736747	-2.717709	1.147532	-1.966030	-4.301802	-5.442382	-0.072183
-1.799934	-4.487124	-2.066998	-0.502781	-2.930599	-2.127542	-3.102472	-3.549121	-4.620435	-2.128686
-0.085760	-7.942964	-5.895757	-3.470746	-3.009519	-5.554717	0.955626	-1.788147	-1.075728	-4.106315
-0.514791	-4.340509	-2.304875	0.022832	-0.130790	-3.007235	2.827152	-2.167910	-1.276290	0.908789
-0.481439	-2.218780	-0.549755	-1.664671	-1.936237	1.327460	3.426996	-0.296041	0.093550	1.499683
-1.507719	-0.968197	0.196199	-1.515478	-4.342479	-1.903471	2.429445	0.228228	-1.214738	1.265525
-1.583946	-0.168778	0.250287	-4.263313	-2.064237	-1.496171	-0.834212	4.952566	2.726519	-1.503428
-1.205232	-0.133740	0.869404	-0.899498	-2.380331	-1.002778	-0.719587	4.063445	2.140892	-1.661716
3.640609	2.284701	1.602750	3.953846	0.563319	2.708767	0.883806	2.932135	3.129253	0.196318
1.299065	0.391030	1.385323	2.205099	2.609896	-0.086473	0.682655	0.279108	1.658577	0.953133
-2.743877	2.837534	2.316921	2.367241	-0.240018	1.443463	0.456246	5.276235	2.046037	1.881290
-1.239729	3.299902	1.413943	3.362753	3.122560	3.876541	2.289366	1.985891	4.528207	0.337548
-0.697503	-4.103577	-2.643910	-0.864480	0.971516	-1.097474	0.523901	0.107649	-1.047036	-2.198929
-1.308808	-5.581912	-5.105939	-2.884177	-2.134564	-6.832015	-3.262664	-4.762315	-8.547316	-6.232479
0.013945	-3.332608	-4.060543	0.804849	4.431305	-0.727514	-1.810842	-2.697924	0.051344	0.330961
-0.427053	0.881627	1.591277	3.754483	2.243812	0.453799	-0.021347	1.744598	1.068424	-1.267142
-0.923411	1.234790	0.226022	2.449312	0.535747	0.638896	-0.777294	0.448432	0.353903	-1.060621
-0.571238	-5.229622	-2.470605	-4.273074	-3.996801	-1.117450	2.988902	-4.443944	-6.674938	-0.558908
-1.965040	-2.327210	0.239296	-3.748287	-3.488140	-1.874862	0.877427	-4.572446	-6.157716	0.462267
-2.359523	0.955627	-1.168472	-0.758136	1.889623	-1.883264	-1.383632	-2.343993	-0.208048	-3.697023
-0.407895	3.714091	2.162192	0.122471	0.531582	-0.370177	0.155409	0.146800	1.323952	-1.997504
0.198140	1.649084	2.524790	-0.953173	-2.963969	-6.595820	-2.691764	-3.714181	-4.614731	-6.078800
1.177979	-3.414688	-1.773573	-2.157073	-3.832233	-3.875508	-0.392164	-1.632348	-3.845709	-0.162334
4.811017	-2.142419	-3.789997	-0.454333	-1.579712	1.328843	0.830294	1.518887	0.626207	2.670275
0.401451	-3.541901	-3.491276	-3.114858	-3.974508	-3.101980	-0.071803	-2.634585	-2.740291	-3.409392
-3.386720	-0.882426	1.136191	-1.781050	2.398179	-4.003088	-1.120869	-4.977472	-1.933812	-4.580250
-0.549098	-1.866684	1.676410	0.501491	0.057849	-4.445588	-2.499717	-3.311381	-2.041763	-2.977012
-1.231084	-1.186862	2.193283	-2.982036	-4.560595	-5.277889	-0.318960	-2.754816	-3.837948	-5.117891
-1.521678	-1.672449	1.661214	-1.761930	0.245449	-1.291893	2.581990	1.291419	-1.093670	0.482404
-0.252079	-2.655830	-3.055892	-3.857089	-1.683514	-4.479705	1.183219	-3.224177	-1.415133	-2.180233
0.507513	-1.174293	-1.283931	-1.222810	-1.971081	2.419276	3.253817	-0.075404	1.956765	1.527993
-1.956699	0.567880	-1.121398	3.132010	-1.297744	2.516350	0.984172	-1.360461	-0.877477	0.869979
-1.271614	-1.736895	-0.035690	3.448277	-0.551298	0.741521	0.087973	-1.384945	-0.253555	-0.173476
-2.315929	-2.071501	2.662800	-3.104805	-3.703635	-1.293807	-3.181491	-4.543852	-3.961966	-1.484270
-0.804142	-1.124821	0.618275	-2.696130	-2.568448	-4.421127	-2.779630	1.597525	0.079495	-4.540600
-1.365648	-1.026635	0.618840	-4.823489	-3.141328	-3.505231	-2.083054	0.497694	-0.234365	-3.417459
-2.399244	2.144676	1.076801	-0.705277	-0.323564	-1.710908	-1.275370	1.017262	0.800863	-1.592441
-0.501027	3.056632	1.430663	-0.325585	2.334151	1.222452	3.315311	-0.469759	-0.649213	1.284465
3.795008	1.423253	4.548531	2.237096	4.368829	3.625564	3.051883	1.007542	1.760018	3.172069
-0.972834	0.694959	1.170510	2.191375	0.950081	1.127240	0.865738	-1.768522	0.029669	-2.392314
2.868550	3.404972	1.519106	1.207962	-1.371183	2.013697	-0.319130	-0.392536	1.906852	-2.370271
5.264565	2.695912	1.709723	3.845866	0.097748	3.349252	-0.549628	0.359414	1.914481	3.404615
4.517516	-0.963298	-1.596631	0.376297	-1.032314	0.368623	-0.965961	1.905546	-0.159228	-1.678438
-0.566792	-1.153437	-1.480252	-1.813532	1.097443	0.535730	-2.849733	2.532178	1.331642	-3.136611
-1.554155	4.475916	-1.645534	0.423787	4.952730	1.719592	-1.442448	2.760528	4.776908	2.121217
2.220432	1.205083	1.951129	0.731967	-1.117141	1.192430	-0.166610	2.533316	3.891187	1.268768
6.066773	4.151986	2.386443	1.844318	1.488742	3.736768	1.342679	5.310764	2.176401	4.252565
5.168173	2.316146	1.800514	1.427752	5.632090	3.340626	1.512816	2.264793	2.031468	3.880131
-3.282564	0.446384	-0.659852	3.839979	4.604715	1.725530	0.220402	-2.822974	1.206509	2.071492
-2.615234	2.001422	2.007152	2.337112	2.177027	3.172503	-0.290565	2.372587	2.153547	1.150374
-0.336633	0.918180	0.004332	-3.098339	-6.283262	0.005669	2.276115	1.787299	-0.902196	-0.071797
-2.076857	-2.784020	-2.868606	0.735138	3.897459	-3.367346	-0.363556	-2.242312	-4.500097	-3.066595
-1.853002	-0.083360	-2.413954	3.653154	6.362200	1.121483	0.859923	-1.428421	1.219366	2.540009
1.197034	2.208482	4.406695	4.598419	2.767670	3.482781	2.300155	1.018999	5.424319	4.208242
6.888154	3.120625	2.273747	1.868744	0.975380	3.196374	-0.726958	4.069373	4.270585	1.106532
4.628362	2.422687	4.508610	5.213639	4.718438	1.954889	3.555889	3.855029	3.496190	2.742109
-0.056841	-0.287513	-1.026709	0.823816	2.148053	0.105151	-0.461701	-1.993405	-4.578743	-2.445201
-2.822152	-4.118656	-5.498702	-3.908017	-3.491267	-9.232814	-3.119423	-8.549003	-6.649887	-7.333568
-2.118869	0.866775	-2.470961	-4.572949	-3.349215	-0.706079	-0.105970	0.089464	-2.372918	1.036736
-0.677991	-3.068002	-4.018578	-3.467472	-1.545483	1.440180	-2.884236	-0.202576	-1.867910	1.722339
-0.238916	-2.535372	-0.371246	0.407425	0.688634	-1.220910	0.441584	-2.787896	-4.439338	-4.282931
-1.552843	-3.130418	-0.851756	-2.677551	-2.179157	-4.778425	-1.090802	-4.702167	-4.470976	-3.565847
-1.156672	-2.823025	-1.567299	-1.323892	-1.611451	-0.403439	-4.034385	1.147538	2.608900	0.988318
-1.824601	2.089722	-0.919667	-0.237589	-2.724945	-0.237128	-0.722258	2.033947	2.054716	2.806990
-0.269131	1.687438	-1.916051	0.119865	-2.450733	-1.172067	-3.347612	-3.020912	-5.614203	-2.267804
-1.327860	-4.727165	-5.190642	-2.883623	-1.210914	-1.863534	-3.845937	-3.693711	-6.472035	-0.286841
-0.550590	0.151828	-0.951431	-2.725946	-2.546483	3.488096	-3.405825	2.952474	-0.269154	3.316806
2.814580	1.506428	1.439291	0.503302	-2.058941	1.369144	-0.632266	1.772873	2.189262	-1.666041
0.339049	-2.190352	-0.146366	-3.065073	-2.302284	-7.264668	-3.526048	-4.224391	-4.089064	-4.875559
0.663917	-1.143402	1.377507	-3.841665	-3.147513	-1.233918	-2.583163	-3.386291	-1.923110	2.633873
-1.103018	2.457290	-0.713682	0.096329	5.164773	0.024014	-0.124399	1.710396	1.258147	-1.697523
-0.187355	2.606232	3.098279	-1.002784	1.546472	2.043948	1.691755	2.276996	5.351925	0.198072
-1.399397	-0.390765	-1.362203	-2.710902	-4.590715	0.015303	-1.750290	-2.127769	0.830946	-1.739222
-1.214744	-5.842093	-6.194917	-1.721120	-4.001392	-7.427604	-3.863024	-6.694877	-8.579973	-6.162889
-0.931497	-4.214345	-4.372255	-1.495934	-0.848960	-5.110254	-2.285235	-0.881906	-1.349813	-1.925510
-0.858358	1.011589	0.735294	2.690757	0.492778	0.142368	2.509888	2.853763	4.793843	1.662828
-1.832128	1.185113	1.658237	3.954057	2.347318	1.001778	3.155057	3.488851	3.306611	2.293241
-0.513208	0.268934	2.281584	5.520667	2.505457	1.912591	1.452883	2.407776	1.629005	1.867242
-1.486100	0.408957	0.893545	0.556790	1.089489	0.271519	1.491577	-1.540046	-2.622762	1.100043
0.591394	-1.296912	-0.769774	-1.056973	2.580112	0.220676	0.783250	-3.648299	-3.156476	0.975756
0.315774	0.638930	2.070337	-1.106922	-2.297482	2.073873	2.694013	1.644031	5.964972	3.133790
1.817137	3.688287	1.699886	3.572245	0.585102	3.293621	3.971077	4.544859	5.798793	3.276455
2.390082	1.732961	1.691380	5.395228	0.272259	2.667129	6.040552	2.557794	3.316796	4.611857
2.294308	2.794255	4.802726	-1.168573	-0.035017	0.120205	1.160850	1.334549	-1.913314	3.879804
-1.182687	0.800470	1.495232	2.018442	4.172666	0.518357	0.636479	3.047932	1.297069	0.538901
-1.074405	0.257507	-1.560096	-0.410327	4.185302	2.161192	-1.300148	2.014549	1.706251	-0.397146
-1.682148	-0.744334	-1.989752	-2.249882	-1.820717	-1.588485	2.382276	-2.099192	-1.823167	-0.599035
-0.567716	0.725146	0.961070	-1.614424	-2.620296	-0.241271	4.955162	2.933012	0.200616	0.819136
0.899188	2.142346	2.540375	-1.897352	-2.006645	1.043039	0.079918	2.657965	3.789300	-0.964329
-0.979437	2.198365	-0.172833	-1.321270	-1.689169	3.073245	-3.211745	0.445967	3.885884	2.008269
-0.957193	0.302499	-0.528650	5.463722	1.832523	1.688850	-1.476121	-0.530982	-0.233735	0.345731
4.560818	2.793446	3.493027	3.984522	1.729424	2.813153	0.955900	1.618716	0.670737	1.417854
2.834595	3.248702	2.689302	0.276228	-1.773674	4.077153	0.340825	0.722859	3.537494	0.865339
1.574636	2.347163	1.768677	2.168838	2.578322	2.984848	2.643861	3.366840	6.147929	3.193381
-2.930161	-0.119777	1.285152	-0.936450	3.225506	4.623635	4.969717	0.437853	1.709833	2.865378
-1.912098	0.320376	2.415129	0.996462	4.658169	0.751411	5.515099	2.967390	0.571095	0.119326
-1.809876	-0.737184	-2.045491	-1.041628	1.264605	1.997469	-1.761386	1.566841	-0.220996	1.576620
0.691301	-3.444163	-1.829110	0.597777	-4.982292	1.225605	-2.136333	-0.026304	1.030246	-1.085545
4.826532	-1.049870	-0.113429	-0.086325	-1.014730	-0.187189	-0.895636	0.021341	-1.270792	-1.253474
0.389414	1.380788	0.955851	-2.573135	-4.308114	0.109479	-2.416488	3.663863	1.263973	-2.581673
-0.927254	2.491202	3.279226	-0.088358	3.643651	3.323202	1.403215	4.253446	2.133625	1.025250
1.061924	1.610762	5.031095	-2.444193	3.151058	1.127369	-1.771322	-0.835127	0.186845	1.689489
-1.821054	-3.838341	0.363852	-2.852644	-1.710298	0.290271	-1.698894	-5.313373	-2.456685	2.251937
0.307508	-2.864319	-4.417306	-4.338514	-2.110319	-1.717704	-3.557197	3.921988	1.732315	-1.881415
-1.722591	1.379820	-1.331185	3.083198	0.680489	0.952534	0.558272	3.416936	5.491524	-0.522274
3.604544	3.934961	3.646209	3.865487	2.644822	3.407771	2.252419	5.108250	4.067620	3.162252
2.763910	3.500795	4.067171	3.688954	3.154480	0.381695	1.090345	2.711908	3.603380	2.976555
-2.353496	5.391609	3.080592	2.468295	2.001658	0.288693	1.529654	0.426385	-3.071118	-1.348475
-1.280479	2.570489	3.389865	-0.193890	-3.526345	-4.517251	-2.029651	-0.366342	-3.701000	-5.380046
-1.379743	-2.998378	-3.133219	-4.862604	-2.630330	-8.829349	-3.416868	-5.574097	-3.420089	-4.713567
-0.302191	-7.064104	-7.642367	-2.379946	-1.472298	-4.671118	-4.258895	-3.782008	-3.372310	-6.091046
-1.507029	-6.247505	-4.009889	-2.959719	-0.492447	-3.349172	-2.404929	-5.033199	-2.757289	-1.773493
-0.702462	-5.019594	-3.695896	-0.719323	-1.131279	-2.096428	-0.590069	-3.685497	-3.743652	-2.568916
-1.308394	0.035413	-2.614196	-0.005958	2.356110	0.500098	-2.124814	4.569270	-0.373825	-1.138425
1.181769	2.399002	2.190797	0.775973	-0.617980	2.579690	-1.049363	1.909475	3.496566	0.885171
2.644521	1.015158	-1.177225	-0.671928	-2.355045	0.457632	-0.945414	-1.896510	-2.136104	-0.853536
-1.973843	2.394764	1.647924	1.698037	-1.749182	-3.553795	1.714432	-3.957813	-6.063663	-1.052855
-2.824230	-0.989894	0.218033	-1.471931	-3.073987	-3.312606	1.451377	-5.156262	-4.109837	-0.474296
1.983853	1.779567	-0.992910	-2.112033	-0.891656	-1.390119	-1.909881	0.575815	0.841648	-2.769167
2.999800	2.014031	-0.162818	-0.475168	-2.044482	1.207349	-2.381141	1.611491	1.029767	-0.715777
-2.354896	2.504982	-0.501004	2.592564	0.137438	3.644980	-0.539704	6.153136	5.503393	2.419365
4.201357	3.038603	1.750319	5.914863	5.828313	3.463957	4.360129	4.266625	5.320802	4.634251
2.733852	-0.228122	1.009638	3.176031	3.511448	2.342063	1.481356	-0.057671	0.902369	2.289872
-3.617920	-1.520410	-1.340262	-3.460234	-5.591249	-2.253920	0.324477	0.533121	-3.058032	-5.052681
-0.493067	-6.859177	-5.647294	-3.118130	-4.910870	-0.347108	2.828288	-3.401424	-5.758323	1.144085
2.058003	-4.427640	-1.304271	-0.506255	-1.608807	1.088580	1.827089	-4.006933	-2.555627	1.636361
-0.623019	-0.126116	-1.171409	-2.105211	-2.379751	0.040028	-2.309925	1.228368	0.472831	0.539539
-0.939742	3.238378	1.598080	-1.805195	-2.357893	0.719420	-0.927157	0.372756	2.565331	3.189610
-1.464275	-0.020673	3.068479	-2.393807	1.722176	1.263438	0.306891	-0.156294	-0.191648	-0.404434
-1.934729	-2.557988	-0.456023	-3.016147	-1.364935	-0.637634	-0.475085	-4.993905	-5.805328	-1.973700
0.530187	-0.250481	3.002356	-3.942012	-4.190015	-1.982412	-1.731891	0.530900	0.804573	1.206403
-2.030137	-1.143670	3.024805	1.202896	-1.004054	-1.872212	-1.923230	-4.919900	-2.623665	-0.857533
3.854288	2.244329	-1.080893	2.249979	0.846356	2.283950	2.473691	1.188475	0.735740	0.021085
4.284252	0.255000	-1.770051	1.377337	-0.469773	2.226858	-1.169332	2.485203	2.673472	1.181048
2.099744	1.278128	-0.404584	1.487071	-0.794531	2.159499	1.507894	3.240267	5.110914	3.244148
-1.771447	1.670495	1.397795	0.753580	-2.320708	1.026956	3.483862	2.335548	2.158251	2.169378
-2.564233	1.400887	4.033370	0.670365	0.412104	-2.275085	3.675866	-1.824270	-4.380832	0.962630
0.059875	-1.216212	1.789028	-4.015874	-4.042282	-1.274037	2.469297	-5.730804	-6.190347	2.031395
-1.181735	0.651182	3.651055	2.711963	0.673141	-1.962616	2.971647	-3.147969	-1.347607	-0.782733
-2.845674	2.196556	0.855437	3.931074	2.545583	1.130966	1.527908	1.170223	2.166076	-0.147763
2.170445	3.631693	0.130259	4.622559	4.607154	1.800096	0.389271	2.247357	2.805192	3.551798
3.194610	-0.349020	-0.938991	-1.301083	-1.505239	0.719061	-0.465175	0.774723	1.461031	0.640641
-2.689792	-1.786898	0.141974	-1.282953	2.837513	2.651448	1.852261	1.349309	2.524185	2.720159
-3.408672	-0.740954	-2.063762	1.918547	3.360818	0.141645	0.832767	-2.559195	-0.733154	3.652643
-1.251345	-3.952003	-4.705509	0.078515	-1.181018	-7.197860	-2.964067	-3.419396	-3.846592	-4.098413
-2.178721	-0.565959	-4.507483	0.415448	2.527213	-2.012477	0.292546	0.211296	-1.211136	-3.132017
-2.680516	-2.369033	-1.343094	1.364144	4.797816	-0.712117	1.435794	-1.966323	1.197310	0.857422
3.431459	3.569661	4.175844	1.581501	3.202997	1.978008	-0.802436	-0.082161	0.180342	-0.873103
-0.235609	1.854511	0.169918	1.245014	3.346159	0.906589	0.592543	-2.461422	-1.923543	-2.557300
-0.619534	-1.165995	-0.499782	0.369780	4.617707	-2.606485	-1.161184	-2.111709	-0.867248	-3.108776
-0.366430	-3.423770	-3.071170	-0.421105	2.287745	-0.826422	-3.264931	-2.992925	-1.644874	-1.618338
-2.475909	-3.473424	-1.190357	-3.065446	-3.979927	-6.948931	0.239287	-4.423073	-5.384721	-4.616996
-1.780585	-3.556769	1.887446	-0.714847	0.594193	-0.468621	3.785456	-5.752254	-3.928490	1.135946
3.369829	1.156084	0.297027	-0.949414	2.259707	2.844600	1.338358	1.204933	0.915522	0.369878
3.722319	1.652827	0.590576	1.931947	3.656313	1.379224	0.216378	3.498888	1.985515	2.653194
-0.639128	0.532647	0.892082	-0.824069	0.209709	0.796644	-1.823202	5.487613	2.496892	-0.454813
-1.742325	0.735537	1.735835	1.072432	-1.564605	1.561353	-1.883597	4.273609	-0.022944	2.972251
4.325414	0.436886	0.620724	1.316341	1.664265	4.827744	-0.158826	1.006579	0.688612	2.959278
0.570076	-1.421913	-0.959660	-2.190247	-1.367583	0.697112	-0.694107	-2.504573	-4.099836	-0.174437
-1.300352	-6.035970	-6.181926	-3.919141	-1.755556	-2.204949	-0.817257	-6.324942	-5.532083	-4.732701
-2.362084	3.087709	-0.107184	0.259852	-1.575259	-0.300544	-0.199895	1.264175	2.718377	-1.756119
-1.321432	2.715116	2.221457	2.909523	0.738600	2.217923	-0.120840	4.712586	4.406550	1.237202
2.287391	1.847043	4.699790	4.147064	2.511814	1.639546	2.676489	3.321094	2.952344	2.901059
1.217972	0.594585	-1.933095	-0.691534	-0.027628	1.405823	1.873074	1.319808	1.188965	0.080245
-1.709702	0.287536	-1.420204	-1.264179	-3.531436	-4.452850	-3.884005	-0.178367	-1.310177	-3.620642
-1.654342	-2.520710	-2.258945	-3.331182	-2.691320	-4.651176	-2.115967	1.818478	-0.609274	-3.255908
2.263340	-1.133658	-1.679426	3.960847	0.448408	-1.676956	0.489867	0.821751	-0.336718	0.898344
5.895930	3.755087	1.885848	7.313501	5.476734	4.608408	2.754180	2.490859	3.162102	3.365712
3.227019	2.586923	2.740371	2.149667	4.435044	1.488014	3.228551	0.769611	-0.022905	1.884092
-4.014906	-1.154855	-1.172764	-1.474164	3.018025	-4.456438	-2.065139	-6.212484	-4.444328	-4.525716
-1.288356	-9.084149	-4.575762	-3.315602	-5.032541	-3.982848	-3.501810	-4.755316	-3.082556	-2.985016
-4.571840	-3.932162	-4.393728	-1.898757	-4.492368	1.077484	-2.660281	-0.307276	2.174521	0.469593
-1.461970	-2.669895	-2.173866	-3.760641	-4.036275	-0.196240	-4.068670	0.021745	3.589816	1.914211
-0.896555	-4.481750	-3.042779	-2.005263	-1.199679	-1.500419	-3.276698	-1.381742	-1.219660	-0.876862
-1.807804	1.866174	2.026428	-3.454234	-2.192498	-0.579751	-2.743483	-0.242828	-1.310795	-4.720825
-2.465027	1.388875	-1.741048	-1.941464	-1.283551	-2.606332	-0.763143	-3.688102	-5.676276	-3.460076
-0.226732	-0.929545	-2.410609	0.420636	-2.673159	-3.754259	-0.572496	-2.806553	-5.258590	-2.584513
-1.838626	0.023314	1.283944	-3.452643	-3.263442	-3.041728	-2.022861	2.976028	-0.031125	-2.006531
-2.668819	1.339655	3.191907	-1.584113	-1.331619	-0.787834	-0.010455	4.464653	4.185034	4.022973
-2.462415	1.133880	-0.251918	0.767118	-0.891612	3.227528	3.925705	1.091732	3.229200	1.415404
-3.030522	0.013892	2.412566	2.984440	5.895756	2.146764	4.251703	1.908175	3.466386	4.232868
-1.993745	1.019895	3.627660	1.460343	5.377366	1.526082	0.523622	0.650395	-1.220494	1.115972
0.424410	1.430593	1.397665	1.077619	1.230195	1.173888	0.378647	0.717200	1.932876	-2.410177
-0.698160	0.146191	0.366481	0.269959	-3.067180	-3.204309	-1.423637	1.261603	0.427808	-0.725772
-1.643060	-3.263306	-4.348789	-2.562945	-2.706779	-4.541502	-2.906946	-3.648987	-5.699881	-4.023901
-0.154292	-0.586190	-2.950343	-3.674701	-3.102727	-2.979479	-3.610292	-5.829458	-3.691778	-3.412757
2.220141	0.331543	-1.342780	-1.493517	-1.145444	-1.997232	0.422110	-2.082300	-1.173268	0.468772
4.945338	1.296803	3.006306	1.365802	1.665147	3.490451	2.240649	5.029499	3.406965	1.761998
3.603298	2.014998	1.126716	-1.105852	-1.258776	2.421681	-0.391887	1.584247	0.795236	2.480334
-2.451279	-0.976465	-0.673643	-2.054884	-2.444335	-0.448830	-2.512511	-3.868443	-3.199641	-1.454108
-3.252992	-5.773375	-5.198568	1.121102	-0.890150	-0.461169	-1.797633	-1.630161	-1.012749	-0.594213
-1.580338	2.644477	1.685847	2.207100	5.549757	5.250377	2.043139	2.034402	5.026126	3.236433
-2.757616	1.728402	2.315709	3.610008	3.769764	2.641823	3.057894	2.821958	2.911801	3.245848
-2.388522	1.095012	-0.377377	-0.725277	-0.701247	0.618182	0.945124	2.453517	1.961990	-1.515853
-2.610452	-7.717782	-3.518404	-3.176659	-3.578797	-4.358129	-5.256479	-4.788611	-1.842590	-5.980052
-1.596099	-1.507867	-2.155163	-2.215937	-2.281305	-0.755195	-2.323220	-4.543916	-2.897224	3.781769
0.367041	3.376169	2.363453	-2.267214	-3.813790	2.071201	-1.321607	2.661312	3.584304	1.913830
4.620277	2.389241	2.405753	1.225013	0.656331	1.778476	-0.666044	2.018783	0.474809	2.797549
3.098216	-1.458937	-0.435354	1.096943	-1.097459	0.350447	1.133664	-0.446992	-1.467693	0.212747
1.178767	-0.819951	-0.495059	-2.170920	-2.529777	-0.905366	3.732214	-1.596504	-0.701085	-0.562155
0.277641	-1.955485	-1.484752	0.069925	-1.703339	1.374153	2.406002	-3.994642	-1.363753	-0.013135
2.561347	3.171476	1.073177	4.558983	0.273742	3.326926	0.053226	1.346202	1.981120	1.399629
0.639300	4.941850	2.870841	1.857259	-0.464949	1.710571	0.168785	4.836240	2.391749	2.704660
-1.092990	-0.170748	-0.370451	-1.834942	2.373975	1.162708	-1.309122	-0.233320	-1.197551	3.933280
3.157392	3.054901	1.957113	1.285088	1.791003	1.312159	-1.778394	5.486032	5.225237	4.560415
0.891661	0.925213	0.941646	-0.857345	-3.258876	2.228343	0.120368	1.720207	2.902727	0.763787
-0.775168	0.951208	-1.050341	2.338369	3.200628	0.321683	0.694368	-0.095886	-1.631564	1.680321
-0.237578	-3.868296	0.817766	-0.043561	1.946507	-1.407600	-0.112394	-2.438238	-2.753922	0.856942
-3.406451	0.200119	-2.495920	-1.304025	-0.409048	-6.777984	-3.251614	-2.831938	-3.024931	-6.508524
1.601131	2.636575	2.936714	1.517391	2.935157	1.224053	2.917711	3.835822	2.516623	-0.627352
4.049888	2.428289	4.117581	3.180897	3.833918	2.796934	6.013686	3.123354	0.445056	3.527082
1.533340	2.317383	1.199496	2.091808	1.206128	1.471480	2.578815	-1.207134	1.250283	1.311106
1.963008	-0.502324	-0.363727	-0.388462	-1.384913	-2.794984	-2.600197	-1.983831	-2.806783	-4.384556
0.650414	-5.071310	-4.729574	0.890404	-2.318009	-2.140937	-1.754843	-2.449729	-1.592825	-4.279078
1.148181	0.350446	-2.815030	-0.260480	-1.090661	0.147145	-0.093117	1.243684	-0.545531	-1.490933
0.551533	-2.674235	-2.120980	-0.081394	1.264933	0.570885	-0.357412	-0.163083	1.404315	-1.993596
-4.611405	0.531768	0.672190	-0.313722	3.453174	-1.109094	-1.319721	0.808480	0.341925	-2.306142
-4.106009	-0.711023	3.993896	-0.456243	0.245064	-0.942570	-3.049236	-1.008817	-1.485385	-3.654045
1.753147	0.258815	-0.852446	-0.643537	0.679307	-0.936419	1.848052	-0.883164	-0.493304	2.576220
1.263891	0.792102	-0.083023	-2.582084	-2.621991	2.273682	3.846951	0.961949	1.010684	3.961977
