X1	X2	X3	X4	X5	X6	X7	X8	X9	X10
0.003488	-4.563907	-4.154504	-1.231945	-3.148407	-6.118581	-2.021397	-1.457286	-3.799477	-6.236545
-0.834995	-4.398396	-4.026098	-3.587969	-2.477081	-0.598159	-2.446064	-0.508021	-3.498366	-2.570961
0.947481	-2.853492	-2.330472	1.574042	-1.211912	-0.564224	-0.147132	-1.271189	-2.765945	-1.388828
-0.214978	2.553976	-1.126756	5.038580	2.404881	3.169204	0.877887	1.001210	1.380861	0.333429
-0.447367	-0.326518	3.065019	4.771139	2.541080	2.967211	3.005884	0.942275	2.758126	2.970186
0.702218	2.334096	3.071023	3.826315	4.734569	4.489482	4.587251	-0.129092	0.814626	5.900220
0.537982	0.683092	2.835727	-0.101295	0.795534	0.221301	0.459779	1.044208	2.508734	2.923509
1.754831	-1.883057	-1.146395	-4.298290	-2.573038	-9.904445	0.388665	-2.440826	-4.002872	-2.254367
-0.770032	-1.912578	-0.452571	-3.559269	-4.351457	-0.904970	-0.877695	-2.892392	-3.835316	-4.325428
-0.947602	-1.350795	1.900475	-4.254929	-2.753135	-2.836987	-0.553505	-2.762391	-2.681322	-3.372896
-1.449775	-1.040335	-1.168882	2.845536	1.747423	2.310793	2.392636	3.648876	1.364889	0.893514
-0.240346	2.987777	-0.592066	-0.642468	1.137108	2.159058	-0.290472	4.116910	6.341692	2.977881
-0.090811	3.725717	2.034601	0.280967	2.474917	5.706898	0.025774	3.424709	3.162568	3.606291
-1.203568	0.006961	0.229398	2.549253	2.248845	2.747302	3.267677	-0.153026	3.729694	1.810927
-1.495611	-1.050914	0.071205	2.748501	1.437690	-3.943739	2.617942	-2.462296	-0.043251	0.290375
-0.316138	2.118469	3.002403	1.747825	1.025053	-1.395234	-0.119523	0.320697	-0.305985	-0.328781
-0.590345	1.307586	4.205073	3.690540	1.461434	4.116409	0.125389	0.270154	3.403371	2.128447
0.140772	2.658517	2.688299	6.136462	4.244836	3.881282	0.044188	-0.607827	3.018598	1.699746
-2.077285	2.535240	0.698066	1.302412	3.585662	2.026877	0.490884	-1.031547	0.165777	-1.352995
-0.197113	0.841934	-2.441242	-2.794293	2.950117	2.815689	-1.547310	-1.510606	-2.846509	2.545712
-0.873008	-2.754421	-5.080038	-0.057329	-0.135492	-5.106389	-4.834381	-1.933907	-3.344178	-2.659242
2.036532	-0.312445	-0.445534	-0.218876	-2.907557	4.099338	-2.235714	3.103650	-1.049347	-1.336066
6.763709	-0.484457	0.630058	-0.765809	-0.865970	-1.035036	-0.764994	0.998162	0.686169	-1.081970
2.548526	1.411625	0.925328	3.026398	0.434779	2.195585	3.130097	-1.482171	0.432554	3.043440
-1.355215	0.693282	-0.191633	0.633470	-0.489999	0.981596	2.783077	-1.851552	-0.132308	1.583756
-1.341112	-2.894802	-0.543234	-4.321365	-2.204592	-7.086205	-0.035035	-0.648283	-3.315330	-1.974429
-1.061163	1.513554	4.631818	2.014322	3.093313	3.800578	4.970582	0.481935	3.323473	3.639981
0.784234	2.556035	3.098717	-0.671441	1.599531	4.430043	1.398547	-1.101000	2.535189	3.629680
0.616781	0.903225	-0.701642	-2.201424	-0.883825	-5.266814	-2.010416	2.064409	-1.236795	1.484164
0.271779	0.977608	-1.106364	-1.818895	-2.185738	-2.516895	-1.443985	4.933060	2.567909	-1.355771
-0.504071	-0.216130	0.031849	-3.766822	-3.728693	-1.718400	-1.794536	0.364350	1.269590	-2.448427
-0.629768	-3.750703	-2.553807	-1.811375	-3.806672	-6.412631	-3.059544	-3.413523	-2.751663	-3.736508
-0.784510	-4.341126	-5.936633	-4.464319	-3.946259	-4.730290	-3.253386	-4.522661	-7.403059	-5.628614
-2.857096	-1.329212	-2.029029	-2.689422	-3.505135	-2.803676	-3.402334	-0.771268	-3.782908	-3.332349
1.010974	3.836026	3.942804	-0.730751	-1.116281	-0.934290	-3.205964	2.280154	0.030781	-1.606611
0.294901	3.180476	2.333266	-2.913271	0.894419	4.116468	-0.128448	-3.022498	-0.746399	1.733298
-1.019314	1.027727	0.390161	-2.578950	-2.296413	-0.379202	-1.430360	-1.580628	0.959243	-0.459421
-1.968272	0.131965	-4.512511	-3.266852	-3.071860	-1.129799	-2.598772	0.899162	2.555402	-1.442169
-1.847572	-3.126519	-1.707047	-2.064445	-2.148202	0.647777	-0.339557	3.564669	4.615871	-0.680543
4.014187	0.079463	-1.403242	0.908107	-1.517920	2.076328	-2.783887	3.535089	-0.149756	-0.145842
2.464703	1.555001	-0.451394	-1.188864	0.596805	1.170155	-3.410935	2.973120	0.182117	-1.805366
0.513378	4.169685	1.570603	0.611075	0.921493	-1.074242	1.936728	0.680056	0.106284	-0.511311
0.076611	3.871806	4.020053	0.981658	3.278663	3.001341	-0.148370	0.049796	3.730644	0.898224
0.327000	1.125053	3.548761	-1.515782	0.792833	-2.722296	-1.540403	0.299635	2.518691	-0.859257
2.615347	3.865517	2.015735	4.733586	3.900122	3.965049	1.096758	3.820471	3.120124	3.771248
1.809050	0.648991	-0.592622	0.105994	1.427047	1.179479	0.564940	2.281998	4.085341	0.323042
-1.279692	-1.598236	-1.535801	-3.459027	-1.470573	1.649596	-0.748530	1.336714	1.994740	2.547129
-0.997779	-3.679371	-5.735697	-2.280447	-0.314721	3.029902	-1.120025	-6.087085	-1.677780	3.137312
-1.404912	-4.834522	-2.940402	-0.574637	-2.730280	3.112599	0.497181	-2.760604	-6.389220	2.153995
-1.529793	-2.119698	-0.016110	-2.238667	-0.237536	1.603191	3.844215	2.103454	-4.023879	3.669382
-2.311223	1.005393	-0.981613	-2.742310	-2.650671	-2.112921	0.128401	1.053885	0.361643	-1.089423
-0.379503	-0.789256	-2.897005	-1.403340	-1.342772	-2.364333	-2.633136	0.067685	0.554847	-3.562517
0.501365	-2.842252	-2.184478	-0.521631	-2.455425	0.993457	-0.535771	-1.897751	-0.727365	-1.017895
-0.493720	-1.730305	1.785975	-3.051158	-3.341516	-7.868949	-2.359180	-5.329527	-5.324592	-2.645954
0.241941	-2.851220	-3.117138	-2.465997	-2.452634	-5.429546	-5.040141	-3.223246	-5.467232	-5.614589
-0.603956	-2.598605	-1.142512	3.279775	0.462134	2.944567	-0.077531	2.943485	-0.350882	-0.760295
4.158789	2.290232	3.469862	0.216277	0.235298	1.221194	1.585270	2.351264	0.711961	1.918529
5.757973	3.922984	1.859689	4.072332	1.725167	1.902738	2.089484	5.008285	1.328100	2.725090
1.395595	2.400544	1.048277	2.243857	3.090450	3.247501	1.644530	0.621343	4.700738	1.350890
-0.654749	0.803805	-0.368268	5.058671	4.309954	0.010586	1.835127	1.222934	0.346380	-0.253066
0.641439	2.256359	-0.161840	3.494489	2.485387	-0.253905	1.194193	-1.177047	-0.917471	-0.285076
-0.255642	-0.348301	-2.660734	-0.176072	0.414154	-3.922867	-1.322454	-1.569705	-0.615811	-2.048035
-0.798397	-4.105782	-2.804344	-0.601800	-1.963741	-3.941699	-1.143099	-1.394845	-3.157134	-3.313340
0.501473	3.754209	2.312636	4.193820	1.922606	2.612603	-0.642127	6.070726	3.535563	-0.085889
-0.874737	1.424863	2.549210	3.605198	4.065798	3.790540	2.932077	0.170105	1.340285	2.928323
-0.838928	2.156374	1.977982	2.169044	3.226937	1.491915	3.055126	-0.336416	2.857438	4.087797
-1.444703	-1.061565	0.298756	2.930367	3.721121	1.606032	1.997831	0.031260	0.273025	1.809536
-1.398168	0.911038	1.691136	5.231975	2.962852	3.396091	0.317305	3.814025	4.213353	0.856043
1.412576	-0.070426	1.964826	4.363074	4.528028	3.542895	2.214558	0.923574	3.283925	2.755019
0.481924	2.471338	2.973327	-0.020131	2.572145	0.186846	4.043398	-4.349000	-1.569053	2.361066
-1.549727	1.988421	3.329943	-3.514835	-0.543599	-0.842453	3.849633	-3.708403	-6.279777	3.822387
-0.704682	-3.427085	-2.903725	-2.316137	-2.252110	-3.532602	-1.874628	-1.404541	-4.358741	-3.479919
-1.458644	-4.099387	-4.746376	-1.838533	-3.062592	-4.427898	-0.913180	-1.423821	0.560960	-3.531350
0.288583	-1.047193	-1.022708	1.799875	-1.465851	-1.221039	0.322683	0.007550	-1.246970	-3.636304
0.366693	-1.104110	-0.982921	2.030488	-3.499996	-1.481826	-1.099335	-1.959335	-1.856127	-3.076883
1.114683	-0.252646	-1.866316	2.929203	5.709166	3.508545	1.094868	2.585917	0.578693	0.564615
3.111048	2.576291	3.127509	1.306819	0.679826	0.730472	-1.196203	0.412699	0.679696	0.610389
2.419883	3.164993	4.391551	-4.707269	-3.649225	-3.264442	1.932053	-2.613197	-3.152215	-1.156861
-0.953517	1.526353	1.327610	-3.564565	-1.161498	-3.708896	1.077335	-3.198179	-3.558237	-0.666536
0.464643	1.508563	-3.009917	4.598126	2.629496	4.167508	0.643946	-0.433354	1.531034	2.741964
-0.934942	0.403016	2.226470	0.744597	3.407946	4.393872	-1.576418	3.114070	5.430401	3.016737
-1.331978	1.233204	-0.232333	-5.756159	-2.418861	-6.004404	-0.472856	2.977584	3.261567	0.136681
-1.350169	1.603620	4.277273	-3.012550	-2.901337	-2.117121	-3.100471	0.947280	2.152335	-1.985505
-1.893623	-0.917843	0.990382	-0.164584	-2.977495	-2.709979	-1.650167	-2.971950	-2.811194	-4.411823
-0.059643	-1.691093	0.132093	1.757230	-2.042750	-2.243578	1.110554	-3.361914	-3.642718	-0.798176
-0.303437	1.619265	2.469602	3.664181	3.010286	2.258380	0.445187	-0.108621	0.657065	-0.891365
-1.025809	2.919521	0.744203	2.157160	2.866697	3.429695	1.105327	2.094220	4.531556	2.150207
2.460533	2.132072	1.199694	1.185657	3.793670	2.708165	0.478570	6.749301	4.185656	1.894737
0.363585	-1.425091	-0.962030	-0.841741	-0.718410	-6.223110	0.171710	-3.904187	-0.051236	-2.951378
-2.178760	-2.206274	-1.929975	-2.456445	-0.828358	-1.059434	0.653540	-5.689054	-2.947619	-3.259641
-2.062909	-4.936881	-2.999844	-2.522065	-2.822789	-3.249406	0.854654	-0.466006	-2.345894	-2.864955
0.522733	-1.025020	0.854456	-1.162115	-2.147717	3.678670	2.704247	2.814845	-2.528062	3.547676
4.627260	1.786505	3.153821	0.274793	0.434543	4.061793	2.488809	6.820993	3.578575	3.741450
1.514464	1.645888	-2.704855	-1.489152	-0.879224	-0.040639	1.206536	2.421128	5.287516	3.274063
-0.858359	-0.101476	-3.795477	0.080037	2.236768	-0.441330	-0.351082	-3.600458	1.046558	3.242511
-2.808717	1.819010	0.548049	-1.758053	3.545605	0.620518	-3.649050	0.313826	-0.988302	-0.591708
-1.078515	2.604939	1.939318	1.728766	0.493473	3.870703	-1.487178	3.231273	3.860333	0.827702
1.498040	0.407209	1.699925	5.200083	1.959358	4.502721	1.361629	3.232173	5.457660	2.767337
2.005443	1.486116	1.401763	1.569283	-0.069352	2.068670	0.425761	5.734419	1.619174	1.291394
0.791587	0.864957	-0.090773	-3.334943	-2.556469	1.348247	2.927913	-2.591496	-2.660429	1.837971
1.043967	-3.630573	-1.927488	0.373991	-2.350807	-1.098153	-0.299523	0.625720	-3.122155	-2.375935
3.953276	-0.302775	0.532512	0.981575	0.539123	-0.393031	-1.732855	0.829459	0.464392	0.374372
1.529011	-0.160452	2.261622	1.736597	2.012612	3.645809	1.632211	-0.182684	0.164006	2.329491
2.974064	-0.012307	0.327936	2.054246	0.444947	2.468263	0.716068	4.114583	2.749579	0.446918
1.393230	-1.497840	-4.588550	-3.298987	-1.462479	-6.459572	-2.544090	-4.047546	-0.483793	0.231752
-0.451094	-5.917155	-3.654242	-1.754114	-1.522475	-3.416300	-0.445369	-6.761976	-5.397918	-2.064409
-0.633815	-3.081751	-2.203944	-2.811944	-5.578251	0.658677	-2.386176	1.240787	-1.581003	-1.161966
-0.777236	1.456069	0.646438	1.447215	-0.241213	3.669355	-1.334414	4.234338	2.840244	1.634180
-2.718763	-0.502095	-0.487801	-0.181048	0.761934	2.997530	1.478811	2.231073	1.132514	1.070126
-1.033399	-2.827044	-0.143064	-2.426139	-2.782018	1.165200	0.279894	-3.075413	-2.739199	2.559375
-1.424247	-2.352379	-1.991257	-0.723767	-3.874173	-0.582940	-1.443169	0.119977	2.966495	-0.254376
-0.511913	-3.658500	-3.343184	-3.039138	-2.016234	-3.351791	-4.103281	-3.325660	1.492688	-4.459826
-0.675498	-2.195808	1.784551	0.104740	-1.441805	-0.400358	-3.560644	-2.949527	-5.501629	-4.269773
-1.263806	2.233798	0.782244	2.816362	1.974313	2.953357	1.018537	-0.978526	0.032233	0.610182
0.628460	2.943417	2.857689	-1.713478	-1.893483	2.154452	2.240761	-1.223059	2.269167	1.551443
-2.295301	2.982948	-0.659615	-0.401185	0.415308	-6.586577	-0.532074	-2.765426	-2.149539	-0.703290
-1.935592	0.061892	0.049625	2.729037	2.364086	-0.479832	-1.014468	-1.552630	-1.302294	-2.108014
-2.051215	-3.747752	-2.286493	-2.248616	-0.961248	-4.198115	-1.438823	-2.415868	-2.882808	-4.443426
2.317129	0.034116	-1.208374	-0.107047	-1.474892	2.596772	0.183261	0.407057	-0.066091	-0.556623
3.676139	-0.690906	1.347078	1.007540	1.518757	2.173426	1.367184	2.336349	3.042946	0.139898
-0.168785	2.518183	2.440560	-5.589656	-0.911097	-1.358554	2.554047	0.075106	4.458893	1.766142
0.238654	1.570081	-0.164333	-0.561538	-1.342350	-1.447670	-2.763048	1.229733	3.729539	-0.850087
-2.218642	-0.435314	-2.697605	2.182594	0.430203	-0.053623	-0.795001	1.309529	1.792074	-2.000884
0.000427	0.251298	-2.333560	0.404638	0.870867	-1.742814	-0.184310	-4.884801	-2.615915	-1.759245
0.504460	-0.749085	-3.276802	-0.190706	-2.242850	-3.978044	-2.026572	-2.455155	-4.339236	-3.471964
-0.615542	0.494333	-0.752035	4.880663	0.670458	1.359085	0.010715	-0.730331	-1.359602	-0.447534
-1.841978	2.583350	1.464935	-1.961756	0.443799	-2.105725	-0.027546	-2.349823	-2.852423	-3.177951
-1.311746	3.866964	0.048304	1.435938	1.005081	-2.541277	-1.950552	0.465171	-2.627611	-1.301308
-0.605447	3.198670	2.474367	0.794146	-0.110588	-0.819669	-1.883899	2.599956	2.554124	-0.740599
-1.219377	2.075464	5.659319	-1.267429	0.576701	-5.178903	2.200215	-1.071064	1.057171	1.121683
-0.774437	0.533842	1.214655	-1.752987	0.661959	0.919624	3.371995	-2.820084	1.954518	1.224046
-2.430824	0.209098	4.023969	-1.658725	1.675893	2.191911	3.377144	-2.460399	0.121755	4.126394
0.660663	-3.258973	-0.681445	-2.520241	-1.999684	-2.273941	-0.957033	-3.838306	-5.859229	1.033237
-1.411274	-4.682677	-8.015192	2.274867	-2.399663	-1.917132	-2.395733	-2.464897	-1.838946	-1.409021
-0.437532	-1.671622	-0.251779	-0.041597	-0.425334	2.466442	1.788849	-2.155470	-0.127905	1.368430
-0.747611	-0.585515	-0.405913	-2.465632	-2.672086	0.581880	1.954715	-1.623018	-4.096218	0.418494
3.020091	-0.028363	0.469301	4.788367	1.283192	5.245584	0.663772	1.484664	1.137405	0.646380
0.131177	0.976324	2.362354	1.630803	0.032911	2.001456	2.015421	-0.485820	-1.253747	2.507794
-0.797853	3.572637	1.597439	-4.064922	-3.570619	-2.824601	-0.163233	3.435536	-0.725584	0.770343
2.689004	0.751967	1.441750	2.681797	4.496114	4.424214	0.942614	7.300236	4.641783	1.584132
2.066049	3.480804	2.365678	1.879262	4.108421	1.797503	-0.699535	2.248486	3.544845	1.661768
-1.551717	-0.616464	2.164816	-2.350722	-0.593388	-1.125930	1.153823	0.212189	-2.855107	-0.663342
-1.619594	1.807553	2.010255	0.480448	2.905799	0.952317	3.766292	4.053751	0.459215	2.624206
-2.048579	2.104143	1.987687	-0.664125	0.997190	-3.956754	0.646574	2.489376	1.668603	-1.848582
-0.189073	0.171994	-2.910595	-1.123136	-2.099602	-1.784139	-3.172928	1.967567	1.764348	-3.669802
3.434825	-1.985707	-3.985701	0.295818	-1.530768	0.333765	-2.453712	0.632530	0.958041	-1.327448
1.517615	-1.891772	-1.556638	-2.131459	-2.579798	-1.730639	-0.644776	0.115366	-1.973527	-3.654217
1.887596	-1.187814	0.666884	2.143837	-0.419582	1.802952	0.887782	2.431681	2.112036	1.319495
-1.156831	0.852953	3.586058	4.685509	3.870890	4.594743	4.148263	4.275877	4.448022	4.262491
-0.001068	2.129217	0.805475	-0.345839	-0.433475	1.247636	0.922769	-0.830443	4.240623	1.396775
1.491984	0.630962	-2.329272	1.138497	3.366434	3.229236	-1.602300	-0.703976	-1.986367	0.193848
-1.492376	1.568277	2.142007	2.643621	3.350325	1.879846	-1.015143	-0.578219	1.253044	3.413212
-0.558351	-3.436253	-2.952095	-1.588764	0.868906	-0.679229	-1.879660	-2.303870	-3.211149	0.867868
-1.013641	-0.899041	-2.574786	-4.619654	-1.750415	1.137015	-2.332452	-2.846125	1.062548	3.228517
-1.003451	3.359300	2.347229	-1.546844	-1.019830	2.203981	-2.615319	4.113016	0.210328	0.121160
0.926918	0.875056	0.566240	1.646167	-0.462432	0.012774	1.475940	-0.764844	-1.847511	0.596596
1.742163	1.931314	3.095544	0.982385	0.235985	1.315799	2.852721	1.508396	-0.443575	2.216825
4.387479	1.597063	2.379432	1.203713	0.321529	0.706360	3.233325	1.252940	0.570132	1.074344
4.981364	-1.756610	-3.529400	0.569555	0.726405	1.466161	-2.493051	2.472589	-0.908791	-0.572447
3.318313	-2.797016	-3.763356	-0.340885	-1.447780	-2.306092	-1.818207	-0.168556	-0.415148	0.151549
0.259422	-0.637067	-0.776741	4.955195	2.800879	2.265304	0.016153	-1.382993	-0.701140	2.018730
-1.679513	1.246227	1.553742	1.123601	2.532487	2.291156	1.449629	1.922981	2.528432	0.069891
-2.644497	-0.209143	-0.828511	-3.656764	-1.920750	-4.023534	0.052217	2.869767	4.087368	-0.347769
-0.042533	-1.901587	-2.135300	1.586904	-0.925927	-3.172359	-1.130585	-1.231932	-0.467432	-2.881056
-0.498929	-4.108212	-0.950126	-4.604691	-3.083541	-0.126116	1.386821	-5.100613	-5.588567	0.146726
-0.925187	-0.717426	-0.614791	-2.368845	-2.937488	-3.887998	0.175532	-1.654475	-5.515635	-0.941227
1.817987	3.993265	3.205408	1.665647	-0.068462	2.130298	2.704846	3.283185	-0.101232	1.156079
3.430388	-3.170545	-1.153229	-2.668513	-1.090461	-4.462623	-1.745140	-1.627029	-1.593855	-1.127461
0.207512	-4.958559	-5.377398	-1.937018	0.330019	-5.054355	-0.349229	-4.314813	-3.016000	-1.981453
-1.271248	-3.360881	-0.242096	-4.371266	-2.092718	-0.491894	2.530577	-3.665965	-3.029962	1.852598
-2.270394	-3.140513	-3.082617	1.414149	1.002030	4.056564	-1.264724	-1.777980	-0.975534	2.097585
0.134568	0.588844	0.286244	3.262131	3.382366	2.212825	0.648965	2.546947	0.221790	2.705901
-1.233765	3.224590	1.065194	6.945985	5.782494	2.315693	1.671643	3.434921	3.030518	1.463241
-2.501198	2.493627	2.102441	2.318715	1.683915	2.342471	2.694806	2.830247	3.833858	0.828897
-1.651035	-0.232443	-0.461906	-6.138873	-3.191167	-4.312335	2.619254	-0.386169	-1.875380	-0.646737
-1.983878	-3.433416	-1.388336	-2.593175	-4.348251	-8.634122	2.807885	-4.980721	-4.250786	-3.618869
-0.656531	-3.718286	-3.816938	-2.016485	-3.090433	-4.969886	-2.470103	-4.087101	-4.292149	-5.477705
-1.444696	-6.616647	-4.327599	-2.002598	-2.425112	-5.972423	-3.030710	-0.992102	-0.630959	-7.162952
-0.682074	-3.312592	-2.246806	-0.875010	-0.612385	0.473070	-0.604038	-2.281016	-1.513101	-1.601617
-0.534468	0.206289	-0.305045	-0.375913	1.280849	2.422697	-1.605786	-1.197535	2.965235	0.472692
-0.916078	3.164005	1.905600	-3.705704	-1.145807	1.525860	-2.046454	-0.931850	0.972765	2.495470
0.011396	1.540267	1.929046	2.314923	-0.466751	-1.657438	-1.387043	-1.110252	-3.487197	-1.662492
-0.285346	0.589689	-0.482491	3.176575	2.681819	2.971305	-0.050052	-0.029830	-0.289038	2.107201
-1.475403	-1.034016	-4.172390	-1.642942	1.149605	0.815392	-0.794180	-3.559275	-2.741540	-0.638959
-2.660672	-2.291233	-2.475934	-0.089024	0.697209	1.878523	-1.709824	-0.546676	1.600411	-1.654577
-1.200552	0.868754	2.220498	5.385736	3.935733	2.112900	-0.245685	-0.155922	1.595932	0.910940
-0.270039	-0.030939	0.553926	0.424443	0.717178	0.472123	0.944542	-2.523001	0.176341	0.857285
0.949372	0.237407	-0.109828	0.849005	-2.233252	0.772494	-1.423343	4.966198	-2.138047	1.325853
5.738983	2.413511	3.188259	1.424827	0.094144	1.964811	1.291665	3.682886	1.479587	0.868038
0.692303	1.021992	-0.750992	0.845515	2.482867	4.130775	0.061567	-0.390323	2.485460	-0.146166
-1.036464	-0.473430	-1.760856	-0.738824	2.664621	2.760983	-1.462932	4.314981	4.188990	-0.323664
1.893589	0.108069	-0.576211	2.923415	1.472908	1.497036	-1.140728	3.799613	0.520796	-0.675161
2.250572	2.701109	1.448867	2.338938	1.506128	3.065231	3.227883	2.957982	2.094294	1.999438
1.290492	0.109113	1.303403	0.654853	3.654886	0.849365	2.161806	-2.145597	-0.443696	1.559828
-0.614341	-2.468696	-3.923778	-0.172335	-1.980518	-1.393365	-1.524655	-1.869814	-1.612757	1.459004
-1.836517	0.441507	3.815546	-3.434219	-3.079780	1.790139	-3.708095	3.799245	-1.179471	-1.833737
0.149075	-0.169954	5.248703	-3.554094	-3.740800	2.557271	-1.762409	0.104490	-0.883021	2.671801
-0.212554	-2.728255	-3.907786	-1.381454	-2.090873	0.614028	-2.980490	-3.971467	-3.059388	0.885313
-0.941390	-2.311671	-4.095394	1.594908	1.700302	-0.778195	0.885167	-1.820216	-0.886157	-1.586303
-1.501223	0.287823	2.135002	2.435398	1.339927	-1.564604	0.002767	-2.503644	0.485091	-1.884552
-0.962137	1.379752	1.796326	0.398522	-0.400596	-0.718705	-1.307684	0.616656	1.822670	-1.076835
-1.068420	0.649842	3.209501	-4.718716	-1.626563	0.959697	-0.344480	1.385195	2.667097	-0.726257
-1.645256	-1.839982	1.063751	-1.500408	-3.902072	-4.949906	-2.179014	-2.296318	0.273188	-2.029418
-0.191132	-1.632496	-3.758802	0.707851	-3.247222	-5.806520	1.485018	-3.334876	-4.032145	-4.926622
-2.046931	-0.006074	1.295964	1.092266	-2.245709	2.956546	2.378323	-0.475671	-4.087985	2.534729
-0.527739	1.770509	0.016871	4.393143	5.010068	3.914086	1.913607	0.847402	0.797979	3.927333
-0.785439	0.012775	-1.243762	2.641787	4.096713	4.490092	1.174274	0.269050	2.294860	2.617189
2.110283	1.509550	-0.758314	3.114104	4.199728	4.733054	1.827231	3.899376	3.623870	1.109996
1.806745	1.926756	2.638733	1.119997	1.473315	2.509564	-1.192118	3.772884	4.114121	3.586651
-0.535138	0.485617	2.046397	-3.587228	-2.194624	-4.582586	1.031532	-0.745923	-0.333578	0.321055
-1.107050	0.118354	1.095496	0.136435	-0.736885	1.482896	3.154487	-3.206545	-3.194018	0.642705
-1.250675	0.696489	-0.152854	2.985588	0.369233	0.553199	4.584949	1.330818	1.702209	2.542202
-1.232797	-0.880256	0.856061	-0.748862	-1.011768	-0.141185	2.788722	3.320566	0.573712	0.157946
-0.819200	1.192737	-3.617745	-5.358713	-2.551584	-3.913165	-0.028790	3.694797	0.593797	-0.928165
-2.496770	3.374688	1.315440	-3.042260	-2.737013	-7.905249	-5.706283	1.303905	-2.269431	-6.284831
-2.648592	-0.596184	2.714530	-2.613199	-0.912253	-0.535747	-2.164957	-0.360212	-2.326366	-5.120950
-1.390351	1.705237	1.256432	-0.785827	-2.374602	2.314933	-2.306910	3.741538	0.910294	-0.460224
2.419166	3.570768	2.972058	3.317260	2.315842	3.990782	2.175761	5.784549	6.013054	1.245149
4.256873	2.524925	2.921515	4.219465	5.492683	2.300993	4.894255	1.594113	5.017215	2.065869
1.562282	-0.332379	-1.398591	-1.863409	1.458921	-1.036743	-0.379227	-0.708882	3.156278	1.396336
-1.720295	-4.310129	-4.049654	-4.551259	-3.032140	-8.289933	-1.246987	-1.845444	-0.233756	-2.052847
-1.002447	-2.966715	2.534430	2.182317	3.438001	0.997617	-0.778625	-1.761387	-1.227388	-3.158081
-0.722963	1.339376	5.168363	3.022222	2.657247	2.153399	2.270456	1.213676	-0.243519	0.419635
2.809664	4.492953	4.993549	4.638257	3.622199	3.193808	3.703653	2.503931	3.405450	3.158704
4.219445	2.709224	2.418886	2.847826	0.700159	4.365238	0.602964	3.174363	3.569015	1.438027
1.412286	-2.872803	-5.466325	-5.650572	-0.478670	-11.205416	-2.373917	-4.567844	-0.257527	-1.297395
0.341793	-1.955321	-2.403686	2.439067	-0.892187	-0.292757	-2.706295	-2.611509	-5.665480	-0.564360
-0.490929	1.230374	0.523598	3.819142	1.298610	1.808310	1.680226	-0.308848	1.483053	1.925034
3.923726	1.240987	1.693625	0.733856	-0.661077	1.584884	-1.203162	5.344619	2.913465	0.039089
4.363159	-1.146579	-0.171412	0.073607	0.397653	1.310561	-1.311566	1.491372	1.151852	1.609307
4.167772	2.110776	0.002082	2.327398	2.611002	3.410742	3.607306	2.649090	0.892808	1.311791
2.141767	2.727053	2.686798	-1.586972	0.792671	0.440324	1.971347	3.445053	2.132726	0.664143
-1.278058	1.581152	2.576328	-2.857502	0.693861	-0.943890	1.282145	1.935039	0.408401	-0.227336
-1.922104	0.066770	0.286063	-0.852694	-1.113926	-6.502600	-2.568508	-6.145473	-1.159275	-1.733441
-1.205175	-0.625396	2.416893	-3.415648	-2.668689	-8.481604	-2.746123	-2.737107	-6.059008	-6.787170
0.737126	-2.220150	-2.497694	-0.253865	-0.797728	1.149202	-1.868211	1.229015	-0.806504	-4.125821
0.633493	-2.774197	-3.388010	-1.636645	-3.048442	0.828721	-2.083186	-0.814830	-0.092472	-2.513391
3.038019	2.921756	-0.724868	1.171209	-2.093429	0.665158	-1.122557	-0.180665	-2.602417	-0.370676
3.336897	3.157301	3.535818	1.986596	0.963409	3.093019	3.398260	0.812887	-1.032646	3.620726
1.226518	0.377730	0.007935	-4.898985	-2.340226	-2.384791	4.331953	-0.225296	1.080634	1.231918
-1.776229	0.186834	-1.066133	-3.395538	-4.337534	3.122537	2.174108	1.140862	4.143517	1.137605
0.575647	-1.225499	-2.020801	-1.042864	-3.811617	-1.243589	-3.808590	-2.112461	1.769696	1.630288
-2.943668	-1.362181	2.467014	0.708434	0.691727	0.948039	0.777945	-1.170387	-3.101635	2.120472
-1.078285	1.261377	3.098396	0.165253	-1.107304	-0.167169	0.872698	-1.928937	-5.892480	2.433359
0.443680	2.545961	2.057327	-0.606211	-1.728012	-2.481803	-0.481747	-0.080034	-2.652246	-4.595247
-1.106387	2.784556	-0.291009	4.608639	2.099304	2.142249	1.248595	-2.068997	1.002464	-0.331542
-1.375802	2.764748	0.206868	4.346999	3.941441	1.795799	3.791609	-0.205547	2.849045	-0.247623
0.171219	-1.726781	1.856442	4.560565	3.151098	1.098757	0.450877	0.444297	0.492392	0.556113
-2.464240	0.337854	-0.447707	2.371233	0.964872	-4.165362	-1.330015	-0.933084	-1.562396	0.034669
2.507501	2.605335	-0.437298	4.607399	4.980361	5.787555	2.644316	5.581094	5.453976	4.591549
2.107025	1.775243	2.223150	2.297156	4.200463	4.062321	0.569755	1.635412	6.827006	4.193557
2.799313	1.125759	-2.928482	-3.065899	-0.603027	-5.761649	-1.369614	0.484856	3.122494	2.186795
2.461947	3.946764	1.332887	3.880028	2.475089	3.686559	-0.621707	1.217811	2.626637	1.285868
1.356006	-0.463963	1.080636	-0.476969	2.440306	-0.147340	1.348160	-3.831838	-2.179565	-0.432123
-0.447129	-2.326241	-0.088654	-2.377195	2.856320	-6.778231	-0.521228	-4.147303	-2.870212	-4.277473
-1.102979	-4.832294	-3.141702	-3.268456	-2.599074	-2.762799	-2.605086	-1.357795	-2.727904	-4.259379
-0.531162	-3.599441	-4.488629	-1.895860	-1.240380	-1.616530	-2.541027	-0.952025	-4.131339	-1.827039
-1.248399	0.372193	2.468645	0.751989	-2.185205	-4.048407	3.028432	-3.496202	-2.911017	-1.295149
0.739589	3.208387	3.190801	2.820282	-0.885655	-3.364417	1.031379	-3.172734	-2.289136	-2.267306
0.056584	0.076618	-4.970382	-0.623886	-1.724735	-1.399143	-1.219900	-2.805029	-1.640592	-3.229208
-0.206135	-3.825338	-5.668323	-0.645323	-0.381654	0.523128	-2.907817	-1.851491	-2.102784	-0.618252
-1.232586	-5.097705	-3.646943	-1.592237	0.596982	1.272911	-0.624585	-2.689526	-3.502608	0.426266
0.496611	-3.130006	-4.229960	0.187766	-2.944336	3.477420	-0.765216	0.548963	-2.768261	1.484246
0.864538	1.516335	-1.055995	0.356678	1.413885	1.824068	-1.489920	3.157775	0.639062	1.611593
-1.027624	1.664093	0.540832	2.872091	2.626835	-0.233032	2.484991	-0.754793	1.361964	1.552708
-2.019091	-1.269856	-3.911398	-2.899803	0.208305	-2.433567	-1.345490	-4.300740	-1.382351	-3.587507
-1.328981	-2.822437	-0.125304	-4.451812	-2.898214	2.381176	-1.792275	-4.032064	-3.681378	2.120552
0.416690	-0.540873	3.618394	1.085455	-1.289532	4.901106	-0.668569	-3.025764	-2.935312	4.613885
-0.819592	-1.162590	0.736877	-0.175109	1.183839	1.149134	-1.359282	-0.968737	-1.188549	1.876996
-0.606944	-0.553210	-1.154973	0.276386	1.673689	2.610771	-0.182720	2.035123	2.093315	0.187385
0.615921	1.358240	1.087124	-1.693167	-1.858393	-1.644275	-3.766888	0.698120	6.418786	-1.161445
-1.823909	3.012539	4.098950	-3.187177	-4.470419	-1.535097	-1.935892	0.080060	0.789468	-1.413192
-1.723848	2.813061	2.549586	-1.168354	-1.492001	0.730414	-1.562536	-0.227150	1.562464	-1.203355
-3.908205	1.895784	3.021115	1.860095	0.565148	3.592863	-2.943022	2.295999	4.260080	2.178667
-1.689792	-0.044015	0.625118	-0.740840	3.724316	3.568655	0.009145	-0.439886	2.659620	1.728777
0.301582	-0.742759	1.936978	0.298832	-0.496011	3.298895	-0.450734	4.027706	-2.128715	1.996176
4.436709	3.087631	4.708478	5.453503	2.516355	2.917984	0.582238	4.929384	2.839781	1.699964
1.045283	0.299532	1.005100	3.144863	2.882500	-0.639873	2.743761	-1.454341	3.035709	0.799345
-3.144904	0.607924	-2.757472	2.249004	3.171310	-0.328878	0.604537	-2.335059	-3.013827	1.569417
-1.450557	-0.113214	-0.526854	-2.585883	0.343071	-1.741829	-0.245333	-1.496456	-2.018227	-0.602916
-1.475679	-1.287200	1.419038	2.331093	2.101969	3.543571	2.067653	0.416578	-0.079189	1.594145
-2.072574	3.164646	2.633789	1.059122	3.020291	-1.552379	2.399897	-1.151743	0.673689	-1.002198
-0.267845	3.463407	2.931582	0.852797	5.384122	-0.201584	2.019705	0.340093	-1.644995	-1.118844
0.230809	0.458964	1.841105	-1.319292	0.433947	0.424653	-0.232720	0.925300	2.672260	-1.079392
0.215485	2.621103	0.519042	-3.164853	-2.981447	-2.810975	-1.898673	-1.932409	-2.301447	-3.197742
-0.604314	-0.344692	-2.542319	-0.505895	-1.995674	2.511626	-2.527549	1.849779	5.201781	-0.899892
-1.159087	-0.629235	-3.363192	-2.163926	-0.064448	2.095547	-1.522039	1.585978	4.657842	1.560558
-0.770632	-3.360839	-1.837388	-1.642055	-3.447584	-0.273420	-2.255739	1.562802	-0.847366	-0.982992
-0.465146	-0.660916	-1.425020	0.258411	-0.382494	2.316615	-1.339740	3.909766	7.180451	-0.367440
-0.862424	-2.195576	-1.716198	-2.876137	-2.245893	0.993541	-0.972935	2.575782	2.356089	0.607213
-1.251361	-2.471730	-3.670132	-1.658307	-4.002492	2.460546	-1.139415	1.418264	3.438543	-0.077031
2.005548	-2.044485	1.102268	1.523294	0.096194	6.018518	-0.706471	4.229326	4.272107	1.854727
0.724710	2.310253	0.711493	4.458758	-0.240846	4.202841	1.943005	2.763982	4.654273	3.570887
0.691532	1.663476	1.641235	4.084278	1.669675	0.224603	1.503624	-1.620455	1.097335	2.580149
0.748221	2.443881	3.640389	2.785947	3.107046	-1.497413	4.642594	-2.119973	-0.742718	-0.911586
-0.050615	2.154266	1.209946	-3.424342	-2.076544	-5.098722	-2.134973	-1.434157	-2.971693	-1.104419
-0.334867	-3.412272	-4.282697	-0.030395	-1.411706	-2.770741	-1.330768	-1.878097	-4.443900	-1.744051
-0.405727	-3.950132	-0.074445	-3.055919	-1.221449	-4.685089	-1.624881	-2.339480	-3.228650	-4.402683
-0.049684	-4.794813	-5.553702	-0.599019	-2.373484	-5.321582	-2.913901	-2.063393	-2.093254	-6.461914
-1.423930	-4.083012	-4.797070	-1.041202	-1.793619	-4.067540	-2.146718	-2.357127	-3.203224	-4.282847
0.569446	-2.515825	-1.033050	2.339228	1.928237	1.077919	0.687079	0.050031	-1.228673	-0.914283
1.816854	-0.078647	1.046558	2.423265	1.376278	-1.161526	-1.358900	-0.755210	-1.068712	-1.017224
0.841403	-0.436270	3.266654	-2.316695	-0.126204	-2.709995	2.724156	-2.586639	0.803144	0.982729
-0.629096	-3.070986	-2.208561	-3.005657	-0.472816	3.232793	1.263557	-0.364247	-0.294119	1.913473
0.437667	-4.703085	-6.028583	-1.172625	-2.563061	4.613817	-0.200487	-0.779825	-6.241515	5.172805
3.453603	3.064744	3.809191	4.783198	0.787954	4.487955	2.620433	7.116835	3.938842	2.873223
3.262822	2.768012	3.120766	0.951708	2.718826	0.314086	2.724128	5.218941	3.987135	0.502022
1.778033	-0.259365	-2.217253	-0.720897	-2.155748	-3.553809	4.194407	-6.683099	-1.352651	0.858199
-3.700854	-4.348274	-3.696157	-0.168221	-1.917172	0.733446	-1.593822	-3.662680	-5.126032	1.329951
-0.994928	-1.390399	-1.254041	2.754835	-0.374245	1.866031	-1.272449	-0.107995	-1.610325	-0.732629
-1.697081	-3.128523	-1.301994	-0.294431	0.700630	-5.926075	-0.447167	-2.187140	-0.650945	-4.980646
-2.432804	2.325173	-0.791507	2.579380	1.345453	1.260007	-0.223068	-0.770608	-1.109509	-1.447304
-3.475688	-1.149293	-0.163870	-2.296734	0.945426	-1.916345	-1.811645	-1.733797	-1.340935	-1.713111
-1.464724	-1.264001	-1.876271	-4.358772	-2.497451	2.561048	1.599610	0.181798	1.034861	0.398727
-1.024707	-2.160830	-0.494997	-1.217936	-2.627776	1.363267	1.392802	-2.105222	4.246061	1.947103
-1.876127	-2.664759	-4.147836	-2.738024	-1.682446	-5.289309	-0.456763	-2.105254	-1.967351	1.244009
-0.698878	-3.607866	-3.019574	-1.144437	0.644942	3.949699	-2.177680	1.497803	-1.927093	-0.633865
-4.274255	-1.140529	-1.435495	-2.779672	-2.063407	1.471973	-1.132745	1.062450	2.003418	3.104574
0.879249	-2.150225	-3.462885	-1.669430	-3.814389	-3.280407	-1.171553	-3.376014	-2.987234	3.097315
3.052838	-0.284031	-1.102928	2.671193	-1.376498	2.873440	-1.901502	0.245811	-0.432168	0.837849
6.117618	3.481178	2.676192	5.602097	3.994670	4.580097	2.359411	5.007024	3.167801	2.561764
4.484191	2.304124	3.384993	0.450186	2.044123	4.671545	0.186988	5.511823	3.847855	4.207550
2.149561	2.031032	1.316492	-3.244137	-0.880833	-6.010832	0.337129	-2.941496	-1.852721	-0.272305
1.358230	-3.077376	0.937006	-2.670471	-2.153090	-10.117851	-0.165965	-5.264636	-5.083845	-5.030315
1.179501	1.919325	1.954253	0.828590	-2.543040	1.197072	-0.543394	4.148500	-1.193631	-4.918192
-0.872025	2.845057	2.664051	-1.850652	-1.514077	-1.280878	-2.175360	3.204306	2.605404	-0.909848
0.641652	3.460044	1.062019	-3.445992	-2.077090	1.551985	2.386337	-0.280522	1.517445	1.193701
1.044232	-2.605592	-0.536526	-1.656427	-2.790272	0.046147	2.540392	0.378609	-1.793923	1.224241
-2.387885	-2.876030	-2.780465	2.131648	3.965386	0.039294	0.609104	-0.173908	-1.063614	-0.373442
-0.581901	2.184653	0.406119	5.208238	6.169395	6.884815	3.414968	3.132522	3.630857	3.550036
1.438583	3.241577	1.555745	4.046548	5.398762	2.985099	-1.024721	5.404189	3.760977	5.526460
-1.278336	2.131061	2.511030	2.140483	2.191197	-2.283766	0.174733	4.456386	1.168832	2.364313
0.850240	2.867224	-0.951508	-3.135453	0.415910	-3.937789	-0.667477	4.240505	-0.214791	-3.136519
-1.903493	1.487985	-0.758153	-2.765854	-3.914390	-1.987378	-1.819257	-3.067465	-1.565204	1.754645
-0.154340	0.290060	-2.374888	-1.930514	-2.978693	1.408157	-2.139415	-2.355732	0.316782	0.165690
1.639095	0.866365	-4.194797	0.373472	-0.631790	2.282109	-1.939357	2.058094	4.605654	3.766299
2.335009	0.691314	0.832436	-0.424391	-1.822771	-1.457726	-2.274493	4.480102	1.218102	0.472656
-0.057106	3.402922	4.130224	3.583803	0.199573	0.873244	4.637769	0.774381	-1.087084	0.102143
0.545046	2.519199	2.048483	-0.248241	-0.441450	-0.057385	2.304220	-2.617980	-0.864914	-2.324557
-1.398642	-3.626242	-2.917975	-1.891017	-2.281730	-9.725016	-0.950351	-1.524191	-2.656197	-4.784159
1.064725	-1.335593	-5.247337	-3.059619	-3.760459	-2.026052	-3.971853	0.563135	-2.349442	-4.049680
-0.492961	1.633256	2.525708	-2.383643	-0.775128	0.234505	-3.213696	-3.037814	-2.263656	-3.089437
-1.467806	-0.710091	1.956973	3.062317	5.246670	5.178855	0.606408	-0.083148	-0.105247	1.172454
-0.610317	0.621574	1.843566	4.212665	4.204544	5.193096	0.041149	0.167520	3.759878	4.423980
-0.386501	-0.260246	2.936397	-1.895592	2.446300	-7.406470	-0.390285	-2.076023	-2.355685	-0.071777
-0.912766	2.489152	2.880974	-2.264851	-0.284454	-4.661842	0.425496	-2.969588	-3.741444	-4.753230
-1.776718	2.822568	1.842605	4.375394	1.085388	3.658082	4.411479	2.857312	3.012798	3.113906
-1.161565	0.153903	-0.731105	-1.999654	-0.550567	-2.296693	1.926153	0.386866	3.412536	-0.262480
-0.046714	-2.507545	-0.720650	-1.543991	-0.559713	-4.767864	-0.254192	-1.209738	-3.071832	-3.268303
-1.145472	0.714322	-0.060026	-1.571312	-2.052946	-0.675025	0.035031	-3.668512	-4.937610	-3.088874
-0.224245	0.906598	-0.127428	-2.986113	-2.801259	-0.340572	-1.772088	-3.521967	-3.057801	-1.592404
-1.134942	-2.594521	-1.903255	-2.145892	-0.756449	-3.871198	2.037340	-3.138916	-3.504404	-3.040203
-0.153968	1.921359	0.159496	1.370955	-1.156210	0.752606	3.804505	0.235932	-1.394322	0.918920
2.611971	2.214328	1.511425	5.060030	5.173260	3.525345	1.914896	1.880566	1.471146	2.765356
4.282367	3.071280	2.434032	3.344137	3.635765	3.718130	0.944504	1.618674	3.167901	4.709699
-0.189283	2.422202	1.486217	2.645276	4.073008	3.194270	-0.033481	0.434049	0.955643	0.742843
-1.135786	-2.953014	-1.560422	-0.082049	0.270892	2.098674	0.027134	-0.406521	-4.013926	0.862982
0.097153	-1.912981	-2.317987	-1.519938	-0.117180	-5.262547	-0.618460	-0.586844	-0.020403	-2.137086
-1.500170	1.766488	5.824719	-2.879989	-2.596208	-8.814682	-3.496870	-4.872427	-5.781185	-6.303365
-0.881659	1.165280	2.868593	2.497698	-0.128790	0.165282	0.332298	-2.112579	-1.991268	-4.022756
0.110081	0.890381	-1.213170	2.904225	0.308177	1.180555	-1.188361	-1.138108	-1.481349	-1.572159
-1.553151	-2.670923	-2.865273	2.250391	0.145892	2.182351	-0.116553	-0.894919	0.536779	1.644528
0.094741	0.733153	1.583778	-0.663404	1.361357	0.279584	0.465819	-0.043318	0.567720	-0.205792
-1.714945	-1.163206	0.379579	-2.905360	-0.397929	-1.894035	-1.863547	-3.043411	0.533880	-0.840817
-1.270611	-3.012518	1.027823	-0.490677	-2.594065	-1.099990	-1.933853	-3.022201	-3.010934	-2.588140
3.035343	1.371204	1.495405	0.048843	-1.669651	5.295032	-2.366200	4.368606	-2.629214	0.705844
3.766316	2.171042	2.412219	0.853698	1.466312	2.880946	0.922113	2.435010	3.737947	3.248144
3.200508	-0.216919	-0.823840	0.601688	1.187125	-3.061034	1.943489	1.375207	2.609857	-1.524331
0.778520	-1.502896	-3.953078	-3.237489	-2.684113	-3.158992	-2.272470	1.503396	0.496725	-1.184171
-2.229548	-1.924804	-0.817303	1.450064	-1.079604	3.755686	0.178641	-0.183923	3.548160	-0.637064
-0.289993	-0.523158	0.134682	2.484945	4.256953	3.896415	-0.134373	3.187949	1.536573	1.224302
-0.466013	2.665324	0.897971	3.351252	3.312657	0.798511	0.611496	5.196715	0.443772	0.772242
-2.655406	1.548130	-0.097143	-0.383619	-1.634594	-4.089611	0.296055	1.807777	0.816669	-1.717829
-2.095169	1.215243	2.521037	1.894930	-0.356800	0.747765	0.697115	5.221236	2.364874	-0.942696
-1.285398	1.018151	1.735406	-3.046504	-1.000862	-0.992348	-3.293214	2.648997	4.461999	-0.147840
-1.797988	-0.344161	-1.133639	3.919676	-0.394280	-1.242633	1.046480	-2.190037	1.048655	-2.427444
-2.358136	-2.994305	-1.090804	-0.190735	0.733344	-0.423076	-0.486988	-5.119359	-2.470846	-1.274488
-0.624635	-1.421793	-2.069489	-4.832439	-2.174990	-0.404462	-2.268705	-3.340863	-5.307891	0.831648
-2.093182	2.445964	-0.897898	-2.215041	-2.705782	0.041724	-0.898153	-4.342843	-3.942469	0.540884
-2.014870	0.211455	-1.223233	-1.697643	-3.431734	-1.827704	-4.231516	-4.806392	-2.294466	-1.077057
-0.240194	-3.955629	-5.617993	-1.240450	-1.019745	-0.043232	-1.797676	-1.473001	-2.250069	0.687047
2.640954	-3.531297	-1.657880	0.292133	-0.245116	-1.760647	0.751988	-3.109960	-1.125466	-2.208382
0.422078	-1.888056	0.917108	-3.226396	-3.906347	-4.734233	-2.629903	1.073239	-1.237942	-6.356619
-0.296313	-1.509614	-1.444028	-0.016241	-0.013137	-0.557980	-3.884329	0.683708	-0.247886	-2.841941
-0.920514	0.410824	-1.736286	2.618592	4.068514	4.032527	-1.495766	0.386156	3.899818	1.673777
-1.406017	2.054354	1.293137	-1.359599	1.952705	-1.048201	-1.243890	0.004997	3.985583	1.842658
-2.357616	-1.492429	-2.571755	-2.533219	-1.375161	-2.493951	-3.394577	-2.299959	-1.493578	-2.011971
-2.344703	-1.806626	-3.426357	-3.606871	-2.190486	3.531188	-2.927702	1.119402	1.840949	0.924813
-0.991571	-5.523541	-4.078864	-2.677261	-1.877167	-2.173574	-2.921338	-2.914007	0.415177	-2.033864
-0.458214	-1.589072	-2.147568	3.693709	-0.282104	1.780875	1.609541	-2.342174	-2.435978	1.250523
0.261975	-0.660219	1.608136	0.534235	0.792806	2.918444	3.490162	0.436418	-0.768204	2.715699
2.112004	2.770218	-1.028542	0.194513	-0.234338	-0.086657	-0.257246	1.485881	-2.052287	1.242489
2.612978	1.839843	2.069405	2.158639	1.158367	3.506581	-2.373556	1.936030	2.073687	-1.870783
2.612105	2.336959	3.917389	1.597309	1.871222	1.751266	-0.098339	-1.732720	-1.430869	0.290707
1.141291	-1.930730	-0.217281	0.421720	2.377630	-3.523893	-0.775068	-4.857553	-5.343241	-0.264816
-0.663559	-4.202518	1.829505	0.098569	-0.765808	-3.255990	-3.109512	-0.593155	-2.421017	-3.220930
-1.277439	-0.251999	-0.809839	4.971553	1.343110	2.751683	2.193256	1.045291	0.091518	0.376389
2.493758	0.865334	3.043498	3.356267	2.329588	2.890833	1.247565	4.028200	4.739876	0.472962
3.364636	-0.931411	-0.101671	-3.361190	-1.298774	-1.200836	0.024543	-0.173914	0.627969	3.178112
1.295199	-0.284325	-0.258131	-3.461923	-3.365373	0.715983	3.636719	4.451967	2.292210	0.736959
-0.396547	4.203100	3.950929	1.509666	4.190895	5.021195	3.878019	5.263657	6.099612	3.492123
0.427402	4.477075	2.561726	-0.894225	1.625231	3.074404	2.645872	0.114073	4.007887	2.505325
1.277348	0.157111	-0.511627	-0.071500	-2.541263	-0.013087	4.789904	-0.093272	-5.240355	1.626883
3.239997	0.193318	1.263487	0.430840	-1.472183	4.153527	4.641041	1.359140	-0.242900	4.367714
0.793350	-1.360692	1.105281	3.065390	1.603573	1.347849	3.338508	-0.182679	1.953761	1.854135
-1.882489	-0.825207	-2.851529	0.145150	3.632907	-0.407819	1.237730	-2.457212	-1.512559	1.568063
-2.555118	-4.124015	-3.569926	-1.783683	1.287422	-5.667574	-1.820370	-1.535745	-2.297351	-3.154989
-3.105836	-4.560202	-3.595795	-0.535812	-2.048380	-0.862714	0.713032	-2.194164	-3.130903	1.067396
-0.271740	0.154745	0.807879	3.244362	2.182704	4.183861	4.479256	1.903844	-0.617807	2.827428
1.426770	-0.053362	-0.265189	-2.693763	1.092175	0.574454	-0.020176	-4.013206	-2.502852	3.081821
-1.032405	1.837391	-1.288681	-3.656390	-0.899764	-14.835634	0.603855	-4.081702	-5.355929	-1.653415
-0.466563	2.605018	4.253715	-1.033621	-2.105912	1.357496	1.444168	1.415869	-1.869929	0.452431
-0.065805	1.086831	0.976717	-3.358156	-3.844866	1.724746	0.247878	-1.094082	3.085656	1.413366
-1.766531	-1.181655	-2.300663	3.177401	1.133874	2.756915	-2.676498	-2.912342	1.248136	2.284500
0.834959	0.612874	-2.392709	0.343050	1.667311	2.997904	-2.432545	1.327800	2.721317	1.502538
4.816865	-0.560371	1.607193	0.443189	-0.462154	1.860612	1.669949	1.005054	2.494008	3.424388
3.814887	-1.574675	-0.251845	0.017315	1.288079	-1.690261	1.745996	-1.235469	-0.306284	1.072552
3.423722	-0.305926	0.416391	-0.770772	-2.415189	-4.678716	-0.224594	1.061040	-0.547353	-3.663264
-0.357029	-0.743110	-2.510188	-1.506674	-2.606857	-1.259154	0.037287	-0.623611	-1.473892	-1.662457
-1.826268	1.416784	2.426631	-2.892594	-1.536326	-0.945275	2.374948	2.215289	1.629006	-2.834227
-1.602295	-2.298331	-1.525741	-2.383232	-3.625094	-4.231580	-1.601507	3.463745	0.449945	-2.809473
-0.306711	-0.290244	-2.305896	0.980310	-2.050164	1.007730	-0.445374	2.673466	1.732332	-3.083794
4.461681	-0.048244	3.020877	4.762230	3.306266	3.967653	1.526951	3.140359	2.810071	1.801809
4.525183	2.671980	3.710887	5.864227	5.303893	4.300689	2.349568	3.886228	2.686968	1.648333
1.406592	3.755939	3.701040	-1.113402	2.264417	0.190537	0.125677	3.373080	1.318525	0.501876
-1.760693	0.538642	-1.218556	-5.087057	-0.801265	0.690895	-2.513824	3.767220	5.857948	-0.992566
-1.237470	2.645698	-0.129297	-2.179542	-2.954655	0.208763	-0.470038	0.651851	1.472340	-2.347398
-2.173642	1.493117	4.110324	-0.606457	-2.951454	1.225440	1.478829	1.832178	-2.804996	1.537675
-2.630208	2.207405	5.010210	2.180395	1.411634	0.596724	2.441170	0.004203	-1.505057	0.326046
-1.917967	2.276770	4.094862	4.393312	3.947906	3.543315	1.949679	3.175330	4.814959	3.050510
-2.955319	1.428919	-2.114416	0.149592	3.095359	1.341612	-1.736954	2.458159	2.726955	0.141457
-2.702364	2.636858	1.215476	-1.957368	-0.667612	-7.782785	-2.618741	-0.345508	-0.944867	-2.762820
-0.670200	-0.183007	2.720236	3.697431	-0.634510	0.726622	1.356407	-1.189870	-1.447207	1.875270
2.118276	0.293027	1.579364	-1.120214	1.058559	1.735434	4.025275	2.801173	4.823937	2.618516
-2.740636	0.543665	1.704756	-0.506805	2.913391	2.659949	4.593749	-4.306179	-3.440135	1.750409
-1.922431	-0.185390	0.640209	1.080653	4.067178	3.162967	2.167213	-6.134927	-5.839221	0.964636
0.207193	1.980165	0.689917	-3.396240	-1.714083	-5.281111	0.073049	1.937727	-2.001523	-1.294414
-2.513060	0.920931	2.306274	-3.265889	-5.406400	-5.458687	-2.617563	-0.582818	-0.419840	-5.326052
-1.900386	-3.606091	-4.068027	-0.894097	-3.225780	-4.512660	-3.250841	-3.466666	-4.029873	-4.776593
3.146721	-2.457800	-3.513496	-0.835767	-1.494431	2.358470	-2.076608	0.833782	2.428077	1.218452
1.053766	-2.654497	-2.173842	-1.777802	-2.062359	-5.163497	-1.329985	-3.642578	-0.703392	-3.122734
-1.799645	-2.919783	-0.557477	1.245494	-1.307473	0.731838	3.035303	-3.878151	-5.185382	-0.535863
-0.245504	-0.414860	0.332388	-0.618283	0.504118	3.174376	3.525433	-0.702540	-2.167395	3.258349
0.061695	-0.740631	1.683439	1.279863	3.240406	1.637417	3.977178	-1.891651	1.316567	3.080186
-1.261438	-2.816998	0.539661	-1.516272	2.312280	-1.683838	3.691513	-4.873187	-5.073499	1.220832
-0.672195	-1.975867	-2.159862	-0.162894	0.261531	-1.672689	1.203410	-3.193156	-5.232997	2.577172
-1.446666	-0.237741	1.027154	4.099195	0.609549	0.271663	-1.158159	-1.269064	0.457069	0.071788
-0.593842	0.343774	2.734890	3.330988	5.608023	2.670919	0.736876	1.089485	1.161396	3.055462
-0.632810	2.421871	0.558127	3.089881	2.718341	1.159179	3.420586	2.347782	1.436179	2.250678
-2.453560	-0.352456	-3.539056	-1.674431	0.606393	-4.168456	-2.479760	3.223620	1.542812	-0.246184
-2.774980	3.034786	-0.818980	0.044346	1.234666	-1.793687	-2.255492	0.762493	2.333390	-2.733742
-0.894255	2.407988	0.983732	-2.201095	-2.263953	-1.620514	-2.001544	0.280691	-1.744392	-3.418814
-1.083773	-1.967459	-1.301843	-3.341557	-2.021074	0.478464	-1.559946	1.533007	2.375759	-3.818122
-2.092620	-2.444263	-4.029031	-2.719949	-3.064913	3.243545	-3.293633	1.771332	3.716136	4.266817
-0.146681	-0.518534	-0.664656	0.171525	-1.718282	3.273730	-2.015337	0.226858	5.366633	0.904381
-0.451141	0.154916	-0.903946	-1.361243	-2.688495	3.107417	-2.682193	0.712674	4.262840	1.579450
2.442316	1.869177	1.164772	1.794440	0.105434	2.086106	-3.013935	0.978471	-1.466949	1.287902
3.798806	3.609038	2.447268	1.475568	0.538891	1.547495	-0.681996	2.772140	2.344757	1.402318
5.121046	4.291087	3.776514	-0.865968	-0.585640	2.334984	1.516487	2.215069	2.444948	1.352973
2.397353	1.623411	2.043878	-0.507373	-1.171673	-0.390430	1.524679	1.675049	0.498714	-1.505952
2.830545	0.189396	2.448930	2.570243	0.527677	1.977451	0.121447	0.321969	1.016446	0.416118
3.697638	1.217431	4.215637	2.497873	-0.114306	3.706926	1.537953	3.773216	2.014832	2.152062
2.982951	0.896200	-0.643334	-0.226891	-3.319838	-1.549609	2.367362	2.908581	0.111362	1.520856
3.303402	2.948790	1.671283	1.538343	1.442165	3.825643	0.507340	3.140350	-0.024277	2.711076
1.998710	0.025287	0.315655	0.028965	2.877987	0.439779	-0.371351	-0.059788	0.308803	0.391598
-1.255407	-0.870226	-1.102355	-1.183134	3.163212	-1.899205	-0.488545	-3.068145	-1.132311	-0.954501
-0.175830	-3.321262	-2.031083	0.138139	2.644723	0.892687	-1.847878	-3.336736	-1.318332	-2.001546
-1.898740	-4.722838	-2.177164	-1.532327	-0.082496	1.502049	0.460115	-1.302972	0.337724	-1.145263
2.176080	-1.150669	-0.980836	-1.938041	-1.408863	0.828277	-1.785403	2.439333	2.096544	0.138824
4.171949	0.754329	-1.604436	0.281487	-1.579494	0.353365	-1.582365	2.696565	0.921712	-1.610611
2.928186	3.185939	0.748296	0.585348	-0.077506	2.035705	-1.282207	-0.276991	1.246712	-1.339594
1.677609	0.571745	-0.790376	-3.123869	-1.265816	-5.720508	-2.117864	-3.488647	-2.956873	-2.434352
-0.264265	-7.232269	-7.870394	-3.557874	-2.987841	-11.218982	-2.262171	-7.082021	-5.585760	-5.038209
-2.104517	-2.367821	-4.573996	0.442223	-2.691398	1.035475	-1.407960	0.811474	-1.324267	-2.570094
0.678268	-0.086327	0.237278	-1.319689	-3.792905	-0.307946	-1.423666	-1.023578	-1.036413	-1.857133
0.616609	-1.412604	0.350887	-3.856120	-4.056877	-4.293554	3.715078	1.371607	-1.800016	-4.220353
-2.509180	-1.416370	1.342991	-3.684583	-4.064732	-2.332158	1.453938	2.060613	-0.293996	-0.423882
-1.861381	-1.794741	-2.750952	0.699913	-0.170288	-0.329169	-2.710918	0.440123	-2.730674	-2.023747
-2.100481	-1.226935	-1.207781	2.393456	0.522141	0.282402	-2.621522	-3.845980	-0.953171	-0.299776
-3.155065	1.578032	1.482660	4.282435	2.596037	3.834444	1.091295	-1.266413	0.604992	3.849302
-1.125719	-1.628259	-0.254170	-0.727362	3.788083	-0.189555	0.527301	-2.853794	-2.486408	-0.207840
-0.769430	0.924776	-1.710611	3.874653	1.084864	0.335291	-0.410835	-0.140240	-1.900193	-0.722431
-0.986686	1.462520	1.169993	3.948170	0.239264	3.098870	1.179658	0.138229	0.378213	1.615701
3.398224	1.203656	1.309301	0.333676	1.791466	2.908668	-0.389651	4.318294	4.686886	2.658227
2.433911	1.520767	0.232271	-5.053641	-2.120943	-3.900431	-2.204889	-1.854962	-0.838799	-1.529481
-1.072315	-0.858164	-4.375539	-2.397393	-3.103880	-2.120040	-1.496187	-4.281761	-5.766967	-2.511752
-2.629546	-0.107354	-1.166771	4.966109	2.118540	0.772325	1.285230	-0.461021	-0.061043	1.122686
-3.088774	1.388282	2.594233	1.604351	5.658304	3.088147	3.215033	-0.278463	-0.229153	2.177303
1.811908	2.881826	1.393431	-1.180477	-0.064603	2.404310	0.198396	3.338591	0.722875	0.782372
0.152805	-2.689937	-2.286919	-6.149489	-3.401994	-8.253303	-3.656107	-1.483378	0.133814	-3.322537
-2.153078	-3.763323	-5.619659	-2.972196	-2.724084	-0.761811	-2.201101	-2.289893	2.462137	-1.619252
-1.054537	1.178252	0.126971	1.752190	2.034316	-0.201031	-1.376112	-0.661974	0.675116	-1.779701
-1.049570	-0.001527	1.874928	-0.206545	2.228292	-1.997781	-0.381462	-1.774145	-2.724979	0.165587
-1.855876	0.499724	-1.129428	-0.968012	0.843533	2.531619	-0.308276	1.626673	-4.455675	0.011785
2.857947	2.807592	2.456761	0.984177	-1.679672	2.409750	3.293225	2.858956	5.270998	2.606365
2.227397	-0.258940	1.961956	2.345009	0.184864	1.147191	3.174317	1.582183	4.232510	2.272099
4.360973	1.036817	1.165916	2.491771	1.065031	3.154424	1.317281	1.216729	-0.104569	2.226960
0.570272	0.493047	1.249300	0.485753	2.214821	-1.940373	2.221594	-0.537429	1.031431	3.044420
-3.927711	-0.052963	3.406369	0.051041	0.483122	-3.296421	0.937337	1.059286	-1.889820	-0.682547
-2.210180	0.343074	3.577184	2.485624	0.663226	4.193260	1.171291	1.362948	3.624847	1.308833
