X1	X2	X3	X4	X5	X6	X7	X8	X9	X10
0.258466	-4.281793	-2.903685	-2.164206	-0.925787	-5.746259	-0.462120	-2.832176	-3.140134	-4.131860
0.774976	0.277114	0.285734	-1.584242	-2.679199	-0.344932	3.089609	-1.566368	-1.622364	-0.892214
-0.737524	1.330684	1.027300	-2.972940	-2.248241	-2.575076	0.316147	-2.568191	-3.226611	-2.007341
0.318274	3.029342	3.994339	4.980127	0.653500	-3.135718	-1.218404	-0.504846	-0.955487	-2.702353
0.049079	3.594010	3.459178	6.106984	3.333332	2.883714	0.252054	5.118066	4.055697	2.573334
-0.681102	0.374314	0.878542	4.284155	2.685262	1.318595	0.066921	2.429842	3.701331	2.985810
2.635439	0.470074	-2.114346	3.563964	1.302400	-1.056002	-1.461403	0.466782	0.497306	-2.885637
4.785012	0.508312	-2.579360	1.054933	-0.023450	2.761597	-3.248621	1.397886	2.875413	0.520180
-0.492875	-2.591550	-2.170980	-0.965616	-1.719081	-1.318833	-2.350035	-2.777747	-0.734554	-0.455248
-2.751112	-0.047692	1.911719	-5.105561	-1.804990	0.104583	-0.686547	-0.140616	-4.158003	3.118368
-1.346190	-2.599297	-1.160644	-2.031584	-0.797274	-2.594681	-0.254060	0.218478	-2.473539	-1.123083
0.346799	-1.816945	1.925051	-3.148265	-0.357331	1.968051	5.367721	0.649736	3.497132	0.381491
0.028066	-0.706120	-0.841977	-1.815287	-0.997959	-0.860346	1.874194	-0.125341	0.341906	1.112381
-1.736880	0.526294	-0.715410	-1.229432	4.132941	2.450205	-2.162848	1.228148	-0.595221	-0.504223
-0.040828	-0.944289	-2.736032	0.621915	-2.309832	4.143879	-4.281209	0.415404	3.540948	3.675272
-1.570970	-0.813155	-0.042427	-1.843331	-2.836180	3.664452	1.322505	2.193728	4.694411	3.697057
-0.969494	-0.056091	0.289217	-3.329757	-2.773207	2.411102	4.070088	1.332222	1.973565	2.132525
0.522208	-1.600188	-2.927986	-3.241249	-2.215218	2.529803	-0.560367	-1.417314	-1.311491	1.216367
-0.584453	-2.229134	-0.515026	-3.103798	-3.345918	-2.996066	-3.352868	-4.464378	-3.166457	-1.691623
4.002233	0.753377	2.257108	0.152208	0.324686	2.251871	-1.308421	2.122931	2.762866	0.008647
3.375376	1.896453	-1.288477	-1.094323	-0.360214	3.066591	-1.489835	0.714115	0.591179	1.842871
-2.026614	-1.226400	-0.520574	3.099717	2.324073	-2.128728	2.398881	-2.700026	-2.671719	-0.691260
-0.053527	0.876821	1.100422	2.826436	2.757238	-0.141209	3.801219	-1.055791	-0.889625	2.026150
-2.235953	3.455820	4.817115	-0.359763	0.090869	1.779326	4.002168	4.046722	1.755361	-0.623508
0.241418	0.523498	-0.847193	1.441026	5.914255	1.777354	1.085618	1.636012	2.037940	2.200659
0.233895	-3.069446	-5.563602	1.237007	-2.403817	-4.278247	1.056160	-4.392719	-2.313384	0.235746
-0.599911	-4.100814	-2.813613	1.358980	-2.525562	-4.306998	-2.354918	-0.653871	-1.900010	-4.799955
0.725308	-4.813107	-3.189728	-3.332152	-1.952993	-5.022121	-1.661627	-1.976846	-3.139436	-5.121850
-0.167537	0.055269	2.673148	-3.060390	-2.773126	0.260763	-1.092479	2.733558	-0.628759	-3.460347
-1.908338	1.129708	2.535010	-1.035834	-1.087377	-0.917669	-2.030485	-2.889361	-0.277775	-4.711853
0.203715	3.045303	2.625049	0.019413	2.062436	0.248163	-0.054757	0.743796	1.670317	0.445326
-1.204170	2.793844	0.703258	3.977648	5.201497	2.058538	1.644091	2.169828	2.040220	2.863681
-0.401584	-0.164177	-0.506975	5.545367	3.779786	3.702534	0.528747	-0.363467	0.791638	4.870507
-0.260519	-0.935875	-3.278061	1.050366	2.362085	-2.287067	0.150097	-0.682091	-2.074227	-0.874205
-1.979865	-2.657360	-1.803014	-0.966062	-0.893726	-2.186888	0.391128	-0.288947	-1.402672	-3.657863
0.087785	2.826751	-1.183749	-0.471923	-2.132466	-1.332647	-1.150972	-1.142339	-2.469794	-3.575874
-1.724262	-0.170356	-2.163081	1.654476	4.571643	2.366936	1.531881	0.279231	0.765309	1.064154
0.335903	0.607502	2.132371	1.840127	3.197081	3.327041	0.579874	-0.982041	-0.220859	3.164412
-0.506013	2.523005	0.930488	-0.262980	-0.994072	-0.401751	1.307492	-1.642361	-0.708697	0.613792
-1.224904	1.613134	1.218652	-2.106153	-1.431940	-2.472459	0.260122	2.786267	-0.106502	1.950986
0.226839	1.846769	-0.895761	-2.614303	-2.718942	0.226100	-4.214751	1.372138	-0.704672	-0.355415
-0.540879	-1.594512	-1.357172	-4.204939	-2.505701	0.813307	-0.598541	-1.788255	-1.377105	-2.263020
0.070748	0.436467	2.037796	-1.609674	0.221962	1.352945	-0.162662	3.991882	-0.485700	0.118661
-0.485473	3.164883	2.038618	0.367482	0.526325	-7.169002	-0.260129	0.757443	-1.065156	-2.751579
0.531864	2.445612	4.144068	3.617517	4.801965	0.876047	-0.951157	-2.327681	-0.551271	-0.138652
-0.906136	1.623626	3.101320	5.356418	0.903462	3.832079	2.734941	1.156603	2.216155	1.585635
-0.944668	2.220700	0.506348	0.208175	-2.202807	-2.649624	0.985950	-3.224313	-1.540377	0.205870
3.880674	2.342706	0.904023	3.183574	3.406738	2.693226	-0.123644	0.721162	-2.422268	2.645245
3.253594	2.588416	4.943318	1.735303	6.650276	4.355012	-0.757454	0.102619	0.156384	5.166349
1.876897	2.982901	3.158804	3.063749	3.379686	0.827223	2.253506	3.234048	1.457476	0.064874
-2.242713	-0.472168	-0.181348	0.159700	0.569547	0.229145	0.551322	-3.125960	-0.401491	-1.131893
-0.309231	-5.042622	0.037431	-2.451156	-2.237859	-5.261634	-0.345319	-2.969217	-2.645419	-3.861559
0.236345	-1.663289	1.206013	0.741667	2.726247	-0.418024	-1.507530	-1.952532	-0.250709	-2.016137
1.312521	1.749398	-0.295832	5.304159	4.333747	0.961962	0.589576	-0.679316	1.161338	1.815466
-0.743200	3.932909	3.129265	0.853506	3.564023	1.363617	2.916288	2.637419	3.112218	4.170538
-1.462616	1.749013	4.591674	1.911698	2.109757	0.449530	5.080993	2.698763	4.064929	4.692069
0.643477	-0.863921	1.819667	0.304623	-4.823667	2.710795	0.084781	1.761202	1.352170	2.092250
3.853483	5.422475	4.252312	2.390371	0.771034	4.294404	0.023139	3.849326	5.792136	1.908171
4.062504	3.978769	3.076481	1.944430	0.108645	4.406851	-0.566343	3.738223	1.347125	2.910623
-1.476857	-0.694268	-0.307755	-2.275808	-2.962949	-0.379869	-0.714174	-3.235520	-3.200766	-1.869105
-4.360898	-7.435869	-7.282224	-3.081154	-4.650561	-6.947261	-2.670864	-3.642414	-3.643142	-1.791622
-0.062115	-5.198065	-2.673956	-2.677017	-3.841303	1.593774	-1.565623	-1.399171	-1.019406	3.340364
-1.534106	-3.410485	-3.072176	-3.791504	-1.904689	0.856131	-0.743458	2.072296	2.137738	2.135043
-0.604869	1.059340	-0.424812	2.383878	-0.353330	-1.426089	-2.475678	1.611576	2.468585	-0.441594
-2.009600	2.504080	1.194611	0.247720	-0.846634	3.562613	0.761810	2.864256	2.673431	1.628746
-1.003798	-2.191793	-3.554132	-3.011883	-4.913912	-2.513863	-1.147100	-0.943074	1.444471	-1.058246
0.098441	1.760792	0.000034	-0.950036	-2.679172	-0.721912	-0.606114	3.313673	-0.311098	-3.003077
3.727918	4.563907	3.174388	4.022756	1.567378	2.926066	-0.666238	5.427586	4.225718	1.436645
4.456238	3.105325	2.164606	2.052989	1.528434	3.554377	2.815624	0.546656	1.910614	2.513712
3.335302	4.227620	1.196069	2.095660	2.160088	0.504625	0.987269	3.783771	0.202487	2.133620
1.578513	2.819966	0.203756	0.109167	0.049136	-1.794083	-0.060807	1.872821	0.293631	0.820860
-2.108125	-4.325860	-3.264849	-3.730992	-1.975724	-6.683239	-0.892106	-4.535103	-1.568159	-6.112872
-3.757310	-8.166183	-5.056565	-3.076417	-2.635995	-7.670836	-2.124229	-3.856511	-4.551686	-5.645781
0.731463	-2.253623	-3.721206	-3.653908	0.014020	-4.874964	-3.005377	-2.799810	-3.364755	-4.052574
-1.156303	1.225997	1.051914	-1.487564	4.328422	-0.599712	-2.547650	-0.367009	-0.406970	-2.295753
1.286694	2.404057	-0.575219	2.635418	4.950010	3.276431	1.099554	3.534185	1.556364	0.916377
-1.568739	-1.600260	-1.571714	-0.350660	-2.192913	-1.365322	-0.846765	-1.328334	2.350244	-1.167287
-1.350600	-1.548472	-2.370082	-2.251394	-5.690447	-3.614358	-2.911103	-0.323672	2.091767	-0.416547
-0.385783	1.021604	1.148271	-4.035980	-3.151288	2.057937	-1.978056	-0.153833	1.449729	0.970493
0.793116	2.944955	-1.176162	-3.354012	-1.447232	1.733480	-1.247020	-0.125324	-1.250973	1.679833
0.986602	-2.816233	-1.086086	-1.999584	-1.372576	-5.421215	-1.122890	-5.138445	-3.247440	-2.973128
-1.900418	-6.492871	-6.976703	-4.799790	-1.714612	-5.946630	-2.238959	-3.197000	-3.569476	-3.830390
-1.570840	-8.629770	-7.541315	-2.454220	-2.398737	0.533353	-1.932121	-2.124490	-3.657083	-3.531754
-0.855457	-2.911637	-0.540220	-0.737668	-1.353441	-3.513348	0.462534	-1.431815	-1.509760	-0.501119
-2.001062	1.447020	0.823984	1.404376	-0.802020	0.505987	4.479613	-1.159975	-0.184009	0.728917
-0.879148	-1.599004	-1.650999	-1.122278	-1.170963	-2.954922	1.961827	-2.851668	-0.086631	-1.172144
-1.745209	-6.311913	-6.905464	-4.229019	-2.876764	-5.214155	-2.999714	-4.272491	-4.989325	-4.497299
-0.649137	-4.379308	-4.607802	1.290464	-0.305712	-2.854990	-0.851698	-2.513940	-1.900290	-3.793445
2.088477	0.626211	3.224995	3.950081	4.293102	3.170993	1.187288	1.668988	-0.429124	2.556522
-0.665059	0.625845	-0.428961	1.928646	4.849688	1.912318	0.550957	0.358201	1.282374	2.770007
-0.268436	-2.727203	-2.161258	0.839471	0.402156	2.383606	0.841924	-1.309994	1.498807	0.463615
4.316856	-0.228527	-1.726282	-1.454030	-1.602183	0.805781	-3.480097	2.337911	-2.400222	0.538251
2.328425	2.176478	2.818983	3.314955	5.781382	4.539266	-0.180289	2.750125	3.062092	5.657323
1.806282	4.494322	2.481955	7.065141	7.132963	4.638483	1.147864	1.852859	3.559853	5.576438
-3.910762	1.281814	-1.801148	0.399542	-1.531129	-0.657844	0.276681	-4.169476	0.450966	0.901103
2.907603	-1.947133	-1.782406	0.916273	-4.655482	1.774209	-1.410521	1.585834	-0.305362	-0.065074
2.822888	2.235694	2.664705	4.699547	4.543714	2.199166	1.729778	1.767302	0.865975	1.566717
-3.338295	1.276410	2.859006	3.692281	1.447372	1.323548	2.642797	-0.839257	1.095786	1.060185
-2.823633	2.094132	1.106523	1.250789	2.065004	1.756981	-0.920741	1.039773	-0.202123	0.781439
-2.154016	-1.706121	-0.612919	-3.087415	-0.938878	1.913086	-0.454917	0.140709	-0.912241	-0.727709
4.492570	-0.009130	2.525907	-0.613414	-3.551365	1.079686	-1.747708	1.588369	0.448140	-1.658348
1.444637	-0.602474	1.782529	0.176306	1.445357	-1.952795	1.947709	-2.478028	-0.043168	-0.597468
0.651098	1.573572	1.736376	0.206859	-2.365902	-0.199137	-0.372344	-0.432162	-0.472756	-1.969055
4.033367	3.603531	4.012279	3.811461	4.883568	3.991383	1.788058	1.977787	3.474490	2.163702
1.986456	-0.730571	-0.258832	-1.309975	0.614479	-1.625815	1.249238	-0.968259	-0.016120	2.274316
-4.613920	-6.044807	-1.862324	-5.225433	-5.599760	-5.017411	1.754522	-4.585978	-5.966271	-3.744099
-0.084949	-3.582449	-1.181766	1.919799	1.836462	-0.741484	-1.561566	-2.852848	-1.545651	-2.887630
-0.386316	0.674133	1.452276	3.147436	0.750453	3.561783	-0.362299	3.392356	-0.013745	0.742138
2.902092	3.538470	1.951735	-0.404810	-4.557278	5.010610	0.449547	3.880056	2.121961	2.451917
-0.836011	2.094192	1.916546	-1.588326	-1.787422	2.203013	0.452898	2.173978	3.612883	0.837824
-1.812812	-3.213368	-1.489957	-3.422201	0.133328	0.043310	-3.417518	-4.212454	-3.246264	1.670573
-2.514497	-4.464875	-4.306239	-2.118721	-3.957320	1.694814	-1.920877	-0.710415	0.516636	0.567278
-1.830752	-2.014998	-2.980665	-0.078278	0.049940	-2.407459	-2.606651	-1.124579	1.199499	-0.688445
-1.183166	0.156500	0.067199	1.951340	4.726414	-0.321095	0.142286	0.935078	2.207943	-2.265881
-2.470624	0.360954	-1.137411	2.587541	5.074507	3.560616	2.127759	-2.453117	0.336383	0.583785
-1.705114	-0.393101	-0.983361	2.345836	3.541924	2.492388	0.409297	-2.982541	0.738138	0.123669
3.641776	1.041171	1.111084	2.550931	2.459769	0.565029	-0.998677	0.638033	-0.985377	1.152886
3.722758	3.156308	1.752758	1.000033	0.501545	1.104049	0.722064	1.822630	2.038558	2.204051
-3.933657	2.014644	2.992695	-0.381550	1.111754	1.419855	1.882146	1.151774	-1.188342	-0.326919
-3.909258	-2.987282	-2.469571	-2.942113	-3.098702	-4.879646	-0.450607	-1.899111	-3.514459	-2.558412
-2.735135	-4.720435	-2.635208	-2.720752	-3.997822	-10.480649	-2.410469	-3.286802	-3.167875	-6.341910
-2.216378	-3.219878	0.416215	-3.613364	-0.525506	-1.104350	-0.045318	-2.368975	-4.867674	-3.865101
0.993122	0.577425	0.217831	2.332356	5.103645	3.543755	1.269070	3.600992	0.334361	1.685832
3.393473	2.203009	1.661170	2.613607	3.023230	3.742465	0.471319	3.996621	3.270746	3.371100
4.454483	3.160011	1.508661	2.653492	2.321647	1.858783	0.417349	2.545331	3.816098	1.999920
4.000758	0.756663	-0.161368	0.667809	1.513793	3.088005	1.227483	1.316343	1.276331	0.647503
4.796103	-1.267298	-1.153890	2.648458	-0.213136	4.057832	-1.636860	1.321175	-1.427540	1.589162
4.564325	0.191358	-0.811078	2.431136	5.247956	2.611858	-1.377161	2.568344	1.657100	1.932610
2.981327	0.905766	0.779992	0.196640	-1.000338	-1.598421	-0.552800	2.635966	-0.280335	-0.646542
-0.897489	-4.854244	-3.575457	-3.906334	-7.627222	-5.881112	-1.795062	-3.273143	-3.766234	-3.211283
-4.655120	-0.947543	0.534297	-1.071591	-1.970604	-3.684520	0.971470	-2.224071	-2.185184	-5.678102
-2.241266	-0.386200	1.335874	1.096961	0.396909	2.345244	2.349410	-1.772906	-0.494275	-0.899489
0.747073	2.261311	-0.402307	-2.465785	-3.637192	-1.168128	0.249173	-0.620336	-2.809496	1.144463
3.875897	1.983017	2.415271	2.532564	1.273185	0.997253	-0.460830	3.685046	0.096762	-0.567237
0.346701	1.756542	2.963724	1.654297	3.279629	4.106974	0.300512	3.614449	3.348206	2.046718
1.223883	1.839210	2.926864	1.635604	3.125631	4.001923	2.985707	6.154677	2.786042	3.065934
3.836037	0.566342	1.171603	1.811573	-1.416622	2.322685	3.483664	1.725135	2.965176	1.784316
3.403658	2.507458	0.307052	2.169192	-0.895540	0.285845	3.842990	0.272425	1.175512	1.653169
2.142838	3.395775	3.799618	1.360548	-0.969037	-1.512714	3.288088	-0.827754	0.523753	2.531896
-0.926232	2.310610	1.545206	0.156725	-0.659425	1.384092	1.783861	-1.147801	1.830599	1.234198
-2.660561	2.104776	2.030522	-0.877191	0.005181	1.528545	3.054911	1.938979	2.847350	0.905376
1.129539	1.767187	1.231466	-0.133717	-1.575032	-0.927676	1.632437	0.197682	-1.003995	0.176729
4.994757	2.158652	0.947939	2.552630	2.181621	1.591709	-0.674762	2.140600	2.576160	1.419258
-1.210121	1.279178	1.993439	0.186031	2.908023	1.781781	-0.125191	0.557425	-1.007391	3.058857
-4.638511	2.263473	1.508060	0.929169	-2.363440	-2.104884	-0.403556	1.995845	1.740048	-0.925276
-1.357727	-0.786661	-0.306103	-4.852078	-3.670387	2.303693	-2.953262	4.277950	5.835967	0.196752
2.525613	-0.132922	-1.234558	0.264571	-1.465033	2.703587	1.830279	2.099024	3.816656	4.002936
3.419491	0.875389	-0.098518	-1.327906	-0.401096	3.495276	2.585159	0.836452	-0.516395	4.343766
-0.717912	0.492069	0.301907	-3.255831	-1.653495	-2.606766	3.132663	-2.611984	-2.095800	2.220734
-2.474217	2.304714	2.066600	4.141274	4.215452	2.769835	3.144578	2.092096	1.122827	2.535928
2.163154	3.491915	2.427045	3.241185	3.908127	3.497854	1.116588	2.827172	3.442869	1.877837
0.613981	2.768363	1.329124	0.592778	-1.914291	-2.183736	-0.504825	-3.111279	-2.345292	-1.488953
-2.297262	-4.265254	-3.025785	-2.277671	-2.562720	-10.982161	-2.153580	-2.519482	-3.748774	-7.856058
-1.505597	-2.429450	0.122896	-3.715187	-0.105880	-1.915149	-2.252599	-2.580262	-2.063500	-3.878793
-1.135351	2.520458	2.525341	1.787205	2.910008	0.877371	-2.053402	0.667653	4.850008	0.126324
-0.623849	1.922053	1.695325	4.509178	1.936224	2.012072	1.514885	1.649236	3.734927	0.585174
0.957983	0.957413	-0.140481	1.448807	0.804148	-0.357074	1.571038	-2.627544	-0.367669	0.640937
-2.392383	-0.512184	-0.331808	-3.444635	-3.333942	-5.458997	-3.683171	-4.255517	-3.575608	-1.788709
-0.588174	-0.906862	-2.367787	-2.547175	-2.000466	-6.674625	-1.197769	2.884184	-1.531416	-6.323386
4.500381	0.181652	-1.686151	-0.809739	-1.136746	2.589912	-1.839285	5.460427	2.435276	1.131081
-1.195447	-1.496071	-0.434936	-0.333755	-1.549302	-3.460315	0.236851	-0.998723	-0.686662	-2.510331
3.525413	0.755840	2.310123	2.720951	2.269345	1.436266	1.453906	2.505800	1.055039	2.158350
2.993733	3.698752	1.856289	4.658051	1.397973	4.122824	3.124349	2.474360	2.675145	3.433897
2.011081	3.253232	1.697221	1.280518	5.026861	3.684031	3.598346	1.809221	4.335724	3.167183
-2.264971	0.499245	0.687282	2.402825	3.796588	3.693657	2.793164	0.733446	0.279740	3.433179
-2.420053	-0.284345	-1.925671	1.380846	2.063435	-0.895025	-0.050831	-2.354501	-0.427740	-0.465845
-0.796895	-4.037676	-2.521279	-1.519046	-1.088821	-0.544045	1.118424	-3.294959	-2.362554	1.938280
3.587472	1.063412	2.207217	0.881222	3.352902	3.112768	4.900395	2.792636	-0.706536	3.962824
5.747321	3.298281	2.757473	1.631625	-1.092818	-1.540511	1.683045	2.338046	4.871076	2.259754
2.887022	2.070588	3.508046	-1.200463	-3.718998	-0.143312	2.231439	1.544333	3.945246	1.420340
-3.311455	-4.203807	-3.364907	-3.496667	-5.070760	-1.798861	-0.895159	-1.624040	-2.150163	-0.156552
-3.230837	-1.528148	-0.142031	-4.753112	-2.016521	-0.175284	-0.845486	0.619190	-3.962388	1.513346
0.904948	2.191223	1.029532	0.191779	1.764201	-0.805207	0.107622	2.631087	0.145633	-1.166500
-1.086028	2.348262	4.121937	1.934782	3.530487	1.346145	0.670731	-1.765387	0.035364	-0.386421
0.952310	1.582926	3.022842	1.238775	1.415022	2.231849	4.419204	0.473934	-1.206431	0.812350
1.181935	0.286370	2.503503	-2.574864	-4.227012	-5.520520	2.769206	-2.514286	-1.742989	-2.102321
-4.263877	0.281151	-0.110221	-1.546356	2.017370	1.323018	-3.713195	-1.675780	2.921756	-2.637265
-2.444349	-0.014775	-2.458972	-1.406621	2.257854	2.799439	-2.223235	-0.861681	-1.156132	3.221386
-3.197406	0.482448	-0.325291	-1.819878	-5.419075	0.228225	-0.289345	-6.935122	-4.229586	-1.395800
0.596532	-0.390723	0.933084	-4.365245	-1.894230	-0.573143	-3.371157	-3.882434	-4.223939	-1.953853
-2.296356	0.103371	-1.400686	-1.230339	-1.136722	-1.894685	-3.428401	-2.654645	-1.021723	0.197797
0.025411	0.636988	0.510162	0.738724	3.385736	4.925384	-0.056808	-1.378785	0.359831	1.486920
-1.650186	-2.283915	-0.511207	3.000829	0.559336	2.665149	-0.352104	-0.931879	0.363293	4.382690
-1.986863	0.184425	1.089874	-0.957837	-3.504933	0.839695	-0.307918	2.113545	2.785536	2.235977
-1.046536	1.807068	1.839072	-3.875287	-2.069978	-3.636990	-1.777374	3.699165	0.871333	-0.662142
-2.587917	2.332777	-0.938942	-0.803532	-2.111906	-4.633317	-2.113996	-1.130941	-3.151240	-5.780593
-0.811521	2.235216	1.008804	-1.243881	-0.953923	0.504805	-0.083407	-2.398895	-0.865909	-0.321799
2.575243	0.535350	-0.101117	0.914358	1.000767	0.676568	0.453073	1.447586	1.062608	3.174718
4.011566	0.799248	-1.346827	0.953777	-0.535240	-1.342034	-1.434075	2.322183	0.073288	-1.124961
-1.025062	-5.081923	-3.659347	-1.258330	-1.983345	-3.013306	-2.352469	-4.942816	-2.579485	-3.030855
1.965655	-0.612290	-1.996496	0.411434	0.011950	-0.995751	-0.972324	1.596573	-2.152127	-1.404080
0.620012	-0.987282	-2.577891	-0.133934	-2.611854	-0.199968	-0.361153	3.547341	-0.590552	-0.951552
-3.893993	1.657078	0.975455	2.034264	1.975245	4.090842	-1.963369	2.574078	0.431728	1.646216
-3.279363	-0.414734	-0.653568	1.400030	0.059251	3.560482	-0.248980	1.730576	0.988304	1.700914
-1.445497	-5.743838	-6.110868	-2.746036	-4.384434	-1.427043	-3.130395	-3.724669	-1.974432	-3.050168
-0.615891	-7.455252	-7.503952	-2.238031	-2.531402	-8.825228	-2.024320	-4.847760	-3.486885	-7.178336
-0.244944	0.376808	-2.140121	-0.705049	-2.296446	-2.942264	-3.446959	0.462702	-0.831158	-4.036097
0.384952	-3.453271	-0.621476	-2.701884	-2.894359	-1.848640	-3.229614	-0.566583	-1.291351	-3.325651
-3.003297	-3.981600	-5.636112	1.011971	0.748470	-2.587946	-1.532585	-1.510012	-0.348264	-1.144702
0.586917	-0.292987	-3.404325	-1.423675	-0.350249	-2.438668	-0.671671	-1.943780	-1.916092	-3.893046
-0.457895	0.460862	-1.546805	-0.687411	-1.781704	-1.408491	-3.329668	-0.497079	-0.055431	-3.170482
-2.074122	-3.391556	-2.791141	0.403875	2.510220	-2.073697	-1.421372	-0.451102	-1.477370	-3.090402
1.070449	0.900558	-0.788919	-1.463204	-1.633564	-4.320168	-1.737175	-2.039137	-3.700302	-3.349000
1.413334	-0.741992	-1.295623	-1.568934	-2.541039	-0.201183	-1.789968	1.351927	1.699487	-1.469467
-3.774853	-3.505703	-1.838132	-2.358298	-1.160688	3.657180	-1.395942	-2.299595	-1.979288	3.351510
-0.850594	-1.947868	-2.030225	2.154821	4.304606	1.126644	-2.034284	-3.271087	-1.377413	0.759245
-1.563871	-0.407276	1.102123	-1.534759	-0.844237	-2.866766	0.284819	-3.632733	-1.836568	-1.175149
0.269136	-4.360916	-1.774662	-2.045918	-4.832996	-8.749123	-2.849019	-3.703412	-1.258933	-4.186952
-2.109252	-5.298973	-1.436952	-2.638836	-0.581852	-2.715399	1.186919	-2.773406	-5.013286	-5.303846
-0.767615	0.731971	0.366886	0.484610	3.270618	0.197235	4.013350	-2.690791	-1.671704	1.525991
-2.828529	-2.706166	-2.913117	-1.714558	-1.752262	-1.935792	1.045192	-2.422445	-3.491763	-1.937821
-2.006271	-4.434363	-6.354326	-2.205817	-5.123170	0.769353	1.116766	-3.728044	-3.082734	-1.164255
-2.347118	0.849805	0.221496	0.850859	2.895919	3.492001	1.085491	-2.462762	0.126110	4.801312
-1.959445	-1.907837	-0.644714	-0.792006	3.540431	-0.211714	2.106489	-2.283774	-2.112002	0.743508
-2.015726	-1.311562	-1.337316	-0.361685	1.355089	-5.322059	0.000582	-2.839052	-1.978940	-4.290740
3.538565	3.181660	1.607830	3.261447	3.324422	2.178001	-1.485908	3.196132	-0.074272	1.078099
3.411652	2.774760	4.189765	4.072820	5.238955	4.192700	2.359644	3.878706	3.169235	4.044253
-0.259137	2.441470	2.333230	-0.037341	1.457015	3.261575	2.555061	0.191600	1.603913	2.936054
0.802323	0.856123	-0.111030	-2.056707	-7.862771	-1.248840	-0.069933	1.328042	-1.183003	0.527733
0.594059	-4.048944	-3.969874	-1.683450	-0.311974	-1.373310	-3.551914	-2.494338	-3.093380	-1.555978
-1.316502	-0.317995	0.858043	0.733858	3.811531	-0.200297	0.021543	-1.157609	-0.185882	-2.246446
-1.728935	0.515206	1.340664	-1.274553	-2.948427	1.052132	-0.179238	1.330058	3.902125	-1.032337
3.924686	0.265399	-1.435469	-0.240456	-4.189021	-1.385987	-1.391133	3.291793	1.310377	-2.859620
5.339187	0.028421	2.018189	4.669979	1.386177	2.888581	2.225184	5.436426	2.649608	1.017139
4.612692	-0.557687	0.537779	1.396478	0.265194	0.894570	2.024735	0.935687	0.694054	0.759573
-1.019374	-1.932587	-0.023356	1.439170	2.369456	-0.173387	1.493644	-1.521295	0.701249	2.019616
-2.460987	0.517363	1.013624	-3.031817	0.985491	2.301643	3.368035	-0.113393	-1.857472	1.658898
-0.765225	-0.184699	0.055060	-4.746257	-4.493476	2.682292	0.181729	4.743924	-0.796576	3.148952
2.334635	0.341269	0.010689	-1.346323	-1.618319	-3.343111	-0.766351	3.410981	0.136270	-1.762491
1.432914	0.144606	1.597251	1.890010	1.965886	0.548765	2.688015	0.523505	1.392600	1.991400
-2.660768	2.825951	2.594780	1.965369	5.336265	2.485246	0.865648	1.685922	3.117044	1.723754
-0.612192	2.809742	3.921011	2.478975	1.787040	3.663261	-0.482532	0.782258	3.457832	1.782499
-1.463141	1.894119	1.742077	-1.586946	-6.195666	-0.302367	-1.813808	-1.751265	-0.392404	-0.542236
-0.019996	-2.173782	0.521807	-0.405873	4.758270	2.641585	0.348438	-3.274323	-2.972038	0.338373
-0.534544	-2.055723	0.524432	0.829516	2.212367	1.924741	1.350223	-1.133896	1.332959	0.939552
-2.388170	1.171629	1.842477	-2.814261	-2.912453	2.443218	-1.278839	4.300238	4.147411	2.858224
-2.012560	0.618309	-0.344234	-3.568784	-3.245473	-1.865365	-1.596432	3.802397	3.449944	2.294511
0.627795	0.424050	0.689323	-1.776735	0.342825	-1.302992	-0.022845	-0.100401	0.282080	-1.521867
-1.776194	0.356184	2.387265	-2.731800	-2.667841	-8.339549	-2.534664	-4.610440	-4.745360	-6.163691
-0.141318	1.513439	2.353412	1.255938	-1.215358	0.062574	-2.820181	-2.450405	-0.938555	-0.982045
5.792330	0.540944	1.374777	0.784091	1.064889	2.746887	-0.162686	1.176317	2.605412	2.067086
5.292854	-0.833774	3.352572	2.446771	0.023412	1.371998	-0.912970	2.528339	3.913359	0.524515
-3.407141	2.207608	4.453609	2.835487	-0.355577	1.695612	-1.616727	3.529571	2.770800	1.322655
-4.106352	2.318114	3.107193	4.286450	4.985233	3.854830	2.166249	2.677822	1.296947	2.104413
1.892221	2.085565	0.844230	2.743265	2.271748	1.114755	-0.186939	-0.073800	1.149414	0.980298
5.121179	1.844278	0.705321	1.402238	1.935577	3.261883	3.910713	1.130310	0.007709	2.961214
1.414618	-1.461129	-0.087632	-2.090627	-3.279076	1.433810	0.551706	-1.909442	-2.695359	1.556867
-1.037263	0.654159	-1.081534	-1.749327	-1.005605	-7.951068	-2.992659	-1.888653	-1.620584	-4.361644
5.444631	1.669553	2.110711	-0.788363	1.232791	2.312038	-1.946584	1.557078	-0.896862	-0.813018
5.406093	-0.233636	-0.681205	0.006966	-0.765085	2.126419	-1.119168	0.453553	-0.735188	0.343944
2.210717	3.594700	1.711609	2.050256	0.170365	1.639061	0.828783	0.146170	0.618338	-0.191664
2.194795	2.173068	2.795141	-0.039097	3.433341	1.707550	4.625768	-0.133273	1.100616	1.485153
2.419617	1.819571	1.200877	2.039003	0.467938	4.497570	1.644979	0.885022	2.054646	3.555588
-3.899427	0.529010	2.049901	5.173449	6.222853	3.075701	3.923713	0.826949	2.600823	2.094533
-0.290648	3.159087	2.023595	4.404031	2.566081	1.210323	3.831461	-0.396497	0.140944	3.297275
2.300441	2.286398	0.313739	4.726442	1.234912	2.661714	3.853817	2.042477	3.571304	2.600003
1.808628	0.639440	1.606313	3.248069	-0.250360	1.556752	2.107871	-2.620736	1.690594	0.145403
-1.864502	1.550805	1.719394	0.622601	3.277155	2.205009	0.748916	1.358956	2.035009	1.390161
3.191839	1.604486	0.471556	0.708125	1.961544	1.896461	-2.261358	3.031742	3.324137	1.842861
1.390834	-0.105226	-1.960924	0.391127	-0.443403	-0.838721	0.821538	0.988114	0.137371	-0.105915
-3.495431	-1.876945	-2.866974	-3.686708	-3.875200	-7.709866	0.471093	-0.985939	-1.281202	-2.614585
-1.972772	-0.328883	1.048380	3.643203	0.649039	1.663398	1.706498	-0.657129	-1.816293	0.618733
-2.277505	-1.252855	-2.461593	1.336946	-0.182801	0.903939	1.166141	-1.554568	-1.871514	-0.011782
0.510456	-0.870977	-0.819219	1.289601	0.306763	0.365826	-1.036789	-0.357666	-0.401478	1.401950
4.937693	0.850733	-1.093130	0.223353	0.243415	2.956929	0.542095	1.725662	0.543702	0.119009
5.092992	1.300754	2.233946	3.407182	5.231536	0.144114	3.050483	1.256406	0.546113	2.958472
-1.389564	0.742169	-1.341222	0.900970	3.823609	3.375750	-0.034237	-3.846749	-1.928261	-0.832880
-3.304889	4.639054	0.404635	1.542298	2.261415	1.047204	-0.053375	2.637086	0.550167	-0.879171
-1.482399	2.134987	0.010489	0.516949	1.968734	1.362945	-1.720944	0.876898	2.941584	2.551779
-1.188207	-0.397954	-1.276293	0.038403	-0.197853	0.339741	-1.688854	1.803374	3.048574	1.766848
-1.471928	-2.338093	-0.954238	-1.918058	-4.507067	-3.463840	-2.831416	2.288602	0.033024	-1.520084
0.190126	-1.832856	-3.950677	-3.576953	-1.020028	0.747472	-3.420638	-1.930630	-5.028980	0.554562
-2.030258	-3.540167	-3.654038	-4.653998	-3.895856	4.201647	-2.500331	-3.077834	0.141148	2.480265
-2.548192	0.847548	-0.364649	-3.210713	-3.086572	-0.175944	-1.161404	0.929880	2.062295	0.971807
-0.208587	-0.360436	-2.153336	-3.960312	-0.356296	0.539470	-0.997864	1.681299	0.067250	2.645469
-1.206151	-2.737446	0.935273	-0.983413	-0.892549	-5.117637	-1.452419	-2.692184	-4.124101	-2.901267
-3.060095	0.853293	0.776853	-3.288930	-3.388349	-6.050591	-2.656675	-5.382681	-5.513869	-5.625916
-1.695025	0.859554	0.049781	-3.344479	-3.915018	-4.428316	-2.111039	-0.432600	-2.469963	-7.221996
-0.766549	2.771413	4.149233	-0.826172	2.313226	4.049866	-0.919014	5.124352	2.361405	1.054181
-3.125971	1.278743	2.439189	1.572778	3.584865	2.718733	3.097895	0.949567	1.755027	3.829901
-3.375797	-0.802581	-2.897273	2.068860	-1.995719	-4.668433	-0.269714	-3.082861	-2.558406	-0.093647
-1.751428	-1.435283	-2.159971	0.513663	-1.197044	-2.593751	-0.772443	1.361762	1.454000	-4.276473
-2.043568	3.477812	2.242778	0.271680	6.167274	2.772064	0.585806	0.515332	3.624839	0.518414
2.500983	2.075782	-0.159742	2.100102	5.107419	3.297099	2.486836	2.173646	-0.240396	1.994308
4.662326	2.124704	0.807654	1.716523	1.825678	1.571343	4.309146	-1.694399	-0.248008	3.174903
0.383563	-3.253045	-3.331946	-1.186261	-3.634465	-5.335314	-2.029459	-2.138505	-0.544899	-2.733105
-1.635304	-4.472285	-5.546953	-3.339555	-4.536820	-8.793479	-3.971176	-3.582371	-2.670773	-7.734416
-0.833670	-3.107436	-2.981876	-2.962058	-3.226600	-7.963257	-3.953101	-4.606799	-4.988230	-5.292631
0.324470	-5.974717	-5.893824	-3.330273	-2.133214	-6.545250	-3.323326	-2.998285	-4.034569	-5.768449
-2.397378	1.598954	2.013697	0.101902	1.579328	1.776740	-1.281345	1.097072	2.923410	-2.145966
0.208295	0.600760	0.568982	0.021869	-2.261780	-3.163284	0.215552	1.418576	0.208811	-0.497077
-1.917804	-0.923514	0.025030	-2.000767	1.594055	-5.446619	2.919074	-3.505569	-4.740864	-1.894974
-1.487964	1.322317	1.979337	2.442798	5.661729	2.476542	3.520332	0.137343	3.331091	1.423451
-2.543175	0.165741	2.206104	-1.362127	0.267138	4.678306	2.398937	2.227218	3.588881	3.657307
2.036875	-1.157855	-0.103567	-2.416837	-6.556220	0.464985	-0.954497	-0.106636	2.187212	0.622408
2.551298	-0.987681	-2.716574	0.969181	-0.437046	-0.665409	-0.766356	0.727287	0.558492	-2.557533
-3.196294	-1.607846	-2.656913	0.001835	3.169863	-1.602662	-2.935025	-2.836602	-1.093371	-3.780401
-2.586286	-4.547858	-3.036877	-2.368562	-3.433892	-6.649058	-3.522688	-5.283495	-6.399366	-3.041879
-2.019363	-6.363323	-4.095760	-5.513797	-3.838308	-6.857078	-2.727129	-3.006880	-1.718284	-6.458250
3.656188	1.683252	1.725046	0.547844	-0.078677	0.869498	0.984470	5.315553	0.731385	0.774905
4.257983	2.821765	3.891050	2.424277	-0.055995	2.581891	4.655427	5.321016	3.502654	2.253408
5.057638	4.142111	2.525762	3.343016	1.638748	1.819624	3.718962	4.715020	1.290234	2.267380
2.217169	1.236391	1.811694	2.133080	0.849560	-0.178477	-0.053705	1.798679	-0.062161	-0.393356
1.182990	2.461303	1.432757	0.363185	-2.668348	1.000813	-1.586356	-1.166994	0.281381	-1.978978
-3.184980	-0.654652	-1.304536	-4.577450	-3.079963	0.903122	-2.499369	-0.361586	-0.573626	0.836140
-2.766428	-2.713771	-3.289972	-5.222207	-1.177372	-0.494623	-3.313822	-3.070184	-1.531668	0.738023
-1.522336	-3.789751	-1.374336	-3.543067	-3.579762	0.895308	-0.958696	-1.784873	-2.232931	2.683196
3.538211	0.812212	0.878987	2.303489	-0.366117	2.305845	1.003432	3.522161	3.600299	2.710685
4.605328	1.670122	2.171710	4.464380	3.622180	3.771418	1.257084	3.854731	4.540336	2.861816
-3.469770	0.393488	-1.239350	1.942026	-1.568455	-0.223041	0.315981	-3.628149	-2.433305	0.173817
-4.721968	-7.244486	-5.714777	-3.357153	-4.957903	-6.880901	-1.556155	-5.579864	-4.273609	-2.519786
-0.346153	-2.234290	-3.570457	-5.844239	-4.095545	-0.013131	-2.585603	-2.365200	-5.318764	2.315734
1.029789	2.147885	3.458727	2.746487	4.424638	3.322503	4.172059	0.004756	0.272245	0.080903
-2.246430	3.420146	3.607192	6.115344	5.985265	1.788631	5.036051	-1.542382	1.218631	3.592148
-1.762399	-1.049794	-0.747448	0.912249	-0.043842	1.145285	2.295595	-0.100003	2.273708	1.551895
0.438094	-3.174227	-2.922476	-3.281380	-8.463663	1.693897	-1.903190	-0.104992	-0.014013	-3.698432
3.724059	-0.334140	-0.053277	0.641972	1.604223	2.544796	-1.908685	2.171862	3.323381	2.512392
4.374503	1.753978	2.726964	5.564723	5.030738	4.644214	1.736630	2.362970	2.384601	3.825492
3.915036	0.618139	0.225363	3.588685	2.786702	2.579779	-0.034127	4.259745	3.330758	2.064491
5.107264	2.816255	0.044334	0.447774	-7.214163	-0.038380	0.009261	3.050195	2.717562	1.759710
-1.039108	0.325739	3.098892	-2.612598	-4.199436	-2.400535	1.577609	2.404430	0.148422	0.013571
-2.092875	2.131303	3.175749	2.460579	3.079103	0.725039	2.201535	0.854660	-0.441755	-0.096806
3.145365	2.322261	5.236619	4.720016	4.848175	3.014068	3.697451	2.295893	4.339840	1.642498
1.773916	1.658524	3.729814	4.553723	3.902399	2.069576	1.278072	0.766535	-0.134087	3.643999
-5.145822	-1.610993	1.741547	3.186605	6.346395	-1.748916	-0.084091	-0.508407	1.034468	0.102214
-1.753251	-2.387079	-1.780072	1.741670	3.611781	1.958213	-0.950727	-0.734227	0.326011	-0.317342
0.765629	-0.128720	0.850468	1.872121	1.485875	2.493384	3.701273	-1.083820	-1.587355	2.065643
-1.034287	-0.276204	-2.373722	-0.974838	-3.925207	-2.174588	-0.539882	1.204017	0.194871	-0.712320
-2.858801	-0.592219	-3.766035	-4.039205	-4.486049	-2.574486	-4.453385	1.498787	-1.026110	-1.434419
4.923179	-2.870253	-2.521360	-0.719482	-0.694835	0.527903	-3.857032	-1.862809	-2.581397	1.621152
5.414048	0.916306	0.888109	1.337930	4.889447	5.084792	-0.783917	1.775031	2.177509	2.186400
1.893296	-0.196431	-1.484221	0.599328	-2.153689	-0.806510	1.785961	-0.190193	1.670704	2.687930
-1.497884	-4.259854	-1.924742	-4.235292	-4.087134	-7.472595	0.616603	-4.401282	-2.095414	-2.938355
-2.772805	-4.672450	-2.299050	-5.039438	-2.777376	-5.256956	3.273110	-4.421239	-3.673351	-3.890154
-0.953576	0.741688	1.101861	0.406283	0.835191	0.542710	-0.186222	-0.744267	-2.400611	-2.519767
-2.526711	2.551372	-2.009406	0.195961	2.301576	0.332905	-1.597895	1.307532	2.175698	-0.793797
1.361676	-0.094791	-0.263645	1.636386	3.421183	1.843730	-1.197415	0.295153	1.592668	1.782953
4.077871	3.527708	3.898045	2.619746	4.158316	3.985782	0.271012	3.087789	3.049090	1.948876
-0.339841	2.770278	1.008967	1.391326	-0.379022	0.798058	-0.810122	1.699234	1.783654	-2.301234
2.436922	2.904925	2.674423	-0.247188	-5.015231	2.431352	3.422974	3.950782	0.744950	-0.345887
4.654645	2.685157	3.734816	0.569588	-0.383912	4.319256	4.784188	4.807325	3.314065	2.229007
6.084509	2.909379	2.253944	4.680436	1.793133	4.238359	5.374809	3.327053	2.771887	2.624836
-1.410404	2.736098	3.064611	1.818939	0.936300	2.283152	3.405922	2.943158	3.733502	2.755786
0.010787	2.136618	1.908214	0.387276	3.169882	-0.251880	0.829414	2.399330	1.385495	2.420443
-1.174138	3.133543	2.133755	2.642628	5.343172	2.045749	1.761268	-0.553543	2.523653	3.545488
-2.430099	1.359779	2.021334	2.392574	2.382662	0.858421	1.918766	-1.486670	1.192957	2.322706
-3.029416	-3.904272	-3.705852	-0.317909	-4.407059	-6.258380	-2.823109	-6.093564	-2.762207	-1.295123
-1.571409	-5.811107	-4.461702	-3.548341	1.245196	-0.811176	-1.071577	-0.361837	-2.126657	-1.672719
0.479502	-0.184924	-0.625018	1.170853	3.692316	4.287614	-0.488859	1.314400	2.295090	1.955597
1.681194	-1.004719	-0.679501	2.988050	6.565084	1.253168	1.449824	-0.687468	-0.501384	0.575603
1.495748	0.293207	-1.405551	1.644128	1.248885	-0.611039	1.372150	-1.252952	-2.177798	0.640976
-1.389557	-1.289344	-0.658070	-1.633938	-4.931698	-1.057831	0.309996	-1.746967	-2.968570	-0.535708
-1.526042	0.251528	-0.817960	1.452729	4.366515	2.693568	1.893639	0.474075	0.693481	-0.591573
-2.718926	2.972024	1.552378	-0.402196	3.360804	2.082930	4.272654	2.729560	0.634636	0.320256
-1.494131	1.610644	3.157044	0.041464	-3.891050	0.949429	3.003416	1.911074	0.964276	0.307252
3.890624	2.530487	2.170636	3.398286	1.304131	4.752837	3.294001	3.368503	4.377081	4.283291
1.923720	-1.922849	-1.635346	-1.844654	-0.678077	2.392726	-2.202416	-0.042267	1.118932	2.743246
-2.348262	-2.982164	-3.030103	0.394522	6.017202	2.963567	0.382138	-3.680449	-2.745689	2.260490
-0.527540	-0.304459	-0.012235	2.084491	3.102746	2.046832	1.371738	2.535444	-0.796402	3.129597
-0.078431	0.814963	-0.659444	0.617032	1.505329	0.131591	-0.873941	3.137596	2.888374	1.566140
-2.008554	1.560001	1.866772	0.927924	3.804126	0.249415	-1.651826	2.884996	1.801920	-1.632207
-0.879624	1.071853	0.110813	-2.244653	-3.140589	-0.629424	-1.641242	-1.720371	0.225219	-2.246371
-0.715556	1.076515	1.642378	-6.110719	-4.022842	2.844545	-3.279614	-5.812817	-4.571748	2.806923
0.135635	-1.542514	-1.228031	-5.672792	-3.564860	-0.808208	-3.179467	-7.098454	-6.749899	-0.871453
-3.421366	-2.505236	-2.767013	-2.131390	-0.769368	-10.477910	-3.160525	-2.969297	-3.223350	-4.180223
-1.925171	-2.435455	-3.200067	1.369171	3.033008	-0.585489	-0.792613	-0.639756	-0.120220	-5.257913
0.310408	0.278326	1.471007	-1.571525	-1.498561	-2.466372	-0.404555	-0.620144	-2.525324	-0.926046
-1.499641	-1.564795	-2.495087	-2.397792	-4.555298	-3.823386	-1.746072	-0.513172	-0.603878	-3.130946
0.623473	-0.896121	-4.204248	-1.553444	1.553969	2.075744	-1.745688	-1.106752	-0.209198	0.005863
-0.936361	-4.169856	-1.504275	-3.957292	-3.580485	-1.331908	1.053877	-4.103595	-3.063198	-0.715442
-1.074250	-1.519702	-2.360764	-2.498047	-5.239385	-5.751665	-0.298299	-3.399311	-2.572993	-3.697781
-2.083701	0.125037	-1.733014	-3.547920	-1.827355	-3.678351	-4.365734	-1.514011	-2.688297	-4.942875
4.000978	3.941659	4.332977	3.194782	1.698381	2.915413	0.612851	4.084396	2.367778	2.178355
1.586383	0.321660	-2.054687	-0.411150	-1.713300	-0.130695	0.487840	1.794199	-0.886582	1.102691
-3.354291	1.620237	1.196195	-4.270820	-3.504822	-8.127393	2.883116	1.136289	-0.024488	-2.036186
-3.339547	-0.567313	1.114826	-4.516435	-2.886105	-1.357601	-0.949038	3.228258	-0.856752	0.100008
-0.416087	1.723006	1.343809	1.330902	1.339930	1.005064	0.065465	2.250896	0.966815	0.498857
-1.992714	1.281692	1.449446	4.098789	2.984963	0.756486	2.933510	2.067996	1.010703	-0.748455
0.043072	0.569841	0.247238	3.475023	0.993575	2.301950	1.102485	-2.622152	1.166903	-0.663441
-1.488529	-1.239450	-1.420312	-3.485895	-4.016051	-2.194156	-3.086320	-3.271255	-1.976595	-0.013114
-0.151915	-1.489884	2.539297	0.509135	-2.178932	-1.846346	-4.069718	0.010380	-0.274799	-1.752587
0.173815	-1.977565	2.956067	-1.570887	-1.638684	2.697171	-0.260615	-1.109154	3.219883	1.029430
-2.215935	-0.178397	-0.901000	-3.221657	-1.476120	-1.184616	-1.972022	0.489334	1.395643	0.451026
-0.707563	-0.657781	-0.504206	-4.972172	-3.400554	-6.098813	-3.422943	-2.285362	0.700874	-3.454306
0.167936	-0.506423	-1.974448	-2.811028	-1.463797	1.829471	-2.435486	-0.973348	1.563570	-1.132876
1.383867	1.866075	-1.122927	0.616780	3.455039	1.830932	0.192845	0.465568	1.151225	-1.412589
1.299636	2.361109	3.548155	3.131957	6.303946	3.907965	-0.199053	4.301181	2.846533	3.662047
-1.842552	2.041775	1.896799	1.384909	0.768514	3.107668	1.338017	4.639483	1.405788	2.371627
-1.013389	1.683269	-0.762298	-1.359657	-7.199162	-3.266362	-1.287147	0.417570	-1.875013	-1.329652
-0.084268	0.441988	0.766661	4.181566	1.435311	1.704776	1.132754	0.187535	0.630425	-2.233495
5.107119	1.152628	1.254074	5.828386	5.197528	3.477781	1.342721	1.696572	3.296897	2.978295
2.775580	-2.156715	-2.294962	0.279711	-2.244112	-1.516144	-0.896145	-0.636724	-0.487899	1.575017
-0.174076	-5.110846	-3.912652	-4.380151	-5.757114	-5.294397	-3.993443	-5.876660	-3.996768	-4.345731
-0.637041	0.294032	2.938298	-2.730193	-1.095377	-6.593574	-1.899570	0.384060	-3.124312	-8.057149
5.523995	-0.123687	2.332784	-0.534804	-1.413402	2.389428	1.015578	1.213829	0.619865	2.198261
-0.730457	0.607994	0.027899	2.545323	2.155512	2.643116	0.768403	-0.367157	-1.463537	0.765300
-3.468190	2.609970	0.026536	5.014498	3.175969	0.703596	0.948612	1.143097	0.141777	2.978069
-1.764691	2.185437	3.282387	4.972628	6.456270	3.179275	2.668908	4.772385	1.385407	3.131269
-1.544751	1.113689	2.346044	3.250623	-0.185980	1.393460	3.266097	2.255202	0.482550	4.334801
-2.769261	-3.188379	-2.943902	0.718290	-6.207675	-2.941941	0.528686	-3.904656	-2.947895	2.017767
2.122192	-5.242971	-1.731661	-1.841361	-1.637310	-6.668618	-3.044620	-4.241294	-2.864029	-2.523331
0.373716	-1.319092	2.101956	-4.033622	-1.531978	-9.006563	-2.422315	-3.941417	-5.298454	-7.584091
-3.819376	-2.566747	0.164038	-3.637187	-3.411171	-4.010366	0.784109	-3.989329	-4.636870	-3.583411
-2.404476	1.435758	2.751074	0.965253	2.188519	1.999182	3.184059	-2.392634	-3.152877	1.411112
1.836828	1.182618	2.336952	2.419304	3.922701	1.363294	2.150241	-0.258035	-0.871777	-0.121119
5.035446	2.499929	0.354559	6.568874	4.310185	3.728077	1.870663	1.913663	3.298731	3.226897
5.116587	2.934185	1.692481	3.275570	0.105881	1.455745	1.650731	3.155258	4.173746	2.656963
0.918063	2.700280	4.993506	-3.169605	-2.989899	-0.533094	-0.576047	3.349045	3.198469	0.925981
-4.191417	0.947110	1.011018	-3.351442	-3.832246	0.167573	-1.368264	1.141124	3.923401	-1.938646
-0.928843	1.800270	1.284004	-4.036238	-1.276946	-1.113044	-3.110814	3.630991	1.169941	-1.303616
0.966294	3.503955	0.327549	1.522412	1.843612	1.706865	-1.381589	1.998544	1.078792	-2.083328
1.628703	-1.221940	-0.518162	-2.680386	0.281340	0.606313	0.825916	-0.191018	1.050855	-0.754079
-1.342705	-1.648920	-2.989044	-2.480631	-4.437647	-0.035490	-2.895392	0.237205	-1.708670	-0.492269
-1.782423	-1.936390	-4.118113	-0.114517	-1.324638	1.712466	-2.946308	-0.303889	-2.445479	-0.244197
3.192358	-0.292653	0.044217	0.923657	0.234081	3.513992	-0.899325	1.379102	-0.128571	2.216740
0.128646	2.878387	2.153330	1.127995	1.739123	2.614698	3.643260	2.064676	3.934357	2.587840
-3.943950	1.200825	1.333911	0.196999	-1.323298	0.092995	2.091654	2.735137	2.486909	-0.235794
-1.732923	-1.708743	-4.390655	-4.518329	-3.229667	2.828292	-2.918040	-1.057114	-2.117313	0.842235
-2.478165	0.111182	0.463017	0.233111	0.878328	-1.886801	-1.643118	-4.410275	-2.359105	0.323729
-0.470170	2.408195	2.836213	-1.588278	-2.391699	-0.836074	-0.982676	-3.549542	-2.853462	-2.300414
-1.753830	-0.131406	0.427118	-0.787395	-1.344333	0.696283	3.079489	-5.963111	-3.179079	1.279306
-1.946039	-1.879222	-1.988582	1.551859	2.486539	1.986677	1.353279	0.316424	0.610849	0.099187
-2.569492	-0.693156	1.282700	4.326887	3.857132	1.302418	1.128996	1.321967	3.921227	0.414328
2.240319	1.436291	0.831750	4.193087	2.421258	3.868614	0.295342	2.771526	4.326263	1.282627
3.585297	0.461619	0.180757	3.200960	0.478931	1.849675	2.223019	1.825408	2.915463	2.022880
2.626249	3.637927	2.046709	3.444007	2.936266	1.632807	1.608625	2.614822	5.108834	0.971687
2.039980	1.607316	0.785394	1.969127	-1.251524	-1.237981	0.425863	0.792177	0.445286	-0.312855
-0.577007	-2.431614	-2.787898	3.411820	2.003974	-6.650080	-0.389069	-3.879517	-3.966274	-2.643451
-0.421407	-2.772662	-3.967276	1.000887	-0.322627	-1.083885	-0.995371	-2.825148	0.191766	-2.124502
-1.632916	-5.967124	-2.418749	-3.721071	-2.993413	-0.652086	2.713155	-2.502604	-4.113686	0.573788
2.825669	-1.551698	0.360874	-3.373156	-1.427772	1.514724	2.607908	-1.869171	-1.683918	0.899815
-1.595548	0.376019	-2.948512	-5.037265	-1.463491	0.494951	-0.732015	-3.936634	-4.419819	0.679977
-1.744765	-2.384870	-5.916815	-4.397599	-1.678756	0.016504	-2.951215	-5.334179	-5.195475	0.804668
-1.600878	-7.665658	-5.720338	-3.257556	0.281544	0.520290	-1.611996	-4.350889	-5.427473	0.920087
-3.070686	0.740558	0.678613	0.607566	6.525222	2.833817	2.373139	-0.701646	-2.759200	3.282428
4.732914	3.685186	0.693537	-1.083432	1.831690	1.874292	1.504386	1.946570	1.629660	1.725988
5.547423	-0.328368	0.402330	1.755952	-3.576239	-3.424377	-0.949958	-0.017023	-0.304677	-2.059635
2.349943	-2.580797	-3.874806	-1.859378	-0.921454	-3.416282	3.095902	-3.043003	-3.223195	-2.113447
-2.915226	-7.078392	-5.870973	-4.533919	-1.704243	-2.493514	-1.301138	-6.114548	-3.691876	-4.534250
-1.957281	-7.650144	-5.585568	-1.819167	1.393806	0.287834	-2.441182	-4.772035	-3.201102	-1.956946
3.443678	0.444456	0.824710	1.215082	3.622205	3.414473	-2.260436	3.354160	1.233147	2.409160
1.686351	3.684120	2.305067	3.225233	6.574165	3.574310	1.708196	2.740763	4.291492	3.556866
-0.175562	-0.174643	-0.637293	-0.363607	-0.206202	-3.688543	-1.006092	-0.677900	-0.631248	0.948771
-0.785360	0.804580	2.131937	-4.017232	-9.453485	-8.689977	-3.129104	1.590898	-1.861049	-6.661128
0.634656	2.527401	2.468463	0.860266	0.648028	-2.204982	-0.348346	2.545386	0.332910	-4.238333
-1.529514	2.313634	1.838195	4.110094	4.029248	0.580755	1.589477	1.382892	2.191655	-0.176743
-2.661272	-0.064608	-1.159459	1.787962	1.946487	0.137546	1.574559	-1.091452	-0.761191	-0.271660
-0.135917	-2.382610	-2.413387	1.260681	-2.612645	-1.443198	0.738997	-0.307415	-0.014201	-2.013883
1.832349	1.356842	-1.342378	-3.488640	-2.408736	-2.768663	-3.343017	-1.466166	-3.204850	-3.562713
4.998325	0.120666	-0.626218	0.533112	-1.770374	1.315567	-3.340786	2.908929	0.103490	-2.025246
2.003910	1.932676	1.815106	2.428749	0.466653	-0.975895	0.337385	4.129803	3.246347	1.623918
-3.757398	1.769790	1.160410	2.010986	0.484755	-0.378833	1.097890	4.888191	2.685050	1.705382
-3.147401	2.120825	1.894408	-2.588663	-2.653655	-1.845930	-1.907874	1.413929	0.455630	-1.955849
-0.282900	-0.169101	2.844619	-3.354882	-1.001966	0.726533	-2.276212	-2.787549	1.682115	-1.982772
-2.135498	1.637130	0.636160	-3.877854	0.826935	0.437573	0.082473	-1.668004	-2.385062	-1.142382
-1.779796	3.255036	2.565049	0.903838	3.456859	0.651510	1.157076	4.341699	2.255731	-0.344172
-1.262896	2.535138	-0.001794	-0.127986	3.069719	2.152666	-1.589006	4.306000	5.730726	2.681864
-1.192202	2.708752	2.097251	-2.723906	-1.820473	-0.411739	-4.485875	3.718735	3.677657	-1.228366
-0.806514	2.360101	1.449104	-0.834502	-0.131304	1.014919	-2.249635	2.383745	2.141258	-1.442652
-1.577437	0.458602	0.884787	-2.128252	-2.102661	-1.991937	-1.581387	-0.480033	-0.121038	-1.733085
0.570629	-1.351623	-0.633578	1.581868	-1.271731	0.511120	-0.520833	-0.182359	-0.881893	-1.972954
2.386380	-1.171655	-1.004668	1.024282	0.119400	1.119914	0.069325	-0.317992	1.184426	0.554252
0.383314	-2.634673	-1.667262	-1.739085	-2.607055	-1.642727	-0.768513	-0.692394	-0.163844	-1.002653
-0.428272	-1.550258	-2.251636	-2.602708	-3.369682	0.810727	3.376752	-0.837023	-0.826965	-0.346155
0.754220	0.494211	1.120134	0.452041	-1.088267	2.335504	3.467520	-0.668941	-1.769402	1.351760
4.131887	3.352155	2.732071	4.267490	1.872205	5.647436	3.695692	4.231094	1.355083	3.760709
4.491426	0.948692	0.651199	1.809168	-0.899851	-0.465046	2.036570	2.187721	1.019528	1.776509
0.976535	2.391144	0.182442	0.400605	0.449779	-3.519008	-1.039647	2.640582	-0.527729	0.116579
-4.217388	2.448829	2.858424	3.363431	4.857412	1.995985	-1.566754	1.898815	0.611450	2.700536
-3.816847	-0.210633	1.420768	0.299778	-1.810837	0.971367	-4.005850	2.496961	0.620602	-2.128797
1.095357	-1.269922	-0.432101	-2.912621	-1.534852	-3.991924	-2.485331	0.631959	1.096268	-2.943399
-1.942780	1.021879	1.064839	0.066166	3.427284	2.196449	-1.694895	1.345750	3.044884	-1.689849
-1.212658	-1.439210	1.262412	6.207973	6.971287	4.059325	3.154365	-2.823428	1.762691	1.347379
3.246519	1.999029	1.610040	5.148835	0.229775	1.455245	1.626952	1.334564	2.090526	3.804108
5.779249	0.825012	1.712247	2.310587	2.431665	0.469748	1.011471	1.007565	1.490828	0.313864
-3.590369	-1.740643	-0.556646	0.970765	-2.366525	0.210277	2.749829	-3.621288	-0.282965	0.691174
-4.520937	-0.522919	-0.501418	2.547306	2.676722	2.681976	1.471031	-1.043156	0.668586	1.044266
-0.786657	-1.546802	-0.284847	-1.026955	-1.268274	1.136188	3.711685	-0.824603	0.963219	2.658269
-0.839531	-2.765875	-1.647314	-0.072179	-4.208995	-0.744643	1.805298	-2.960991	-0.512027	2.351811
-0.835060	-0.004325	0.385401	-0.056228	-0.991423	0.516629	-0.488424	-4.395486	-5.125016	-0.989976
0.680855	1.103962	0.764517	2.335034	3.723263	1.631252	-1.276871	0.054450	-3.108809	-2.843461
5.151313	2.261700	2.318951	3.048347	4.776381	3.894072	0.013365	1.423349	1.992230	2.661088
4.519614	2.594601	0.984621	0.673950	3.105851	1.998437	0.623892	3.483748	1.359139	2.704204
-0.567445	1.583476	-0.738657	1.632181	3.025394	1.207296	0.652921	-0.013321	2.933954	1.849921
-4.885362	-0.912264	-2.366069	-0.789621	2.896030	3.082298	0.407759	1.273977	0.951811	0.162874
-1.469138	-0.695209	-1.841300	-2.491617	-3.691321	1.514294	-2.293181	1.476972	0.116445	0.470498
-2.778073	-0.691350	-2.908937	-3.793667	-5.241739	0.505133	-2.071592	2.565697	1.705693	0.536428
-0.945267	-5.594779	-3.746267	-5.392132	-2.680702	-5.131733	-5.126961	-3.687317	-2.590512	-4.014799
-0.804019	-2.659288	-2.867480	0.845226	1.292110	-5.853854	-1.273178	-0.355640	-3.263534	-3.452645
-1.734929	0.898829	2.642234	4.465746	5.370318	3.865023	0.216267	3.448859	4.028259	1.986426
-0.581294	-0.457022	-1.844917	0.451468	-1.106656	2.199450	1.074885	0.979208	-0.247799	2.281654
1.568886	1.028564	0.657977	0.662129	-6.097891	-1.106621	-0.687411	3.434637	-0.577175	0.700075
4.908013	1.576390	1.808220	0.699869	0.357634	4.185963	3.054789	3.995272	3.653963	1.832330
3.908689	1.490161	2.352019	-1.215276	0.671540	2.051454	1.849696	3.274941	3.606947	2.708857
3.517216	1.956977	1.623177	-0.201267	-2.468051	-1.802795	1.445623	-0.275928	0.944307	1.012295
-1.572304	-0.656859	-0.277503	-1.093867	2.290381	-7.371731	-2.065920	-5.227310	-3.338926	-3.986914
-1.869166	-1.899648	-1.622018	-1.811640	-0.057042	1.137698	-0.637321	-4.039580	0.129078	-1.550533
1.790531	0.210012	0.261631	-1.388950	-1.063698	1.929447	1.426932	-0.640412	-3.545752	1.068281
-1.632609	-0.050083	-0.384656	-1.495461	-2.577867	-2.250034	1.479050	-4.517481	-4.573087	-1.371634
-2.984181	-2.635932	-0.747880	-3.733537	-1.461729	-9.891990	-1.993056	-6.045163	-5.001799	-4.899137
