X1	X2	X3	X4	X5	X6	X7	X8	X9	X10
0.244280	-5.238611	-1.981634	-4.159975	-0.934464	-5.447945	-2.668002	-3.825653	-5.680742	-4.558400
-1.335155	-2.078465	-0.140402	-1.471452	-1.782770	-3.513501	-2.211623	-1.467362	-1.701981	-2.761663
0.192263	2.964593	0.353819	-2.327017	0.472490	-0.366638	-4.000543	2.076695	-0.425645	-0.060749
-0.897151	1.265252	-1.278283	2.055637	1.789834	2.076136	-1.538283	4.253032	-0.254636	2.328029
0.664115	1.871804	0.942978	6.504115	1.551180	0.894213	4.010035	2.812860	2.535340	0.155260
-1.275526	0.918239	-0.019113	0.306523	-0.872157	1.042382	1.188989	1.692591	4.938779	-2.685971
-1.254163	-2.843251	-3.715768	-3.929638	-0.031059	1.683635	-2.706142	-0.357764	2.509476	-1.153575
-1.870685	-3.573278	-4.141801	-1.099165	-2.471614	-1.163237	-2.781080	-2.117594	-2.351975	-2.565966
0.160418	-4.193548	-3.735025	-1.048859	-1.653707	1.607357	-2.680447	-2.542587	-1.639079	0.172742
-1.446744	-3.153872	-1.134552	-1.443620	-0.894725	-1.018893	-0.747865	-2.941635	-5.647242	-0.814065
0.220438	0.133842	4.187503	-2.767451	0.066344	-0.090698	3.638443	-2.215226	0.541930	-0.155901
0.191871	0.747884	3.340928	-3.177957	-0.849290	2.295034	3.489457	-1.861952	1.271232	1.214520
-0.972737	-0.699855	0.883510	-3.763541	-2.916318	0.027792	2.676955	-1.943403	-4.592845	3.210082
1.109719	0.107717	-2.113262	-2.008812	-1.730630	-0.694635	-0.301786	-0.142571	-5.194907	2.349070
1.573446	1.637689	0.453998	0.026623	-0.095619	0.224442	-1.917487	0.626952	0.247038	1.408069
1.796146	2.830953	0.481778	1.729254	-0.564978	1.561713	1.997830	-0.194528	2.921383	0.643164
3.939125	2.511799	1.790267	4.085270	2.785797	2.095567	0.648543	2.009497	5.381318	2.320737
-1.247015	1.152418	-0.737647	0.270859	0.937811	-1.589710	1.397831	1.104032	3.098236	1.577773
-1.514773	-1.591199	-1.753377	-3.738293	-2.626733	-1.788728	-1.833629	0.080283	1.377526	-2.482644
-0.076747	0.748937	4.022366	-4.422901	-2.927333	-3.724999	3.314142	0.229153	-0.312322	-1.217133
-0.491338	1.918017	1.620072	0.221319	-1.057188	2.611163	-1.216676	2.538447	2.261482	-0.229111
-1.946748	4.668831	3.135628	2.500047	1.611701	0.406246	-0.563207	3.220568	1.576128	-0.989194
0.376923	0.659368	3.264125	0.351967	-0.942867	-2.550863	-0.174470	-0.833382	-1.129598	0.016200
-2.067830	3.230518	1.748050	3.121956	0.287105	-1.282677	2.077212	0.009797	-0.541806	-1.433149
-1.295710	1.010071	1.339194	4.935793	2.481313	1.313289	2.268418	1.724606	2.018491	1.732743
1.230678	2.039715	1.460145	1.029155	1.569853	1.882222	0.030429	-1.363255	-0.754422	1.254056
-1.281673	-0.600760	-1.144206	0.860619	3.451418	1.342307	-0.888179	-3.629887	-1.977457	-0.050328
-1.989670	0.767534	-0.122170	4.158058	4.208202	2.300229	1.869877	2.508406	2.879270	-0.224829
-0.433119	0.827185	1.196043	3.247746	2.128896	2.095875	2.109173	1.995822	2.210945	0.775236
-2.000832	-1.498119	-1.689076	4.299255	0.632090	-3.042772	-0.075809	-2.369644	-1.150849	-0.419155
-1.550017	-2.242889	-3.723938	-6.632942	-2.563125	-5.408426	-2.987990	-1.890597	-2.843428	-2.215219
-3.227785	-4.994040	-3.620853	-5.302275	-4.552261	-2.910603	-5.839190	-0.824743	-3.518409	-3.084677
2.520051	-2.247683	-1.881229	-0.022776	-2.199231	1.193881	2.453672	-2.599189	-1.583310	-0.142648
1.705178	-0.794631	1.220723	-3.141876	-2.504547	0.404509	1.662676	1.378056	0.916651	2.228648
1.325483	0.926500	0.803595	2.620694	-0.316224	1.247967	1.055603	2.648384	1.744856	-0.101308
1.938850	-0.462002	-0.746124	4.019501	-0.540178	-1.387963	0.747435	-0.807917	-0.193316	-0.083537
4.636165	-1.062351	0.703559	0.923210	-0.136624	1.485303	-0.887948	-1.342357	-1.540684	0.264142
4.583309	0.199336	0.129632	3.207687	2.850321	2.470149	0.219037	0.415352	0.480030	2.039508
3.971067	-0.374453	-0.656112	1.761198	2.683040	3.677557	0.075271	1.574897	0.029907	1.327443
0.713118	-2.591136	0.414417	-1.199294	1.343212	-1.822888	0.550237	-1.061038	-1.249776	0.864926
-1.831955	-2.827627	-1.707889	1.542477	3.181420	2.013695	-0.107182	-1.977466	-1.281442	0.856137
4.650126	-0.088443	-0.535440	1.690373	3.248844	3.217891	2.387398	-0.027503	0.601789	1.794358
7.328241	1.496500	0.708355	4.049659	1.211462	2.644982	0.991959	0.902432	1.753791	3.382869
4.081167	4.646185	2.151687	6.619298	4.333655	3.422152	2.587286	3.000523	4.713143	3.798450
1.513084	2.480596	2.215448	4.828752	3.953200	2.568684	0.235263	1.924951	5.487419	1.517483
-4.625334	2.758815	2.799828	3.539085	2.792875	0.764761	3.227076	5.442996	4.449397	0.879049
-0.698309	1.291724	0.412118	1.522960	0.582058	0.306966	-2.259090	3.199639	4.719950	1.935129
-1.479267	0.931206	-0.456990	-1.233160	-0.653474	-0.599916	-2.100150	3.341857	2.332356	2.450104
0.160068	1.595143	-1.743705	1.489288	4.674156	0.450897	-2.304017	2.392030	2.477488	0.136757
4.422669	1.263517	-0.515637	-0.233531	-1.084076	2.223589	-1.500503	-0.716166	-0.254478	-0.480730
4.075110	1.951408	1.232105	-0.087655	-0.706493	0.346946	2.475878	-1.990254	-2.053768	0.466624
-0.096136	2.706299	0.701312	-2.518918	2.108181	2.545050	0.516814	-1.536356	-2.412807	1.839304
-5.338496	1.027071	-1.439125	-1.944256	-2.475178	-1.652114	-1.028205	-2.604098	-3.077320	0.324093
-1.130199	-2.656396	-1.370915	-5.241303	-3.164693	-5.750160	3.535009	-5.219004	-7.147234	-1.728427
-2.126274	-2.200919	2.152132	-6.110094	-2.848788	-6.073904	2.208246	-4.542599	-4.228273	-0.799972
-2.145148	-0.812519	-0.412893	-2.093862	0.105112	-1.877559	-0.984204	0.169890	0.367638	-1.995556
0.025249	-1.532513	-0.246798	-1.638538	-2.287316	-0.143741	-2.927149	4.221939	4.176573	-1.387695
2.429788	3.585479	1.634405	2.909644	-0.601694	1.224836	0.531802	5.888520	1.767508	-1.872305
-0.502963	3.888837	3.181408	3.594556	1.497253	3.012561	-0.503759	3.575008	2.594217	-1.153599
-0.161831	0.074044	0.576602	2.844167	0.430304	0.447619	-0.744739	0.277775	2.642577	1.470809
-2.611148	-0.209319	0.740676	4.719548	3.565535	0.496498	1.816255	2.330096	5.554463	-0.553595
-2.890844	2.125028	1.384720	4.670972	4.446025	1.215187	2.195317	0.812542	3.034452	1.884376
0.066950	2.775367	1.660326	2.004114	2.328352	2.272473	-0.400758	-0.136312	-0.776580	0.683909
2.466305	-0.110119	-1.101716	-0.331453	1.019295	1.141946	1.125926	-1.249394	-0.136654	0.338193
0.234390	-2.436349	-1.571217	-2.202950	-0.131166	-0.703505	4.115164	-2.616329	-1.921793	0.507216
-2.386027	-1.811841	-0.671586	-4.393101	-2.645551	-4.271190	-1.910347	1.524456	-2.386818	-2.274633
3.468225	-1.640612	-2.869433	-0.802427	-1.953478	-1.152219	-1.939810	1.527734	-0.830451	-1.872765
1.777516	-0.833378	0.922732	-1.677246	-2.943167	-1.834899	-1.303127	-2.525719	-2.450710	-1.885590
-1.103484	0.221642	0.389899	1.137224	1.075565	0.715260	-1.852099	-0.131329	1.092284	-1.568617
1.906994	1.305834	0.068459	0.897767	2.587602	2.273551	1.882572	2.767979	1.140313	0.145944
2.448121	2.145281	-1.056699	-2.645132	1.433227	-3.749833	-3.702814	3.614381	-1.269340	-0.651715
1.670068	2.298069	1.608916	-2.993386	-0.799074	-2.623099	-0.988957	4.676653	0.417307	-1.289602
-1.276194	2.402281	-0.804207	-4.230705	-3.078915	-3.940252	-1.897455	-0.880828	-1.712461	-1.925324
4.737107	1.601505	0.966124	4.864000	-0.064710	3.358901	0.075392	2.420117	2.907942	-1.597590
0.106043	1.401326	1.776398	4.986623	1.912530	1.043858	-1.314913	0.809165	2.822700	0.884494
-3.022214	0.521632	1.487806	3.693856	2.141893	4.300412	1.470031	-0.856904	3.081202	1.534623
-0.949891	1.598210	-0.349762	3.805097	2.345969	4.515361	3.052529	-0.749809	-0.195065	2.768290
-2.036812	-1.776253	0.177986	1.391341	1.629950	1.213503	0.505183	-1.408570	0.789690	1.256590
1.417495	1.015834	-0.235562	1.599289	1.816527	1.735234	1.722298	0.375596	1.193155	1.296718
1.395106	-0.095940	0.580788	-3.407958	0.284694	-1.103947	-1.702623	-2.785228	-0.489976	0.392470
-2.254902	-4.730585	1.298725	-6.519798	-4.238155	-2.734940	1.540225	-3.091857	-6.045911	1.744441
3.012247	-2.638610	-1.518659	0.304774	-1.847024	-0.446647	0.031148	-1.502105	-2.681357	1.372329
1.660631	-1.281722	-0.925873	-3.631936	-1.383918	0.543432	-3.414148	-4.978087	-2.348519	-3.217971
-0.069572	-2.749630	1.853375	-2.496820	-1.823238	-0.551702	-3.272859	-2.828013	-3.016299	-1.311961
0.982819	-1.512140	2.247777	-3.851769	-3.667385	-4.550347	-0.199678	-4.549594	-3.327701	-1.652444
-2.216217	-2.955458	-0.799675	-4.082372	-4.575760	-5.016503	1.018903	-3.577439	-6.088925	1.165279
-2.337397	-4.629289	-4.200289	-1.380116	-2.356162	1.582233	-0.924512	-1.079856	1.439727	1.431104
-1.508040	-4.715337	-3.089372	-4.038286	-3.725589	-0.348536	0.250386	-1.897953	-1.473643	-0.017069
-1.026960	-4.195405	-1.896030	-5.255969	-2.566436	-4.465908	-1.557597	-4.457433	-4.176532	-2.820642
-0.531273	2.475803	1.611529	3.598154	1.215098	1.153420	3.642046	1.152800	0.380862	1.232984
-0.947093	1.711087	2.822800	4.027100	3.527421	3.203953	1.149024	0.884343	4.317944	3.178608
-0.037233	2.215644	1.514177	3.420888	3.552237	2.933094	1.257942	2.330196	3.479320	2.110330
-1.037503	0.730775	-2.274647	-4.237460	-0.208845	1.438448	-1.980191	0.295959	2.322996	1.459249
-0.586614	2.950279	-2.054576	-3.050823	-3.676719	-3.462481	-2.866769	1.802836	-0.828720	-1.986335
-0.551875	0.119760	1.532386	0.523521	2.072525	-1.505087	0.269217	-0.732671	-3.156619	-1.042822
-1.688692	2.407517	3.321934	3.332495	1.957097	3.381434	3.310272	-0.633756	-0.399191	3.308287
-1.198073	1.381154	0.897764	3.015624	3.655706	3.315088	0.922205	0.186688	1.420073	-0.491706
-2.575222	0.952474	-0.219227	-0.041169	4.389963	2.420880	-1.935477	0.366768	1.650186	0.211497
-0.760942	-4.909219	-2.434442	-4.909157	-2.232519	-1.575684	-3.921869	-2.520904	-2.855340	-1.458603
-2.799936	-6.752720	-4.802082	-7.100715	-3.601129	-8.187800	-3.464763	-4.555319	-8.817293	-4.664905
-1.692704	-2.135323	-0.133750	-5.675018	-4.359553	-4.908661	-0.719054	-4.263664	-6.068158	-3.605109
-2.121246	-1.494825	1.249052	-2.320339	-3.427080	0.242238	3.144664	-3.646425	-2.725920	0.008385
-1.531660	1.051284	-0.011776	3.158147	-0.595994	0.820502	4.712298	-1.132088	0.070934	1.607178
-0.940943	3.129208	2.114666	2.042167	0.202516	2.049637	3.856751	2.795665	2.589221	1.111769
-2.334090	1.744755	0.339378	3.578646	4.612466	0.865348	3.431829	3.762651	2.490256	-0.263942
-0.273196	2.919033	1.128261	3.278409	2.482469	1.559340	-0.489064	3.465589	3.471857	0.343947
-1.540053	1.402151	0.565015	4.764482	0.453340	-0.930683	1.717876	-0.065201	1.096539	-1.165966
-1.506753	1.811615	2.138142	1.953189	0.941491	0.351483	2.077252	-0.447899	-0.913281	2.089220
2.339213	2.251736	0.587745	4.781053	3.083438	3.250444	2.157767	-3.184982	0.436115	1.712504
1.152257	-0.706178	0.327826	4.445997	0.095894	1.466501	1.642223	-0.969928	3.164943	1.132586
0.030789	0.281183	-0.024411	2.608042	0.871272	1.217360	2.187422	-0.429913	2.420822	1.436265
-0.183378	2.583026	-1.199864	3.138111	2.752885	2.269622	0.886565	1.605289	4.083967	2.615939
4.148471	0.974362	-0.059328	0.169921	-0.470654	3.313190	-0.240648	4.594102	3.293996	1.093809
-0.213749	1.221201	-1.076899	-0.709109	-1.547034	1.158167	-2.769816	4.342252	1.742226	0.317773
-1.598824	-0.446049	0.306928	1.156038	0.415657	0.606852	-2.379241	2.644866	2.071473	0.553929
-1.742835	0.326322	-2.448142	-0.670523	-1.287070	-1.535051	-2.586924	-0.162430	-0.129947	-2.295925
0.290134	-0.993677	-3.242303	-5.718878	-2.843505	-2.946644	-1.095466	-1.745707	-2.644217	-1.994290
3.587302	-1.066136	-1.975151	-1.790315	-2.134841	-2.363826	-0.015871	-2.468838	-1.556523	-0.547868
0.572088	-2.755348	-1.474078	0.310377	-1.399767	-2.720499	-1.880242	-0.697096	-1.130149	-1.190263
-3.778389	0.135798	2.058022	4.349105	1.949422	1.989938	0.366819	-1.028051	1.350419	-2.498677
-1.281807	0.561108	-0.442446	1.928577	0.326532	1.332281	3.825405	-1.130676	0.618794	0.499487
0.722253	1.611292	-2.059273	2.036297	1.028770	0.670828	1.054212	-0.606443	0.394289	-0.387774
-1.759587	-2.176044	-3.094955	0.481368	-0.043362	-2.494824	-1.535766	-1.909223	-2.259382	0.793437
-0.930404	1.935609	-1.309183	2.272291	3.064340	0.324322	2.456865	-0.551489	2.705890	1.810015
4.266822	2.983057	4.031849	4.163064	4.138977	3.988561	2.774898	1.662088	3.601518	0.617757
0.784615	0.868106	2.799248	0.669786	2.856649	1.225489	3.143426	-0.429466	-1.312588	2.268259
-4.472203	-6.247238	1.226721	-6.655650	-1.992145	-5.275700	-1.277959	-2.343324	-5.132821	-2.093185
-1.410610	-0.613870	-2.515225	2.782949	0.178393	-2.628512	-0.325067	-1.332258	-0.019170	-3.222877
-2.281881	-1.001584	-2.206484	0.367174	-1.592741	-2.320453	-2.508806	3.500256	-1.224430	-2.620024
-2.296995	-0.082977	-0.883748	0.791214	-0.174252	-0.421129	-3.097485	-0.077856	-0.600292	-2.266730
-0.880527	-0.710646	-1.197011	-0.175043	0.618254	0.300152	-0.562014	-0.251869	0.473248	-0.297699
1.611444	-0.889286	-0.918967	1.042386	-1.690132	-0.277617	-0.363104	1.226439	1.705995	1.646461
-0.147658	0.452703	0.423289	2.088985	0.270783	0.717155	0.250434	0.308394	-1.971546	2.057548
-1.739810	0.270023	1.366564	2.530536	-0.301612	3.047361	0.042390	-0.232485	-2.669973	0.817654
0.841510	0.284375	1.918863	4.525019	2.478172	3.557392	0.346451	1.422325	3.081817	0.839875
2.814625	2.383660	0.024290	3.088712	5.500520	3.204239	0.968207	1.659343	0.458026	3.123105
4.088756	2.147776	3.775151	3.655391	5.273820	5.803794	3.758945	1.774589	3.181752	1.889439
4.140926	-0.334777	0.771849	-0.270769	0.401456	0.494847	0.245653	1.051680	0.115097	2.589871
0.980855	-1.423601	2.896488	2.190107	3.137812	0.178289	0.342818	-2.368267	0.891560	-0.343905
-1.993234	3.773800	2.972071	5.575291	5.502669	4.414511	0.640028	4.723364	4.072338	2.096707
-2.426221	3.733124	4.014301	5.167155	3.331811	0.938704	3.332170	1.567488	4.815529	3.210501
-0.355887	-2.127634	1.653679	-1.072131	0.682616	-0.191241	0.444931	-0.839883	3.686130	-0.130529
2.124690	-4.536679	-1.767893	-4.826898	-4.235635	-3.831034	-0.445603	-3.663537	1.163636	-1.562387
4.576928	1.384885	0.144586	2.311224	2.081635	0.486518	1.438757	0.892538	2.134045	-0.351577
4.867846	1.067852	-1.445184	0.084702	-1.145494	1.506706	0.597396	1.883951	0.022549	-0.657406
2.311562	2.470814	-0.005604	2.462004	2.471954	3.486721	-0.234399	1.412309	3.701145	2.609123
2.556296	2.411564	1.148827	0.914597	1.608555	3.580256	-1.189240	2.333619	2.126525	0.576205
-0.264637	1.360395	-0.214694	-0.691952	-0.938515	-2.114097	-0.524441	-2.164213	-1.814317	-2.290062
-2.458719	1.627499	-0.039670	-1.548076	-2.946480	-4.694445	-1.852814	0.487218	-2.045087	-2.369284
-3.432533	-0.232635	-0.651202	-3.482809	-1.750366	-5.594795	-2.505773	-0.600987	-3.962194	-3.260463
-0.436065	-3.746414	-2.984896	-4.906484	-3.046497	-3.670253	-0.491730	0.849574	-1.312246	-3.550203
-1.570698	-1.101650	-1.188154	-3.731934	-2.902201	-2.854025	-1.308598	1.729402	-0.006149	-1.390005
2.058282	3.306749	0.867119	0.606107	-0.587302	0.783686	-0.290289	3.690495	-0.174113	-0.635673
5.694590	4.142171	2.051516	3.555908	2.949174	4.282473	0.636984	4.750452	1.878153	3.794592
1.929138	1.130705	-0.055268	5.297936	0.278599	1.915233	0.130310	1.460968	2.301742	3.667688
-3.461959	2.842839	0.313961	2.788859	4.102149	0.642263	1.006076	3.477938	-0.439257	-0.867085
-1.535989	-0.008436	-2.401505	-2.848052	1.023097	-0.603639	-1.684629	1.742358	0.751148	-1.459229
-1.740041	-1.364535	0.713727	-5.809928	-3.572482	-2.188675	2.264284	2.648019	-1.498953	-0.784043
-2.121602	-3.399068	-1.690552	-6.668398	-2.410314	-3.925147	-0.475396	-0.875587	-5.548769	1.414472
-0.843261	-2.703447	-0.875451	-3.117591	-1.907524	-3.257754	-3.659480	0.720632	-4.116109	-0.647283
0.084991	-0.760685	-1.365977	-2.903432	-2.801236	-1.734097	-1.759079	-0.911337	-2.442984	-1.477407
-1.163534	-2.437495	2.174459	-5.593449	-3.691375	-6.313175	-1.274902	-3.980902	-5.504302	-4.143999
-3.407428	-1.537288	4.057847	-4.548566	-3.634165	-5.106185	0.989340	-7.042778	-5.726973	-2.183856
-1.330881	-2.372177	-0.733023	1.057192	-0.898629	-2.882426	-1.164561	-5.857878	-3.059408	0.030423
-2.196586	-0.008073	0.628939	3.834404	3.016612	0.600005	1.497184	2.009785	0.199986	-1.198358
-1.349233	-0.856890	-1.052777	-0.333652	0.189234	-0.766387	0.629968	1.293796	0.536197	-0.981798
3.695984	1.031461	-0.471084	-0.920696	0.383417	-0.944498	-3.468118	1.251838	0.584416	-1.542492
4.015772	1.696969	-0.491492	3.413153	-0.880459	2.512176	-0.873882	2.446396	1.362434	-1.205837
4.812038	0.021721	1.654987	-0.091223	-1.729614	1.524741	-1.329432	2.561652	5.826342	-0.810330
-1.670312	0.759807	1.905043	-2.895640	-1.654066	-0.424297	-1.906074	-1.091911	1.913430	-2.005264
-2.380674	-0.550585	0.753464	-2.923112	0.907466	0.826168	-1.362916	1.586289	2.220988	0.895163
3.773358	1.673635	3.385838	0.354546	-0.228034	0.893445	4.520436	2.481932	3.088707	2.533157
3.479989	3.721157	0.611155	5.565621	2.299118	1.143939	4.281576	1.044800	2.674278	3.050222
2.407420	0.883171	0.441402	2.812804	0.767107	2.409059	2.670998	0.561574	4.249592	2.340765
0.353757	-0.133933	-0.362530	0.394784	-1.466382	-0.499887	1.057999	0.239333	-0.693661	-0.506010
-2.798799	-5.285262	-2.828954	-5.211749	-4.357161	0.217610	0.378872	-0.416142	-3.735490	1.454102
-4.259045	-2.193226	-2.004479	-3.974902	-1.032443	0.618257	-2.173586	-2.105972	-3.813103	1.932708
-1.057981	1.406067	-0.024917	0.572019	0.556962	0.429065	-2.328279	-1.271876	-1.250811	1.412113
-1.213505	2.888311	1.454623	3.696307	5.443142	1.933542	0.922590	-1.245876	3.561078	-0.855478
-1.166117	-0.330902	1.642631	-0.199843	-0.339911	1.370497	1.638118	0.944108	0.970856	0.149041
3.982582	1.394723	0.296897	-2.442033	-1.492605	3.381839	-0.584897	4.686456	2.921812	0.118476
5.081691	1.679379	0.080312	2.184433	-0.786349	3.017878	2.618744	4.459347	3.447539	2.656433
6.256909	1.784263	0.582667	1.231853	-1.030249	3.221023	4.382139	1.249662	1.024627	1.189016
0.585933	-1.142231	-2.202945	-3.180376	-0.483610	-1.450018	0.568687	-2.022419	-3.410333	-1.047069
-2.842341	-5.334607	-3.379733	-6.868853	-2.932937	-4.583836	-1.654712	-4.056817	-5.333249	-2.707318
-3.030415	-7.055866	-5.461504	-3.637079	-3.983133	-3.870622	-3.429458	-3.576550	-4.469930	-5.590624
-2.122195	-1.405013	-1.105064	-3.130953	-3.898903	-4.143267	-2.961848	-0.960439	-0.544984	-4.185684
-1.676685	0.809351	-0.566621	-2.097876	-0.175648	1.828635	-3.269783	2.000599	3.473080	-0.604794
2.660007	-0.671375	-1.726779	2.099453	1.454231	0.391394	-0.529360	1.303446	1.445753	0.360251
4.534077	-0.928592	0.031856	4.360937	0.789633	2.494517	0.057923	0.419883	1.096627	-1.606245
2.849515	2.538700	1.071880	3.610877	1.618058	1.601109	1.956470	-0.929707	0.292095	1.178320
-2.657385	2.916001	2.721587	4.980574	2.958807	0.851578	0.975084	0.907759	0.928047	1.941449
-2.951134	-2.601188	0.763176	0.095031	-1.231120	1.879330	0.265669	-3.414935	-0.896223	0.961146
3.496060	-4.138165	-4.315858	-2.784251	-1.301218	0.973970	-0.986270	-2.625605	-2.499424	0.068713
-0.429414	-2.326930	-1.747517	-0.955470	-0.068687	0.252404	-1.925328	-2.013265	-2.441064	-0.832650
-5.040768	3.689922	0.766697	5.638976	4.529478	4.256434	0.544601	-0.686130	4.011552	2.909160
-0.208413	2.078391	1.799483	3.162489	4.350881	1.715566	1.530424	3.289085	4.592714	2.013843
0.589138	-1.800918	-2.265060	0.186171	0.183025	-0.595798	0.099046	-0.283231	-0.459282	2.056800
-0.161928	-2.036002	-1.748433	0.594323	1.321216	-2.689155	-0.810724	-0.633291	4.451255	1.158430
-2.187825	2.827543	0.726464	-1.608254	-3.006140	-2.142304	-2.963179	2.287692	2.841821	-2.056266
2.753031	0.521821	-1.564669	1.898841	-1.764939	2.115857	-1.370811	3.586009	2.460008	3.559809
4.828626	0.037136	-2.413730	0.643609	-2.117073	0.377329	0.073788	0.191048	0.564112	0.999754
5.482944	3.504392	4.510181	4.250251	-1.249936	1.381411	2.934129	1.582301	-0.591474	4.791668
2.453567	3.301295	3.993966	2.515166	3.712679	-0.702198	3.594720	1.429058	1.177248	3.007248
-1.634722	-1.659150	0.286127	-4.211445	-1.132521	-2.457399	-0.511328	-2.667589	-2.508329	2.593790
1.612560	-1.614140	-1.491035	1.560116	1.446072	0.944706	-0.473206	1.267753	2.860893	1.084492
3.096494	1.052132	1.775584	0.605150	-0.697434	1.933715	-1.302604	0.863977	0.883009	0.000649
-0.724238	-0.434930	1.084186	-4.895447	-3.219332	1.734023	-2.472910	-3.842323	-5.798884	-0.280442
-2.574957	0.974978	1.184174	-4.938374	-2.838511	-0.343273	-2.011613	-4.208853	-8.107287	0.515613
-1.748782	-2.620037	0.354550	-3.818635	-0.973665	-5.715378	-3.354103	-3.364217	-2.844703	-4.289891
-1.534032	-5.171172	-5.050782	0.487268	0.677617	-4.753597	-2.171068	-2.986919	-3.818334	-4.562659
1.429370	-0.602722	0.002182	-0.787566	-0.383258	-0.471136	-1.769597	-2.479263	-0.833380	-1.794097
5.796106	0.493317	-0.453757	1.570258	-0.046080	3.892398	0.560721	2.171547	-0.860443	0.049988
4.364152	0.678049	0.524707	3.637337	2.239460	4.459999	3.428098	2.944811	2.852179	2.524290
2.604489	-1.657321	-0.793024	0.450168	-1.279628	0.353159	0.728645	0.548725	-0.588915	1.355501
-1.304205	-2.487391	-1.697447	-4.124453	-2.557935	-1.913830	-4.172526	-0.967811	-0.683423	-1.551285
-0.657952	-2.450157	-2.243459	-4.041130	-4.355252	0.528824	-3.350506	-1.569599	-0.094044	-3.619076
-1.490373	-2.307216	-3.027455	-2.387568	-2.110269	-0.032189	-1.652182	2.575261	-1.541275	-2.488980
-1.202590	0.986034	-0.663834	5.514629	1.861424	1.486822	1.662455	2.340769	0.805585	-0.478805
-0.634625	3.769195	3.607709	6.886957	5.811335	2.425048	4.183217	0.619025	1.751141	3.206741
-2.594499	0.055168	1.351775	2.075210	4.424475	-1.248321	4.061611	-1.384969	0.187894	1.507548
-2.032634	4.346855	0.834568	-8.092715	-3.340047	-5.032997	2.724849	-2.584614	-0.022350	-3.154091
-0.594750	1.346657	3.383391	-4.188925	-3.134222	-0.280290	1.141439	-0.820507	1.240213	-1.347085
0.233831	-0.022927	-0.962156	-3.012123	-3.697940	1.581790	-1.199910	-2.956647	-3.340112	-1.723344
-1.411812	-0.150596	-0.593768	-1.893114	-3.546191	-0.950670	-2.164792	-3.551033	-4.795121	-2.148576
2.267102	1.200049	-0.720245	1.971397	-1.736968	-1.108880	-0.727498	-1.415962	-0.531208	-1.805390
1.369652	3.552907	0.392615	3.914106	0.972641	-1.821652	-1.660322	0.354967	0.128332	-1.024996
-1.929482	1.675875	1.134115	4.548508	4.813943	2.994102	0.309241	1.836358	0.142107	1.421297
-2.574919	0.487553	-0.963345	3.809599	3.491647	1.652970	2.313997	-0.451788	1.025121	2.693980
-0.357877	-3.248663	-2.859363	-2.513125	2.158762	-3.506760	-2.733151	-1.719768	-2.141019	-1.185857
-2.512874	-3.085075	-1.440439	-4.015067	-3.383402	-1.861799	0.800001	1.101220	-3.265906	-1.016021
-1.057529	1.828213	0.384329	-3.669931	-0.851839	0.317640	2.276756	5.200879	0.258067	1.376776
-2.502859	-1.163603	1.618342	-0.631519	-0.955739	-0.866054	-0.697485	3.272812	-0.912795	-1.886072
-1.794479	-1.835125	0.293099	2.182766	3.049806	3.333307	-0.670422	-0.148479	-0.864284	0.101023
0.107294	-1.469660	-1.159199	-0.321979	0.035203	-0.197990	-1.461355	-3.596491	-2.318394	2.204054
-0.290755	1.382889	0.723749	-4.242355	-1.313040	-1.745854	-2.392285	-2.270421	2.686882	-2.806788
-1.328240	2.532316	-0.767858	-3.956463	-2.733715	-4.417698	-0.347114	-1.745568	-0.579950	-2.004011
-2.854975	-1.575583	1.417281	-3.902505	-2.492716	2.944967	1.906453	0.886172	1.544417	-0.253825
-1.332574	0.032185	1.254466	-2.057279	-2.386935	1.256531	2.950514	2.107601	0.147489	3.292363
-1.078248	1.632616	1.545997	-0.818787	-1.397665	2.158083	1.835562	-0.106578	-2.665529	2.144445
-2.584709	1.890404	0.942174	-3.410727	-1.296900	0.742213	2.111791	-2.068364	2.143770	2.306013
3.863732	2.928942	2.651796	1.509602	0.756366	-1.093189	1.837395	1.574946	0.785290	-1.094841
5.385665	3.981025	3.499064	3.860502	1.791040	1.968268	3.046064	4.601054	1.812238	1.503776
4.177581	4.300148	4.040378	4.977276	4.761528	2.559475	5.012790	4.848662	3.833817	3.099058
-1.565129	3.218303	1.369939	3.632627	3.800134	2.087823	0.628263	2.292773	4.012232	2.907497
-3.143373	-2.741214	-0.847055	3.437858	0.676165	1.186004	-0.943829	1.475188	4.061887	-0.055812
5.058243	-1.013409	-1.529002	0.748975	-2.686075	-0.429988	-0.456497	-0.324591	-1.259214	-0.544277
3.978511	1.444513	2.219199	1.753881	1.856820	2.134238	1.010947	2.084638	3.165732	0.153297
0.491128	-0.603055	-0.252852	1.450784	2.687753	0.573178	0.818789	1.991878	1.166827	-0.852694
-3.034913	-2.354317	-0.408155	-3.914012	-1.187569	-1.318876	2.205015	-1.150071	0.289775	0.919543
-3.140915	-2.103777	-2.118308	-5.109698	-3.980044	-4.550728	0.818011	-1.250406	-0.299424	-1.835595
1.345819	-0.152242	-1.391009	1.056131	-0.075668	1.618918	4.910260	0.543374	3.051033	-0.263814
-1.739214	0.111686	0.042942	2.694385	2.691364	2.129857	2.771848	1.040672	3.426146	0.330384
-1.505716	-4.175699	-3.715952	-4.439728	-0.821645	-1.751713	-2.048141	-3.560212	-2.021383	-2.002606
-1.125388	-6.399098	-1.236990	-1.259200	0.100608	-3.910195	-3.091026	-1.994474	-3.949855	-1.232785
-0.782530	1.004083	-2.896270	1.186081	2.003827	0.905110	-0.709222	0.686087	3.806530	-1.690058
-0.318042	-1.234957	-1.777288	-1.008778	0.269014	-2.041601	-2.924647	0.752172	2.550171	0.567474
-2.185223	0.057578	-1.034242	-0.651364	2.310172	-0.585426	-0.780318	-1.039215	0.573968	-0.945790
-2.909972	-2.123012	-1.692930	-0.247266	-0.973196	-3.296267	-1.812354	-3.710174	-4.296781	-2.945351
-0.956287	0.027070	-2.836248	0.729226	3.336912	-0.258420	-0.714671	-1.189401	1.240523	-0.544211
-0.275565	-1.596977	-1.698593	-2.477476	0.824099	1.605914	-1.204989	-1.651295	1.658677	-1.043970
-1.199202	-3.234853	-1.816161	0.114041	1.637765	1.101439	1.752576	-2.346354	-0.773020	0.285974
-1.827694	0.237841	1.951752	2.401188	4.627914	-1.063342	2.125707	-2.977774	-1.678272	1.792720
1.422462	-2.078494	-2.025651	-1.658320	-0.516353	-1.728726	-0.275115	-1.755453	-1.900381	1.292271
0.059872	-4.396858	-2.349564	-1.316572	-1.416534	-2.127607	-4.086006	-1.542288	-4.223250	-1.501872
0.244043	0.078551	1.091715	-0.119354	-3.400929	-1.334881	-1.086083	-3.012777	-1.026283	-1.576707
1.670679	3.566033	1.067392	3.502446	-1.060536	-0.368741	-1.372163	0.655283	-0.108781	0.160371
-1.927513	-1.732009	-2.183728	-3.791957	-2.324353	-0.406182	-2.388361	1.189595	2.023250	-1.539537
-2.298524	-5.827473	-4.153142	-5.650951	-3.095880	-2.357697	-1.920991	-2.455237	-1.131893	-2.045025
-1.852549	-1.936056	-4.325044	0.884879	-2.529616	-4.493977	-0.886170	0.724590	-1.628812	-2.805889
-1.921177	0.529445	-1.901830	-0.245456	-1.415660	-2.328515	-1.114411	1.884979	1.890588	-2.024723
0.245299	-2.491766	0.574106	-3.687140	-1.114411	0.754097	-3.272727	-2.578066	-4.779496	-2.886722
3.938888	2.411613	1.712568	0.719038	-1.827670	2.306770	-1.002831	2.007458	2.134031	1.812220
6.194401	1.588988	2.621960	2.759892	0.891164	0.272311	0.946165	4.876755	3.242468	1.286710
4.735247	3.028962	3.630488	1.408534	-0.517408	1.444232	0.156751	3.562228	1.886310	-1.131143
0.417237	0.331641	-0.389144	-4.562723	-0.214587	-3.307258	-2.736683	-0.795817	-2.078246	-0.210533
-3.036318	-5.172872	-0.992731	-4.139466	-4.489372	-5.462149	-0.895446	-4.252579	-7.015604	-0.564151
-0.715107	0.996530	1.042331	-3.674785	-3.308265	-3.638429	0.766353	-3.255052	-7.097066	-1.288187
1.580882	0.133650	1.086546	-0.754067	-2.509565	-1.062088	-3.139792	-1.649733	-2.416235	-0.293632
-0.698839	1.650595	1.515619	-0.311902	-2.327473	0.729386	-0.174088	-2.668118	-0.565015	0.482924
-1.683756	2.173971	2.899553	3.320322	4.372010	5.070303	1.638961	-0.260602	-0.009706	3.058991
-0.495658	3.346982	3.281052	0.683114	2.454185	1.876476	-0.077249	1.624617	1.794187	2.315481
-0.133430	3.740234	1.577520	2.764483	2.739349	-0.439684	-0.043422	1.479944	2.630763	-0.980595
4.449342	4.136634	3.126360	5.410140	2.969901	3.974433	1.773041	1.968583	2.110821	4.862575
0.680072	2.108486	4.124775	4.747592	1.341841	2.033140	1.020840	2.476637	3.039358	2.424004
-3.917427	2.227498	-0.860532	2.052248	-0.865632	2.381948	-1.012726	0.986910	1.667772	1.112504
-1.632938	-2.362926	0.393441	-3.858386	-3.148021	1.426968	-1.223454	4.870406	0.518264	-1.529811
3.486854	2.059721	2.146198	-3.236003	-3.519727	2.057111	0.201957	1.532428	-0.404469	0.468672
0.716363	-0.379855	1.108641	1.615204	-1.122551	2.420789	1.729712	-0.628821	-2.208227	-1.710333
-2.244894	-0.223549	1.618370	0.514840	-0.648695	-1.371589	-0.368185	3.921763	1.730890	-0.149111
-3.013200	-0.024255	-0.212910	-2.691790	-0.299861	-2.985411	-0.095527	2.232382	-0.218220	-1.433748
-1.216040	1.119933	-0.876200	2.027318	1.446749	0.008732	-1.206909	-1.100560	-2.106455	-0.793629
-2.398097	2.343622	0.121303	6.785167	4.099734	1.605150	1.816479	-0.470361	-0.431317	-1.076139
-0.575853	1.410016	1.105000	1.652261	1.969490	0.712454	-0.701055	-1.863018	0.794995	0.780337
-1.168293	1.065721	-0.257207	2.710702	3.091717	-1.421748	-2.444002	-0.633930	0.517482	-2.811185
-2.197298	-1.342556	-0.014518	3.583991	3.602011	1.441353	2.673550	-1.176493	-0.450155	1.015511
-0.375651	-1.652611	0.496769	1.670530	4.117371	1.245066	1.670313	-1.342705	0.728183	-1.327159
0.997765	0.264362	-0.483645	1.632620	4.097196	2.726498	-0.054600	-0.787566	-0.856901	0.006621
0.197167	-2.574131	-1.417459	0.736061	0.730782	1.639358	-1.752076	-2.219073	0.902293	-1.721235
-0.932325	-5.339184	-2.974472	-3.644647	-2.695872	0.403753	-4.373401	-3.463825	-3.917335	2.562192
-2.563395	-2.987893	-3.067981	-6.365706	-1.961568	-3.995811	-2.157558	-2.494420	-2.033381	0.809917
-1.481725	1.886549	2.117513	-2.308515	-2.670307	-0.072427	-1.742831	4.791842	3.546755	-0.724945
-0.792598	0.796347	1.941714	3.100423	1.165809	0.225812	-0.265805	1.397663	3.953175	-1.353177
-1.017095	4.380407	2.342022	3.849107	5.914778	1.470510	2.227941	3.003143	0.355580	1.526137
2.772000	3.568735	1.777439	2.140535	5.021200	3.288173	1.704122	1.812683	3.184173	3.157513
2.707905	-2.840765	-3.382231	-3.482895	-0.786526	-0.611294	-0.205640	-0.819315	-1.336745	-0.083334
-3.087962	-7.635386	-5.924587	-4.707585	-3.020201	-5.835086	-2.666227	-3.576352	-0.609672	-3.685089
-1.620886	-3.927622	-5.110526	-4.728137	-3.250125	-0.602300	-3.205818	-0.490828	2.448995	-2.853236
2.868351	-0.759567	-1.273144	0.206346	-2.743098	1.978868	-2.030191	3.064760	3.412058	-0.554960
1.238465	-0.121316	-0.686337	-0.386838	-3.107320	-0.126777	3.759974	-0.421290	-0.584781	0.585352
2.566472	3.077638	2.570598	4.796209	0.011312	-0.954934	2.363799	1.603224	0.266580	2.536717
5.553887	4.584501	2.552566	6.418886	4.241597	3.953902	5.126307	0.584701	2.646544	2.246247
2.923627	1.016580	2.651873	3.443990	3.477539	2.476533	0.878322	1.062143	2.580814	3.319156
-2.991795	-3.573019	-3.404576	-4.900379	-0.951061	0.372661	-2.127434	-4.271650	-2.891007	1.456756
-3.508663	-8.825590	-5.944575	-6.024723	-5.268499	-3.646311	-2.517937	-3.719777	-6.483217	-1.790238
-1.257165	-4.483525	-1.487617	-0.179841	-3.394772	-5.497681	-0.879063	-2.344237	-4.771413	-1.749616
-1.357886	-4.507318	-3.419095	-4.361635	-4.164675	-5.371446	-1.628487	-2.602230	-4.537691	-5.859066
-2.849714	-1.190661	-2.486901	-1.775303	-2.403604	-2.414305	-2.311986	1.788747	-2.146347	-3.707977
-0.649636	3.864854	3.355273	2.234257	-1.022453	1.835044	0.317467	4.099194	1.567521	-0.525338
-0.840542	4.492732	2.831036	-3.585355	-2.228515	1.264004	-0.518105	2.015014	-0.473683	-0.613639
4.739480	1.298583	1.354199	-0.940536	-1.759084	2.231776	-3.016476	-0.796192	0.586646	0.134529
3.085041	0.297614	-0.440430	2.377519	0.942449	1.166464	-0.705321	1.618379	2.221611	1.169274
4.385349	0.893232	1.237961	4.628312	0.984891	1.844968	2.478885	1.140930	1.730018	1.929904
-0.483586	2.605746	3.828883	4.306449	2.574752	0.044192	4.837167	1.432462	-0.745130	4.145827
-3.010256	3.430665	0.296647	-6.231564	-2.748257	-3.005563	4.921152	-3.310319	-2.721227	4.268748
2.548047	0.836995	0.584766	-0.481220	-3.406827	-0.861492	1.139962	-1.566411	-0.879969	3.511475
4.720129	1.327246	3.060252	2.323188	1.205854	1.499806	-1.300275	1.531890	2.612951	-0.304389
5.223897	0.917726	0.881918	0.575270	1.399199	2.432134	-0.486937	2.645889	3.778838	-0.549139
5.210155	3.225844	1.142477	-0.216666	-1.416179	2.748897	2.950003	2.232392	3.952398	3.681929
-0.264891	2.782407	1.360143	-3.358009	-0.698466	2.025199	1.983568	2.366703	3.482137	1.161418
-0.730837	-1.054676	0.021331	-0.008646	0.955351	0.844442	2.989782	-1.775973	-0.479737	2.323829
-2.690781	-3.709895	-4.406647	-4.485067	-1.148012	-3.464169	-2.401431	-4.211128	-3.665318	-0.129237
0.039881	-0.827044	-3.706176	1.313943	0.255961	0.180372	-1.911448	-4.359256	-3.119798	-1.571879
-3.067451	0.272887	-0.046740	5.087098	3.959286	0.027869	-1.980546	-1.410750	0.725831	0.114603
-1.997175	-1.452495	-0.739727	-1.832786	0.856480	-0.912873	-3.233204	-2.960304	-4.312725	-1.093092
-1.226190	-3.143381	-3.545321	0.278405	-0.706840	-2.946948	-2.288799	-2.733608	-4.471755	0.408633
-0.413097	3.597236	1.931091	3.216989	3.965344	3.658951	3.052688	5.975945	5.548748	2.218575
3.043403	4.105164	5.303025	4.361084	2.881551	4.298829	1.894580	2.965963	4.283694	-0.353568
4.295808	0.522911	-1.189107	0.183107	0.020400	2.703493	-0.347206	1.414956	1.875291	-1.386701
2.327017	-2.807317	-1.898191	-4.416722	-3.419092	0.526150	-3.685950	-0.416769	1.182349	-0.904829
-4.109773	1.338087	2.296787	1.099816	0.778095	-0.035293	1.828165	1.891900	3.086278	-0.134558
2.235834	3.133929	0.497540	4.186941	4.206781	3.405973	4.822157	2.160170	3.193089	4.706306
2.819734	1.424316	2.887379	-0.647528	3.672084	0.291954	1.343741	-1.112647	-0.686810	3.423255
-1.900577	-3.749747	-4.436383	-6.588169	-2.518475	-4.165842	-3.470468	-2.644443	-4.033508	1.418281
-3.709704	-6.875854	-4.720537	-5.212662	-3.809779	-5.654306	-2.675056	-3.255507	-4.938794	-1.018124
-1.815653	-0.561902	-0.439070	-2.498786	-3.095007	-1.763930	-3.805111	1.158970	-2.262057	-2.023070
3.787471	1.421714	1.521026	1.520480	-0.128142	1.047895	-1.019420	1.598599	1.804212	0.038833
2.292860	-0.287703	0.609459	-0.006844	1.114436	-0.355524	-0.751374	-1.169411	-2.007276	-0.249125
-3.342691	-0.111149	0.696838	-1.111937	-1.504556	-0.908377	0.949237	0.324250	0.717091	-1.683856
0.607310	1.145077	-1.513930	-1.732079	0.195399	-2.454657	-0.942680	0.786492	-0.322579	-1.151872
3.069455	2.103178	2.738260	1.990551	-0.118181	0.593345	2.297681	0.713724	-0.493373	-0.138185
3.251237	1.858554	2.465113	5.734970	4.895419	2.778738	3.232126	1.539454	1.684417	3.387191
-1.162854	-0.916994	-0.007268	1.835297	3.702615	1.928329	1.061557	-0.600907	-0.153699	2.207344
-3.660325	0.836834	2.101320	-4.876049	-1.156080	1.118325	0.033478	1.364447	0.002190	0.578059
-1.790785	1.062435	1.704079	-4.935853	-3.276352	-0.619564	4.344288	-1.067376	-4.212408	-0.769778
-1.262545	-1.600590	-1.290992	-1.755098	-4.089788	-3.212133	2.143287	-2.854267	-3.858384	-1.974883
-0.830814	-3.720046	-0.456194	-2.024869	-2.640578	-5.611675	3.204271	-5.475722	-4.238730	-1.104971
-1.815000	-2.735835	0.323571	-4.424655	-2.745813	-3.164684	1.141838	-4.091132	-4.753937	-2.201258
-0.008816	-3.004162	1.579398	-3.563942	-3.006282	-5.280053	-0.391420	-5.881095	-5.204299	-2.384860
-2.306770	0.158970	1.194184	1.240780	-0.808781	-0.596978	-0.367808	-2.350104	-0.335709	-3.176194
-0.186175	-1.222446	-0.740079	-0.679180	0.452598	-1.553154	-0.097136	0.972043	0.740039	-0.173175
-0.829440	0.988583	2.050302	1.801985	-1.006042	2.150022	2.607586	2.971549	3.896750	-1.009223
4.545624	3.636652	1.647918	4.041180	0.075201	3.106953	4.372746	3.499517	3.408028	0.278947
5.319004	2.617853	2.705059	4.762010	0.496429	3.509142	2.579131	4.043146	5.010677	1.450617
2.957489	3.163376	3.100014	4.738876	3.161039	1.150490	3.057924	2.811638	3.803100	3.511468
1.143667	1.963812	2.452970	1.806378	3.021331	1.008496	0.192511	-1.669610	-1.624401	0.333584
-3.708974	1.338953	0.714013	0.667913	5.276498	1.984862	0.396672	-3.420500	-0.753127	0.817145
-3.009246	-0.059513	0.311128	2.460478	2.157935	-0.674216	0.600288	0.591465	3.561323	-1.795765
-1.534863	2.622404	3.570099	3.687366	3.356634	1.815860	-0.950762	6.633781	1.873048	0.677535
-2.098836	4.271491	2.650009	4.258268	6.017184	3.554787	-0.045699	4.138242	5.442945	1.226527
3.681920	3.103938	1.576740	6.131974	5.146174	4.121659	2.543752	3.306141	2.519112	1.132592
4.897093	-0.291270	1.052374	5.624171	3.135090	2.737672	0.366466	4.951970	1.441043	0.508614
-0.015432	1.795455	1.813789	4.827444	1.141817	4.742517	0.711817	3.020521	1.327833	0.050474
-2.705067	0.634600	-2.210534	-2.425125	-1.138463	-1.964513	0.359979	-2.798418	-0.574025	-1.798245
-1.877829	-1.389250	0.906683	1.475046	1.557331	-1.017927	-0.249778	-0.627456	1.565562	-2.429761
-0.022730	1.525492	1.017218	5.231034	2.701578	1.758663	1.217117	2.326592	3.064385	1.108309
-0.525786	-0.445090	-0.497952	2.350716	2.275456	0.621546	2.102435	3.923815	2.508735	0.067948
-0.228512	1.281491	-0.188851	0.141567	-0.032560	2.682110	1.551943	1.138398	0.858899	0.523539
-4.936723	-1.972381	-4.239201	-3.857841	-0.370696	-1.830959	0.421109	-1.165975	-0.214134	0.974266
-2.189634	-7.317620	-4.030127	-4.727537	-3.742379	-1.181677	-2.308098	-0.813421	-4.404876	2.382413
0.831838	-2.220442	-2.181354	0.306346	-2.754337	-0.454660	-1.951412	-0.578056	0.687257	-0.090735
1.431977	1.259838	-0.603205	-1.654023	-2.018702	0.900575	-1.998967	-0.267500	1.361052	-0.958494
-3.051033	2.450306	2.477295	2.832321	3.899795	1.207211	2.050403	-1.486470	1.938692	1.350821
3.373991	2.895747	2.834721	7.143041	4.590022	3.215927	2.556763	2.909314	2.089760	1.287397
4.592133	1.501645	1.474647	4.610101	2.297544	2.501904	-0.851922	2.440230	2.708340	3.737119
4.101775	-0.531513	-0.596749	-0.441239	1.617927	1.991521	-0.027087	0.299358	0.094912	-0.549724
3.275400	-0.852741	0.497908	0.484882	-0.893665	1.537756	0.991534	1.139077	0.014458	-0.073247
2.986390	1.173045	1.812293	3.666422	0.784831	1.333687	1.416505	3.496365	2.033858	-0.633260
3.282727	1.061134	-0.535717	5.161040	2.977378	3.371290	0.199092	2.852398	2.351192	-0.315975
1.270894	1.863312	1.205955	-2.859707	-1.336762	1.532241	-0.570941	0.465055	2.635340	3.933297
-0.722228	0.079366	-0.731414	-7.550761	-3.625227	-1.619685	-1.976928	-0.755586	-3.180820	1.286247
-0.184456	-4.851016	-2.409046	-3.887267	-2.715654	-5.490411	-3.189004	-2.952450	-5.366109	-4.585134
-0.527010	-5.683744	-5.724263	-2.655668	-1.936484	-3.413163	-1.803701	-3.128160	-2.771750	-3.371055
2.206892	-2.507231	-1.326786	-1.600008	-2.299454	0.571132	-0.444652	-2.229136	-1.586663	-0.961825
0.087731	-3.867087	-4.764934	-1.885831	-3.126904	1.605650	0.644209	-3.882404	-2.784571	2.432151
-0.784810	1.418680	-1.788826	1.118420	1.787229	0.569964	-0.582950	-1.097985	-0.674697	-0.667734
-2.775652	2.392660	0.058017	-0.815900	1.660807	0.611847	-2.465859	2.823999	0.798238	-2.086385
-0.179111	1.646845	-0.728821	1.179568	2.955392	1.431974	-0.021648	0.890525	3.588912	-2.763008
-1.475408	-0.978572	0.682843	0.789481	0.860047	-2.121181	-0.320847	-0.559027	-1.393098	-3.178906
-1.640560	1.345101	1.913493	2.661297	1.286337	-2.851044	0.209115	-2.204878	-1.330913	-2.755182
-1.920586	-0.293541	0.097715	-0.867124	0.268125	-1.749541	1.142511	-2.934650	0.162846	-1.450839
-3.352104	-1.342102	0.680793	1.566279	2.354878	0.104803	3.412216	-1.048560	0.800857	-0.727479
-0.858733	2.499612	-0.160785	-1.011934	1.264562	-0.083036	-0.079798	-0.259028	1.158900	0.078799
-1.750890	-0.565202	-0.013131	-6.681998	-2.039155	-2.662185	-4.159354	1.073128	-0.185045	-2.546907
-2.652993	-4.417747	-0.853856	-2.290649	-2.662404	-4.372965	-4.726874	-3.341708	-4.770198	-2.587296
-0.952559	-6.067223	-2.074870	-2.968622	-1.990913	-2.325500	-2.228081	-3.678054	-4.663278	-0.290566
-0.871305	-4.161634	-3.510382	-0.562849	-2.402212	-3.219012	-1.026596	1.309877	-2.517003	-0.134015
0.715751	-0.733877	-0.371101	-1.554560	-2.933326	0.532876	-0.784837	0.821969	1.038609	-0.450441
2.257994	-0.958554	1.303367	-0.985784	-0.221981	-0.916456	-0.252124	0.603410	-0.674659	-0.117240
-0.043593	1.125637	2.613115	-3.255248	-4.124599	-1.259627	-2.461872	-0.451411	2.280378	-2.494208
1.002476	-1.316202	-1.127262	-4.088677	-4.089602	0.697344	-3.856597	-2.550207	0.466404	-3.507840
-2.338916	-0.124767	-3.395969	-3.543392	-3.964209	1.595338	-2.182415	-2.068786	-1.371796	-0.726531
-2.615582	1.031444	-3.066709	-4.091516	-3.384838	1.992640	-2.606836	-0.904156	-2.172934	1.316825
-0.212137	2.503837	-0.628984	4.206734	2.538195	2.977533	2.437826	-1.004826	2.917875	2.387035
-3.391193	2.890214	-0.862097	1.752241	-0.802123	-3.739796	-0.896539	-2.504601	-0.102878	-0.608095
1.932036	-2.438117	-1.794649	0.184092	-2.429904	-2.072560	0.560360	-1.543585	-2.304306	-0.835357
7.950837	-1.171850	-1.237539	0.705775	0.509342	4.330328	1.637515	-0.759283	1.418682	4.059657
2.225501	-1.779780	-2.697268	-0.184919	-0.083592	0.982859	-0.265979	-0.481096	-0.255822	1.991756
-3.199085	-0.397698	-2.586034	-5.694597	-2.925312	-4.594177	-1.024430	1.055973	-2.488627	1.101148
-2.244331	0.492902	0.764064	-5.086164	-2.233821	-2.521987	-1.621440	1.483726	-2.523039	-2.705457
-0.012645	2.583330	3.166829	-3.065122	-3.987422	1.995022	-3.367414	-2.719037	-4.764865	-1.732850
-2.574137	1.743394	2.920063	-3.949770	-1.747012	-3.366955	-0.182852	-2.145812	-1.673210	-1.262220
-2.578015	2.704903	2.277770	-1.714207	-1.485590	-1.833020	0.809845	-2.537698	-1.875677	-0.405558
0.835315	3.290466	4.078554	-0.216227	-2.639551	-0.090677	2.624577	1.777112	-0.585669	2.377347
1.375146	3.009893	2.875118	-0.500925	-1.612187	-0.611624	4.827246	1.512922	-0.816890	2.005107
-2.938828	-0.463405	-1.131231	2.474711	1.237309	3.134938	3.051954	-0.708260	-0.804139	1.366431
-3.340011	-0.980819	-0.959390	3.173591	1.716150	2.317812	0.733806	-0.605526	1.989183	-0.003868
-2.828107	0.378662	0.788048	-1.186672	3.875247	1.841003	-0.927195	0.985231	4.974076	-2.639679
-0.205119	-1.804251	-0.824412	-1.219661	-0.724784	-3.509185	-1.242943	-2.535577	0.185341	-0.205091
3.283651	0.392752	1.054935	1.561541	-0.863227	-1.501344	-3.812430	2.833659	-0.394319	1.113108
0.197001	-0.082616	0.654596	-4.020645	-1.651464	-3.029266	-2.846149	1.131051	-1.612101	3.641630
-2.838468	-4.685146	-2.766423	-3.259199	-3.072773	-6.165541	-1.960592	-4.400488	-2.761501	-0.928214
-1.996856	-8.422727	-6.500516	-4.631496	-3.162133	-6.047757	-3.495650	-5.466546	-2.683115	-2.269811
0.400838	-2.292346	-1.620375	0.008289	-1.911721	-2.556203	-0.648212	-2.377009	-1.811838	-1.320149
4.735417	4.327007	3.392706	2.379684	-1.079811	0.724937	-1.853967	-1.855062	2.641136	1.789384
0.163684	2.010243	2.273332	-0.856184	-2.053075	0.883978	0.663496	1.120210	4.694615	2.402099
2.579243	4.481574	2.735812	0.009118	-0.253186	2.103537	0.977791	5.186122	1.276404	0.746909
2.041899	1.543209	2.799551	3.205521	1.631087	2.479732	4.568629	4.039191	3.436713	0.145126
-2.944141	1.759861	1.235957	5.014058	4.554275	3.163684	3.379726	3.588633	0.935649	0.989462
-2.756571	1.971540	2.503336	-1.528935	1.301710	0.191312	-0.115604	3.220966	-0.579879	1.953229
-0.873283	-0.648644	2.888295	-2.072022	-0.585772	-3.806159	-0.017146	-0.718494	-2.358761	-3.603761
-2.215068	1.177119	-0.943461	3.033834	4.517863	-0.334208	-0.187784	-1.126228	1.578613	-0.525096
-1.949617	-0.491959	-3.017724	1.911771	3.961652	3.375392	-1.683301	-1.322418	-0.426047	1.129336
-1.611618	-2.838569	-4.561188	-1.611070	0.553231	2.438367	-2.134579	-2.006546	-1.735430	4.198848
0.819539	-0.362502	0.108753	-0.986650	-2.693259	1.757043	-1.144302	1.469307	1.816376	1.768950
-0.765233	0.386352	-0.252295	-0.831626	-0.742880	-1.454052	-3.149551	4.332959	0.064081	-0.734545
-2.916021	2.132903	-0.352725	0.207343	2.509808	1.685614	-1.284806	2.663430	2.565398	-0.520625
-1.483712	1.063159	-1.453433	2.906201	3.786947	2.841070	0.394251	2.781138	1.755239	-1.141677
-1.921289	3.243730	0.295588	-0.724409	0.937979	-0.128453	0.770441	2.966803	-1.061582	-0.330892
-3.454838	1.633023	0.238744	3.837257	-1.444353	-1.354520	1.328784	-0.296758	-0.544354	1.062945
-1.962142	-2.103552	-2.506161	-3.043357	-3.111207	-1.344600	-4.607899	-1.627024	0.398237	-1.229255
-1.817283	-4.303088	-1.323820	-5.370005	-2.113039	-2.825456	-0.099186	-1.012077	-1.960195	-2.479181
-2.112244	-2.020678	-0.687529	-0.073142	-1.528403	-3.464354	1.970745	-3.428898	-0.575537	0.172581
0.686995	-5.450313	-3.633982	-4.011022	-2.498156	-3.241957	-1.074783	-4.804368	-6.062974	-1.712658
2.849553	-4.363187	-5.634874	-1.593901	-2.287352	-3.477529	0.593551	-2.471469	-3.515593	-3.894585
0.640051	0.515908	-2.005100	-4.489633	-2.613446	-4.388430	-2.587827	-1.617181	-5.718379	-4.656989
3.460810	3.100578	-0.603256	-0.279871	-2.945692	-1.218523	-1.243495	2.376612	-1.380116	-1.203955
2.876151	1.352130	1.521664	2.572029	1.403855	3.055032	0.962473	-0.134870	0.399809	1.343128
-1.569203	1.124970	0.200564	-2.820486	-1.119158	-1.174325	-2.330999	-2.173610	-1.234289	0.350774
-5.020128	0.618204	-1.323650	3.080727	1.907215	-0.321853	-0.625386	-0.827390	3.131007	-3.356605
2.414000	0.828139	2.225725	5.525015	1.760519	3.541788	1.459339	1.708607	2.966012	0.332305
2.690504	4.582179	5.302194	5.090722	3.803801	1.926842	2.003602	0.545299	1.927741	1.824219
0.836910	1.481631	2.426463	2.781291	3.961507	3.186849	1.111528	-0.872297	-0.141189	2.990249
3.912343	0.332000	-0.084064	3.300167	0.909482	0.173352	-1.144253	1.097035	0.239838	0.622309
3.409430	3.644292	2.025117	7.110693	4.070472	3.297695	1.269784	1.173113	1.197838	0.916216
3.269498	2.192711	0.823212	4.463210	4.095023	3.113021	3.102369	1.259152	3.996027	0.930883
2.646073	0.432863	2.436126	5.913462	1.946080	1.113774	3.173130	1.182969	1.264124	0.423925
1.916585	-0.288848	2.249863	3.144090	2.382588	1.644897	1.861296	1.478279	1.408045	2.658560
-2.629341	-0.116215	0.923429	-0.611666	1.235991	2.232835	-1.831904	0.912799	1.863108	-0.421499
-3.878873	-2.256834	-2.770072	-3.170067	0.752134	1.174932	1.290960	1.822343	-2.683670	-1.645533
-3.033585	-1.731999	0.211767	-5.486572	-2.963840	-0.195268	-2.536081	1.273328	-1.467970	-1.216726
0.602255	-1.803507	-1.083949	-1.498144	-3.180487	2.277581	-2.410796	0.298768	1.475526	0.899439
-0.922424	0.972350	0.407785	1.761155	2.521136	3.562123	-0.554954	-2.792721	1.441637	-0.568219
-2.153893	0.734875	-0.732625	2.989461	3.344971	2.463703	-0.901424	0.847975	0.651982	1.900217
3.252080	-0.480525	-0.043372	4.499210	3.615460	3.986265	0.781427	0.594171	0.677881	2.288568
0.576525	-2.316645	-2.804451	-2.286163	1.186545	-0.028647	-1.679268	-0.340718	-2.257346	2.550252
-4.707326	-0.832279	-0.123455	-7.429425	-3.207133	-2.072887	-0.778577	1.596923	-2.130379	1.174089
-2.965843	-6.840921	-6.653376	-7.421342	-4.737434	-4.006611	-2.419566	-3.765392	-4.973796	-1.909599
-0.136493	-3.604365	-4.100809	-3.152183	-4.483818	-0.123476	-0.204601	-5.539847	-3.104277	-1.652293
4.842854	-0.278405	0.622755	2.728883	-0.659946	0.392863	1.612553	-0.000029	0.488700	-1.187069
2.515431	1.198367	3.496322	1.455987	-0.647979	0.430649	3.317930	1.715777	-1.544742	0.373493
0.280370	0.308956	0.801200	1.444256	0.689521	0.372827	3.893365	-1.449114	-1.739380	1.662118
-0.767896	0.732172	1.536498	3.306020	5.576992	0.875938	2.646495	-3.248586	-0.044991	1.546429
3.830464	0.928921	3.379724	4.342805	4.085270	1.750725	3.571454	1.338374	1.252649	3.108449
0.528983	-0.392189	-0.400413	-1.899562	1.950492	-0.806169	1.883580	-1.364218	1.495166	1.242303
-5.861106	0.509551	-2.001705	-6.318657	-1.998307	-3.043502	-2.933190	3.035254	2.288983	-1.154083
-3.472871	3.023250	2.324858	-4.174956	-2.924792	-3.209233	1.090380	3.927204	0.231828	-2.807683
1.963121	3.404417	1.774586	1.818166	2.998772	3.454279	1.751328	3.126649	2.605527	1.250928
2.241803	2.315461	0.861588	2.801330	0.771619	2.529875	1.216093	2.158605	3.438507	-0.019222
5.126308	4.180394	-0.281526	3.717858	2.231582	1.280294	0.076611	1.657287	2.872396	1.040594
2.649868	2.596826	0.278355	2.784070	1.203893	1.170976	0.443722	0.764812	3.040222	1.749004
1.236616	3.473569	0.366443	2.748786	2.190884	0.622459	1.558266	1.537998	3.677117	0.501237
3.489885	-0.409367	0.275047	4.590124	1.491188	2.545282	1.412680	1.417761	2.438108	3.968922
3.970108	1.402032	1.348080	1.919204	-0.362766	0.635482	-1.235696	0.890020	0.308229	1.511188
-0.226883	-2.818922	-1.067547	-2.347558	-0.706547	-2.705804	-1.171122	-1.120209	-1.811191	-1.082834
-4.302255	-3.592715	0.653578	-6.318046	-3.989125	-2.157739	-0.940257	-2.202506	0.976683	-2.706115
-5.652875	-2.993333	1.235268	-3.077443	-6.112272	-3.693089	-1.455362	-0.151853	0.413282	-1.941422
-0.929210	-0.802261	-1.432764	-2.087535	-1.418758	-0.573818	-1.329296	-0.193930	-0.015158	-2.183525
-0.041829	-1.713584	-1.407707	-1.284107	-2.490255	-1.879092	-1.685619	-1.399018	-4.234302	-1.425093
-4.144099	-1.814286	-1.644645	-3.409846	-3.039936	-5.178978	-5.223490	-5.757595	-8.549215	-4.270192
