X1	X2	X3	X4	X5	X6	X7	X8	X9	X10
-2.150786	-5.904667	-4.517548	-4.715105	-5.617603	-5.665801	-2.267616	-4.303231	-5.841834	-6.861314
-2.013266	-5.028303	-0.330481	-3.250103	-2.499138	-1.712296	-2.609830	-5.567145	-3.611882	-4.345681
-4.016204	-1.889453	-1.293723	-1.738973	-0.733087	-2.842218	1.984354	-4.537934	-4.867617	-1.517619
-0.506635	-0.284274	-0.485828	-0.765781	-0.939699	1.535291	0.585121	-1.674844	-2.748804	1.700030
3.135803	2.766876	0.218552	3.062308	2.814381	2.717290	-0.263244	4.343383	0.010392	3.131424
-2.570527	3.285742	0.195765	2.501032	4.093209	1.453342	-0.644256	3.994406	4.118008	1.636522
-5.682359	3.044371	1.440061	2.242033	2.893143	2.556509	-1.273228	3.141082	3.565083	3.070387
-0.300027	1.629812	0.953193	2.255051	-0.349455	0.355058	-0.502473	-0.304126	-0.132043	0.866880
3.721134	3.239816	3.058914	3.699434	1.203478	3.690255	2.456495	2.712042	3.988673	3.711665
6.008792	1.215536	0.032779	3.668727	4.762708	4.633871	4.198766	2.366748	3.185876	1.842210
4.560717	2.700428	0.763847	1.376781	2.348302	0.995576	-0.879374	2.599958	1.815713	-0.584120
3.371176	2.910148	0.834076	2.137950	4.901832	2.866845	1.101366	1.205936	3.035133	2.060444
3.721341	2.688458	2.097626	3.443887	4.296970	3.354453	3.478676	3.032349	3.753287	2.506675
-1.710317	2.375518	2.494062	2.581953	1.366392	-0.771423	-1.088754	4.512064	5.190428	0.565742
-3.919426	-1.954806	0.281848	-5.080894	-6.297524	-15.190301	-4.005633	-0.941850	-2.162586	-6.689678
-1.300012	-2.036348	2.067950	-3.913488	-1.355196	-3.986600	-4.984468	-9.215522	-3.453899	-4.895312
1.795100	2.788961	3.928039	3.073137	3.998359	2.108064	0.678232	2.489520	-0.007350	1.142919
5.624785	3.254792	3.675484	5.542451	2.457226	3.289678	1.572362	3.755448	3.375725	2.353794
0.024419	1.010621	1.346260	5.421526	0.512895	3.945431	0.502815	0.612137	2.384591	1.395293
0.582480	1.695624	-0.057158	2.562138	0.600657	0.466713	2.396986	2.415263	1.490715	0.680100
-1.931052	1.820978	2.630707	1.972766	-0.681293	-0.225681	1.156571	2.904402	3.750569	0.054898
-3.746598	-2.223332	-0.984265	-1.130508	0.931640	1.882542	-0.139334	-3.231266	-1.702974	-0.488526
-1.760777	-5.355225	-4.028091	-5.812600	-3.623744	2.005780	-3.111233	-10.454361	-3.893140	-2.284284
-0.782407	-4.398113	-3.949388	-4.421420	-2.765942	5.147333	1.777973	-3.096603	-3.629550	4.623413
2.449695	1.148193	0.607431	0.543321	-0.719750	3.547602	2.194081	2.302292	-0.239122	2.345357
1.173913	0.943285	1.456355	0.320019	-0.104062	-0.149809	-2.572808	3.047708	1.578925	1.317042
4.290333	2.026556	0.963274	1.513870	-1.042667	0.795705	2.860904	2.430830	1.121879	3.685762
3.537241	0.386804	0.017482	1.253577	1.569247	4.084753	3.330318	3.310846	2.766227	3.909514
-0.184675	1.659127	0.235675	1.829441	0.913595	2.039143	3.047436	1.748944	-1.048938	2.894796
0.556073	-0.302873	-0.729551	-1.671929	1.008893	0.073988	3.652959	-1.689686	0.510576	1.820808
-0.652326	0.033309	0.381605	0.211277	-1.753338	-1.021800	0.552690	1.931747	2.000065	1.098752
-2.102181	0.798277	2.951545	0.022970	3.161922	0.524194	1.284932	-1.686964	-0.636671	-1.766769
-2.612900	-0.639159	0.702472	-2.499432	-2.629301	-7.197713	-4.244811	-5.593726	-1.122332	-4.454050
2.084609	-1.118688	1.371093	-2.704411	-4.335483	-0.958702	-4.323934	1.617858	0.854186	-1.071685
0.523040	-0.675097	-2.120685	-2.820144	-1.107793	-2.788754	-2.907933	2.619883	-0.386210	-4.357766
-2.272912	-0.157770	-2.913251	-2.726807	-3.049102	-4.203247	-3.511901	1.520948	-1.807413	-3.549785
-1.837153	-1.361991	-3.486792	-2.630073	-0.149078	-2.749059	0.526567	1.369452	0.614889	-1.488230
-1.482586	-3.369339	-2.663396	-1.956310	-2.717486	-5.313065	-2.618522	-3.317504	-2.278892	-5.161090
1.948587	-0.777393	-1.908946	-0.143986	-1.084590	-0.299140	-3.068559	-0.672219	-1.952140	-0.095552
-2.225837	-2.502730	-4.352425	-2.560665	-2.482153	-4.217757	-1.026538	-0.048990	-3.763238	-1.149701
-2.687257	-4.540324	-3.882513	-3.992909	-2.745535	-6.693688	-0.127150	-4.228913	-4.350267	-1.193923
-1.782676	-5.305647	-4.953589	-3.315777	-1.960895	-6.795106	-2.975086	-3.066782	-5.197605	-4.854800
-3.842491	-3.260272	-2.565831	-0.892427	-1.138691	0.061720	-2.720638	-1.187291	-1.512528	-0.822416
-2.777301	1.413232	1.811584	-2.361313	1.240220	0.889921	-2.475595	3.689967	2.277687	2.298448
-0.972904	1.882097	0.615183	-1.180988	-0.399517	-0.201374	2.536852	-0.186099	3.249470	-1.670089
-1.602398	0.212857	-2.790407	-2.876302	-4.332256	1.013068	3.266013	-1.000680	-1.462653	3.979794
-1.116378	-2.812355	-0.258360	-3.782705	-4.309851	1.820078	1.847899	-3.894366	-3.545350	-1.928983
3.647159	-2.481001	1.600155	-2.593544	-2.095655	-0.570009	3.115320	-0.835646	-1.806790	-1.680798
3.074319	2.078054	1.130467	-0.709763	-0.206619	-0.230962	2.660788	0.315393	0.410360	-0.182630
-1.571693	-2.034351	-2.831993	-1.232208	-3.896995	1.696653	2.595213	-2.479537	-2.224465	-1.637756
-2.706272	-4.606977	-5.004492	-4.494919	-3.698133	-3.435831	-2.291894	-4.974723	-5.775630	-2.217552
3.065791	-3.407786	-0.962097	-2.151338	-0.337785	-1.054580	-2.086421	-1.113050	-1.459499	-3.150497
2.050200	0.379164	1.611525	-0.299306	0.633300	0.509039	3.074742	1.593496	-0.850833	1.131235
-0.303835	1.009514	3.653107	3.088339	3.537670	3.080760	4.357007	2.598630	1.035406	3.605267
-0.482207	3.031104	2.551485	-0.809242	2.489776	0.898515	2.647885	5.757469	1.385757	-1.285377
-3.113709	-0.643924	-2.773007	-0.686886	-5.169234	-9.227962	-2.644213	0.172029	-1.350640	-4.731873
0.345170	-4.837427	-3.814133	-3.034129	-2.833910	-0.090940	-5.363677	-3.932175	1.776755	-2.391297
-0.226563	-0.069764	-1.442958	0.004591	3.666996	1.202015	-2.121995	0.146375	1.594883	0.300975
-1.024197	-1.670893	-2.242947	-2.389562	-1.370468	-5.842968	-1.584758	-0.614004	-2.432815	-0.396633
0.371976	-3.651571	-1.219663	-2.727924	-4.599755	-0.369757	2.863846	-6.654595	-4.478199	-1.391597
-1.005633	-3.054158	-3.508872	-2.245230	-2.979819	3.392679	0.853325	-2.417880	-4.052826	0.800005
-0.380016	-0.847512	-1.115239	-1.343518	-0.358914	3.528668	-2.601112	0.075658	0.019944	2.434398
2.374939	0.408709	0.219072	-1.227523	-0.945995	3.019439	0.800646	1.797836	-1.892349	2.976403
5.279741	-0.726257	-2.088006	-1.495084	0.472279	1.907020	0.236507	1.821172	1.435037	2.771344
5.497001	2.184833	2.016962	4.948063	4.268952	5.760638	-0.982723	3.812384	4.372141	3.285341
-0.817271	4.038715	1.827709	4.524378	6.746564	3.661518	0.769766	5.596388	2.415602	2.150715
-0.772765	3.211428	1.313468	2.161223	2.992053	0.575084	0.065179	-1.755999	2.009560	2.489888
-0.415770	-0.220990	1.730970	1.137156	-0.089543	1.763862	0.263223	-3.514161	1.930853	0.904479
-0.660477	-1.628004	0.117648	-4.549563	-4.385589	-5.208328	-3.092496	-0.112580	0.009517	-3.530894
-2.680575	-2.183179	-2.370170	-1.627578	2.018150	-1.187364	-1.201474	0.683959	1.582088	-3.442011
-2.185154	-0.571880	-0.375454	2.180866	3.270506	2.141174	3.395293	2.527670	3.065801	0.953945
-1.736704	0.715624	0.251525	0.491724	2.052007	-1.873795	0.008909	-0.986730	2.385390	-1.871110
-3.597615	1.142164	-0.234707	-4.013352	-0.411717	-0.869453	-4.439924	-6.460829	-4.819013	-0.410261
-1.838679	0.922171	0.528976	-2.573612	-4.202941	3.083415	-1.650704	-3.767811	-4.506277	1.661608
-1.407985	1.780271	-0.141501	1.688193	0.625159	2.002925	3.679469	-1.486765	-2.299573	3.267810
-1.021724	2.401893	0.202784	-1.072992	1.390805	-2.694410	-2.149705	-2.979478	-5.018674	-2.461142
-0.629988	-4.124241	-4.030246	-4.346022	-2.258585	-4.992579	0.577873	-2.723539	1.276747	-0.981636
-0.818368	-1.630106	-0.379570	-0.139054	-2.050094	2.080331	1.335301	3.713764	1.998014	1.546238
-2.493456	3.606018	3.483929	2.465749	-0.925906	3.388828	-0.912523	4.030739	3.101548	2.500989
-1.813145	3.368750	2.051270	2.018426	-0.162510	0.526820	-0.619205	1.139197	1.471170	-0.608774
-0.356525	2.827710	1.485669	4.425111	5.719305	5.706415	3.156851	-1.642856	1.466298	1.716357
5.858108	2.780711	4.271739	4.378535	5.725045	3.803117	0.058539	4.584289	5.426848	1.679387
3.540863	3.087768	1.693794	3.509228	4.791715	2.920631	3.141651	4.403037	2.633535	4.229621
4.294046	1.038892	2.719746	3.856016	4.867619	2.100059	5.019580	2.862393	3.065769	5.057964
-1.437638	3.291494	2.888803	4.742722	2.357556	0.849203	4.237317	-2.407437	1.899960	0.726217
-2.483983	-2.378019	-3.587126	-0.215032	-3.690376	0.836263	1.104451	-4.102751	-1.162184	-0.518617
-0.654984	0.118659	2.176966	2.183271	-0.221381	-2.589161	2.055670	-3.455547	-2.301959	-1.100539
3.260064	-0.451368	-0.028018	-0.831054	1.282833	-2.307273	-0.603136	1.607676	-1.096962	-0.187848
2.338965	2.498201	1.940827	-0.086695	-1.455741	1.945324	-1.870882	5.782620	2.813507	-1.433947
-2.915378	0.782968	1.332002	0.229956	0.716984	-0.104973	-0.545382	1.228782	2.970546	1.396361
-0.927361	0.780229	2.438108	2.336207	5.244196	3.544629	-0.148051	1.065362	3.185551	2.411472
3.744618	3.586282	3.581442	5.428560	5.567478	3.955124	0.020895	4.653257	4.083914	1.714281
4.501362	2.249120	3.817703	3.133015	2.455314	0.893004	0.211740	3.329662	5.068826	1.397382
0.664772	2.130336	-1.227314	-2.386030	-4.149317	-8.938539	0.136064	-0.623126	-0.724623	-3.221633
-2.099849	-3.767680	-3.844714	-4.755680	-4.031934	-0.954515	-2.634249	-7.340513	-3.361348	-3.014571
3.765398	2.177163	0.590195	1.562457	4.107938	3.713867	0.200679	2.333293	1.818135	2.458758
-0.037186	0.400451	-0.544993	3.032769	5.233877	-1.415005	0.982129	2.981287	1.486908	-0.219456
-4.182601	-0.532929	-1.572390	2.750243	2.650755	-2.160542	0.300681	-2.409241	0.589552	-1.344523
-2.165447	-0.221193	1.853595	3.814963	1.670446	1.705444	3.052212	0.062102	2.311043	2.587844
-2.085625	3.415141	2.338751	6.251911	1.126622	2.631639	2.170800	4.048505	3.866958	-0.303066
-0.998936	2.475757	0.716265	4.046167	-0.673948	0.813731	0.555524	1.129758	2.718571	0.977433
-0.123881	2.465534	2.554423	3.794606	1.979107	0.049906	1.168460	-2.245149	2.530353	0.441127
-0.168464	1.216952	-0.021989	3.499605	2.475856	-0.703651	2.348984	-0.378928	1.709176	0.602001
-2.446285	0.278090	1.634915	1.498936	1.830066	-2.761353	1.138674	-0.210090	0.287808	-2.154958
2.685352	1.504125	2.620619	3.620871	0.796806	0.664984	0.444005	0.551552	-0.307382	-0.705768
6.400345	1.504634	1.067707	1.383378	-0.011957	2.726547	-1.869246	3.443785	1.183970	1.449656
4.629690	1.146693	0.824162	2.561127	0.984344	5.040220	-0.075303	3.537597	0.210331	3.544298
3.732985	-0.950223	1.727467	0.038783	0.463077	3.117087	-1.373791	-0.015625	0.862164	2.736341
-2.596775	-0.782437	-1.243694	-1.563988	-2.836392	-6.560965	-1.523134	3.139306	2.572832	-2.588432
-2.969593	3.239624	-0.089939	3.151279	1.284906	1.534948	-0.601754	2.511376	1.514597	-1.847139
-3.222973	0.307736	-0.748586	1.523947	1.039439	2.446712	-0.512875	-2.632627	0.284322	-0.354396
-1.683919	-2.046928	-0.925652	-3.714721	-3.620924	1.916112	-3.419320	-2.314517	0.729067	1.779879
-2.249035	-0.789493	-1.176954	-1.447164	-2.617715	1.115734	-2.369512	-1.090906	-0.192108	2.896669
1.767874	2.691217	0.875891	-2.059918	-2.917063	0.244964	-1.387672	0.042192	0.772660	-1.209344
4.826705	0.656975	0.807466	-0.430522	-0.466396	-0.890412	-1.232522	4.072966	4.004730	-1.835878
-2.057947	-1.205843	-3.320846	-2.213014	-2.502742	-7.070907	-1.571283	-0.319096	-1.193238	-4.225548
-2.662486	-6.032862	-5.745760	-4.858433	-4.803527	-7.003135	-3.111074	-8.119405	-3.037182	-4.186473
0.129384	-4.312105	-5.327492	-4.595816	-4.099376	-5.549306	-3.305314	-5.621473	-5.769740	-2.033069
-1.386241	-4.650596	-1.839356	-1.554901	-3.351012	-3.805135	3.063579	-2.247109	-4.681552	-0.604551
-1.422865	-0.568056	-0.459068	-2.770724	-3.196058	0.108169	3.443788	-4.038923	-5.272554	2.184663
0.912807	-3.761409	-2.454240	-3.946320	-2.342533	-2.159906	2.310697	-4.059325	-3.379583	-0.191542
-2.586327	-2.394773	-2.973285	-0.085026	1.313543	1.272830	0.258991	-0.420821	-0.639874	2.701121
2.980029	-0.893270	1.164385	2.578326	3.266656	3.508167	2.113456	1.128381	-0.085062	4.162234
4.374472	-0.617418	-1.259540	-0.160297	-0.601511	1.752396	0.029182	0.473374	-1.438181	1.983386
-1.613603	-4.745234	-5.109072	-3.759527	-5.645470	0.372408	-3.867444	-4.292246	-5.151462	-2.793337
-1.147196	-4.311236	-2.367318	-3.331494	-3.010032	1.131295	-0.709430	-0.339084	-2.173736	1.681251
0.428088	0.260062	-0.351388	-0.308225	-0.050705	-2.114849	0.189115	2.111355	-1.437832	-0.754361
2.459249	4.580846	3.645613	0.782153	1.343403	2.545168	0.444984	5.568771	2.278423	0.307015
-0.238717	1.438303	0.105978	-3.101386	-3.937912	-2.384660	-2.754527	2.060661	1.294003	-0.333930
-1.078611	-2.171479	-3.029499	-2.730964	-5.046054	-2.714339	-4.048021	-1.662874	0.413485	0.217192
-3.605634	-0.586909	-1.056120	-2.172502	-3.024523	-1.578272	-0.557202	0.668865	0.158047	-0.199227
-0.563887	-0.947197	-2.094189	-0.479921	-2.843917	0.031935	-0.432669	2.972481	2.640068	-2.829796
-1.324971	2.564650	-0.706907	1.322163	0.380765	-1.551821	-0.663322	-0.883424	1.291530	-4.099722
-1.707587	0.087226	-1.687776	-0.881365	1.895130	-0.334643	0.701043	-5.159745	-0.666881	0.082088
-2.284134	-1.687474	1.210205	-0.403319	1.889183	3.564266	-2.959470	-4.833779	-3.693281	-0.603772
-2.402812	-2.216754	0.923438	-2.987911	-2.851265	1.276405	-3.829856	-3.710818	-6.009481	-2.383706
0.395779	-0.791014	2.130023	-3.958949	-4.230806	2.890471	-2.795107	1.830242	-2.095691	-0.610520
-1.362259	-1.504558	0.786966	-3.701541	-2.041427	1.292864	-2.003614	0.019012	-1.716718	-0.768117
-2.877325	-0.812583	0.876469	1.614209	1.063986	0.992184	-2.429967	-4.100702	-1.720168	-0.577599
-1.399518	1.267311	1.181338	-1.703604	0.507447	1.955831	-1.962854	-3.278089	-2.606544	1.174031
-0.843135	-1.163974	1.082178	-0.836980	2.168873	2.656705	3.187438	-1.819940	-3.421348	2.393173
-0.391674	3.287168	5.337295	3.425280	0.654882	3.186906	4.700924	3.198057	1.419820	1.797326
3.256867	6.018140	4.100698	3.990481	5.180392	2.794238	1.747821	6.405814	4.726464	1.131490
5.964491	4.206048	4.535694	6.284925	4.997724	4.012700	0.993644	4.393942	6.557189	1.150967
3.169601	4.561699	3.085291	1.584519	2.346998	-2.203704	-0.181787	1.007956	1.829199	-0.870242
4.584301	2.903600	2.930100	1.200970	-2.070663	-0.990072	-0.237152	3.168667	2.895305	0.167766
1.646895	-2.179040	-2.180272	-1.203112	-1.154337	-1.865701	-0.796331	2.322890	-0.324385	-0.323105
-2.742314	-2.425512	1.362387	-1.746917	-1.884400	-2.311888	-2.840902	-2.926860	0.908341	0.483847
-1.381921	-2.039807	-2.533013	-3.094433	-2.822030	-1.117829	-2.457243	-5.249270	-3.913903	-2.341872
0.048677	-3.809813	-4.712361	-1.234146	1.068399	-1.937622	-1.592829	-2.966625	-3.655403	-3.417358
0.167986	-2.806421	-4.032247	-4.269842	-2.153888	0.034240	-2.974137	-0.807909	-5.005241	0.374995
1.074310	-3.515218	-3.369458	-0.049805	0.020732	3.754759	-0.990840	-0.889307	-3.038102	0.434092
-2.882646	-2.976694	-3.953384	1.338781	1.233186	-0.159559	1.124685	0.922994	-1.026566	-1.908458
-1.843877	-2.234036	-4.272713	-2.327066	-2.510802	-13.505310	-1.866533	-2.684489	-5.079713	-7.056650
-0.438879	-1.548832	-1.198832	-3.604927	-1.541207	-2.345989	-0.967070	0.933758	-1.905922	-1.842777
-0.480245	-0.409069	0.324669	-3.261384	-0.885204	0.125210	-2.318796	1.258949	-0.737372	2.158071
2.182430	0.132665	-2.679498	-0.639117	-0.567768	0.200291	1.099614	-0.092701	0.332860	0.020900
1.629350	0.297383	2.632379	2.385595	4.524625	4.267361	2.016789	0.457721	0.660697	5.402319
-2.897379	2.781897	3.378711	1.505171	5.220899	1.645526	3.392957	-0.338171	0.119964	4.197637
-1.190251	3.263920	0.856910	-0.334866	3.060378	-4.856809	0.124044	1.358236	1.476085	-3.299336
-0.943661	1.196765	-1.012215	-0.719097	2.587485	-2.074938	0.471779	0.346754	-1.592815	-2.262493
-2.274603	-3.361356	-1.258452	-1.923600	-3.038758	1.786246	-3.622110	-3.427405	-2.453013	-2.898424
-0.496573	-2.803732	-1.363790	-3.854854	-1.757929	1.341449	-2.165197	-3.151029	-4.197481	-0.067219
3.394735	0.024750	0.665080	0.785063	0.001093	4.144377	-1.806354	2.301791	0.815805	2.182931
4.126827	1.124602	0.800767	1.392471	-0.979071	-0.946762	-0.972655	4.454366	1.279671	-0.841164
-1.581893	0.560534	-0.221418	1.369891	-1.176602	-2.347763	2.602327	-0.725396	-0.450959	2.164806
-0.218319	0.549457	1.845533	4.913643	1.692220	-0.467718	3.844317	-3.279986	3.540341	0.422150
2.433954	0.420282	1.320329	5.024948	3.488912	1.950579	1.051840	2.821602	3.349295	0.076077
4.354231	1.975518	2.188477	4.921325	6.596993	3.820536	1.024121	3.391377	2.643327	4.048898
-0.429784	2.437376	1.692884	6.929892	5.146677	3.611060	2.147384	3.389942	2.606662	2.077622
-2.692686	1.802965	0.281959	5.369769	3.579681	-1.958644	3.063452	-4.309398	1.294022	-0.416043
-1.087370	1.938593	2.568908	3.775874	1.894121	0.797834	2.423946	3.628462	2.825731	0.271514
-1.306232	3.360568	1.172836	1.250323	1.328508	3.005799	-1.457111	6.007025	5.307410	1.917001
-1.135967	3.230599	0.475049	-0.832567	0.853058	-1.269241	-3.852001	3.793391	4.449080	-1.442372
-0.785072	-0.881407	-1.137147	-2.554081	-1.400418	-2.347080	2.159398	-1.581237	0.224663	-0.566798
-2.094844	-4.798344	-2.945347	-3.622303	-1.875410	1.829491	2.114304	-6.614459	-4.577924	1.509732
4.228523	-1.083405	0.474951	0.391680	-1.626905	1.595277	4.166733	6.270324	3.757140	2.282126
3.118331	1.947217	0.530753	1.410081	-0.958895	0.716886	2.954502	5.026710	0.700372	-1.217408
-2.566016	2.718826	1.388162	-1.082687	2.100930	-0.422175	4.095826	0.041297	0.142989	-0.539963
-1.183616	1.681927	1.616680	-0.817112	-2.713523	-2.466100	1.671920	-0.445217	-2.163394	0.506169
2.214534	2.145527	2.285511	-4.518185	-3.210546	-2.048983	-0.110003	-1.443738	-0.570861	-0.393306
0.831037	1.976228	1.126657	-2.281096	-2.375932	0.086984	-1.351232	2.864632	2.481400	2.110019
-2.557004	0.735536	1.174419	2.136163	3.732724	0.921206	1.890144	1.794386	1.020504	1.192749
-1.537089	0.546553	1.771900	2.852201	0.736227	1.031089	3.151635	4.547620	3.519261	1.963891
-0.462714	-0.064916	0.257000	-1.470977	-3.610517	-4.182861	-1.031951	-0.045174	0.441282	-2.670051
-1.875179	-3.178668	-3.686778	-6.046964	-6.407006	1.566862	-2.221207	-2.705503	0.528876	-2.928072
-1.690781	-3.702699	-0.835934	-3.121855	-2.165236	-1.456238	-3.000826	-5.767073	-2.970747	-2.730568
-2.461821	-1.932508	-0.544967	-2.528047	-0.999805	-2.871055	-1.645603	-4.641892	-4.843781	-2.049834
-0.618996	0.110109	0.769323	-0.560137	-1.329711	1.641015	-0.600635	-1.956668	-2.142019	-1.286069
0.104093	-2.447145	-3.416861	0.488678	-2.178051	-0.733524	-2.602919	-1.361909	-3.807456	0.388033
4.774047	-2.194467	0.379379	0.309598	-0.238227	2.501132	1.692447	-0.164524	0.618513	5.024871
4.125066	-0.220656	-2.200355	0.792625	3.698663	0.968886	-0.059937	2.508678	1.402891	-1.059150
1.133049	0.289992	-0.771963	-1.226343	1.005118	-0.576358	-1.520571	1.674190	0.643880	-2.150131
-2.185404	-2.517920	-2.036743	-3.902506	-3.838563	-6.127800	-1.811757	-4.414299	-3.130717	-2.565371
-2.866093	-4.464689	-2.911996	-2.698666	-0.484381	2.335764	3.568002	-7.534495	-4.378700	2.365132
2.796680	0.286887	0.062081	3.004574	2.680562	1.073435	0.166504	1.679392	0.445831	0.278976
0.486914	0.172613	-0.534413	1.032110	-0.824836	-6.527987	-0.726556	-0.385846	0.501574	-3.115139
1.520707	-0.697210	4.292026	-0.410661	-0.176678	1.046099	-1.629985	-2.508718	-0.648971	-1.849715
5.635758	1.008123	4.607697	1.372057	1.262932	4.830392	-0.719687	3.672171	2.888994	2.721847
-0.766335	4.181216	2.520604	0.703957	0.938891	1.737493	1.116030	1.686811	3.670264	1.710344
2.767425	1.560574	-0.485452	0.274535	-2.955305	-2.088002	0.601557	3.836196	0.076337	1.271474
0.843435	1.955099	0.175932	4.176084	2.379839	0.264607	1.551486	0.668920	1.130108	-0.305968
-1.127806	0.691699	1.042859	3.900598	4.319218	2.819416	-1.103592	1.001977	2.977473	-0.799684
-1.503203	1.140277	-1.201568	2.320269	1.681627	-0.157577	0.192413	0.001061	2.644326	-0.754979
-1.170857	-0.922661	0.296256	4.120891	3.433160	2.171223	4.111190	1.365069	0.663763	1.326442
-1.367874	0.548292	-0.342867	-0.490244	-0.956589	-2.513988	0.332827	2.168395	0.070777	-1.867527
-2.549156	0.891941	-0.463630	0.534955	-0.399026	-0.079815	-0.476488	1.573237	1.134761	-0.364091
-1.462907	1.204195	-0.498429	0.537681	3.076641	0.919636	1.018834	0.606092	1.728610	1.841843
-2.763031	-2.203341	-1.002659	0.736026	4.134506	1.567760	-0.900022	-4.959342	-1.077883	-1.345230
-0.278832	1.011242	-0.593913	2.756082	3.791160	1.168149	0.925732	-3.633265	-0.510225	-1.349219
-1.990814	0.081152	-0.451484	-0.973561	-0.078703	2.132896	0.543883	-0.794278	-2.298124	0.670870
-0.564583	-3.751103	-6.153866	-1.444010	-3.830293	0.438494	-3.024385	-1.882480	-4.629286	1.653329
0.560659	-4.620813	-3.269651	-5.568673	-4.125117	-2.092267	-3.029086	-5.198170	-4.980819	0.941149
-0.047895	-2.500970	1.962470	2.755240	2.283015	0.621706	1.180466	-1.718745	-1.334930	3.750123
-1.263548	2.562038	3.183603	3.679123	1.398495	4.858402	2.515657	4.440498	5.137174	2.963241
0.898495	3.817419	3.606860	2.688568	0.852514	1.717414	3.024270	3.331963	3.970486	2.255896
5.850728	3.413684	1.287849	-0.527234	0.134561	3.243130	-0.450809	-0.951946	3.020199	0.674577
3.768048	0.904945	0.987079	2.653410	4.240227	4.464240	1.160204	0.500178	0.335906	-0.395824
-2.534350	1.748112	1.818862	2.456293	5.551003	0.383534	-0.512905	1.602241	-0.052200	-1.129418
-0.100572	0.378497	-2.157692	0.938610	-0.792023	-0.634099	-1.323052	1.327350	0.931874	-1.205712
3.687979	1.298311	-0.387573	0.298753	0.549541	0.424231	0.975048	1.530014	0.760123	0.814483
2.444097	0.185967	1.296632	3.534916	4.742883	2.631911	1.975380	1.976940	2.711640	3.381958
-1.778521	-0.715023	-2.500366	-0.923505	-1.409407	0.267332	1.572929	1.046737	2.314018	1.878803
1.800719	-0.257648	-0.217656	-1.036716	-3.518439	-0.760020	3.931080	1.061617	2.875553	2.318409
0.236414	0.247105	1.739775	-3.868421	-2.938024	-0.002353	3.732118	0.039690	1.777539	1.091267
-2.128441	-3.485652	-3.246762	-3.306324	-2.875074	-1.520281	2.168930	-4.261235	-3.227029	-0.348534
-3.159448	-0.638206	0.362147	-3.974628	-3.294397	0.035686	-0.897899	-3.327044	-2.776456	1.617099
0.992087	1.471655	1.334514	-0.190336	1.304294	0.304437	-3.346283	-0.323526	-0.615447	-2.207144
-0.493638	-1.131858	1.306750	-0.111049	1.799789	-3.865039	0.480064	-1.135770	-2.468105	-1.387071
-0.146027	-1.557032	-1.198031	-3.254070	-1.200822	-5.418252	-2.162769	-4.337462	-3.394536	-2.282291
0.901518	0.407645	1.449683	-3.700299	-1.695950	-2.881214	-2.567697	0.299511	-1.493243	-0.798612
2.653294	0.495384	-0.097597	1.784664	2.665495	1.898367	0.218870	3.154160	2.175472	1.632259
-2.560801	-0.729405	-0.778558	0.705618	1.109302	4.175980	-1.785882	-3.530401	-2.328597	-0.452486
-2.721171	2.732990	0.677411	-0.578935	2.298862	1.224315	1.387936	-6.931858	-1.635751	-0.571754
0.739385	0.624078	-0.849978	-0.358394	3.684963	0.300265	0.702814	-0.012000	-0.624393	-2.034251
-2.382836	-2.079230	-3.313514	-1.151057	-1.389702	-6.215380	-1.530359	-1.600813	-0.364726	-4.051782
0.240466	-2.957925	-3.931687	-3.463321	-3.143945	-3.426528	-1.936492	-0.664085	-2.975253	-4.827855
0.131489	0.649500	0.332913	-3.375083	-2.965374	-3.384487	-2.985997	5.915797	-0.668575	-4.283774
2.109734	1.142454	3.143097	-3.357539	-1.677999	-1.785563	-2.135580	2.993743	0.183905	-2.654343
3.249600	2.679544	2.364173	-0.737786	-1.590128	-3.176063	-0.657752	1.407967	0.568786	-2.137467
-0.125313	0.577976	0.881949	-4.239519	-3.474870	-2.235793	-2.347919	-2.913422	-1.201236	-1.090649
-4.084502	-3.269845	-0.867467	-3.602233	-1.960234	0.580942	-2.228490	-6.153613	-5.764360	2.881008
-1.251269	-4.113814	-3.342267	-2.575023	-3.350227	1.991935	-2.859171	0.874805	-1.671090	3.853802
-1.000210	-0.253727	0.033254	-0.241882	-0.925557	-2.054416	1.410731	0.164840	-1.036327	-0.284070
2.920575	0.514018	1.588202	4.748294	1.823969	2.229584	1.831411	1.805600	1.175628	1.702091
0.615490	3.831523	2.341881	4.547812	3.122542	4.105931	2.501763	4.344694	3.784072	1.368685
-0.715265	2.197189	3.677696	4.807979	-0.199543	1.650124	3.992281	3.395128	4.577203	2.360410
-1.419485	1.964014	2.809549	5.348100	1.970107	0.613559	2.267162	0.278807	2.711421	1.899668
-1.481069	-0.382402	0.232842	1.853383	0.762785	0.459035	-0.500999	-3.477462	-1.263678	-0.716441
-1.605813	-2.151263	-1.715725	-1.962767	-1.629414	2.669150	1.689095	0.506125	1.628906	-1.284616
3.637687	0.474928	1.869049	0.879358	-3.798295	-1.031797	-1.450060	3.006669	-0.696732	-1.054655
1.179734	2.650666	2.209963	-1.487736	-1.746065	-4.927605	-2.810766	3.449474	-0.898892	-4.084457
-2.892367	4.224144	2.505015	-1.445642	-3.110228	-2.825475	-2.912427	3.268740	-0.346978	-2.950818
-2.900014	3.053255	-0.619899	-2.360055	-3.169389	-3.824206	-1.564044	2.394568	2.180108	-2.856535
-2.293801	0.375191	-3.962982	-4.008368	-4.558752	-4.050799	-2.380619	0.941756	-2.814237	-2.588706
-2.529125	1.654742	4.260960	0.763124	1.813279	0.253549	-0.967154	-3.418897	-0.914016	-0.577926
-2.700681	4.584197	4.724022	4.350228	5.197900	2.885237	1.604349	3.534605	2.167867	3.256208
-1.038065	0.309144	-0.401904	2.585247	3.678108	0.105469	0.469690	2.308559	-0.201191	-1.952399
-1.113772	-0.145630	0.974375	1.536488	1.963798	-3.715955	-1.680833	1.340058	1.015406	0.005256
1.188901	0.534562	-0.424251	1.312754	1.533769	1.515467	-0.257619	2.906398	2.155454	0.198480
1.779660	2.214202	2.069608	4.972349	4.482417	2.918538	1.865329	3.124171	3.163950	4.074175
1.234108	1.983276	2.073443	3.686676	1.611639	3.396759	1.105612	-0.262832	2.364989	3.801749
4.003248	0.745967	1.162940	1.587639	1.216535	2.336432	-1.484270	0.767882	2.128966	3.627004
5.156986	2.048655	2.839788	3.002840	5.719800	1.896260	0.687282	3.992502	1.898177	-0.271152
-1.105776	1.122822	4.579973	2.922080	2.221435	-1.787255	0.091967	-0.744283	1.517817	-0.777616
-0.817435	2.916748	3.344282	1.126360	0.275336	4.916789	0.948887	0.598317	2.128882	2.623718
2.378714	2.217513	2.296000	-0.121618	-1.658198	3.743294	-0.578859	3.782190	1.893366	-1.695644
-0.967128	-3.799505	-3.595689	-5.072756	-2.957467	-4.468238	-1.665772	-2.121578	-3.087935	-2.378198
-1.806358	-5.739528	-5.103701	-3.560253	-3.066673	-8.997006	-2.331551	-8.377699	-5.450727	-3.799240
3.972126	-0.800279	0.074149	-1.216012	-0.365917	1.907693	-2.455096	1.476612	-1.834615	-0.881362
-0.946475	-0.301080	-1.799257	-1.245534	-1.752000	-0.246340	0.106094	0.630442	-2.390702	-1.960862
0.845941	0.094445	-2.780436	1.704078	3.117177	3.828796	-1.562683	0.034577	4.366105	3.389265
1.520674	2.548672	-1.025905	1.617721	4.949515	3.116903	1.252975	2.675601	4.219702	0.341424
-1.593275	-0.275422	-1.412883	-1.919910	-0.953287	0.936281	-0.071034	-2.299201	-1.569515	-0.136781
-2.308306	-2.062463	-2.494987	1.585482	-2.480930	2.295531	0.923993	-5.641943	0.618849	1.356055
-1.249220	-1.124674	-1.959435	1.422290	-0.402613	-4.185446	0.745254	-2.267441	-4.374809	-2.169866
-2.561819	-0.919380	0.541053	-3.667590	-3.249737	-2.721350	1.554150	0.318791	-0.426395	-0.621440
-0.517204	2.297495	2.043059	-2.861566	-3.041401	-0.571181	1.306481	2.713937	-0.613510	-0.624363
-0.062977	0.675927	2.257166	-3.305443	-3.437205	1.381462	3.461448	-1.653018	-4.251159	0.304267
2.639759	-1.359709	1.274856	0.156671	3.668151	0.142577	2.360551	-4.837287	1.091256	1.291054
-1.232999	1.695064	0.390409	5.951967	4.705167	2.513965	2.300390	2.098614	3.019732	0.416500
1.758646	-0.828777	0.656209	2.254939	0.709945	1.415125	2.618067	0.933573	0.915569	0.316707
2.852288	0.270145	-1.409462	-0.828924	-2.314315	0.936656	-0.780218	0.020375	-0.698536	3.859677
6.656824	0.243708	1.339078	0.648071	-1.019113	1.066258	2.515636	1.628809	-0.837383	2.790313
1.539148	0.639290	-0.179187	0.583014	-1.606948	-0.339271	4.158831	1.014463	0.180427	0.373515
1.280255	0.641869	2.767928	-0.812805	-2.174418	0.261969	-1.913933	4.645224	1.866896	-0.425314
-0.818361	-0.815873	-1.314995	-0.196196	-0.721524	1.006876	-1.846353	-0.058217	-1.436376	0.437926
-1.913306	-2.481757	-0.888971	2.410132	1.532836	-0.381949	2.136572	-4.848270	-0.311287	3.389337
-2.701088	-2.333001	-2.030113	0.228168	-2.272837	0.735490	4.200045	-3.765644	-5.063734	2.925220
-1.584612	-3.270623	-3.500037	-3.379299	-2.241243	-4.029005	-0.228231	-2.164847	-2.028815	-2.842925
-3.158187	-2.710340	-0.587155	-1.702878	-0.668180	-2.019436	-1.605955	-2.408986	-3.123125	-1.529696
-1.234420	-0.972167	0.694120	1.601819	1.749252	1.743396	0.660478	-1.449666	0.178340	2.175606
0.843083	1.233981	-0.165724	2.294482	-2.173145	-2.061209	-2.446330	-1.542094	-0.808315	-1.779616
1.715212	0.642690	2.225701	1.492601	-0.593671	3.028549	-1.161673	2.317827	3.957917	-0.370864
4.737161	4.494249	4.512785	1.257365	0.885776	3.755768	-2.025949	5.717695	2.800342	3.133665
3.180020	2.640145	-0.502282	0.813663	1.769396	1.776751	-1.225751	1.746307	1.583868	0.275570
-3.497917	-1.669130	-2.822408	2.527785	0.538989	0.104397	-0.207276	-3.274437	1.728303	0.283853
0.435642	2.389512	3.018597	0.786522	1.552157	-0.798894	-3.158417	3.994363	3.284855	-0.542686
1.262588	0.628666	-1.307074	-1.452538	-2.688100	-2.489020	-3.296568	3.749709	-0.982266	-3.167547
0.226814	-4.156177	-0.878427	-5.185603	-2.048481	-3.045879	-1.774224	-2.442697	-4.205850	0.362573
-1.162887	-5.389921	-4.504268	-4.067484	-1.825686	-1.904270	-4.011877	-7.703352	-6.453186	0.013373
-1.487323	-7.397670	-6.185304	-2.598990	-1.609615	-0.561690	-1.033320	-2.832651	-4.068663	0.491056
-0.900200	-3.801829	0.044463	-2.664929	-2.908367	-4.916238	-2.391746	-3.019287	-6.318970	-2.660778
0.232776	-1.122698	-3.236173	-5.328312	-0.946643	-1.166709	-2.762747	-0.449455	-1.203294	-3.902127
4.770297	1.280921	1.864086	2.602454	3.928657	4.563000	0.069685	5.260352	4.424178	1.036211
0.318859	3.375527	4.635837	5.126460	7.362333	0.571193	1.092558	4.270445	2.505757	1.169838
-1.061143	1.789823	0.528178	1.813598	4.110284	-0.244126	-0.317319	-2.672669	2.820558	-2.459844
-4.204615	0.185311	-1.999492	-0.636139	-0.562091	-5.991852	-3.343536	-8.057280	-0.485206	-3.439933
-2.352460	-4.183908	-1.698474	-2.639560	-4.289592	-7.135879	-4.159086	-4.863875	-4.358522	-3.867726
-2.114881	-2.913028	-3.888069	-2.905970	-2.643921	-0.796802	-3.172559	-1.737345	-0.657176	-5.042021
4.053218	0.595655	-3.700677	1.959622	1.963721	1.883786	1.032154	0.609324	1.945345	1.109585
3.298335	1.567746	1.262404	3.406111	2.389132	0.909190	4.495763	1.420243	-1.092443	-1.066603
-2.536130	-3.713248	-1.067527	-2.666810	-1.214189	-1.030582	1.797477	-3.135573	-2.085729	0.401916
-3.420079	-1.655921	2.914032	-5.370046	-4.588746	2.798277	1.745504	-1.427812	-2.641198	0.259846
-1.968311	1.963836	3.099883	-3.316404	-1.345740	-3.251925	-3.466646	5.668541	0.347263	-2.256609
-0.974227	1.476729	1.666626	0.561611	1.997826	2.872120	-0.880064	2.331000	3.241067	-0.795346
-2.928723	0.972268	1.100065	6.004495	7.002050	2.006419	2.756858	2.851878	3.741725	3.083040
-0.794998	0.268861	0.702900	6.966642	7.129328	0.991881	0.915929	-0.229408	1.778251	2.255252
0.156451	1.927818	0.111834	-0.201253	-2.023343	0.636715	-1.245745	2.034454	2.837456	0.231995
-0.649172	-0.880953	-1.789932	-5.540493	-6.171066	-0.506471	-0.138355	1.523480	0.532450	4.202272
0.175138	1.337559	-0.095894	-2.023283	0.435955	1.997331	-0.171194	-1.182416	0.052045	1.050687
3.261787	2.883364	1.942348	5.286772	3.363116	4.844532	2.673544	2.931180	2.571649	4.779244
2.894079	3.536070	2.927896	4.545270	0.903413	1.792338	0.953964	4.842381	4.781072	1.965848
-3.252577	1.156487	-0.418947	-2.519393	-2.609357	-5.505241	-2.587528	2.306702	3.888221	-3.778597
-3.123674	0.263726	5.044920	5.036678	5.952102	3.794604	-0.618028	0.652755	3.353403	1.517211
2.178896	5.220596	4.312897	3.195482	6.086285	4.267781	2.627768	2.524653	2.352326	1.391578
0.017941	0.811005	1.282087	-1.318386	-1.535113	-7.696103	-0.854737	1.312507	-0.331806	-5.410394
-2.318128	-3.638337	-4.385909	-4.986427	-6.855194	-8.345238	3.215058	-6.446370	-5.870690	-1.175001
-1.861101	-5.343721	-5.971693	-3.554245	-1.301964	-3.446219	0.062056	-5.965470	-5.408520	-2.341041
-1.107169	-4.804939	-3.772063	-1.015143	-3.362026	-0.669536	3.094656	-2.716881	-3.542297	0.874091
-1.693120	-5.141083	-1.359619	-3.444322	-3.639585	-0.833684	0.194257	-2.322095	-2.333918	0.608896
-2.289642	0.394953	1.163938	-2.387886	-3.738843	1.812244	4.695158	0.836095	-1.571583	2.700677
-2.311424	-0.739322	-0.589793	-2.098036	-2.111805	1.642353	1.863857	1.478098	0.644705	-0.081364
0.740347	-0.746904	-0.429112	-1.652074	-2.617275	0.671850	-1.778951	-0.170282	1.727945	-4.120525
3.966384	0.646315	-0.541722	1.409499	3.968146	1.276438	3.728432	1.710862	2.536234	1.157794
0.402098	2.326639	2.293375	1.992480	3.869154	3.947922	-0.177301	3.905433	2.393265	3.654995
1.262504	5.032173	2.364377	3.748168	3.954546	5.867806	3.460344	5.002333	3.705334	5.604679
-0.860285	4.698821	1.760683	-0.837037	-0.614779	-1.479708	0.745460	2.852465	2.025334	-0.657954
-1.430157	-1.452314	0.351687	-4.356837	-5.690122	-1.710118	1.899040	-4.100472	-2.017844	2.184495
0.113602	-3.308430	-2.217612	-1.803732	-0.658285	1.575778	1.641474	-5.293277	2.793691	0.594725
-0.915594	-1.795024	-1.654918	-2.246122	-0.392067	-2.339119	-3.274048	0.131147	0.699530	-3.876763
-1.266332	-0.208694	-1.769535	2.091993	1.859731	1.466491	-0.602634	1.293997	0.630761	-0.574372
-2.238199	-0.903241	-3.262867	2.098713	1.163310	0.793706	-2.194498	0.436070	-1.312028	0.571796
2.432819	-1.782464	2.674681	-0.485661	-0.046528	2.006127	-2.329549	-0.316641	1.952350	1.341039
5.296234	3.903037	4.336506	3.387173	2.899420	2.831350	2.225600	6.105358	2.584081	-0.063044
5.875559	2.073061	0.760102	4.894617	2.292457	3.990973	0.550835	3.525859	2.369251	-0.179359
2.532207	1.544605	3.460665	5.631472	2.470286	3.215992	4.421845	1.676653	1.733544	2.132293
-2.319410	1.525969	-0.093810	2.381842	1.121613	-1.813596	1.954016	-1.375669	0.764644	-0.138893
-2.449681	1.282850	3.222273	-4.662671	-4.351957	-1.088097	-0.677766	-2.198019	-0.747165	-1.801220
-0.830693	2.159545	1.194009	-2.878161	-2.343016	0.685084	1.151286	0.142592	1.406598	1.420107
-0.427335	1.526350	0.454394	-2.460225	-1.783358	1.502641	0.247658	1.310650	-0.039682	0.290284
-2.699697	-2.434937	-3.388378	-2.272956	-0.513073	-0.290332	-3.557464	0.822741	0.075575	-2.732894
-1.608469	-1.852921	-2.878909	0.262450	-2.883951	-6.525943	-4.134694	-3.194750	-1.841748	-3.141533
-2.764739	-1.469505	-0.388304	-2.679498	-3.225883	-3.619898	2.247056	-6.166238	-4.692270	-1.366036
0.223800	-0.612094	-2.554766	-1.831094	-1.558057	0.264694	0.243371	1.868860	-2.400709	1.581190
4.165758	2.833208	0.090001	3.267771	0.609141	2.328725	0.479340	3.805128	0.192115	2.386640
5.771544	0.163397	1.357994	3.546807	3.014324	2.852588	1.511250	2.760548	2.660785	4.517509
6.590366	1.949869	-0.206488	4.283223	5.422607	4.253172	1.854891	3.664300	1.613481	1.399792
3.344830	1.968519	1.545852	2.592931	1.658805	0.377569	0.167850	1.404968	0.121487	0.288183
3.249345	-0.047956	-0.569887	0.403743	-2.855665	-1.038629	1.061918	1.861231	0.647283	-0.621422
-0.529484	-0.887860	-2.471805	0.013171	-0.430384	1.164768	-2.075914	-2.503229	-4.563347	2.976870
2.202650	-0.014796	2.169797	0.433830	2.982464	3.505351	0.718146	-1.196232	1.820479	2.059855
-2.069548	0.152831	2.442220	-1.309666	-1.984599	-4.107589	-2.805310	-1.810098	-1.674356	-1.251872
-1.366774	-4.315379	-1.268734	-2.605000	-4.243854	-0.075961	-2.923888	-5.488846	-5.315166	-5.577314
2.580079	-1.876231	-0.380064	-1.208556	0.241721	2.028627	-3.177092	1.218305	-0.290467	0.385223
4.004713	1.112775	-1.622667	-2.544517	-1.478754	-1.235235	-0.950926	5.818934	0.189026	-2.346964
-2.173667	1.616536	0.871061	-3.337563	-2.329154	-2.586653	-2.948592	4.250224	2.615800	-3.906379
-0.933359	1.112253	-0.598376	-4.346075	-2.661857	-0.961036	-3.595992	3.761854	1.840042	-0.687625
-0.124860	-1.297475	-0.533073	-1.239632	1.266461	0.946509	-2.198425	-2.004493	-1.014359	-1.285704
0.495033	4.418553	5.054877	1.991586	0.603124	3.826775	-0.957090	3.515865	1.780286	3.656281
2.678321	2.140438	0.275380	1.006003	-1.388343	4.475255	-1.005083	1.107711	2.869566	3.152428
-2.314494	-3.045718	-5.758557	-3.763060	-3.541215	-6.876157	-3.543199	-3.314472	-4.197325	-0.240463
-2.413010	-4.454713	-3.893324	-2.804277	1.192033	-3.571966	-3.635133	-4.936299	-2.742597	-3.048095
-2.341327	-3.390943	-2.614114	-1.865126	-0.339074	2.085024	0.054323	1.165914	-0.341355	0.375534
-1.243445	0.089696	0.693085	0.822420	3.997491	2.479209	0.610379	0.975254	1.431296	2.014724
-2.148164	0.310709	-2.384617	2.362686	3.847753	-2.588916	-0.989556	-1.340493	0.959352	2.305974
-0.536883	-4.169898	-2.061909	-2.472602	-0.397064	-8.050853	-1.240968	-3.129338	1.296610	-3.496413
1.383097	-1.830819	-2.634478	-4.503118	-6.147333	0.059497	-1.886546	0.281708	-1.890531	-1.595636
0.221675	1.258754	0.039888	2.157066	0.628969	3.645232	4.155026	-0.648265	-1.542772	3.266508
-2.597951	0.681027	0.579402	0.613976	0.477567	0.924651	4.031165	-1.422865	1.063288	1.810121
-3.064281	-0.226789	2.743478	-2.301960	-0.388614	-0.526445	1.458586	1.051400	1.610652	1.795308
-1.967718	-3.658086	-1.045269	0.295486	0.569648	-2.433155	-0.077490	-0.717175	-0.674877	-2.505728
-1.433863	-3.123253	-0.879325	1.411842	1.184175	-3.292679	-0.435845	-4.869096	-2.582895	-3.826283
-0.363118	1.391319	-1.101974	-1.687967	-1.623310	-3.107112	-2.086857	-4.326865	-5.469696	-3.848151
-0.280487	-3.248557	-0.483102	3.170288	3.374713	0.082747	-0.820105	-3.334384	-1.740674	-0.115528
-2.768272	-0.957771	-1.735492	0.862534	0.962964	-1.591398	-1.701565	-2.377754	0.162281	-1.846407
-0.464676	-3.196609	-2.370229	-4.583603	-5.074039	-7.878642	-1.964814	-0.913474	-2.292125	-3.929583
-0.642302	-1.746760	-2.814196	-3.903997	-3.348478	-4.891381	-1.827828	-2.476242	-4.694380	-2.412048
-2.311554	-0.743510	-3.232178	-3.184023	-2.023538	-2.954208	-2.635382	-4.803754	-4.725675	-4.169598
-0.546336	-1.445845	0.462841	3.298845	3.018397	3.951383	3.608251	-2.421105	-2.465797	2.042176
-1.001253	-0.852353	-0.507422	4.094531	4.550641	2.399297	1.987596	0.321111	0.319965	1.385681
4.826492	1.249780	0.184647	0.527258	1.238804	2.408942	0.051080	0.618502	0.990925	1.576224
5.718194	0.930469	1.952764	2.149948	0.580096	1.227326	-0.108070	4.063576	1.415596	1.478911
3.496848	1.638828	3.855844	3.162121	1.237028	0.366556	-0.095927	1.748245	0.144492	-0.478248
0.702448	0.420470	4.604702	3.450900	2.886905	1.201441	-0.624464	-0.586382	0.879529	0.726353
-1.165311	1.703510	1.051052	-1.173599	1.643632	0.073489	-1.685554	3.227309	2.998220	-1.423478
-0.160735	-1.105639	-2.522993	0.196042	-0.058386	0.330409	1.575230	-1.403668	0.440383	-1.269435
3.748169	2.690537	3.578980	3.752941	1.765551	3.448710	5.021616	4.189201	2.024032	2.981692
1.611897	2.794752	0.275484	1.698610	3.149745	-1.051499	2.989228	2.489131	2.530384	1.309507
-2.395761	0.938218	0.752330	1.343865	4.868892	-0.141310	0.138893	-4.372461	-0.170346	-0.166480
-1.158910	-1.856453	0.332428	-0.898885	2.801989	-0.132812	-2.194162	-7.062756	-1.216740	-0.544365
0.728043	-0.009547	-0.076611	-3.197228	-2.749970	-1.755098	-2.792014	-2.341339	-3.692185	-0.056740
4.292089	-0.884853	0.662921	1.260843	0.808208	4.299343	0.328862	3.771012	-1.291462	1.584101
-0.181180	2.345340	0.884632	4.512036	5.500914	4.915818	2.204089	1.969714	1.841343	2.010362
-0.856571	0.678443	2.662629	3.092654	-0.128164	-1.273663	0.972190	-2.970511	-0.967954	0.886450
3.300307	1.313465	2.001218	4.085502	0.978362	-0.407992	0.513186	-3.270344	-1.503438	0.384669
6.574145	4.170915	2.866204	4.504680	5.263377	3.183540	1.474398	4.068237	2.761705	1.724924
4.724833	4.787203	4.486790	5.874188	6.666565	4.120739	3.351046	5.978652	6.583489	2.635218
-1.560836	3.174135	2.769978	4.780623	1.669008	0.284115	1.456147	1.834623	5.871629	-0.065146
-2.904374	-0.867481	-1.504730	-1.970718	-3.195213	-6.269027	1.169020	-2.579329	-0.378563	-1.878664
-1.755289	-0.767640	1.200167	-0.566441	2.207681	0.553220	2.927480	-7.140681	-3.435775	0.619365
-2.782592	2.203663	1.792966	3.393345	4.192967	1.089264	3.284741	1.486886	2.148804	3.098243
1.100507	2.167033	1.601466	2.425331	2.170421	0.908809	0.786017	2.018095	-1.026214	1.088470
1.748497	3.863673	-1.385937	1.497707	-1.512881	-1.816138	-1.825579	-0.494434	1.197779	0.249047
-2.536531	-2.679414	-4.993748	-4.695642	-3.645866	-2.817874	-2.062639	-6.138580	-5.305807	-2.071425
-2.915089	-5.301328	-1.118572	-3.870630	-2.717461	5.307607	-0.374951	-0.370421	-0.872564	-0.548050
2.348913	-1.066068	-0.041417	-1.465874	-2.180496	1.057708	-1.800710	5.037161	1.779314	0.596973
4.704163	0.396566	2.079808	1.588809	1.088801	2.836832	-0.431608	4.096785	4.839032	1.058541
2.516551	3.347072	2.247196	4.892599	3.652099	3.459381	1.239259	4.958672	3.843796	0.879850
-2.208734	4.314248	3.725934	3.629674	2.379468	-0.014341	2.674094	1.624139	2.076309	2.296499
-2.722304	3.070890	0.427911	-1.717387	-1.751926	2.425666	-2.287401	2.887602	1.714973	-0.949919
-0.522869	-3.592305	-4.849285	-1.871011	-3.574315	0.215203	-2.892726	0.565080	-0.146111	-0.778407
-1.147941	-2.277642	-3.554368	-0.539420	0.337469	-2.437629	2.064518	-4.109612	-0.288342	3.464830
-0.197029	-1.489728	2.232245	-2.113144	-1.216807	-0.949231	1.662628	0.073840	0.082277	0.909486
0.528953	0.829630	1.862641	2.469691	-0.619878	-1.943404	3.982200	-0.295150	-0.985955	2.632354
-1.242802	1.462426	1.683802	-0.982544	-1.189577	-1.025748	4.176428	-4.492869	-2.715743	0.522928
-2.353808	1.540550	1.700610	0.678019	0.423062	0.038234	3.427505	-1.002304	-1.009592	2.503800
0.140927	3.864194	3.959946	4.988450	1.110905	3.261739	3.714622	3.659054	2.788292	3.773264
-0.794407	1.181347	1.921692	4.588216	5.280918	2.731865	3.462770	4.433015	2.173701	0.320109
-2.264021	0.723600	-0.141372	0.678585	0.337467	0.319809	2.693737	-0.718013	-0.235974	0.290630
-0.186725	-4.139260	-5.026768	-2.502679	-2.955880	-6.345434	-1.716589	-3.272422	-3.775343	-4.847085
0.874173	-0.478944	-0.690517	-2.907309	-4.020256	-0.508668	-3.038223	4.322394	0.511982	-3.600943
4.996164	-0.015464	-0.744640	2.426959	-0.521795	1.702002	0.779021	4.303438	0.812388	1.042246
2.944139	-0.508633	-0.466261	-0.142410	-0.565727	-3.047429	-1.629474	-0.151586	1.466461	-3.462728
-1.886410	-1.539165	-1.449302	1.146346	-1.169184	-4.032466	-0.511525	1.546325	0.058285	-0.885474
-1.206390	1.141226	-0.489988	-1.720210	-2.930997	-3.181616	-1.128051	3.407371	-1.363855	-1.707402
-2.209809	-2.955574	-3.389940	-2.491214	-0.749694	-4.919285	-2.004672	-2.140449	-1.755979	-3.984523
-1.223274	-1.931079	-2.218785	-3.750504	-1.057905	-1.574079	4.061091	-2.212637	0.742695	-1.286145
-0.759290	-3.813904	-1.033645	-2.326619	-2.438157	0.450595	3.648217	0.582004	-1.859253	0.360920
-2.265563	-2.435266	0.220754	-1.880895	-1.624977	1.062429	0.933082	0.627669	-1.131044	-2.563937
-1.477599	-3.512978	-0.181013	-1.074172	-3.334390	3.040616	-0.500237	-0.693548	1.518097	0.387475
-0.484601	-0.754357	-2.267469	-3.743187	-0.836420	3.455449	-3.009864	0.400046	1.363049	0.315544
2.489026	4.990382	3.211260	0.243121	0.730409	4.035420	1.015474	3.037142	2.202285	1.962963
-2.021521	0.662223	0.842749	0.911515	-0.368325	0.654621	-1.245848	2.015831	2.594781	0.174420
-2.223945	-0.784750	-0.894025	-5.763144	-3.746640	1.357844	-3.907458	1.305200	-0.532692	-1.867092
-1.244747	0.856348	0.403712	-1.304293	-2.293558	1.363481	-0.490282	-0.690362	-1.982659	-0.196882
-1.802929	-0.061300	1.176837	-0.825669	-0.061194	-2.413376	-2.134450	-4.247269	-2.394052	-0.990559
2.126108	-2.564809	-1.286875	0.893489	-1.079765	-1.031536	-1.641289	-2.295336	-0.659598	-1.189932
-0.046235	0.053006	-1.321748	1.248946	-1.541286	3.879594	-0.891830	2.649720	0.953870	1.219193
-0.229058	0.231029	2.978896	1.528364	0.449330	2.013306	4.036598	3.026484	1.289022	1.863809
-2.606960	2.511245	2.253234	-1.857992	0.199673	-1.440810	3.444264	0.709935	0.307426	1.172707
-1.656937	-0.565961	-1.296056	-3.964658	-2.130168	0.571839	-1.728961	-0.949244	-1.457452	3.986583
-0.083989	-2.284303	-2.734198	-1.005368	-3.878400	0.186244	-2.783610	2.311125	2.156555	0.972631
-0.953210	2.356504	-1.167211	-0.518358	-0.768831	-1.769601	-1.679413	1.811321	-0.301487	-3.359255
-3.036898	-0.458153	-2.546216	3.692238	2.940135	-4.366005	0.473897	-1.313277	-0.319614	-2.117778
4.565653	2.738011	1.628766	7.412087	4.428494	5.919823	0.052690	5.042107	2.674138	1.611857
2.266248	3.530084	2.456116	5.288456	5.523345	4.339477	3.060233	4.468648	2.321535	3.013447
-0.571506	0.912353	-1.098285	-0.402787	-0.865812	-4.909951	-0.888606	-0.501476	2.834839	-2.826210
-1.581504	-0.129094	-1.365354	-6.161073	-4.598677	-0.227469	-2.061259	-6.680292	-0.787287	-2.662017
-1.336137	0.557830	-0.592708	-1.025534	0.281455	1.963116	-1.637658	-2.452426	-1.626479	-1.722573
3.636602	0.613516	-1.163964	-0.798001	-0.795513	-4.055802	-0.484736	-1.679704	-4.040476	-1.886680
1.775622	-1.043249	-2.539637	-1.589302	-1.657473	-7.057131	-1.467625	-1.556154	-1.670915	-3.703336
-0.477869	-5.475275	-4.310141	-3.071166	-1.918120	-5.686978	-0.845457	-4.853901	-3.954034	-3.893942
4.207140	0.625430	3.729509	1.667677	1.375557	2.248751	1.889736	3.081625	1.588529	-1.504495
6.148057	2.566455	-0.512599	5.251001	3.684068	2.259750	-0.204078	4.335396	3.651634	2.069007
-1.874605	-1.729007	-6.376377	-1.413322	-2.014675	-5.713787	-2.302931	-1.930816	-3.577455	-1.345831
2.568864	-2.738966	-4.490935	-1.257418	-1.555860	3.409832	-0.846655	-0.059238	1.105522	-0.946907
2.749674	-0.116727	-0.152684	1.569088	5.735928	2.986204	4.853718	3.808899	1.262628	3.368384
-1.051261	0.199001	0.054068	-0.292231	3.980006	-1.701679	3.141458	-1.223432	-1.502276	3.902749
-2.814031	-3.061687	0.681013	-2.786398	-3.858312	-0.488221	4.466934	-9.702561	-6.255028	5.693693
-1.159122	-3.194197	1.042543	-3.117337	-3.473106	2.146671	-1.277086	-4.296015	-5.299764	1.069824
-1.544622	-0.533434	-0.577347	-2.188872	-1.569957	1.381694	-3.960632	-2.382923	-3.769124	-0.063352
-0.024518	-0.134502	-1.211461	-1.555825	0.045653	3.304341	-2.465234	-3.960213	-3.695542	0.941374
-2.090796	-1.125906	-0.146605	-2.223518	0.464747	-3.335991	-3.761021	-2.542312	-3.658058	-2.185289
-0.807744	2.221852	1.167220	-2.790474	-2.363355	-0.508609	-1.161325	0.734851	-3.426905	-2.173032
0.648451	-0.872531	-0.116789	-1.196713	0.742170	-0.297016	-3.349373	-1.547950	-2.054221	-0.443444
-1.431095	-0.521857	0.676267	0.889444	3.909745	2.379983	-0.551294	-5.198641	-2.967040	3.375285
-0.465770	-0.055028	4.811389	0.370877	2.268594	3.105183	-1.110118	-0.327448	-1.129296	1.685166
-1.344660	1.286755	1.791277	-3.326134	-1.446859	2.966580	-0.268272	1.259603	2.736875	2.395710
-0.749152	-0.878408	1.759433	2.304092	4.911411	0.977970	2.211216	3.805288	0.722542	2.978531
-0.283531	-0.127516	0.060661	0.371335	0.191730	-3.284952	-0.446982	0.836484	-0.741328	-0.591659
4.521015	-0.022770	0.135164	4.940778	3.363622	2.302709	1.515908	0.726567	3.745233	-0.328948
5.280401	2.536032	0.720747	3.141901	1.743915	0.847050	2.234959	2.896415	0.715994	0.932778
-0.691460	0.224092	-3.273684	-2.999813	-3.061967	-2.166835	-2.762456	3.425007	0.876526	-1.277668
-2.995155	0.270111	0.564077	-1.215982	0.644403	0.908251	-2.617161	3.874224	2.846599	-0.698071
0.157328	2.388294	1.561237	-0.340222	2.232753	-1.542896	2.075616	1.730444	2.924386	-1.342417
0.264804	-0.168558	-2.201295	-0.383353	0.342507	-5.314683	1.910752	-4.662248	-2.775540	-2.887093
-1.247517	0.631360	3.068390	-3.705689	-4.711508	-2.201812	-2.315379	1.141729	-0.212706	-3.355182
-1.001820	2.016452	1.214201	-2.382549	-1.528564	0.808811	-2.485301	4.345659	-0.089736	-3.105471
0.310304	1.897422	-0.675651	-3.400748	-1.963437	1.356980	-3.355737	0.360328	1.554847	3.165555
3.569169	1.827275	-0.722054	-0.028203	-0.019301	1.770092	0.046888	1.812522	2.198419	3.481612
0.237186	0.392616	-1.920097	1.923869	0.819271	1.923240	0.633751	1.184428	2.956459	0.591213
-0.048535	-1.388648	-1.441767	4.609954	2.572602	3.278420	3.966230	-0.135663	2.208946	3.606775
-0.685183	-1.095912	1.544549	4.380033	1.944819	-0.964274	-0.338399	-0.971163	1.153763	4.102911
-1.185948	-2.738869	0.905965	-1.360207	-2.605755	-7.964849	0.911343	-3.814780	-2.538809	-3.683063
-1.666320	-3.020813	1.129396	-3.209784	-5.069195	-6.260211	-2.101666	-2.065221	-3.796186	-6.557433
0.428810	0.024765	1.209556	-0.535813	-2.620480	-0.208965	-2.823549	-0.206592	1.293016	-2.728784
-1.460848	1.643070	1.587861	3.210890	4.449815	3.803081	4.960475	0.929103	3.196884	0.262997
-0.366587	1.031112	-0.229672	3.556710	2.403811	3.129621	4.616384	3.622760	1.771305	2.058726
0.944502	1.288897	-0.519428	3.839630	-1.212670	3.868646	1.498057	-0.254622	2.641168	1.044815
