X1	X2	X3	X4	X5	X6	X7	X8	X9	X10
-0.372308	-3.947496	-1.740939	-1.874863	-2.667833	-2.697253	-0.238690	-1.687130	-3.853807	-3.434263
0.618270	2.607120	2.490008	2.869010	1.427967	2.297739	3.100529	3.583734	4.296856	1.110041
-0.790447	5.722062	2.804731	5.882637	3.693716	1.985337	4.169271	3.448053	3.645250	3.180467
0.224634	-0.934956	-1.466251	-0.853665	0.841711	-4.246471	0.275562	-0.482243	-2.338809	-2.089305
1.092809	-0.216321	-2.518024	-4.859581	-2.575955	-7.783000	-2.768572	1.766575	-0.546607	-8.073194
-2.636432	1.509179	4.916429	-2.408694	-5.055786	-2.488663	-3.400406	-1.079164	-1.331528	-2.283420
-0.834095	-0.696941	0.971825	1.917710	-0.984388	0.761124	0.056282	-2.403632	-0.048259	-0.242604
0.463012	0.926931	1.760780	3.778547	5.263136	4.454947	3.160115	2.279502	2.683515	2.657935
-0.947119	-0.590290	0.456910	1.969832	3.283881	2.742192	1.870417	-0.559936	-0.358992	2.604275
-2.748497	-0.304291	0.163931	-1.211020	3.266842	-1.654958	-1.214494	-2.637617	-2.343665	0.828397
-2.376131	-0.838057	-2.772540	2.188306	-1.728585	-1.577318	-0.673097	0.330086	-1.714591	-3.678721
-0.919230	-5.358576	-3.961189	-1.808276	-1.474205	0.473097	-0.543872	-1.823699	-1.445357	0.174803
-2.109603	2.872066	0.507701	-1.200051	-2.420620	2.135671	-2.718703	1.653953	-0.791349	0.728146
0.610140	1.868885	2.170145	-3.122006	-0.797936	-6.747713	-1.315272	-3.406930	-2.607954	-1.787711
-0.312611	-2.290107	-2.312841	-2.015827	-3.848155	-1.903270	-2.204763	-2.352623	-2.771361	2.657310
-0.364266	-3.876396	-6.281243	-1.930901	-2.228181	3.588982	-3.403062	2.384399	2.809644	2.727191
-3.140234	-2.546666	-1.768245	-0.810514	0.863483	0.063427	0.052246	-0.911639	1.404772	-0.224491
2.599575	3.102494	1.458168	3.123245	1.451432	3.791249	1.481774	0.064986	2.055935	5.552046
-0.070251	3.660400	1.881309	2.486489	2.752966	3.343330	-0.292168	-0.224502	2.469943	3.756680
-1.086720	-1.510036	2.867893	-2.245669	4.282779	1.927053	-2.514467	-1.764081	0.330908	-1.927609
5.304056	4.950802	0.970735	1.966480	4.213071	2.423101	1.530986	2.681071	4.334339	1.965061
7.334268	1.799725	-0.512152	1.552949	2.767438	4.633156	0.811600	2.713976	2.560246	3.180269
3.742106	1.064549	3.293446	1.128647	-0.999123	3.065501	-0.602617	-1.074347	-1.527762	1.087895
-1.295941	-4.068915	-3.687658	-2.517014	0.854588	-6.244682	-2.022258	-3.991679	-5.554675	-5.581880
-0.962481	-4.240553	1.372749	-2.069926	-2.232234	-2.842611	1.864083	0.096101	-3.225986	-2.543374
-2.143825	-4.410051	-1.530220	-2.535779	-3.788589	-5.225104	-1.097388	-4.133292	-0.961088	-2.611508
1.749217	-1.429998	-4.948252	-0.898165	-1.650579	0.064720	-0.881267	4.094761	-0.390172	-3.749399
0.692436	2.487019	-1.352337	1.321325	0.838394	0.283145	-0.186851	0.570574	1.550566	0.976635
-0.302877	2.098914	0.928439	-0.058801	-1.226972	0.375751	-0.566437	-2.471937	-1.926766	-1.870426
-2.200130	-0.495504	-3.037513	0.156662	-1.184877	2.231221	-1.570822	-4.005558	-1.213163	-1.418398
-1.592934	-2.589921	0.893018	-2.749676	-2.154323	-4.953165	-2.882006	-3.919476	-4.808922	-3.679699
-1.475597	0.363174	3.975943	-4.547512	-3.348811	-1.144326	-2.366089	-2.882480	-4.565438	1.452355
2.149373	-1.556009	-0.249327	-0.235838	0.927758	5.469521	0.358531	2.741342	0.986993	4.843345
5.509568	2.218341	-1.169583	4.049649	0.530284	3.258457	4.861551	4.419699	4.623873	2.831556
4.932179	3.041536	3.132186	2.403356	0.185165	3.786962	4.757570	3.550600	3.633904	2.388572
1.368500	1.984784	3.720289	1.907885	0.508102	3.536218	3.531287	5.153253	6.802987	3.621578
-2.536679	2.892396	0.786735	0.064541	-0.899006	1.899005	0.306699	2.507364	7.178922	0.784357
-2.078563	1.211681	0.008933	1.225826	-0.136059	-2.022895	0.589702	-0.394960	-0.251590	-0.063004
-0.418260	-3.051953	-2.146308	-3.000756	-0.403556	-0.191402	4.399794	-5.880215	-7.905350	3.345080
-1.826978	-2.629298	-1.792681	0.509895	3.495502	1.105265	-0.806129	-3.806699	-1.572660	3.178895
-0.020922	-1.928045	-1.313477	-0.258618	0.460315	-0.104213	-0.238672	0.968392	0.013878	-1.328373
-1.563299	-0.450887	0.887811	-1.560494	-1.319116	-4.056455	0.688561	2.841758	-0.143839	-2.802137
-3.507616	-0.568417	-1.640911	-3.242233	-3.174389	-3.153781	2.173966	-3.522100	-0.847516	0.948690
-1.608978	-5.408429	-4.792935	-0.895435	-2.417406	-3.106911	-1.619364	-1.893282	-1.700156	-1.277403
3.153107	0.207284	0.083045	1.229800	1.000236	0.906937	-2.650831	2.783208	1.745334	-0.563929
3.301735	1.891226	4.416135	2.014271	1.046238	1.863543	0.646457	5.686368	4.107350	0.467000
5.927400	5.075503	3.047639	5.674577	3.806500	5.695388	3.312997	5.708595	4.770385	2.444975
4.855495	2.071418	1.331365	2.851416	0.515225	3.021651	0.903882	3.582983	4.410630	2.945783
2.505116	3.578177	2.489316	2.529386	2.791413	2.837514	0.860608	2.571927	2.504278	0.370616
-0.286944	3.558681	3.257697	4.250985	0.567167	4.661457	3.933970	1.830420	1.104721	2.518563
-3.997390	-1.752165	0.345212	1.018809	0.746087	1.557861	3.235862	-1.171146	-0.166552	1.903014
-1.757528	1.030740	0.310766	0.845657	2.704578	0.962506	3.772579	2.267820	2.208050	-1.741338
-0.213263	-0.580601	-0.616538	1.365923	-0.913561	-1.187227	-0.835882	-3.277190	-0.341384	-3.333204
-2.599000	-7.663688	-6.316198	-4.128695	-1.590625	-6.471457	-4.873327	-7.366588	-6.092366	-5.314189
-2.335146	-5.544520	-7.216709	-2.331101	-3.220613	-4.455803	-2.830960	-4.484083	-5.297007	-3.201204
-0.859207	3.768204	3.249930	-3.608401	-0.488822	-1.650084	-2.555783	2.135813	1.141380	-2.185654
-0.375687	5.134284	4.246922	-3.011997	-3.688448	0.412781	-3.611602	4.348087	-0.040418	-2.700848
1.243906	4.226418	4.042069	-0.288096	0.267511	3.788073	-0.865019	0.073327	-1.296515	-0.023690
-0.679033	2.342207	1.964273	2.491598	2.099158	0.245374	-0.540037	2.443219	2.424575	0.026811
-3.349511	-4.399053	-4.460364	-0.206519	-1.134602	-6.458735	-0.656758	-0.468851	-0.795962	-1.625249
-0.126935	-4.991662	-3.300442	-1.402954	-1.901666	-6.185871	-0.796583	-6.459098	-5.694041	-3.088577
-0.973310	-1.534023	0.228841	-4.100011	-2.536231	-3.476952	-1.458115	-1.319535	-2.574078	-4.208777
-0.627044	-1.403438	-1.507914	-1.064495	-0.889791	-0.211196	-1.615754	0.915622	0.965811	-3.091455
-2.662945	2.150988	1.789192	4.302888	1.404558	3.836079	1.497500	3.434858	4.446811	2.830186
-2.122920	2.066054	2.348161	2.735133	4.190219	4.625058	1.771947	3.783456	4.952104	6.047740
-2.822376	0.152854	0.234893	-3.196466	-0.330800	-0.953376	-0.834113	2.458402	1.769176	1.053804
0.755779	-1.248414	0.491487	-3.080813	-5.045597	-4.983640	-0.186378	0.354679	-1.535993	-2.842426
3.065335	0.906744	-1.849556	0.939286	-2.820264	3.556650	0.694055	-0.967028	-0.367517	3.747046
-0.526815	-3.479276	-2.949037	-1.373273	-1.243496	-1.065719	-0.667314	-0.990436	-1.844515	2.585818
0.319519	1.668222	3.995143	-1.829296	-1.168687	2.747537	3.832820	1.825239	1.590696	4.504887
2.026028	-0.125467	1.212484	2.702312	2.544869	3.278504	1.738659	-3.308117	0.475599	-0.632151
-0.745197	-1.096050	-4.735714	-0.381252	-0.711521	-1.687631	-3.130691	-4.022621	-3.558723	-3.302296
-1.608966	3.090470	1.785446	1.440907	0.649250	1.660818	3.362773	1.601213	3.315513	-0.198452
3.942811	2.627587	5.082865	4.957685	2.365990	4.853340	3.963657	5.747770	6.179190	2.248180
5.192823	4.226995	2.560342	5.593779	4.628606	4.984922	1.827966	3.690735	5.446990	2.159098
4.554959	4.350890	0.934574	0.349484	1.250807	3.055755	0.363007	2.006594	3.302198	1.260101
-0.725391	0.139765	-0.894638	-4.766002	-1.913200	-6.601772	-1.967414	1.762934	-1.820604	-4.518612
3.056662	3.085816	4.159703	2.008618	-1.962805	2.140932	-0.138089	3.047342	0.154969	3.116157
3.940405	4.604936	0.842197	1.894942	0.132000	4.129559	-0.898112	4.084106	1.799701	3.630909
-0.436773	0.236521	-1.308958	-1.343132	-1.770674	-0.269100	-3.315873	1.102314	-0.680624	1.693743
-2.234983	-3.533234	-5.189664	-1.586706	1.477583	0.474650	-2.212466	-5.470744	-4.106320	0.633258
3.927563	1.062766	-0.029520	1.232519	0.974479	0.682603	-1.716081	3.136621	5.741398	-1.845445
3.713551	1.159416	2.233970	2.614043	3.162027	3.334953	0.416591	4.626500	4.624215	1.767534
2.618470	3.150210	4.042207	0.102664	0.754438	-0.512903	-2.612242	1.584286	1.213520	-1.178605
-2.370392	0.152446	0.916388	-5.099416	-3.576778	-11.129767	-3.030769	-8.573430	-7.605502	-7.687461
-2.899949	-8.982282	-4.886187	-2.671696	-2.944907	-1.776042	-3.588183	-7.878654	-8.544562	-4.500334
0.091388	-4.841877	-8.742321	-2.509377	-3.146739	-3.977328	-3.903373	-1.865791	-2.650471	-2.469522
4.271006	5.405056	3.277586	2.003044	2.572040	2.914776	1.422871	4.078955	3.821259	-0.427523
3.185792	2.267416	2.228133	1.432569	0.855742	1.022870	-0.078143	-0.639221	0.905718	1.165563
-0.275766	-7.904102	-3.565681	-5.047399	-5.113018	-8.104443	1.015895	-6.532620	-7.928102	0.980938
-0.408379	-1.375700	0.713341	2.270743	2.304872	1.753441	4.392594	-1.519843	1.712090	3.008904
-1.221661	2.515219	3.695600	3.038697	4.607827	3.943227	2.556064	1.160309	3.211186	4.519363
-0.640923	-1.129447	0.243894	0.383869	-0.360139	-1.402179	2.259213	-3.438663	-1.857519	2.623517
-0.266677	-0.523799	1.072922	-1.227138	3.676689	-0.933871	1.698749	-3.562357	-3.990234	-1.022130
-2.228134	-1.406439	0.131483	-2.221219	0.085825	0.415159	-3.913318	-0.073269	3.697639	-3.661377
-1.096906	-0.574768	-3.239725	0.288432	2.782485	0.076220	-0.332283	-3.400997	0.702595	-0.361320
-1.535702	0.048014	1.749999	-0.869680	-1.332917	1.974223	3.750763	0.994667	-2.315270	3.376243
-2.363734	2.451805	4.830952	1.063851	0.998236	0.217778	3.554626	3.395528	1.885742	3.474816
0.807189	3.563805	3.754134	-2.328269	-1.293241	-1.179703	2.656711	4.106392	2.443630	0.445202
-1.291044	0.409716	-2.398257	-0.977433	-2.776732	-1.072505	-0.690675	3.427770	0.098194	-2.610995
-3.577340	3.204636	1.903579	0.958266	3.436978	2.914283	0.189271	-0.918431	1.886834	0.260928
-1.662509	-5.872232	-1.089360	-2.347565	0.073905	-4.995022	1.622553	-6.667701	-6.945850	0.066076
-0.744658	-6.310789	-4.889375	-3.095820	-4.072434	-8.437406	2.736673	-5.874727	-8.393555	-0.365347
-2.647196	-4.630532	-3.994268	-1.568590	-2.363825	-4.771152	-1.566965	-3.668600	-4.850477	-5.247937
-0.926328	-1.693561	0.746261	0.810431	-0.046951	1.866458	-2.938962	-0.724105	2.448686	-2.451391
-1.041362	-4.667875	-2.589191	-1.203148	-1.281298	-2.350360	-2.531018	-1.103530	1.663939	-1.411702
-0.294402	-3.017970	-2.290026	-2.660020	-5.996849	-8.000487	-3.249233	-5.373562	-6.190412	-2.552167
-1.219454	2.038954	4.425155	-3.840279	-0.442490	1.799096	-0.722911	2.542115	3.273438	-2.846480
1.713578	4.485899	5.095849	1.978085	1.255593	3.086407	0.461546	4.183715	6.147596	4.722162
-0.262911	0.288668	0.051454	0.370078	3.661715	-0.106133	2.561633	-4.571847	-4.168731	0.058166
-2.341422	-3.325938	-6.683032	-1.097493	-1.912609	-5.705205	0.759545	-5.038555	-14.779236	-3.011165
3.714142	5.364582	2.272787	5.281680	2.416232	5.492011	5.914373	4.008106	5.393290	4.295276
2.204278	2.537132	3.362108	4.661502	3.452452	1.940036	3.071310	2.163553	5.027256	1.895393
-0.302613	0.852312	-0.217972	3.497981	1.893563	2.227089	-0.776252	5.874401	2.647471	1.017790
-1.260734	2.261324	0.965943	2.209522	0.714876	3.524890	-1.085826	3.440767	3.985543	1.037675
-1.472483	0.020370	0.129249	0.426331	0.040203	-2.511940	-0.264623	3.561167	1.009384	0.758350
0.006139	0.192351	-0.442958	-1.273287	-0.901446	-2.543782	1.031645	-0.083984	-1.031197	-2.906977
-3.336365	-2.018233	-3.367585	0.275673	-2.234063	1.269084	0.343663	-0.757671	5.041810	-1.871404
-1.306794	-2.668480	-4.404335	-3.146386	-4.035838	2.327176	-0.172985	-2.969077	-0.639485	1.527677
-1.390345	1.717209	0.861186	-4.341758	-3.298165	-0.342086	0.937485	-2.556788	-8.685171	0.753068
-0.793316	-0.391764	-0.030629	-1.429141	-2.076837	1.064814	1.806556	1.787910	-2.974638	-1.770924
-0.440304	1.476299	0.487613	1.277066	-1.517548	2.305696	1.839408	1.617831	3.273924	1.140105
-1.058004	0.246399	2.203307	-1.615633	-3.594594	-0.473325	2.761222	-2.095312	-1.163574	-0.942441
4.083086	3.546433	0.459843	1.504762	1.740229	3.065567	-0.228323	5.512095	0.492778	2.993442
2.796473	3.424401	1.217616	2.834952	3.893523	4.015788	2.250652	6.314062	5.998390	3.072860
1.370260	1.448900	-0.565985	4.643937	5.186190	2.193552	0.314124	1.606600	3.110271	2.645215
-2.199048	2.047929	0.992033	3.335115	6.271330	3.512472	3.894569	4.117721	6.186531	1.342411
-1.588946	2.971585	2.598960	1.359886	-0.514859	-1.054539	1.226664	2.979932	3.777578	-0.635147
1.311573	-1.343136	-1.859913	-0.806253	-0.229577	1.233329	2.087685	-0.286456	-1.377378	-0.221358
-1.517188	-3.650437	-4.526397	-2.285104	1.717972	-2.459512	-1.240195	-0.091339	-5.387530	-2.518216
0.456479	-0.270522	1.267298	-0.173171	-0.444417	-2.276854	-1.551901	-2.452707	-0.498970	-3.519321
-2.147722	-2.080495	2.321261	-0.450459	2.285351	-3.160088	-3.208458	-4.147458	-4.259689	-5.061469
-0.821186	1.472238	1.549181	0.687329	4.901671	1.172092	-3.603593	0.407915	-1.649182	0.231942
0.798695	2.666173	4.588247	-0.576414	-0.084567	1.720692	0.566468	5.788614	4.218758	0.213914
3.338423	1.725603	3.728145	4.431307	3.007630	3.243817	2.278497	5.081341	5.825738	3.113249
4.576807	1.338223	2.661565	0.637985	1.221453	1.262870	1.705769	-0.367102	-1.740439	-0.564353
1.424249	0.347827	1.375494	0.485715	2.232590	1.749354	-2.853343	0.905985	-1.594465	-2.940689
-1.429645	1.269609	-2.396682	1.283887	1.955530	2.596070	-0.523565	-0.080999	1.301562	0.723540
-3.237369	0.329360	-1.614774	1.862195	4.221461	0.355419	-1.880123	-1.344156	-0.661754	-0.606965
-2.056021	-2.284325	0.339004	-0.608669	3.887570	1.511998	-0.402642	-4.122688	-2.827208	0.825497
-1.835295	-6.056654	-2.560562	-3.844914	-2.115758	-0.622094	-1.668249	-5.785400	-3.923797	2.380925
2.031413	-0.377834	-1.393783	-1.115348	-2.958236	0.510041	1.038434	-0.644596	-1.488020	1.495719
3.750105	2.893528	1.686726	4.024520	3.210920	3.073297	1.582883	1.519419	3.171525	0.646279
6.105585	3.429924	2.169753	1.577381	0.266893	4.238671	-0.282026	2.027838	3.773942	-0.038297
0.435557	1.723747	0.787784	0.079927	1.881269	1.499657	3.301786	-2.384546	-0.609970	2.579190
-2.953379	-1.412211	-0.874594	-1.563650	-1.261770	-2.088653	1.427398	1.417459	2.366192	3.725240
-1.563619	1.238543	-2.288894	-2.426961	-0.611341	-0.573764	-3.325210	0.566445	2.966327	-1.403350
-2.093762	3.067502	2.669573	1.168988	3.797639	3.444214	-2.636256	2.805003	2.062636	1.465820
-3.681206	3.437759	3.471792	0.327387	1.819253	3.229573	-1.882759	1.580723	-0.528879	1.476946
2.210150	-0.499292	-0.612747	-0.833070	0.082882	1.328205	-0.689234	-1.123606	-1.850220	0.512827
2.305506	-1.158659	0.003543	1.463508	-1.702690	1.207699	0.002705	2.652506	1.862314	0.126462
2.947163	1.859054	3.208152	5.322915	-0.406681	1.111146	2.685743	3.902749	4.490722	-1.227653
2.501420	3.127239	3.220568	5.312944	2.958392	2.947034	2.597169	3.415011	5.003806	1.617280
1.343879	-0.918508	0.785781	0.842289	-0.438889	-0.092445	-0.118327	0.603881	2.556764	1.855860
-1.411263	-4.180193	-4.051920	-3.781055	-1.554840	-5.817904	-5.036655	1.082746	-5.343803	1.403384
-2.586805	-5.477919	-6.253142	-3.689093	-1.772477	-6.517653	-2.255120	-1.620404	-5.140695	-2.780351
0.296951	1.050608	-1.297396	-3.520128	-1.674017	-2.471002	-3.287129	3.133518	1.585688	-5.916746
-1.490496	2.080387	2.195311	-1.952564	0.011326	1.710936	-2.287484	3.217801	5.399947	-0.459705
-1.277346	-0.609387	-0.388129	-2.659302	-2.208165	-1.733648	-2.444090	-0.742567	0.173882	3.590872
0.186798	-11.456116	-7.423122	-2.175444	-4.468502	-3.701266	-3.180444	-4.552398	-5.231306	-0.318519
-0.138464	-4.866402	-5.589675	-1.065491	-3.914400	-1.227728	-1.473147	-4.632703	-4.377915	-1.953879
-0.211735	-3.726745	-2.996293	-2.092943	-4.057771	-3.984044	-0.960995	-3.987693	-2.826245	2.057991
4.039285	0.428652	-1.799380	0.927604	0.726973	0.399875	1.792417	2.967520	1.225007	-1.750913
3.102193	1.516491	1.373959	1.069849	0.780820	1.634020	0.735294	-0.243974	3.648143	1.542410
0.955789	-4.523528	-0.553279	-2.683102	-2.964240	-0.506318	-3.612154	0.643514	-0.751835	2.124758
-1.904129	-0.680305	-1.101896	-0.457346	-0.612616	1.459852	-4.053218	1.846875	3.973377	2.791029
-1.424162	1.678463	-0.249193	1.075623	0.879582	2.734120	0.160912	2.107999	3.673882	1.354923
-2.928511	1.768377	0.275828	-2.019790	-1.348252	0.110380	-1.193049	-8.981023	-7.530717	-1.137360
-1.595377	0.672939	1.616168	-3.796676	-3.705026	-4.552677	-2.790389	-6.828601	-13.129116	-6.564622
0.466839	-3.788246	-4.187973	-2.661029	-1.714547	-4.436258	0.202008	-2.513742	-1.361809	-2.627462
-2.293161	0.893025	1.216507	-0.980139	-2.276618	-0.924469	3.492661	-0.481756	0.194508	1.163821
-1.001579	2.758055	1.172610	-1.686596	-3.758445	2.220183	0.832186	-0.449148	2.385539	0.262925
4.229985	2.425950	0.015639	3.133411	0.863469	2.116293	1.116003	6.321273	3.178791	1.913552
2.836734	0.720814	0.181897	1.447692	-1.148279	2.876855	-0.234367	1.719101	3.625870	3.423003
-1.330133	-1.017448	1.073690	0.409060	0.287810	0.376664	-3.120003	-4.357871	-5.878819	-1.629522
-2.059613	0.281370	-2.896979	0.907327	3.866533	0.926017	-1.329281	-0.558048	0.433730	0.585679
4.736895	1.800273	-1.303204	0.462307	2.736791	3.428308	-0.209779	3.319664	0.814624	4.489907
1.774094	0.750468	1.601722	0.326314	3.037483	2.798234	0.625528	0.927559	1.356770	1.960464
-1.811114	-4.641240	-2.388995	-1.839338	-0.744689	-3.612708	-1.250735	-6.058368	-6.155125	-5.738049
-0.889326	-5.430744	-7.716847	-3.786035	-5.169426	-9.551622	-3.905243	-5.531120	-7.997456	-9.135131
-1.359837	1.165362	0.571074	0.118039	0.320274	-1.326410	2.861731	-2.947303	0.110484	-2.167179
-1.504245	0.247684	1.429175	-3.833501	-0.751986	1.307924	2.055813	1.760378	2.254503	0.241909
-2.278644	-1.533471	-0.964135	-2.429841	-2.264605	-2.280022	-0.601171	3.307421	-1.089894	-2.665867
-2.247930	-0.643897	-3.299446	-1.826264	-1.728581	-4.900151	-2.253292	3.535921	0.260199	-2.543703
-1.461598	2.740912	2.187151	-0.630956	-1.545210	-1.123265	-2.390525	2.776473	2.627189	-2.279399
-2.898742	2.630962	4.832367	3.575999	1.629309	0.920932	1.580458	1.211575	4.129582	0.556248
-3.131157	0.763758	1.555610	3.774815	2.463280	1.113639	3.189783	-1.456579	1.160581	-1.766161
-2.757236	2.661507	1.446992	3.152407	2.401904	2.483452	1.586179	0.850209	2.371093	-0.369125
-1.506773	5.011114	4.493723	0.474589	2.738984	2.818768	4.195871	2.823033	4.041521	3.209857
-1.397463	1.175783	2.016515	0.241475	2.532222	1.979484	4.131286	-1.910010	0.219669	2.631886
-0.355397	2.853519	-1.105422	0.638578	1.840420	-1.348505	0.210448	-0.334926	0.232439	-1.175838
2.692030	4.560226	2.900124	5.420210	3.982379	2.903098	-0.204716	3.422382	2.972635	-0.912613
1.012925	5.279109	4.228163	2.544483	3.518301	4.517088	-0.125782	2.745809	3.764457	1.777959
-0.533103	1.486770	2.323709	2.933108	5.179685	2.003960	1.737874	-2.989652	-0.741094	6.478578
0.513750	-3.806288	0.807971	2.183496	0.081832	4.510009	-2.271326	-0.242506	-1.202718	4.701243
3.778193	3.482238	0.502063	0.278054	0.493041	2.944328	1.912741	3.547342	2.357684	3.538652
4.563831	2.710550	3.035295	2.453491	0.136611	0.870011	0.465896	3.306884	3.096509	0.567104
3.783772	1.258449	1.084379	2.850814	0.456239	-0.284750	0.275259	2.716513	1.887055	-1.743905
-0.319878	-2.395264	0.179227	-1.118970	-1.776475	-1.560463	-1.394151	0.783423	1.138718	-2.385276
-4.372313	-6.667287	-4.122649	-3.344758	-4.180538	-4.742037	-0.214116	-7.025895	-4.211309	-2.759816
-1.332928	-4.457223	-4.885637	-3.760646	-3.974651	-4.347580	2.321181	0.462450	-6.077230	-2.921326
-1.560516	0.460730	0.823074	-1.575831	-3.138621	0.222897	3.644455	1.063551	3.238846	4.158687
-1.775474	-2.126630	-2.885104	-1.463012	-0.004753	0.598283	0.464520	-3.480104	1.112111	4.432817
-0.624896	-2.919304	-3.549960	1.440209	0.095747	1.983467	1.243090	-1.111423	-0.019544	2.563059
-2.459179	-0.284494	2.027118	-0.084967	-0.708430	3.089437	0.932275	1.984983	4.211670	-1.009495
1.625180	-0.755403	0.630342	-0.914245	-1.067491	1.202079	0.038886	1.205803	0.820740	2.263248
5.336385	0.835366	0.669622	0.071972	-0.635845	1.303581	-0.763569	1.509524	-0.014445	3.774580
3.600337	1.466411	0.091171	1.420979	1.078797	-0.178973	-1.752782	2.825436	1.808500	-1.907509
2.270838	-2.138673	-2.916701	0.027267	-0.995574	-2.505697	-3.422048	1.347126	0.843861	-4.719528
1.147988	-1.188089	-0.484982	0.230431	2.977930	2.158294	-0.945563	0.589580	0.053421	-0.177288
-1.410013	2.890559	1.067038	4.523260	2.846797	0.654083	-0.238523	-0.859414	3.183963	-1.630799
-1.977866	2.217067	1.100271	3.902644	2.580016	2.465855	1.555773	-0.591970	2.576069	-0.880272
1.352628	1.010528	1.639927	5.296871	2.032372	2.390492	3.154523	2.272798	1.702622	4.306279
-0.113236	-2.727861	-2.241582	-0.241371	0.768352	-2.093324	-1.722373	-3.979525	-1.702799	0.632343
-2.575959	-8.934406	-8.462247	-4.628995	-3.143157	-3.140209	-3.183018	-5.810752	-8.546714	-3.262493
4.704854	1.044489	-4.063157	0.844782	0.974629	4.124219	-0.805818	1.402101	2.217055	3.921556
4.681797	3.224817	4.758499	0.785647	1.969797	3.131940	3.461522	2.138320	2.022089	5.403478
0.804164	1.274474	1.313531	-0.731918	0.268831	-4.927762	2.948994	-2.392911	-2.552637	0.267958
0.477848	1.274355	-1.416352	-2.020629	-1.818084	-5.866507	1.577190	-3.366705	-4.429143	-3.340619
-0.767158	-3.935947	-5.199338	0.537695	-1.750462	-0.360712	-2.321002	-0.961678	-1.216454	-1.384568
-2.374365	0.177365	1.402582	5.632335	1.693380	0.754605	2.538409	0.544755	3.892408	2.359796
-2.057580	2.763384	1.843416	3.113774	1.430829	0.197325	2.179909	-1.318919	1.222118	0.311158
-0.355615	1.375107	0.885776	-2.519210	-1.377131	-2.036270	-1.167416	1.652684	-3.060645	-3.981197
3.201219	4.666427	2.842370	0.009165	-0.100614	2.215504	0.014319	4.029651	6.540493	1.238115
5.547010	4.176842	4.548508	2.877178	1.237565	3.894430	1.254099	4.898569	4.394210	3.220379
6.288946	2.650947	0.197497	2.212709	1.749293	1.283592	-0.224395	3.189824	3.764682	0.839379
-1.109888	1.233338	1.168647	-0.842863	-0.228244	-0.314527	-0.375780	1.784303	-0.511614	-2.219000
-2.632504	-1.374688	-0.317534	-1.907658	-2.184057	-2.011542	0.595825	-0.880904	-0.802801	-1.979172
-4.113018	-4.752434	-2.137938	-0.182895	-1.934059	-0.641566	0.727700	-6.686510	-4.600601	-1.792652
-0.269745	3.154596	2.191844	2.769603	3.004438	5.553487	0.770424	3.415075	4.962264	3.098945
3.057599	3.407302	3.223317	6.177419	5.130526	4.800204	3.197375	3.718741	4.153773	1.824105
-0.348800	-0.654918	0.698991	0.441833	2.697094	-0.999426	1.296933	-1.957220	-0.030394	1.090015
-1.529061	-2.654867	0.321870	-5.612675	-1.885065	-10.550214	-0.113926	-0.635717	-10.106257	-3.599538
-1.348199	1.495156	2.677163	-3.385123	-2.936859	2.235632	-0.303025	1.716844	-0.584536	-1.250066
-1.661932	0.786551	2.871174	-1.230628	-3.953194	-3.357997	-0.871386	-4.484643	-2.966247	-4.137582
-1.318776	-6.474882	-6.314390	-1.411208	-1.465174	-5.627508	-2.850234	-6.412285	-4.963307	-5.938597
-0.993949	-4.611543	-3.347725	-2.464378	-2.751303	1.690493	4.512708	-5.910183	-5.474434	1.886180
-1.577668	-4.991029	-1.807826	-3.793955	-3.092184	-2.887397	3.322515	-3.204342	-6.249840	0.951037
-1.664849	-3.870839	-0.620389	-4.162152	-4.963618	-4.497382	1.374064	-3.354061	-3.338639	-1.967432
-1.406810	0.599830	1.188090	-2.796983	-3.397003	0.123637	-1.788768	1.073457	2.453456	0.695363
-1.252468	-0.253719	0.405414	-1.339361	-2.888838	0.199259	-4.082007	-1.295385	4.478835	-2.137985
-1.471838	1.198018	2.806486	-3.214796	-3.835520	-0.146914	-3.403675	0.322714	3.013088	-3.462582
-0.301537	0.113046	0.151207	-0.604900	-2.605944	0.592021	-2.448195	0.714759	1.026107	-1.158433
2.876420	1.077368	1.619878	2.747720	3.211296	2.589068	1.750709	4.730753	4.743486	1.804858
2.883217	1.231691	2.174301	2.763354	1.995608	1.247233	2.065416	1.157604	1.591320	3.778386
-2.595359	-2.977081	-3.846825	-4.658603	-1.089599	-6.632877	2.679203	-5.660083	-8.142597	1.478151
-2.242723	1.181160	-1.944199	-4.507557	-2.419815	-6.028554	-1.803351	-5.959397	-10.198564	-3.107350
-0.930188	2.468220	1.638475	-2.088311	-4.339427	-3.884387	0.162834	-1.897429	-0.689885	-5.591516
1.489934	0.112405	0.199797	0.137231	0.206776	1.008435	1.847439	0.773031	2.000443	1.668752
5.184231	1.082624	-1.337636	1.335468	1.033011	-0.080575	2.486544	3.314398	1.721622	0.552757
4.152893	-0.978716	-0.024828	1.384599	-0.330207	-0.265404	0.466532	1.126583	1.115154	0.134502
-0.915689	-3.078307	-3.002182	-2.064073	-1.844361	-6.589835	-2.489515	-5.859398	-1.955655	-4.804811
-3.195525	-3.529140	-1.973503	-2.586247	-3.096433	-8.238652	-2.208111	-1.042430	-7.222898	-5.252375
0.563679	1.446392	2.485102	2.732581	0.691597	4.098562	-1.093672	3.971605	4.410931	2.292414
-0.965285	1.315999	5.440929	1.237215	-2.038051	1.882527	-1.975710	2.877225	2.621143	2.207563
-3.469022	4.429789	3.805569	0.899563	3.439145	3.810362	0.440960	1.320847	0.213547	2.137980
-0.805635	-0.434129	2.212516	0.392230	2.299508	-0.200112	-2.172871	-0.801307	-0.400644	0.187173
3.498872	0.269754	1.815461	1.538525	4.945260	1.030028	-0.115813	0.371782	0.634281	-1.131248
-0.786303	-1.149154	-1.783905	0.853658	2.464026	1.354503	-1.926676	-2.295164	-0.513464	-1.596573
-0.061860	2.311457	-0.434092	0.204738	-1.100070	0.953637	0.563635	-0.335423	-0.381263	3.398208
-0.701098	0.134195	0.227291	2.262678	-0.656703	0.994653	1.297612	-1.529772	2.700499	3.078807
-0.419316	-0.512231	0.812232	-0.542611	1.663254	3.452877	-3.544948	2.869011	0.932439	-1.682264
-0.508910	3.445086	1.255720	2.433384	2.210526	4.657732	-0.600249	4.856151	7.035575	-0.429291
-3.172677	2.290554	1.388143	4.438778	2.071939	4.322245	1.606207	5.204771	5.118324	4.871539
-1.291609	1.604182	4.890088	2.019484	1.817520	-1.944560	2.905921	-0.233805	-2.379095	-0.164559
-3.628201	-4.311525	1.488041	-4.025182	-2.462504	-2.918957	-1.296608	-5.852252	-12.378362	-4.641072
-4.030844	-0.682760	0.220690	-4.510105	-3.068007	-0.484720	-1.977577	-4.951746	-4.276857	-4.065884
0.683970	2.290184	1.517420	-1.593568	-1.958063	0.328777	-4.158483	-1.866562	0.658440	-2.386180
3.880453	0.780013	1.606017	2.306145	0.678254	2.968058	-0.258921	-1.088676	2.474149	1.438456
-0.153084	0.170930	-1.911334	-0.311749	-1.966129	2.186149	-0.983786	-3.852364	-3.146209	0.951041
-2.839629	-1.556259	-3.324850	-3.213333	-3.336489	-5.017526	-5.273070	-6.481101	-11.637413	1.732089
-2.321669	-0.420852	-0.098644	-1.993089	-0.811100	-0.302541	-1.332265	-2.026765	-0.428342	1.535119
-1.810588	-0.982645	0.635167	-2.546800	-1.645639	-1.107074	-3.552063	2.543068	2.217024	2.494745
-1.937470	-2.135036	-3.146833	-3.158949	-2.146382	-3.879401	-2.495352	3.931821	0.810305	-3.875914
-1.904101	-0.910924	-2.480861	-1.627119	-2.375907	-1.709601	-0.923423	2.793415	0.995623	-2.034143
-2.738961	-0.786609	-1.262533	-0.392991	-2.754993	-2.647750	-1.583363	-2.035829	-2.220904	-1.135726
-1.270635	-0.392691	-3.907365	-2.014050	0.924780	-1.000829	0.652840	-2.856989	-3.123956	-1.981445
-2.121502	-1.210572	0.036827	-0.645679	3.823832	1.734981	1.128199	0.100954	0.639487	0.139215
-1.295643	-0.051554	-0.986975	1.561939	4.834781	0.255500	0.719729	3.051518	3.923241	0.346971
3.241361	-1.398139	-2.115187	0.823419	0.385142	3.004945	-1.377456	-0.233879	-0.109174	2.584937
5.249231	3.176867	1.993074	3.999077	3.812932	3.662832	2.609058	3.511481	3.191757	3.199630
5.484688	4.003060	2.535093	4.451328	2.597463	3.237876	3.670088	1.954812	5.493450	1.682864
1.768153	3.374633	2.026852	4.209685	2.370250	1.119590	2.559247	1.154329	4.284222	3.000054
-2.465853	0.837279	1.857137	4.396862	4.629201	0.433688	1.237252	1.369445	1.641485	0.475914
-3.724307	0.824191	0.793331	0.845072	3.098328	0.356979	-1.052881	3.114372	3.660854	-1.220442
-0.599989	-0.364740	-0.071281	-1.392674	3.754837	-1.040427	-0.508137	2.781922	-1.004560	-1.498602
-0.181375	-2.020625	-3.349014	-1.290165	-1.441965	-2.227021	-3.289800	1.931203	-1.192146	-1.344352
-2.086345	0.009926	0.045616	-2.020890	-1.294273	-0.194898	-3.405655	2.289723	4.138606	-0.378181
1.687924	0.601800	-0.722703	1.798659	0.553914	3.548147	-1.419387	1.952690	0.537805	0.566822
1.458254	2.362687	0.653413	1.453991	0.573199	-2.233682	-0.174080	-1.397291	-2.816241	-0.614832
4.863167	1.590871	0.918752	-1.705786	-1.052419	0.945117	-0.162021	1.114684	-0.945525	-2.989432
-1.373817	-1.045260	-1.264700	-1.590368	-2.172641	-1.660656	-1.027296	3.058517	0.695356	-0.483670
-2.766876	-2.545922	-3.886654	-3.315948	-1.762872	-3.590002	-2.968191	0.467710	-0.378891	-1.431337
-1.966189	-0.584730	-3.921723	-4.080323	-2.359017	4.207976	1.984606	-1.676136	-1.177566	1.696276
-0.734937	2.990999	4.067982	3.738410	4.006018	4.035775	5.890608	1.917176	4.829135	2.267774
-2.552799	0.753848	0.934651	1.986054	2.763624	1.649988	2.820225	-1.403455	-0.783089	3.031365
1.419644	-3.230599	-4.814526	-0.974691	0.401692	-1.420791	0.168568	-0.791234	-4.506739	0.724155
2.454811	0.151440	-3.308659	-2.324324	-3.835890	-4.963370	0.977946	-4.217765	-4.395915	-4.117352
4.332419	4.250146	2.638944	1.302452	-0.064334	3.441441	3.073369	1.287745	2.450579	-1.786051
3.112787	2.097501	0.302276	2.165936	1.481146	4.091031	-1.310957	2.164090	3.333639	-1.565339
0.870431	1.228086	-1.724372	3.595624	1.378834	3.095589	-0.805623	1.221460	3.691861	1.556887
-2.958633	-1.778318	1.671395	0.461613	1.609416	2.807201	0.786875	2.142547	2.913737	1.779029
2.056411	2.133770	1.769571	0.853597	1.800573	2.703854	2.117643	3.231440	2.876762	2.020489
4.005677	-0.777568	1.506851	2.230470	-0.315914	-2.944668	1.528884	-0.471273	0.091027	-2.602432
2.796778	-0.771153	0.986631	1.001925	-0.578462	1.795020	3.487203	1.250698	0.074024	-0.795235
1.495929	3.784398	1.524507	4.397454	2.626307	3.910202	2.569499	1.569438	2.724443	1.076081
2.504940	4.981564	5.609177	4.105450	3.465572	4.613560	2.181876	3.657735	4.127375	3.098114
-0.922876	1.762829	-0.152461	-0.879998	4.707513	-1.675624	-2.714268	-4.170525	-1.935191	2.605763
-3.170310	-8.860026	-8.892109	-4.189499	1.544507	-2.238667	-0.463932	-3.303359	-6.746467	3.443126
3.588849	0.704180	-1.286767	0.250835	2.374732	3.109111	0.548781	5.778521	4.587536	2.522200
1.607209	3.249532	2.142966	1.110395	-2.041636	-0.305708	-1.884231	1.226897	3.200107	0.796981
2.669377	2.299012	3.215290	-0.072631	-0.258519	-1.921143	1.721430	-0.532646	-2.533669	1.948168
3.537762	4.682305	5.084206	4.281644	2.540660	5.020586	3.706158	2.690076	3.649298	2.932954
2.487469	0.733695	0.747519	0.756608	-0.750123	2.599861	1.974350	0.719646	3.634893	2.530837
-3.290296	-10.313632	-6.295071	-3.566552	-2.955992	-4.172337	-0.275699	-8.687951	-7.286095	-0.657288
-2.163229	-4.882990	-3.188558	-2.664948	-3.480369	-2.291227	4.751704	-3.449832	-10.923180	2.392474
-3.423426	2.352010	2.252561	-0.750393	-1.224177	1.722173	2.874153	3.604387	0.991426	4.032517
-0.534684	2.142355	4.570592	3.740399	2.093762	2.614445	1.896443	4.893689	4.760010	1.442637
-1.945902	-0.929665	0.231939	3.850616	2.186324	1.197472	0.416265	-1.688741	0.922760	-2.017173
-1.307176	-1.151359	-1.655891	1.451744	0.163789	-2.230763	0.790413	-4.345619	-4.166337	-2.564818
-1.691408	-7.239037	-6.488291	-6.104829	-2.762565	-8.288976	-2.930521	-5.655561	-6.310193	-6.861203
-2.397796	-9.186304	-6.586754	-3.747517	-1.684558	-6.154681	-3.010845	-6.362781	-5.759117	-5.480934
-1.346143	-4.878568	-5.181274	-2.583031	-2.542309	-5.307294	-4.091065	-5.184593	-3.948922	-4.715218
-2.400348	-3.856732	-1.468541	-1.379883	-2.666538	-6.739626	-2.738690	-2.143912	-1.917118	-2.763660
0.430585	-1.628800	-0.835748	-0.913386	-2.328262	-0.913691	-3.006228	-1.148351	0.455387	-3.386466
1.439754	-0.984974	-4.284585	-1.961450	-1.416699	0.476201	-1.997484	1.223978	0.743483	-0.380041
3.696855	2.292245	0.735857	4.714213	1.238436	6.358439	-0.463668	5.979461	5.863162	2.519808
1.295385	2.075957	1.577587	2.959695	-2.676372	3.487116	-1.173984	2.900089	5.297416	1.141276
2.154239	1.689265	2.774315	0.750485	-0.929238	2.060924	-2.328040	1.933450	1.140740	-1.066842
0.190811	-2.622128	0.582451	-1.181425	-1.674174	-3.454844	-2.014642	-1.708566	-0.871072	-2.244452
-3.063004	-1.212919	0.014506	-2.365644	-2.607291	-0.474491	-1.397695	-0.358567	3.326174	2.048442
-1.456912	2.556399	-2.316911	-2.774978	-3.870800	-1.033721	-1.217704	2.269838	1.084475	2.494835
4.419580	3.359433	2.595712	1.403566	0.009990	5.112964	0.980626	3.925441	3.002229	4.872722
4.794165	2.571390	5.403986	1.135281	1.368371	3.736663	2.028693	2.482336	2.496332	3.484399
3.808235	0.401281	-0.819379	2.509365	0.747837	1.483179	0.356192	1.504817	-0.553414	1.840162
-0.265917	0.094717	-0.861772	-2.594589	-0.220119	-5.499088	0.150121	1.358579	0.332088	-6.712493
-3.476601	-5.470192	-1.218981	-3.366282	-4.655299	-7.772034	0.716280	-3.585081	-4.659058	-2.632869
-2.205625	0.574069	-0.008396	-1.110916	1.603192	-0.167252	-1.760534	-2.755268	-2.144552	-2.297370
-2.692899	-3.050788	-3.951005	-0.181693	1.395854	-0.705737	-2.861419	-0.295783	-1.599190	-0.174598
-2.547032	0.935853	-2.168198	0.920387	-0.747714	-0.082881	-1.025875	2.021671	2.322131	4.848643
-1.459634	3.434808	5.042237	2.874824	2.435188	1.551526	0.074298	0.901295	3.659317	0.511652
-2.015215	-2.302405	1.849911	-2.075180	-1.393137	-7.749206	-2.297895	-8.027812	-4.629326	-4.572173
-0.781585	0.343729	3.041934	-7.338822	-1.746786	-7.964166	-1.824553	-5.497650	-10.117291	-2.007835
2.642443	1.703431	1.979317	-1.400900	-1.485455	-0.542140	-2.268070	2.325083	0.051428	1.069666
1.746859	0.348718	2.483970	1.629592	-2.141140	1.977685	2.301557	1.009990	1.908041	0.652527
3.261852	0.912012	1.029204	2.009557	1.968668	1.240724	3.251734	3.997573	3.828458	2.770749
4.448710	3.415832	3.521729	2.578702	2.732074	4.018894	0.075267	2.439936	2.876487	3.397029
2.739721	-2.209502	0.172255	-0.752667	-0.517912	-0.197790	0.803963	-2.760918	-3.791660	3.110268
-1.789226	-6.988267	-2.809209	-4.814843	-4.748982	0.299991	1.681230	-8.307184	-9.610672	1.819266
-6.023945	-6.466943	-3.701352	-2.115717	-3.662926	-4.808946	-0.280424	-3.609657	-7.147036	-4.716779
-0.033547	0.657692	-1.458467	-2.645682	-1.904533	-0.368081	-4.145790	-2.096932	-2.251440	-4.245766
-0.413145	1.796261	3.397857	-1.461228	2.535709	2.191705	-1.635459	1.004398	2.481328	-0.683795
1.285048	2.490884	1.361827	0.897954	6.179912	3.441633	-0.871021	4.165039	5.000083	1.181935
3.871620	3.215284	1.285752	1.922175	1.496189	1.290322	-0.398267	1.604896	1.017839	1.640623
1.397757	-2.815018	-0.683360	-1.236755	0.430553	-4.386308	0.666715	-3.582822	-5.779191	-0.302630
-3.606453	-3.761899	-2.944501	-1.795826	-2.054282	-2.522734	-0.865964	-0.233009	-1.705293	-3.790423
3.187577	2.280161	-0.729765	-0.287226	-0.723601	2.345463	-0.595493	4.052441	1.240650	-1.399156
3.506033	2.942684	1.910856	3.149157	2.790610	5.014405	2.690739	4.225837	6.985451	2.498471
1.910004	3.947290	2.384769	1.288033	0.793766	2.068311	-0.083456	1.540486	1.496925	3.276959
4.208475	2.544099	1.204779	4.725314	1.170984	4.648604	0.147633	3.482595	4.531486	0.859008
5.755834	1.682231	-0.637007	4.349212	5.568779	4.728002	3.531119	2.814471	6.774850	1.086019
1.349968	2.368604	1.444015	3.663339	4.988666	-0.415674	5.580012	1.124621	-1.365968	2.115592
-3.507036	1.757337	-0.650649	0.212005	-0.366439	-0.880404	0.808525	-0.188647	0.884245	-2.847572
-2.421090	-0.192653	-1.162994	-1.996776	-0.227419	0.712629	-2.402731	-4.037227	-2.193497	-1.696874
-1.512307	1.784651	-0.402217	-3.187996	-2.396359	0.719345	-3.276745	0.338989	2.375521	3.467786
-1.802700	-4.418835	-4.265614	-1.011341	-2.973242	-3.039939	-2.054206	-1.704395	0.867411	-1.153091
-2.507581	-0.050197	1.034819	-2.176903	-2.349053	-2.739906	0.113497	3.266029	3.291688	-4.233007
-0.091661	1.538879	-0.068216	-0.135370	0.054525	1.293959	-0.231826	0.164067	-2.140838	-2.317960
-0.181553	-1.727593	-0.035416	-0.181432	-2.733294	-3.062828	3.069535	-5.330678	-4.923053	2.414947
-0.177168	-1.571903	0.189521	-0.501582	-1.259193	-0.026653	3.729589	-2.618699	-2.583346	1.879714
-2.848217	-3.525840	-3.016404	-2.628108	-1.378057	-0.026104	1.812646	-3.250992	-4.678407	-2.187460
-3.007711	-2.028495	-8.405090	-2.030204	-3.863072	2.772332	-3.958785	0.258947	-2.103025	-0.912776
-1.441762	-0.293658	0.240664	-2.326461	-3.579623	1.744166	-0.769498	3.429721	4.119208	2.459364
-0.924978	1.799977	0.271059	0.548028	1.659005	4.291607	4.211115	1.556334	2.559203	3.670759
-2.750671	0.763615	-1.182007	2.707269	1.708625	2.807963	1.352762	0.362487	1.921966	0.648206
-1.056550	-0.675838	-1.677535	2.088368	2.914551	-0.015658	0.311847	-2.374117	-0.514594	-4.188095
-2.399924	2.218321	3.690676	5.680031	5.883996	2.679650	0.518078	-0.430177	2.019628	2.321752
-0.961401	1.314793	4.241322	1.130660	-1.331628	-1.204610	0.871457	0.299207	2.157538	-1.036855
-1.495191	3.499781	3.198602	3.913161	0.519593	0.083968	0.279390	1.294836	3.712940	-1.980118
-2.732601	1.931383	1.776112	4.994237	2.646869	0.781084	1.572680	-1.890590	1.018940	3.497659
0.761662	-0.306102	-0.297850	1.620888	0.707712	0.915040	-0.747870	0.802126	-0.037661	1.306473
4.744690	-2.291677	-2.834387	0.674117	-1.347267	1.271134	-1.851158	-1.720716	-0.098661	-0.069278
0.676177	-3.768245	-3.516205	-3.652275	-2.826559	-1.566735	0.851917	1.329881	0.175143	-0.107998
3.969917	2.896187	0.452193	1.973511	0.679547	2.677029	0.185755	1.790514	2.484150	3.371310
1.670305	-1.521886	-1.508998	-0.006125	0.429560	-2.478078	-2.187242	-1.422619	-1.395339	0.813642
4.832034	2.231729	0.348116	1.001515	1.097688	-0.233061	1.136224	3.738675	3.117273	-1.213206
2.773702	3.751723	4.076530	1.549230	-0.304361	2.292971	0.142753	5.240394	5.258585	0.178163
0.659703	0.889186	2.576637	-0.086685	0.728121	1.961711	0.077841	3.072432	0.468594	0.965244
-2.833865	2.628408	3.320332	-0.393932	-4.092458	-2.162651	-0.523112	3.122683	-1.052405	-0.556165
-1.931006	3.182378	2.772507	3.271084	2.364506	1.195175	2.343390	3.209942	2.246885	1.270430
-0.817222	0.742184	1.296256	-1.048341	0.227421	-0.257524	2.212144	0.212201	1.381857	0.524426
-2.916615	-5.387287	-1.690330	-4.240813	-1.934208	-4.927560	-4.177654	-8.912546	-8.324993	-5.743881
-1.470587	-0.160850	-0.260857	-2.431637	1.537524	0.953252	-2.891410	-5.639108	-6.503974	-0.054995
-1.066138	-0.971319	-0.766134	-2.684521	-0.206980	-0.492102	-1.125026	-0.435291	0.663907	-2.945320
2.105130	-0.891308	0.874732	-2.987370	-3.206414	2.341362	-1.920610	1.295096	4.404743	-1.246760
2.727218	0.885766	1.396932	2.217307	3.611623	3.562226	2.678433	1.614244	3.241423	1.645882
-0.164374	2.726288	1.196558	2.802203	1.826635	1.625574	1.104798	5.240845	1.374839	3.301101
-1.691946	-2.334160	-3.998100	-0.951890	0.192024	-6.551714	-0.147822	-3.613910	-4.051720	-1.417606
-3.332095	-0.217593	-2.309949	-2.907281	2.248393	-0.138256	0.206067	-6.142832	-5.762365	-2.259542
-1.946721	2.759570	2.626502	-1.349679	-0.823759	0.457626	1.809257	-2.346328	-4.569406	0.523889
-1.471822	-0.702687	-0.334156	-2.922792	-4.046529	-6.035186	1.446941	-2.809709	-5.193456	-2.148816
-1.187594	-0.495083	-2.432832	-4.815830	-2.733618	-0.872615	4.989313	2.468815	0.149574	2.044639
4.344963	5.804765	4.024666	0.434498	-2.252425	2.727217	0.577764	4.401636	2.210970	-0.702347
4.893555	4.378040	5.183228	4.574182	2.034549	2.504389	1.258888	4.294042	7.651919	-0.149279
-1.155918	-0.780076	0.893947	-0.283687	3.522403	1.216877	-0.989024	-1.922575	-1.269792	1.738343
-2.736150	-3.015301	-0.405585	1.020880	2.900036	-0.956040	1.136521	-5.713426	-8.092177	-1.880285
-4.515838	0.593748	-0.925278	4.239474	4.089046	1.963512	0.360715	-0.677720	0.643950	0.453434
-1.578678	0.450454	-2.565038	3.007985	2.078631	1.962612	0.178150	3.585534	4.091475	-1.148899
-2.720966	1.973401	2.646926	2.492403	0.792389	2.888434	1.663419	1.076426	2.255082	0.308711
-0.981098	0.325572	1.293908	0.805218	0.951616	2.254356	-0.310187	1.952247	2.915057	2.318965
3.284131	2.917451	-0.837101	2.124122	5.732809	3.912253	-0.564675	4.881989	5.128086	2.052561
4.784725	1.929623	1.850595	3.834304	1.229565	5.204801	0.394947	0.522842	3.410251	2.339898
1.586290	-1.722226	-1.981312	-1.750846	0.536780	-0.258824	-1.460129	1.389999	2.435639	0.031774
-3.345872	0.506288	1.351672	1.361364	-0.101551	3.861854	-1.948910	0.782151	5.295834	3.061290
3.805546	0.199953	2.535042	1.478225	3.915468	2.024811	0.389096	1.908890	4.233820	0.752245
-0.338352	-1.894945	1.024794	-0.559773	1.043533	-3.355277	-2.574618	-1.050189	-0.539018	-3.291761
2.623239	0.527983	-1.653877	-1.807339	-1.728164	-3.011932	-0.747860	2.548905	-1.240497	-2.116629
-0.018378	-2.957276	-2.876876	-4.373979	-4.686026	-2.377180	-2.277337	-3.358934	-4.294231	-2.689557
-2.209496	-3.622031	-4.992804	-0.949304	-2.052360	-3.559741	-2.468956	-5.445611	-3.250837	-3.471846
-3.057113	-4.125893	-3.701766	-2.474421	-2.369972	-5.554341	-0.572024	-4.339432	-5.483730	-3.290495
-2.640623	-7.090171	-4.222563	-2.595537	-4.369869	-2.931800	-3.700149	-3.935302	-4.908126	0.845897
-3.771523	-3.297373	-2.606797	-3.581860	-2.329656	-0.894340	-3.498038	-0.806325	2.736760	-2.572269
-2.196208	-1.316406	-0.807969	-4.743798	-3.766942	-4.267785	-1.420396	-2.521106	-1.229288	-3.699492
2.942825	-1.797077	1.078721	-0.315057	-1.065434	2.139447	0.148668	1.219453	0.030515	-0.907571
3.593080	2.930108	0.062672	2.345656	-1.163539	2.034232	3.038748	3.165648	2.897854	2.533796
0.504160	-4.029154	-2.928013	-3.210265	1.319335	-1.039248	0.202037	-4.949023	-4.389587	0.101011
-3.587933	-8.348968	-5.996634	-3.757126	-2.252421	-3.855613	-4.238271	-6.206161	-6.874822	1.234374
-2.350095	-4.460837	-5.132688	-2.395334	-5.544114	-5.273183	-3.779783	-0.056168	-1.974367	-2.116012
-0.120923	-0.128663	-1.473773	0.020307	2.636846	2.713724	-0.633906	-0.386044	3.020864	2.751155
-0.494017	2.352152	1.876114	5.186191	4.191951	1.826990	3.196753	-0.892789	2.612756	4.225576
5.098627	3.213010	3.573379	1.908012	-0.902009	1.620497	5.366888	1.997896	3.616495	0.813754
1.071809	-4.034291	-1.774376	-2.749133	-2.323444	-8.176971	-1.888009	-5.194885	-5.533533	-7.452609
-3.301369	-0.943949	-2.981344	0.726250	2.133438	-2.476631	1.433157	-0.166433	-1.935843	-0.392212
4.595593	1.227938	1.591480	2.819757	1.927025	5.061301	3.427577	3.069456	3.695653	3.365348
4.882196	1.264374	6.617303	1.301885	-0.276792	0.671412	1.562046	2.455084	0.913739	0.558674
1.354639	-0.841839	1.461031	-1.329371	-1.873925	-1.200514	-1.847745	3.488354	-1.242696	2.664367
-4.135877	1.080403	-1.890728	1.615786	2.280117	1.516811	0.234498	3.879771	3.260032	3.776230
-0.134454	3.470807	2.834434	5.268352	5.054421	3.493573	3.857367	2.838838	5.939413	2.826065
5.140907	2.886776	1.781325	5.211324	4.887577	5.136861	3.597055	3.219161	3.219832	3.776274
3.625804	2.312318	2.788655	-1.804901	1.761072	-1.722638	0.474554	-2.509455	-1.460023	-0.399641
-3.172964	-0.263562	-0.353369	0.725574	-0.134504	-4.891733	-0.484943	-3.308405	-3.414864	-2.896977
-0.905599	3.095745	3.004665	1.452346	-0.200566	3.332165	1.699854	3.536519	5.690597	1.593268
2.609594	2.301645	0.621765	2.642413	3.891975	1.301947	2.028939	2.575822	2.483448	-0.233804
0.606814	-2.965154	-7.590557	-3.375728	-0.712793	-6.162996	-1.141098	-3.798388	-7.607024	-3.965091
-2.513944	-1.672642	-1.075691	-3.218680	-2.683084	-4.964770	2.602634	-4.487405	-9.911529	0.534109
-0.903883	0.765089	3.535874	-1.116344	1.135389	1.437416	4.413728	-4.387119	-0.505079	3.339298
-1.194408	2.351847	0.260850	-1.602823	-0.877888	1.030957	1.663774	-1.332823	-2.125885	2.830378
-1.296924	2.941243	-0.026953	-0.520118	0.745572	-0.135252	-1.566838	-3.508608	1.534142	1.173151
-1.910535	2.597985	1.773277	-2.033233	4.784755	0.366882	-2.000516	-3.198467	-1.753109	-3.463881
-1.273548	1.142684	3.300952	2.249832	2.107447	0.620157	-0.937871	-1.916689	-3.163347	-1.843416
-0.066367	0.368549	1.585784	-1.439025	-1.396867	-2.904631	-3.632012	3.993534	0.420117	-2.824753
-0.963099	-2.500111	-1.854516	-3.819407	-2.405402	-2.113684	-3.162450	-0.495688	-1.178128	-3.129090
-0.755350	1.656414	1.569364	0.481286	-2.151272	-2.181505	-0.613995	-0.776146	-2.206591	-3.724224
-1.314227	-0.980065	1.085337	-0.542049	-2.118392	-1.028694	-1.184458	-0.683829	-1.307982	-2.402255
-0.003837	-0.216239	-3.587087	2.048987	-1.456577	0.460248	1.971252	3.858971	-0.377711	4.073320
0.661514	2.895702	1.575106	2.887593	4.852157	4.538322	2.484423	3.384764	2.417914	2.578301
2.815717	4.567666	2.017925	2.601166	3.243996	3.800229	0.266844	3.175961	5.298484	1.297592
3.709266	1.753763	1.654983	0.817207	-1.496277	1.826070	0.411704	3.961172	1.246988	4.098493
4.926953	1.068903	1.424892	3.220912	-1.311176	-0.247051	1.017792	4.718706	2.465319	1.052606
-0.708830	-3.596707	-1.905339	-2.752418	-2.019819	-0.777932	-2.462503	-1.562527	1.216767	0.520133
-2.355490	-5.100058	-0.671098	-2.656186	-2.658719	-2.518868	-2.999193	-3.256617	0.108624	1.330476
-1.515936	-4.071841	-2.277574	-1.750692	-3.015193	-6.357856	-1.979489	1.194746	-5.034718	-5.389863
-0.323576	0.142151	-2.682958	-2.379837	-2.354857	0.705311	-3.209202	2.952672	0.423233	-0.642084
-1.784417	0.131125	2.415462	-1.972622	-2.762125	1.014139	-2.417443	4.001569	-0.412232	2.493918
-3.458467	-0.679911	1.625394	-2.447749	-1.133515	-4.185566	-3.592024	-5.350453	-5.127021	-5.071757
-0.602235	0.761249	1.500847	2.329882	1.290060	1.665904	0.207044	-0.082384	-0.436342	-2.705907
-0.901628	1.235811	1.375932	5.159171	3.054382	0.882756	2.018551	-1.380017	1.153298	-0.286128
-2.524653	-0.139218	1.319755	1.211516	0.419038	-4.224000	-1.155815	2.307258	3.150891	-0.094419
0.418581	-0.582334	2.382927	-4.891983	-4.622287	-1.104556	-0.038763	1.850550	3.344728	-0.919376
0.216368	0.789968	-1.070246	-1.396625	-2.226310	-0.159501	-1.252605	0.926665	2.623203	-1.731997
1.069801	-1.370908	-2.922957	-1.742212	0.012657	0.809075	-1.559949	-2.103988	-0.390492	0.099121
-2.369429	-0.869256	-3.177197	-2.520042	-3.171002	-2.177316	-2.393206	-2.577901	-6.962364	-3.781119
-0.918425	-3.811475	-2.145561	-2.442017	-4.851400	-6.974563	-4.431884	-5.268568	-6.166622	-4.478413
-2.952597	-7.414760	-6.197743	-3.359935	-3.478651	0.613947	-3.711793	-4.124281	-3.600772	1.983743
-1.799948	2.480591	0.511364	1.394304	1.213732	2.145727	0.575960	3.175965	3.892678	4.166052
-0.642784	3.055780	3.515065	4.255702	3.003836	2.600889	1.563466	0.863878	2.313721	4.869919
-0.750011	3.671010	2.239565	3.326358	4.652649	2.932850	6.914518	-1.132038	0.877149	-1.819952
-1.046033	-2.503019	-0.669932	-1.131025	-0.128341	-0.745978	1.640110	-2.115976	-2.885545	1.301445
3.525546	-0.559504	-4.383522	-2.054546	-2.664145	1.990222	-0.274664	3.832867	3.864231	3.036213
2.886422	1.734454	2.126201	3.007096	0.458025	3.530665	-1.042809	2.285697	3.474371	3.608060
2.437693	0.328557	1.391638	0.217406	2.891961	2.822068	0.321969	1.314618	2.155566	3.350890
2.019756	2.082504	3.462894	2.904184	3.422352	3.883547	2.760367	2.554234	2.406010	2.497710
-2.795492	2.668096	2.798271	3.524334	4.141590	1.894120	1.517983	-1.275852	3.220193	0.658526
-1.438350	-2.299967	0.851072	0.453458	-0.272634	-1.579396	1.217114	-4.305937	-5.951690	-0.688955
-0.603120	-6.330386	-6.720700	-4.031538	-3.643427	-2.850783	-1.848242	-7.657817	-14.437447	-3.223625
-1.546202	0.589840	-0.817544	-3.619752	-4.647795	-4.927021	0.095316	-0.927591	-2.834588	-2.297377
2.642505	2.592008	0.392142	-0.239478	-0.864245	2.757609	-0.162713	3.918443	4.117982	-0.527803
0.801804	1.234019	0.797661	1.302687	2.933819	1.309826	-0.657526	-0.122812	2.410353	1.728106
-1.020905	-1.461127	-2.012986	-2.313250	2.256892	-2.950850	-0.691721	1.567744	-3.375782	-3.153542
2.204483	-0.793832	-0.277199	-1.661485	-2.537529	-3.168899	0.535505	1.004213	-2.480831	-3.797537
4.614671	2.491803	3.808126	3.162490	1.576954	2.898701	0.965657	2.712495	3.946197	0.549530
3.388763	2.308380	3.333889	2.670481	2.294339	4.728471	2.476540	2.061591	3.118695	3.015369
-1.721834	0.475797	0.807090	2.294895	1.131126	0.469932	1.302161	-0.371799	0.754854	0.383992
-1.845416	-0.479146	-0.043067	1.615039	0.505314	-1.379994	2.776528	-2.234075	-1.706035	0.656108
-0.886073	0.445251	-0.976382	-1.255077	0.604505	1.960815	-0.231650	1.173862	1.934419	1.278529
-1.806500	1.075790	-1.750655	-1.031946	-0.945598	-0.812817	-0.875364	0.711813	0.964409	1.775666
2.554813	2.604170	1.886518	4.633442	2.773608	1.808531	1.187499	2.056676	3.301725	-0.252768
3.121976	2.464692	1.657037	0.172796	0.237226	0.224584	0.091549	-0.753549	-0.635941	-0.422362
-3.134500	-2.818742	-1.934495	-3.171374	-0.253937	-5.169736	-3.124900	-2.365063	-2.130400	-4.679002
-2.379706	-4.957029	-4.032878	-2.588756	-2.500076	0.494495	-1.171933	-1.081168	3.789041	0.283825
