X1	X2	X3	X4	X5	X6	X7	X8	X9	X10
-0.302105	-4.662924	-1.344257	0.773297	-1.910421	-4.064579	-2.009378	-3.426702	-2.922905	-3.380192
-2.265528	2.477947	2.097300	0.755202	-3.057851	-0.114640	-1.158784	2.675835	2.102274	-0.586908
0.755441	-0.700955	1.479110	1.714722	0.824167	2.853802	-0.854710	1.313730	-0.072396	0.264056
-0.196600	-3.737531	-2.038901	-2.346548	-0.467809	-0.091148	-0.911052	-1.420798	-2.150603	0.154504
-0.253354	3.250518	4.048592	1.758490	0.759383	2.886717	1.191894	2.088471	6.228265	4.543043
2.505378	2.029792	2.243712	-0.057768	0.076902	2.890301	3.137634	0.742154	-0.246283	5.180077
-0.120605	3.934987	3.613384	-2.216027	-1.028890	-0.026590	4.633973	0.003366	1.221365	-0.017887
-0.017104	3.848701	3.149428	-1.752889	-1.827233	0.001450	0.290215	-0.348475	2.573619	-0.283347
-0.200320	-3.012769	-3.640936	-1.552459	-3.339467	-0.185074	-3.425534	0.739343	-0.083413	-2.333897
-0.289053	-7.452326	-7.987789	-1.413741	-4.187029	-5.013258	-1.476569	-3.343564	-4.428421	-2.949135
0.652497	-3.626677	-4.652913	1.386663	-1.602259	-3.526294	-1.858085	-2.847086	-3.778098	-5.040058
4.244731	2.294275	-0.786991	3.767247	2.116205	2.771920	0.774625	1.668790	1.300964	2.156337
4.202149	1.587123	0.709491	2.966608	1.718527	4.027790	1.019165	2.939674	2.534173	3.048053
-0.125346	-1.413838	-4.463754	-8.439257	-1.983132	-0.403080	-0.195959	-1.615326	-1.271467	-2.815310
-3.541055	-3.334316	-4.106211	0.389847	2.063792	-1.527385	-1.900640	-3.254601	-4.924149	-1.528051
-0.967575	2.502281	2.791929	0.217218	1.697464	-0.581321	-0.343275	-5.008544	-1.871769	-1.219469
0.563197	-0.883653	-2.916323	-3.961448	-0.442252	-4.629685	-2.943856	-0.760151	0.956679	-4.290563
-0.583639	-3.147129	-3.818259	0.558846	0.000811	-2.757472	-2.654778	-3.795917	-3.454304	-1.350436
-1.851680	0.927746	1.943030	2.255095	4.372017	0.493120	2.133964	-2.841539	-0.917113	-1.157987
-2.085423	2.059462	3.106848	3.826699	5.114335	2.036094	3.766976	0.769686	3.649053	1.731982
-1.214565	-1.335392	-1.680298	-2.755548	1.145433	-0.882045	0.766964	0.242958	-1.788904	-0.782333
-0.808903	-2.749926	-3.089804	2.612353	-1.914020	2.081602	-1.593468	1.303576	0.083815	-2.102533
2.564265	3.943049	5.027331	6.257998	1.720446	3.848540	2.176885	5.035339	2.960713	5.031978
2.767843	3.671422	3.202010	4.411486	4.246302	4.790469	3.371830	2.757244	4.727386	4.508797
0.373834	-1.396819	-2.108567	-5.908687	3.001920	-0.545608	-0.513430	-1.810113	-1.059365	1.823218
-1.472958	-2.084086	-1.174800	-0.196421	-0.584627	-3.277992	-2.634890	-0.216638	-0.308943	-0.250963
2.152969	0.768607	2.746210	3.603479	-0.001664	0.831419	-1.219144	1.551363	1.153249	0.087148
-0.755981	0.450249	-1.984841	-3.313586	-0.047716	0.350225	-1.471190	1.996483	-0.171693	2.503845
-1.957304	-0.419174	-3.035256	-1.847420	-2.350007	-3.228675	-2.583522	1.650711	-1.071972	-0.690178
-1.203998	0.934125	3.659861	3.305576	3.895642	0.938720	4.300163	-0.765560	-1.275594	1.412771
1.263942	3.052931	5.257704	1.326501	2.650109	0.787309	3.117268	1.734956	2.304236	3.375784
-0.681382	-2.129669	0.789068	-5.719947	0.778975	-3.245911	-3.586003	-1.036251	-2.637489	-2.453346
-1.731366	-3.475789	-3.441555	-1.158568	0.827920	-2.936840	0.644453	-2.991696	-4.510174	0.495772
-1.612507	1.836756	-0.549371	2.706135	3.593827	2.015619	-0.906362	-0.730692	1.097371	-2.104972
0.655698	3.641452	1.616209	0.082462	0.047080	-0.298236	2.598056	0.607845	-3.968360	-0.825887
0.416252	2.152583	-0.164322	-5.456088	-2.290536	-3.102108	2.374507	1.163798	-1.689377	0.120716
-0.251843	0.097435	3.114025	-4.198215	-6.746036	-0.252901	-1.673707	0.848551	-1.246588	1.187628
-0.626283	0.688193	-0.943860	4.179979	-1.240932	0.831182	-1.773483	-0.552316	4.284296	0.765937
2.009433	4.960242	5.909913	5.698595	0.472264	3.052936	0.245679	3.226679	5.257166	-1.214068
0.354709	2.710067	2.191132	-1.153769	1.580742	0.310557	0.793079	1.987615	3.262710	-0.017199
-2.851054	-3.205648	-1.214515	-8.962614	-3.046809	1.062341	-3.823182	1.407271	2.754218	1.968032
-2.331354	1.824683	-1.017340	5.542762	0.576205	2.533881	-0.791304	1.963726	4.175179	-0.293487
-0.249589	-0.537056	3.339245	6.585757	2.106476	0.337473	1.231912	1.134957	0.505079	-1.244870
1.182942	1.339421	3.231425	0.340171	-0.433704	-0.197589	1.107165	0.372941	-1.677192	-1.020428
4.690441	4.582997	5.425289	5.176403	0.476162	4.007388	3.783055	4.724653	1.220651	2.015324
0.678009	1.373959	0.467823	0.402353	-0.474031	3.660097	-1.012120	2.099270	-0.901503	1.273074
-2.634853	-2.964709	-4.812787	-7.464978	-2.338387	-1.372868	-2.956162	0.025666	0.671233	-0.435292
-1.591845	1.816578	1.082446	3.652008	0.236292	1.093287	1.842725	0.817315	4.195944	0.994311
-1.768467	-0.691693	-2.733693	-1.893089	-1.039995	-2.900347	-2.196859	0.576992	0.761318	-1.214029
-1.313417	-5.730338	-5.409718	-6.663969	-3.420550	-7.913278	0.126181	-1.774031	-3.800960	-4.025226
-1.213696	-3.837172	1.214457	-2.600432	-2.325372	-3.445812	-1.014757	-0.378879	-5.292502	-2.805895
1.099695	-1.891107	2.125119	-1.785279	-3.968560	0.483043	-1.843378	-1.853282	-2.695923	0.149550
-0.100644	-2.524358	-2.024446	-0.992811	-2.676214	0.070578	-2.387386	-3.417666	-2.218237	-3.000705
-0.793513	3.910061	1.208046	0.705072	-0.952130	4.059485	0.021916	2.345741	2.323943	3.085727
3.709486	3.208137	5.545883	6.178070	0.750892	2.016456	2.783021	2.214611	3.141202	4.072632
4.091354	3.837957	4.615451	2.549881	-0.011242	2.620682	3.583026	3.864216	4.369528	4.480996
2.846487	-0.455592	-0.512863	-6.521494	-0.287030	1.576356	3.580625	3.140627	2.747207	1.108206
-1.143314	-0.382224	-2.875274	-5.666857	-4.084768	-2.255930	2.245712	-0.019284	-0.200375	-1.806051
-1.782452	-1.724149	-0.682095	3.308291	-0.799550	-1.567587	2.307181	-1.161845	-3.716931	-0.292889
-0.340828	-0.928881	-0.158937	-0.579750	0.806127	1.873880	0.416726	-1.898084	-0.774473	2.377679
-1.051844	-2.263131	-1.530015	-5.301681	-1.163831	0.124961	1.860041	-2.995329	-2.484715	0.121042
-1.918802	-2.710110	-1.452939	-1.146003	-1.875217	-2.406452	0.311419	-5.632807	-5.280267	0.733588
-0.392204	-1.929829	-1.133023	3.505683	2.785572	3.317934	-1.929847	-0.925948	0.368357	1.322604
2.907949	2.390301	1.948123	3.276976	2.435844	2.807311	4.709836	1.221724	1.836047	3.772580
-0.223946	-0.127331	0.096686	-1.102225	3.286904	-1.309229	2.958761	1.711479	-0.163608	-0.002095
-3.120891	1.464167	0.179457	3.511479	2.416159	1.833208	1.329320	1.969693	6.185181	1.707269
-1.211788	-0.494315	0.567624	-0.768012	0.800015	0.446715	1.021307	1.023138	0.032905	-1.282838
0.287861	-2.594687	-2.120822	0.581901	0.154778	-0.644915	-2.100987	-1.331910	-1.015447	-1.175526
1.860754	2.676543	0.418508	3.734617	1.469054	1.774412	0.261331	3.536724	2.516919	0.180099
4.153790	0.631468	0.194106	0.533535	0.316350	2.353190	0.848752	3.728215	3.365193	1.885927
1.021766	-2.657321	-4.011936	-5.297145	-2.948128	-2.513985	-3.008130	0.593140	-2.466532	-1.378049
-2.313420	-3.530630	-6.719528	-0.272324	-2.557073	-2.796720	-1.697124	-5.801424	-4.575563	-3.210935
0.863132	0.026833	0.910124	6.382199	1.040219	2.523583	0.500262	-2.165300	0.787895	-0.352537
3.831319	1.772364	-0.329288	3.740922	1.769155	2.951118	2.699520	1.419292	1.311537	1.952440
2.087841	-4.019445	-4.857770	-11.718952	-1.405258	-5.217017	-4.818657	0.324030	-2.171842	-4.816009
-2.176303	-0.523097	-2.133529	3.644875	1.377183	-0.902725	-2.944477	3.089796	-0.265546	-1.103886
-0.283615	2.207203	2.812531	5.883304	3.683585	2.709491	1.462351	0.323471	0.311924	1.470704
-0.306193	-0.156849	-1.974797	-2.159863	2.575254	-2.579469	-0.290479	-0.942364	-4.402535	-2.321140
-1.033839	3.599044	3.699685	-0.687625	-0.175307	-3.327407	-3.606476	-3.066124	-2.892024	-3.114418
-0.640853	0.907978	-0.671128	-0.911680	-1.115792	-6.303423	-2.239046	-2.846924	-3.342142	-4.247733
-2.622733	3.499352	-0.088039	4.451973	0.403703	0.113184	0.987403	-2.797480	-2.283689	-0.539083
-2.196979	2.885165	6.005950	5.323736	0.234582	2.357514	-0.550637	-0.928705	3.430837	0.881233
-2.854890	3.029615	0.813136	-1.056686	0.772350	0.473669	-1.620771	-1.095511	1.145540	-1.768683
0.506236	-4.479397	-4.340782	-2.035491	2.675210	-1.948748	-0.450108	-3.672008	-1.094277	-2.221429
-0.503598	-1.244172	0.680997	1.059225	-1.529335	0.726766	2.728548	-1.021607	-1.755910	1.399300
-1.277791	1.393592	6.576370	4.126866	1.377620	1.835014	4.129789	1.771485	3.267748	2.473607
0.700460	2.976897	5.487840	1.000937	1.762776	1.733202	3.326409	2.310360	3.165103	1.202598
-0.147340	-1.486956	2.174606	-10.876156	-0.622762	-1.957065	-4.879497	-0.955388	-4.674537	-1.661421
-1.054988	-2.347762	-2.558128	-2.612108	-4.171894	-1.254482	-2.144934	-1.903663	-0.536664	0.413357
5.352720	2.369181	3.008238	0.905688	-0.122715	2.314859	5.087492	2.379931	3.372533	4.978238
0.283189	-1.602922	3.190309	-0.902661	-0.326725	-1.976435	2.105677	-0.700007	-2.609437	-1.790769
-0.741275	-1.568965	-2.113613	3.206053	1.388779	-1.655157	-1.251384	-3.858177	-2.059661	-2.671154
-0.982867	-1.635244	-0.916623	0.360238	-0.650202	-0.324196	-1.074596	0.969920	1.682373	-1.688810
-0.263379	-1.125652	-4.246618	-4.104398	-0.330365	0.443655	-1.472760	1.565987	1.210677	0.323775
-0.287307	-1.222981	-0.306290	-4.394343	-3.156610	1.327308	0.420218	-0.913473	-1.029333	-0.075990
1.442559	-0.855124	2.116264	1.200611	-0.253035	2.201172	-0.693964	-0.967254	0.028357	-0.191593
0.825925	2.729926	2.551351	3.070076	2.712561	3.679759	4.099691	2.255949	0.343962	3.221478
-4.016099	0.811080	1.029779	0.205362	3.956879	2.734080	1.929882	3.429143	1.779601	2.321935
-3.016506	-1.233054	-6.047047	-0.781617	4.341021	1.496848	-3.984395	3.512238	0.186189	-0.853911
-1.189786	-4.279865	-7.767218	-0.455650	0.504787	-7.684024	-2.983639	-3.615957	-3.568655	-3.142546
-1.652529	-0.572243	1.080874	4.994676	0.158478	-1.092125	2.077348	-1.443632	0.503988	-1.355457
2.933274	1.338823	2.376637	2.076475	1.393494	0.371160	2.528064	-0.930473	-0.097564	1.405169
-1.676666	0.558445	0.333880	-6.035038	1.549938	-3.332755	-2.421889	-5.056267	-3.838490	-3.037254
-1.734438	0.255534	2.405911	-2.448650	-1.238791	-4.964557	-2.571612	-4.086400	-4.636969	-4.073614
0.004269	-0.569195	-0.545759	-2.563246	-2.697491	-1.647131	-2.545105	-2.723457	-0.682182	-3.720096
-1.148734	-3.692632	-4.374822	-3.259709	-1.944861	-1.741464	-0.697367	-4.265721	-2.405208	-1.159787
-1.042635	-0.520662	-0.719468	-3.643925	-4.041501	-0.743340	2.993404	-4.559674	0.311976	-0.990473
2.168678	-0.095472	-1.017986	1.748423	-2.378809	0.823355	0.671309	1.445001	4.423492	2.711159
1.105017	0.904852	3.163234	1.274850	-0.956884	-0.910664	1.764851	1.942724	2.695960	0.127123
0.701394	2.999523	4.762700	1.818674	-0.553126	1.082117	4.577230	0.096614	-0.291896	0.517031
4.028122	2.395257	2.489524	4.249210	1.451568	2.206312	4.123350	3.178893	3.747445	2.665496
4.200113	-0.452133	-2.106485	0.500076	0.690299	1.124636	-3.357886	2.000381	-0.559694	0.424330
-1.390720	-3.461332	-7.218116	-10.058613	-3.515731	2.458503	-4.875177	-0.162901	0.041908	1.931347
-2.677765	-2.176725	-1.176560	-3.143440	-6.970622	-1.933473	-0.261317	-0.945528	0.898775	0.166956
-1.644109	-2.161399	2.632792	-2.105088	-2.233970	-3.711780	2.339996	-4.452780	-2.825173	-1.820132
-1.848240	-0.576039	-2.393549	0.969559	2.509725	0.397596	-0.400735	-0.160333	-2.573614	0.834895
-1.381545	0.414469	-6.005176	0.740816	2.004167	1.767668	-3.272305	0.707436	-0.947326	5.048847
-1.659412	1.474140	1.148522	4.753200	5.263957	2.403648	4.933689	-1.007650	-0.848789	3.076631
-0.930929	1.710886	3.688251	4.020325	4.832698	2.524747	2.842051	-0.704466	0.062518	2.538957
0.552214	-0.007479	2.374520	-6.418995	1.243893	0.336676	-5.094914	-0.418990	-0.758785	-0.341668
1.826831	-2.742541	-1.936664	-1.387944	-0.945857	0.271745	-1.660703	0.783202	-0.883179	0.362164
0.944431	-3.118789	-5.664794	-0.348110	-3.094648	-1.438436	-4.093112	-0.044666	2.002355	-1.908043
0.496926	-1.230710	-0.091565	2.122121	-4.060377	3.747242	-1.462837	1.898929	2.204935	3.074918
-1.497174	0.704108	-1.019870	-0.217640	-3.171741	2.620087	-2.062173	1.539510	3.602878	0.596052
-2.952261	0.737875	-0.474205	1.412118	-0.363638	1.981506	-0.514118	0.791999	0.281000	-0.847140
1.994677	1.280701	-0.093766	4.064507	2.915136	3.548006	-1.068667	1.591520	2.793918	3.158347
4.944347	3.066797	2.542750	3.535136	1.611785	2.279592	1.159483	2.054793	1.295145	2.025714
3.218957	2.307271	5.180345	4.495913	1.661611	1.324770	2.366735	1.374840	1.562797	2.643061
2.989815	3.341332	3.316921	5.366546	2.100718	3.341942	4.998791	1.438582	2.798585	1.094988
-4.153273	1.734486	3.104179	4.555041	2.040310	-0.977987	2.474955	-1.204361	1.184021	0.286296
4.087001	0.559740	2.495518	4.545304	2.347089	1.514483	-0.379572	1.485630	0.113416	0.533180
3.149541	0.446600	-0.241964	-4.180060	-0.949441	-2.369346	-1.920587	1.454975	0.051480	-2.303360
0.010153	-1.664429	-6.402068	-7.104349	-1.731576	-2.043374	-3.288889	1.815690	0.687921	-4.277830
-0.377960	0.265855	2.547902	3.288439	4.169687	0.980898	-0.571478	-1.536506	1.241747	-0.762134
0.219105	1.038356	1.193043	-1.194994	-1.109548	1.085969	-1.535752	0.076102	2.119463	0.207324
-0.670348	-1.778024	-1.148352	3.145551	-1.521179	-0.887765	-1.626812	1.267430	0.002875	-2.256465
0.673982	3.233714	4.974411	5.511672	1.100298	-0.167107	3.379941	-1.488808	-1.047014	0.901994
0.113996	1.817772	2.759325	-2.761932	-0.506913	-3.959862	2.722807	-2.089898	-2.600401	-0.633607
-0.825406	-3.220353	-0.759917	-6.666067	-4.529811	-1.554635	3.008684	-1.621828	-2.517984	-0.796878
-1.834224	0.113038	1.371773	2.648664	2.840309	1.958968	2.902369	-0.395987	1.593237	1.782272
2.266740	5.748540	5.463287	2.827453	1.289148	3.802539	4.558860	2.675737	2.685560	2.838433
0.147485	3.355051	2.128714	-2.446306	-1.633289	0.252569	-1.976648	2.739152	2.679483	-1.531205
-2.878193	2.542563	2.217840	2.120278	-1.811702	0.827851	-0.695159	4.971667	2.529703	1.799546
2.780803	1.232172	3.114553	1.292296	-0.881187	-1.499025	-0.900977	1.869088	0.165215	0.851074
-0.510231	-2.314630	-1.245361	-2.482563	-0.413841	-0.804571	-1.913610	-3.062677	-0.415886	-0.415533
-1.872101	-0.425852	-1.010817	5.882790	2.260436	2.161903	-0.105662	-0.121823	1.564392	1.125512
-0.465113	1.403697	0.773170	4.626342	2.303947	-1.010515	2.705358	0.678653	1.085341	0.663296
-0.985272	2.251408	0.548383	-3.461520	-0.816006	-1.175937	-3.385856	0.211255	-2.331748	-1.356695
1.763714	1.022570	0.084606	0.020689	-1.012322	2.025224	1.745285	3.444385	1.994214	3.218825
5.000637	2.816370	3.607321	4.344155	2.483601	4.887853	3.858172	5.828243	2.829716	3.125842
4.322489	1.952397	2.945909	5.716863	4.502763	2.604236	4.381397	2.186430	3.939845	1.441041
1.586062	1.087837	0.858052	2.575195	1.772766	0.613560	2.206947	2.517545	1.709288	0.952608
-3.271455	-1.607923	-3.541770	1.221034	0.310010	2.618909	-2.647189	1.330486	1.890130	-0.519971
-0.823170	-0.112998	-1.474475	0.087964	-0.803505	0.015167	-0.047223	-0.523650	0.291256	-1.745413
-0.309495	0.808496	0.203615	-1.802034	-1.432477	-3.753282	-2.693868	-4.588067	-3.478751	-3.200531
-3.129840	-1.964455	-4.133519	-3.117579	-0.921308	-4.329653	-1.191537	-3.675670	-6.505008	-3.793541
0.728983	-6.768268	-5.780899	0.352111	0.557603	-3.343063	-0.568544	-3.991564	-3.879133	-3.649256
1.969464	-0.282559	0.014855	6.313317	4.760855	2.102871	0.119696	-0.537656	0.867555	3.155307
3.094991	0.357555	-1.441277	-2.198281	-0.872253	-1.204668	-2.075433	1.589048	0.560335	0.508135
-2.054948	-0.773544	-2.454817	-10.067102	-2.415821	1.796804	-1.981246	-0.088062	0.608389	-2.311287
-3.114665	0.425527	0.708114	-2.122366	-0.895550	-0.326430	2.290841	-0.991394	1.734093	0.284128
-0.117974	0.088851	-0.233805	-1.695093	-2.109944	-3.138489	-3.176688	-1.368258	0.204128	-3.362335
0.318015	1.173509	0.436507	6.563099	4.475898	2.663412	2.059749	-0.056564	2.071170	-0.285088
3.488188	3.849984	3.955127	2.695388	4.080573	3.142955	3.865735	1.304978	3.364397	2.715154
2.104634	-0.134242	-1.359763	-14.217744	-4.180721	-3.702978	-4.586548	0.105855	-3.554715	-0.074020
-0.728961	-4.966888	-9.384584	-3.593616	2.267013	-5.667403	-4.303517	-1.408445	-4.749889	-2.530423
-2.287408	-1.682471	0.323544	0.499552	2.325572	0.724163	0.329710	-0.270534	-0.004550	-1.369966
-0.077921	1.005791	5.126703	-3.329760	-3.606346	-0.798297	3.327914	-0.541526	1.436979	0.029138
-1.341210	-2.481920	-0.083627	-3.557868	-2.842946	-2.427899	3.498978	-2.442935	-3.225928	-0.888620
-1.888888	-6.397821	-8.265363	-2.103393	-3.240130	-4.796860	-2.267117	-6.055974	-4.937096	-0.808252
1.363633	-1.292730	-3.954423	2.139349	-1.819204	0.131704	-1.797388	-0.995759	-0.145949	-1.973666
-1.588957	0.247537	1.195677	-0.557460	0.097830	0.802177	-1.779954	1.104495	4.498887	1.182228
-1.997771	-1.440838	-1.377982	-2.830838	-2.813634	1.826145	0.652267	0.284574	0.205387	0.563823
-0.424218	-1.446370	1.817587	-2.800801	-2.963300	-1.426709	4.342058	3.241261	-0.794375	-1.993791
-0.754209	2.652125	1.521269	3.112935	-1.575974	3.955501	4.379303	3.095240	1.017376	0.814880
2.550445	0.199330	2.462848	2.767053	-0.739461	4.027761	3.050484	3.239796	3.444115	5.041229
-1.375664	-2.793268	-2.472288	2.333939	-0.836568	-1.724944	-3.069216	-0.556389	-1.385283	-0.934749
-2.679046	1.404916	1.885648	2.849777	1.136901	0.864374	0.576888	0.326269	0.941657	-0.543759
0.325591	2.040266	0.144244	3.363354	3.329937	0.896800	-3.606219	-2.119947	0.886011	1.302994
2.137339	2.212171	-1.083111	3.324455	3.728035	1.404124	1.340249	1.620046	1.005453	1.053606
3.659689	4.668117	4.086273	3.396467	1.546387	4.137131	0.666776	1.593632	1.550261	-0.624625
4.536834	2.919591	2.911887	1.945278	2.564286	4.574512	1.058651	4.113894	5.201110	2.092499
0.885269	2.759282	0.455822	-2.966425	1.767523	1.477254	-0.742040	4.294814	2.839178	0.442275
-1.199313	-1.029222	-1.934830	0.964946	3.546992	2.943248	0.650092	1.858875	0.398041	0.846704
-0.592817	0.285270	2.368526	-0.411519	2.634682	1.565183	0.963437	0.666561	0.375079	4.994085
-0.718849	2.316545	2.833183	-4.763432	-1.115914	-0.368649	-2.753616	4.804856	3.329268	-0.013080
0.705987	-0.631603	0.642835	-3.128902	-2.195805	-3.986157	-3.436573	1.180342	2.324390	-0.866491
-3.215913	-1.825385	-2.720620	-1.001239	-4.836001	-7.727049	-2.536645	-3.113097	-4.295378	-5.403744
-1.347752	-2.845709	-2.270987	-4.566052	-2.547412	-4.267534	-0.497035	1.879723	-1.108353	-3.299337
-1.431733	-2.576182	-5.374468	0.865350	0.466252	-2.556416	-2.435351	-1.652414	-2.637054	-0.651165
1.570942	-2.966811	-2.078564	1.780260	1.811883	1.457398	0.002704	-0.933024	-1.858600	-0.503924
-0.572329	0.099897	0.783923	3.047969	5.999168	1.273402	1.769626	-0.852821	1.900294	1.989491
-0.041648	0.846337	-0.614407	2.603871	1.308298	1.084092	-0.461685	2.090480	0.646110	1.422786
0.390986	-3.527896	-4.704152	-4.542341	-2.400639	0.700764	-3.063631	-1.946237	-1.939965	1.073969
-0.592629	-2.352307	-0.806212	2.251527	1.330348	1.662014	-0.724510	-3.160685	-2.034745	-0.736554
-2.640292	-1.677899	-0.423885	-1.850930	0.713947	-1.997458	0.677478	-3.584578	-4.315945	-1.402673
-1.847903	-4.184276	-2.236967	-1.995316	-3.568154	-7.490457	-3.551463	-1.779428	-5.396875	-4.940781
0.101139	0.719059	2.258345	3.439862	0.264936	0.281319	-2.548127	-3.547749	-0.436047	-0.822866
-0.728864	0.735704	-0.010044	4.065903	0.617904	0.483269	1.105289	-2.853052	-1.962569	-0.795619
-1.348910	1.678558	1.947069	-2.717899	-1.481560	-0.570108	-1.880406	-2.993149	-1.333051	1.784670
-1.750099	1.942720	2.977591	-4.565844	-3.729168	-5.209609	-3.039005	1.430350	-1.731300	-4.499385
-0.812727	-4.628410	-6.036872	-3.038036	-3.374631	-4.843632	-1.453998	-2.185866	-2.655923	-5.554274
-0.512291	-0.203034	-1.717814	1.403424	-0.855658	0.880625	-1.113774	2.380193	-0.591223	-1.616583
0.415310	4.745151	1.115273	-0.330265	2.852538	3.696266	-0.152422	3.832221	0.548194	-0.910299
-0.756319	1.064145	-0.827604	-0.438203	2.579949	1.190796	-0.267130	-0.091993	0.947427	1.918592
0.523324	1.622049	1.007063	4.305610	5.214462	2.929519	-0.044082	2.834545	0.302474	2.927904
-0.487657	0.364267	-1.114816	3.143875	4.434470	3.788741	0.857235	-0.031072	0.820835	2.440052
-1.977158	-2.783800	-4.097133	-1.946507	1.954762	-1.069630	-0.743762	-3.139848	-2.231590	0.492653
-1.200776	-0.121049	0.338122	0.639667	-1.317371	-3.856289	-1.749756	-5.173090	-4.489497	-3.338680
-1.558306	3.472825	3.333459	4.223300	2.615262	0.174774	2.232870	-2.237802	1.218017	-0.247529
-0.907846	1.699024	3.040288	4.819395	-0.337646	-0.691433	1.849136	1.106914	0.954856	0.835822
1.098010	-1.873846	1.221920	-8.155744	-1.533402	-1.777301	-1.953440	-3.358245	-3.315274	-0.492511
-1.291935	-1.699981	2.063967	-4.580310	-2.662615	-1.627920	-1.011737	-4.975780	-4.089165	0.502291
1.534923	-1.197775	-0.729662	1.344000	-0.909491	1.787021	-1.292335	-0.171393	1.942290	3.188344
1.656988	0.177076	-0.621953	2.281994	-0.972235	0.167032	0.003488	2.594717	3.972701	-0.149035
3.809365	2.951879	2.518804	3.529580	1.566948	1.322326	1.477753	4.518551	4.321478	2.990873
4.509957	1.881041	5.412122	0.905765	0.332453	2.347015	3.776383	3.350011	1.202733	1.521385
4.451168	0.933067	3.148214	1.429857	-2.516123	-0.017188	0.138501	0.264499	-0.798621	0.691119
0.171303	-2.094735	-4.967909	-5.191233	-1.707784	-5.673771	-4.883471	-1.371081	-3.340472	-4.599008
0.516564	-0.692058	-2.580533	2.574004	-0.666331	2.799480	-0.018810	3.559276	0.805095	0.029423
3.838957	0.777706	1.964854	4.460780	2.539234	3.452379	3.903808	1.874175	1.642395	2.957728
2.810684	-2.016736	-3.662134	-6.046595	-0.382390	-0.863059	-1.046895	-0.156479	-2.704254	1.682026
-3.672252	-5.368676	-7.140486	-8.042306	-3.277502	-0.798120	-2.881295	-3.090778	-4.543037	1.836134
-2.094545	-1.130504	-0.850987	-0.531543	1.218099	3.495810	-1.560470	0.098585	5.115464	2.684468
2.297207	1.549387	3.539975	1.315110	3.924914	5.871947	6.198104	3.526618	4.577268	4.361445
3.663507	0.535506	1.950614	3.455866	0.266946	2.746606	2.955248	1.477832	5.206694	1.544981
0.037559	-3.127538	-4.326058	-3.128359	-0.438901	-3.657499	-2.976014	-0.764966	-3.474538	-1.040408
-2.373934	-0.596135	-3.649726	-5.543350	-2.796025	-8.762351	-2.286863	-1.970763	-6.422609	-5.435906
-1.545169	-1.736577	-2.956479	-1.655692	-4.074419	-2.784838	-0.395876	-4.426649	-5.060597	-2.865600
-1.699743	-0.554653	-2.101303	0.112833	-1.829579	-1.034842	-0.262933	-2.293012	-1.660582	0.231425
-0.582752	2.318045	2.970015	-3.007459	-2.756399	-2.563350	0.121385	-1.932641	3.118658	-0.857317
-1.857094	-1.328373	-1.674412	-3.670951	-3.065371	2.829454	-0.542102	0.504279	1.097544	-0.491514
-0.585266	-2.098898	-1.256572	-1.699724	-1.215190	-1.885318	1.121023	-3.099840	-1.550601	-2.219455
1.767135	-2.240518	-2.633453	0.259139	-0.499547	-1.902451	-1.505522	-0.157584	-2.082456	-3.781429
0.212613	0.825874	-0.027241	-7.182444	-3.380033	-1.765231	0.452880	-0.669239	1.421501	-0.594825
-4.007431	0.796789	4.477775	-0.099155	-3.061442	-2.797645	2.584642	-1.819991	-1.219808	0.799566
-1.709792	-0.922963	1.529406	-3.154175	-3.936763	0.049519	-0.525719	0.704176	-0.087460	0.642550
-1.759569	1.142427	2.778466	-2.736786	-2.083589	-2.939028	-1.746791	-0.354123	-3.667334	-3.076964
0.722443	-0.222632	1.271863	0.193430	-2.775409	-0.189774	3.056537	1.054126	-1.806109	0.763529
3.160045	1.172071	-0.155789	1.499492	-1.224314	-0.221008	-0.340323	2.246640	-0.619062	0.179333
0.015141	-1.904256	-3.798881	4.732917	0.546604	1.666179	-1.236963	-0.267367	-0.274573	0.213552
-1.529165	2.571797	1.392998	6.056622	1.460856	0.996696	0.541328	-1.625178	-0.416722	0.315488
-1.202971	2.117638	2.536557	5.493426	0.596050	1.307351	2.890354	-0.494979	1.225013	-0.927059
-1.424374	-0.084123	1.101307	-4.654355	1.651895	2.362851	4.648622	-0.177353	0.453251	2.731811
-1.643369	-0.720778	-0.529144	2.019796	-1.523601	1.490502	-1.072163	-0.140584	3.976310	1.959196
-1.158354	2.431982	0.574913	6.607593	0.687772	5.050411	0.619100	1.855241	3.692110	2.406492
1.720475	4.351565	3.752586	4.500753	6.506620	2.621380	1.651414	1.598539	5.236669	3.019194
2.788922	1.425478	1.579983	-1.549511	4.602752	2.283913	3.647679	3.323424	-0.268197	2.284897
0.010090	-0.337471	2.042712	-1.171484	2.724272	2.969012	5.545993	2.495411	2.259629	4.316992
-1.561716	-0.054974	0.920278	-2.667554	-1.348511	0.198577	-0.158145	1.143313	0.162462	1.577670
-0.637194	-0.594824	2.096290	2.848090	0.537506	1.247110	-1.943941	-0.257254	1.320218	1.539021
0.853661	1.877185	2.610051	4.474360	3.724228	3.667508	1.728602	0.845521	2.198309	1.328032
2.404054	-1.695741	-2.375032	-2.462534	0.574760	-3.456032	-1.434325	-1.529048	-1.651450	-3.061009
-1.178012	-5.774595	-5.790955	-3.266184	-0.915698	-5.874912	-0.966727	-3.646449	-5.054648	-2.822619
-0.308733	-0.071971	1.758186	5.251219	4.087357	2.880263	3.098084	-1.822370	1.273226	2.948386
-1.902705	1.670934	1.103395	4.747780	1.240326	2.254286	0.146900	-1.253000	0.734383	3.323989
-0.861222	-1.409672	-3.838226	-5.466196	0.011908	-0.109649	-3.739792	-2.536729	-3.360270	2.801071
0.887218	-3.617587	-3.709873	4.363997	2.425201	2.467149	-0.942404	-2.243047	-1.979023	1.679710
2.927020	2.426393	1.531155	6.683161	1.105902	2.379872	2.599449	1.538655	2.621430	2.609786
-0.310912	-2.673126	-3.980541	-9.780103	-1.343191	-4.145391	-2.961246	1.051385	-2.520505	-2.638926
-3.055673	-3.003743	-5.339160	-8.401294	-2.576985	-10.140551	-3.149405	-3.143950	-6.510223	-6.618048
-0.857859	2.042846	-0.097603	0.155788	-3.616286	-1.461620	-1.885446	-1.397342	0.487681	-2.611206
-0.166268	1.363044	2.884931	4.132838	2.915199	0.923089	0.370314	1.716513	3.004707	-0.212227
-1.104095	2.564751	3.711641	4.376656	0.326762	3.028461	3.137757	3.730622	5.530560	1.010662
3.717264	1.732371	4.073124	6.193234	3.335292	6.273982	1.377063	4.633487	4.888538	2.218734
2.376912	2.537204	1.300178	2.333068	4.068379	5.560836	1.377513	3.735512	3.072342	1.946259
-2.739048	-0.909648	-1.965799	-0.689849	1.295210	2.626407	-2.307514	1.011900	3.240171	-0.289793
4.356888	2.144614	1.126089	4.756073	1.379474	2.753879	-0.317539	1.628252	2.663623	1.279649
0.884221	0.602792	3.624739	-2.645974	-1.586046	-3.416167	-2.386984	0.099369	-1.066807	-3.166446
-0.641747	-1.859116	-2.289655	-4.941101	-2.379562	-3.886448	-1.919969	0.454649	-3.759821	0.310391
-0.017512	-1.432508	-3.703296	-0.865820	-2.564392	0.840817	-1.340518	0.851193	0.832475	3.747128
2.798227	0.409313	1.057309	4.694357	-0.496652	3.324910	1.034848	2.879598	3.132075	2.457033
2.546671	4.203446	4.258355	5.027016	1.925841	0.438412	2.645807	4.331860	2.589072	3.861176
0.282520	3.230891	3.412036	4.091142	3.041967	2.601405	4.565734	3.284077	0.931860	1.985523
-1.000825	-2.500654	-2.565455	-1.411680	0.917910	2.438568	-1.051090	-2.476157	-0.672671	0.534045
-1.845164	-1.267992	-3.283026	-5.629266	0.580748	-2.326217	-1.306390	-6.481447	-4.009328	-1.800690
-1.022897	0.310776	2.093917	0.857968	-0.273636	-1.230269	5.295313	-4.091798	-2.838322	0.169086
-1.601927	3.279346	1.926865	0.753303	-0.521964	-1.965207	3.697496	-0.608218	0.806338	0.004444
1.020146	3.907318	2.451010	1.994423	0.317945	1.944651	2.903440	3.307185	0.652941	1.450154
0.075519	3.274587	4.965744	3.326309	1.921271	3.924487	4.262221	4.115704	3.366575	1.227288
-2.157511	1.118051	1.934658	-0.652758	-0.205108	0.964583	2.396621	2.167728	3.599029	0.930116
-2.099046	-7.281693	-5.694158	-4.922896	-2.384809	-7.641077	-4.144081	-3.675050	-3.817309	-4.920488
3.157708	-2.251649	-2.468011	1.290975	-0.649954	1.702189	-0.596305	1.197257	-0.911152	0.435351
-0.048653	-1.250420	-2.012212	-1.795963	-2.005262	1.723567	-1.449169	1.754441	1.679788	2.149906
-2.205234	-4.590709	-3.479171	-4.069031	-3.257251	-3.797559	-1.558691	0.521889	0.361198	-1.385744
-2.791040	-1.955820	-2.710996	-2.251446	-3.836739	-4.016102	-3.605088	1.868191	-2.375136	-5.097123
-0.408979	-0.237956	2.159401	0.281172	-1.437145	-5.110076	-1.445075	-1.223267	-1.949626	-3.511850
-1.380257	-0.488022	2.060512	-4.560095	-0.938284	-6.785892	-3.791068	-2.924296	-4.465886	-6.169344
-0.677782	-1.654019	-0.851373	-2.624466	-0.608373	-3.031462	-3.801881	-5.207609	-0.444330	-4.323223
-0.946862	-3.367954	-5.517765	-2.748758	-2.601125	-1.068695	-2.167327	-3.357119	-0.397371	-2.497603
-0.974906	-0.674027	4.192527	0.295211	0.012346	-1.181599	-2.419017	-1.989539	-3.169522	-3.613496
0.203878	1.686355	2.630792	2.293825	2.987027	0.297017	-1.609663	0.177517	-0.135397	-1.367414
4.692078	2.209391	-0.163978	1.580067	1.748509	2.603549	-0.403574	3.992636	2.629790	1.372232
3.241186	1.439477	0.524706	2.726222	2.151181	2.837990	-0.602957	2.777605	5.304228	-0.671865
5.288590	0.738208	4.553535	3.024675	0.373637	3.807439	-0.406521	4.478010	4.371403	3.219090
4.266180	1.248583	2.572899	0.318114	1.629970	-0.819308	-0.860570	1.473838	0.366502	-1.007807
0.810644	-2.778502	-3.839809	-5.958576	-1.988224	-6.235350	-3.444210	-0.172125	-4.418787	-1.677158
-1.315430	-4.441251	-7.041600	-4.039406	-3.459048	-1.782288	-1.303043	-2.712793	-2.068175	-2.894361
-2.589953	1.418534	0.272718	-1.555086	-4.160402	-2.618318	-0.970770	-0.025778	-2.218074	-3.910015
-2.319938	0.930150	-4.161563	0.234173	-2.665286	0.746262	-1.678394	-5.960993	-3.443397	1.277787
-0.159798	1.070994	0.600749	4.670264	-0.442095	3.375959	0.398389	-3.605652	2.460448	2.105751
2.472057	2.535464	3.870546	2.663878	0.896374	4.307177	1.778678	2.462234	4.552548	3.852886
2.505712	0.222057	0.592821	0.686509	1.423629	0.991225	0.033179	3.970052	3.804294	3.118104
2.301756	0.075671	-3.461434	-4.982848	-2.648521	-5.521587	-1.031305	0.606791	-2.503822	-4.304682
-2.464524	3.667403	5.009176	1.978304	0.276335	0.084750	3.371033	-1.809462	-2.226712	0.680144
-0.232140	2.673953	4.925543	7.241760	1.181409	2.412249	6.881700	-0.182416	2.552718	0.945699
4.792696	3.068218	1.428463	2.342921	2.814217	2.883321	0.694605	3.316716	2.938558	1.807802
1.693571	-1.659904	-4.295071	-10.090514	-2.713925	-2.271418	-6.122444	1.043926	0.537503	-4.144026
-2.493724	-4.290714	-3.644063	-1.415844	-4.427398	-1.557353	-2.643835	-1.358597	-2.042157	-4.149563
-1.060202	1.738186	-0.980618	1.151332	-0.697682	1.347332	-0.680757	2.202939	1.282873	-1.203683
4.389426	2.268496	1.261761	1.349520	-0.336254	0.059953	0.755703	1.994023	1.002287	-1.049660
-0.529948	1.854614	3.586769	-4.618178	-2.073691	-2.958469	2.676359	-3.638751	-3.892821	-1.979668
-3.897236	-2.171461	-0.097996	-3.827155	-2.583067	-5.681317	3.099026	-4.667291	-3.286156	-2.860678
-2.964745	-1.888730	-5.990138	3.339595	1.466546	-1.971570	-0.673882	-2.719505	-3.532722	-4.886359
0.185516	1.796507	-0.486658	2.310082	-1.034725	-1.094408	-0.459347	-1.000599	-2.424423	-2.879681
2.346440	0.948848	-0.131857	-1.128188	-1.639149	0.603990	-0.100253	-0.061779	-0.196464	-0.099511
-1.621880	-1.175906	-3.244139	-3.020002	-2.341095	-1.089452	-3.778183	1.777149	-0.300246	-1.691217
-2.082450	-1.111956	-1.239402	-3.698251	-3.778231	-2.610515	-1.781817	4.505780	2.441026	-4.176765
-1.002375	-2.933303	-1.428347	0.382477	-1.763824	0.447627	-1.899638	0.450611	-2.118749	0.727680
-1.268159	-0.776647	1.074025	3.898495	0.057760	2.588195	0.114674	-1.161263	-0.048273	1.893651
-1.170804	-3.340288	-0.266585	-2.356184	-0.171743	-5.363887	-1.622962	-4.502045	-3.378348	-2.493115
-1.436813	-1.510427	2.150825	-4.892345	-4.389198	1.708303	-2.554825	-2.839738	-2.870275	2.348616
-1.015486	1.086136	2.049355	-1.446574	-3.526070	1.088791	-1.062397	-0.246045	2.763746	2.859779
-1.736924	-0.428400	1.837007	-1.242556	-3.729122	1.372498	-1.188756	-0.008866	1.282313	-0.441590
-2.527025	0.282666	1.322784	2.731125	-3.451318	-1.565552	3.253016	-1.679903	-0.507274	-0.003956
-0.343988	2.115333	-0.503711	2.779286	1.630178	-1.216136	1.602841	-1.086957	-1.410914	0.687015
-1.674107	-2.436999	-4.640577	0.232842	2.927103	0.787169	-2.816162	-3.002028	-0.268408	2.362057
-1.728680	-3.015632	-3.631809	0.009410	4.553893	0.901584	-1.900973	-2.961217	-2.923854	2.778704
0.996900	0.794134	-2.142104	1.785708	5.037283	3.615133	-0.576872	-0.571123	-0.075553	2.044988
1.148139	2.231100	2.063242	4.968952	3.832908	3.321036	2.317760	2.381556	3.681397	2.272742
-1.414554	1.092363	-0.726667	-1.383742	2.358101	1.177913	-0.804059	0.591120	2.685196	0.599096
-2.348472	-4.159577	-1.507927	-8.684755	-1.173703	0.650686	-2.969810	0.002471	0.353746	-1.853820
-0.424703	3.316279	3.173468	2.123429	2.118027	2.804672	0.202225	3.492410	3.890047	0.078323
-1.674637	0.799330	2.628623	3.426426	2.688023	4.736691	0.029563	3.111341	5.309502	3.693151
0.897837	0.381874	0.835242	-6.452048	-0.446686	0.501461	0.023320	1.054666	1.022210	2.562492
-0.155467	-4.913290	-7.127169	-7.787577	-3.932372	-8.963903	0.055814	-2.707913	-3.289426	-5.366830
-2.461335	1.851136	1.356995	0.079254	-2.818608	0.016217	3.069258	-0.915193	-4.400905	2.850307
0.832246	1.843150	2.634441	2.209061	-2.458568	2.522334	5.679668	4.267031	3.856474	2.798924
3.983394	3.451050	3.732774	6.474657	5.754670	3.548563	4.174957	3.116060	5.259012	4.073743
0.259223	3.212334	1.034800	1.432756	2.351228	-1.391684	0.474637	1.708899	-2.219689	-2.044820
-3.295949	-5.562101	-5.508375	-4.557929	2.144425	-2.825996	-4.250378	-2.542049	-4.503429	-3.672848
-2.671605	-2.614857	-3.314944	1.871713	0.949380	0.244040	1.464621	-2.638280	-0.298305	-1.468026
-2.453727	-0.720637	1.219599	3.098494	0.389508	-0.001369	0.373045	-1.047289	-2.248318	0.710459
0.860504	0.801956	2.247760	-2.010575	0.643321	2.596985	1.571403	-1.230473	-0.707866	3.497416
-0.224194	2.832918	0.875045	2.081214	-0.779368	2.237212	0.394804	0.952372	-0.996249	3.253856
1.775200	1.854246	1.280861	5.367770	4.864948	4.773915	3.071554	1.171651	2.976934	4.685085
-0.721197	-0.621964	-1.905185	4.475800	5.563178	2.589600	-0.084440	0.914767	-0.424416	2.926810
-4.477163	-1.510415	-1.967587	-1.460588	2.600224	2.162671	0.544227	1.312024	1.122601	3.048534
-0.372878	-1.404910	0.611661	-2.039090	2.522990	2.696230	0.453460	1.537328	-1.436715	4.462058
3.223276	2.050744	1.901165	4.025898	2.032475	3.530678	1.023261	0.546481	-0.301363	3.638784
4.940620	3.710746	4.635733	1.404681	6.124977	1.606516	2.906235	1.033788	3.284555	1.876109
-2.306326	1.606489	2.377271	-6.095241	2.517992	-2.573357	4.011182	-1.983747	-2.462460	-2.212469
-3.164343	-3.514130	-3.249315	-1.728965	-1.866688	-5.667543	-1.792297	-5.564621	-4.530708	-1.812555
5.731489	-1.249015	-2.041020	4.539309	-0.093070	1.953956	-1.393001	0.969171	1.498109	0.581245
2.534489	0.186429	1.575465	2.541679	-0.924166	0.658034	0.323868	-0.951168	2.754992	1.537323
1.197375	-1.884503	-1.948355	1.289544	0.721511	2.232489	-0.061191	0.192266	0.228638	0.851271
-1.126034	-0.743315	1.616225	0.214501	-1.457353	-4.080687	0.712019	-1.066625	-0.986052	-2.680023
-0.126421	1.532289	-1.739987	-5.172154	-3.330474	-8.343399	-1.805404	-5.138136	-5.768882	-6.047269
2.557532	2.740804	0.021115	6.165774	3.650528	4.081844	0.266537	0.490336	3.169849	3.582221
2.577440	3.648226	2.851936	6.593879	5.773535	3.243335	3.559935	5.105893	4.880439	4.856132
-0.368479	2.061150	-0.121616	-1.000145	4.463724	-0.469636	1.134488	1.362438	2.446285	0.098150
-3.135312	-2.028927	-1.702138	-4.942505	1.475073	-3.078278	-0.972810	0.220673	-2.211214	-2.733741
-1.075343	0.880691	-1.098221	2.237091	1.343058	0.981298	0.903234	-1.340797	-2.259661	0.279044
2.389441	0.249000	1.019640	0.239233	-0.988346	0.071382	-1.381284	-1.996973	-0.611957	-1.005812
-0.307947	-3.591503	-2.400450	0.229413	-1.148866	0.174362	-2.167672	-2.425250	-2.857305	1.752374
-1.902597	-0.188421	-0.119483	0.782420	-0.890528	-0.517375	-1.547837	-1.266728	-1.051308	-1.312217
5.571904	2.741242	3.813745	2.367045	1.677339	1.850360	1.187916	0.473695	1.646532	1.086998
6.362065	-0.578215	1.628241	3.266376	-0.051693	1.859254	-0.253723	2.532521	1.619212	-0.328801
3.880395	2.671706	-0.318689	-0.726698	0.744147	-0.168007	0.912141	1.533852	-0.485171	-0.937330
-3.311597	-1.450298	-3.025739	-4.757087	0.440229	-5.678436	-2.816500	-2.430912	-4.230719	-3.613310
0.550695	-4.547327	-3.608203	-0.892005	-2.522775	0.615254	-2.966854	-1.112469	-4.642536	-2.726358
3.926177	0.766618	0.908724	5.186839	0.772204	1.569247	3.279272	2.148481	1.880175	0.437406
0.417655	-0.267564	1.144450	-0.802869	-0.846164	-0.505269	-0.171430	0.811039	0.990611	-0.130135
-1.096867	-3.250173	-2.732820	-2.862040	-4.051307	1.913791	-2.597067	-0.071093	0.984269	-0.445501
3.604313	1.757593	0.104321	5.344215	-0.337455	1.674512	2.224953	2.166583	5.227946	3.648293
2.088698	0.523035	1.455678	0.746984	-0.447536	1.343782	-0.000675	2.276170	4.692138	1.749727
-2.847110	-2.136046	2.280459	-8.902944	-1.715079	-0.967715	1.960040	-0.997034	1.478642	-1.042715
-2.385012	-2.382847	-1.404131	-3.165481	-3.510812	-6.374793	-1.218708	-3.854128	-5.416044	-5.326950
-1.776008	-2.259366	-4.168785	3.478665	-1.652959	1.749634	-3.022525	3.073589	-1.419125	-2.614593
1.699800	-0.815398	1.174804	-0.175219	-2.747449	1.115954	-0.344518	-0.649584	-0.271502	-0.008859
-0.807990	-1.719939	0.655742	-3.341040	-1.118505	0.675751	-2.171692	-4.862248	-3.405180	-0.715764
-1.670681	-3.686685	-3.727564	-1.301108	-3.427151	-0.557787	-3.173652	-2.698601	-2.899260	-3.457321
-0.544478	0.856870	-0.830907	2.671268	-0.728210	-1.160973	-0.271305	1.336457	1.901354	0.396757
-0.910385	0.625232	-1.062780	-5.686619	-1.051504	-0.919721	-1.617154	1.247224	2.639659	-1.724243
0.809891	0.025407	1.008823	-4.757676	-3.084552	-3.239042	-2.322905	-0.294799	-1.074246	-1.836932
-0.740955	-1.081696	4.221310	-0.691809	-4.049974	3.062551	1.803839	-3.935512	-4.816364	1.259979
2.504970	1.453529	2.171788	5.047277	4.581413	4.965947	1.589374	3.108085	2.135503	3.598279
1.186556	-0.395908	2.265564	2.069776	3.365092	-1.405166	1.088997	-0.066107	-0.376147	-0.428139
-1.581203	-2.344499	-0.076054	-5.458814	-1.959650	-2.887598	-1.640696	0.586312	-2.560015	-1.179886
-1.129317	1.579767	3.003140	5.045203	1.478773	4.138639	3.023193	1.935642	5.217397	5.971232
-1.564796	4.676598	7.156253	4.855226	3.875248	3.536237	4.815162	3.105384	4.233089	2.051908
-0.050950	2.186007	2.840195	-4.527346	-0.932833	3.090585	2.890608	-2.179960	-3.120840	1.428137
-0.589990	-3.470896	-5.111729	-7.891514	-2.140580	-1.158225	-0.583969	-1.194291	-4.311590	-2.371888
-0.883126	-5.068899	-4.279811	-0.988777	-4.894901	-4.089602	0.403029	-0.971706	-2.573560	-0.685471
-0.664570	-1.325790	0.495257	-0.670432	-3.260800	-0.925654	1.037402	3.798096	1.863348	-1.498515
-0.449735	0.635343	-0.705417	3.282523	2.180917	5.110312	-0.239153	3.862718	2.097938	0.187677
1.221667	2.265814	0.620373	3.894291	0.547548	0.390589	-0.101133	2.807861	0.294910	0.105202
4.360225	0.150736	-1.474065	-2.083822	0.505491	-0.411129	-2.041041	0.617628	1.126466	2.381859
1.103023	3.986123	-0.750224	-4.293312	-2.425654	-1.165949	-4.211775	0.679823	3.332809	0.306046
-1.679750	0.637488	-0.282096	-3.276972	-3.527186	-3.008676	-2.252635	-0.545752	1.638541	-0.557137
0.724291	-2.260854	-1.471875	0.381005	1.704398	-3.241914	-0.422820	-4.963392	-1.961032	-3.744089
-1.856267	1.685811	0.412148	4.323726	2.490601	-2.692167	0.662771	-1.267393	-1.288408	-1.729511
-0.068238	3.290497	2.455279	0.376001	0.841028	0.536160	1.800337	0.740549	1.233418	0.531199
-1.597637	1.524520	1.633324	-9.452062	-5.246616	0.350564	-0.331018	2.402940	4.319252	0.285642
-1.089278	-2.831406	-4.776910	-3.975053	-4.527923	-3.382158	-5.049194	0.573586	-0.492301	-3.008281
0.055424	-1.250267	-6.033415	3.319640	-0.476085	-1.627006	-0.380089	-3.586108	-3.177933	-1.543467
4.725655	2.535354	1.742413	5.951126	5.863805	1.866815	2.623297	2.223665	2.489162	1.883986
3.744599	3.376570	0.236382	5.283718	3.938558	2.572606	0.176868	1.705613	1.701493	1.355581
2.987643	-1.702003	1.650397	2.066628	1.574184	2.957666	0.262624	-0.394757	0.479467	0.888720
-2.836130	-3.673152	-2.245436	-0.330632	-2.187806	-3.573506	-1.506833	-3.231637	-2.549606	-1.840795
0.129867	0.866940	2.976788	5.308351	0.999200	0.100789	2.579300	-1.714618	0.425785	-0.068059
-0.092084	0.801885	1.575174	0.066291	0.627413	2.731154	1.206623	1.984910	3.059348	3.850331
-0.475795	-0.388801	1.734427	-2.626700	1.202547	2.029488	0.701739	0.314256	-2.131104	2.863276
-1.179783	-6.007704	-5.224149	-0.819208	-0.311387	-3.165608	0.024749	-4.463070	-3.530659	-2.186019
-0.700163	-4.585312	-4.609449	2.466282	-1.000473	-4.899531	0.553055	-3.301456	-3.537806	-4.652752
-0.533550	1.406389	3.015630	5.013082	1.432501	1.977721	4.029459	-0.124092	1.959469	2.141080
-1.870059	1.383413	1.901091	3.527907	2.062049	0.575348	4.993063	-1.488365	0.931779	2.411681
-0.008505	0.647072	1.117138	-10.818730	-2.316515	-5.103645	3.795267	-2.916964	-5.280061	-1.833948
-1.144504	2.692879	1.693074	-4.785715	-3.218776	-3.324656	0.904475	-2.452274	-5.110537	-0.646903
0.572129	1.033244	3.143000	2.594666	-1.747022	-0.788983	-4.055214	-0.537784	-1.480032	-3.130982
3.522281	2.448480	0.121118	1.978226	1.487464	2.568579	-0.473896	2.957821	1.136569	1.952816
2.204934	1.936798	0.587330	-6.474522	-0.545007	0.077233	-2.600772	-1.158146	-2.928418	2.534595
-2.401124	0.179307	4.236136	-6.922266	-4.062319	-1.568617	-4.223640	-5.047969	-6.897476	-0.688445
-1.304510	-1.398981	-2.747762	0.764408	-1.893860	-3.640467	-1.506898	-4.111934	-6.085386	-3.995602
1.091862	-0.555558	-0.654666	1.075010	3.436985	0.362186	5.468354	-0.532326	-3.162831	1.420125
-0.964923	-1.307615	0.103625	2.475554	5.686728	0.038647	0.688417	-0.009229	-0.190093	-0.978963
-1.792978	-1.122943	-0.574890	1.460849	5.883583	1.995921	-0.637407	2.863073	1.838047	1.461935
-1.970820	1.205365	-0.072213	-1.891895	1.288060	2.282312	-1.440717	2.950396	-0.000293	0.443018
0.762839	3.107016	2.661554	1.080234	1.242074	1.788224	-2.696814	2.359356	2.895209	2.438987
3.812083	1.861417	2.913010	3.709945	-0.615165	3.629362	3.856004	2.660169	1.308570	4.570741
3.203100	1.846874	2.468451	0.794445	-0.053246	2.615131	0.718838	2.430853	3.801910	4.048880
0.312674	1.164292	-0.759026	-3.622457	-3.457957	1.418736	-3.729013	0.874124	1.888250	-0.548498
-2.515508	2.640976	2.486075	5.229046	-1.974389	0.759381	0.643853	-0.002802	1.224710	-0.692593
-1.451059	1.551430	4.559550	4.328760	1.420768	2.685571	2.015535	1.707494	3.130009	0.813092
2.371207	2.626757	2.601095	3.177491	0.839725	3.327210	0.196935	1.765027	3.075169	3.958655
3.682077	2.431759	-0.688196	6.346644	4.039388	3.777004	0.540752	2.704115	3.625608	1.761795
0.241938	0.423240	0.865871	-1.892977	-2.344734	-0.187944	1.263587	0.450974	1.262647	-0.100492
-2.497322	-1.967599	-0.600509	-2.666769	-1.657932	-2.953127	-2.429160	-2.387779	-1.043994	-2.369607
-0.679917	-3.817558	-2.762443	2.615371	-2.006300	-0.633244	-3.613489	0.107172	-0.152295	-2.761254
1.649741	1.684964	-2.565138	0.746143	0.336268	-2.153987	-1.823800	2.302744	2.875562	-0.965237
0.483740	-2.404034	-3.064401	-4.283752	-1.950122	-3.254055	-2.993493	-0.516548	-0.064302	-2.663659
-3.400131	-1.244352	1.368359	-0.386015	-1.748464	-6.254842	-2.536268	-3.151287	-0.454769	-3.933323
-1.570584	0.011407	1.018335	5.186954	0.276747	-0.581444	1.741576	-0.307759	-0.983621	-1.424634
-1.067831	-0.572258	-1.580281	2.673852	2.917814	0.251842	2.688937	-1.439248	0.615360	1.522905
-1.421981	0.212250	-0.795500	-2.439824	-0.974258	-0.901179	-1.380683	2.447560	1.790492	-2.355711
-1.071347	-1.756172	-2.548729	-6.543778	-2.036466	-1.818905	-2.149786	2.544279	-2.472808	-3.993785
-0.183437	0.274771	-0.117079	6.787084	-2.032109	0.615568	1.025930	-0.040778	2.094775	-0.996724
-1.824363	1.148976	-0.929359	0.629956	2.980618	-0.915056	2.873262	1.085303	-0.351942	0.522670
-1.487433	-0.297963	-0.620079	-5.256468	3.560114	0.010625	-0.983888	1.787434	0.061254	-0.061908
-1.804957	-0.908951	-2.123751	-1.355396	-1.574718	2.082514	-3.296622	1.893727	4.400679	2.702936
0.020256	-0.482195	-0.817084	4.458763	0.205222	2.159614	0.495061	1.276092	1.566145	2.459199
-3.421401	1.594700	1.222210	4.005599	0.475334	3.176228	2.698760	-1.099859	1.090864	1.083076
0.462162	2.649227	1.791220	-3.145098	-0.179682	-3.277842	0.452175	0.152682	-0.311752	-2.628537
-1.208761	3.944078	3.530836	2.753261	-1.543026	-0.366594	1.348304	1.627124	0.979407	0.626255
-2.006478	3.671145	3.270345	3.650763	3.330100	2.115673	2.396248	4.296176	0.887451	2.007648
-1.701395	1.185221	1.917036	-2.908405	2.841297	0.727563	1.590805	1.482745	1.676287	0.440339
-2.432120	0.256497	-2.596102	0.088744	4.040261	1.708476	-1.555025	0.324937	2.653323	2.201222
-0.723156	1.748965	1.754419	-2.013005	2.321391	0.583114	1.649157	1.409557	2.417365	2.557396
2.614589	-0.820286	-2.250213	-2.259767	-2.504116	-2.896621	0.132450	0.966310	1.860418	-1.452645
-1.847589	-4.236764	-4.916210	0.130341	0.175440	-1.306930	-0.492048	-2.716201	-3.601115	-3.875802
-0.549794	-0.601179	1.948317	0.340403	-0.545447	0.139091	4.570363	-2.138372	-3.570832	-0.187679
2.364170	-1.024241	-0.644644	-2.102597	-0.573877	1.264940	2.277380	-0.085003	-1.439430	1.168922
0.259200	-2.921359	-1.686905	-2.779579	-4.085955	-2.061581	-2.878297	-1.357692	-0.823411	-2.077102
2.905991	1.309555	4.037222	5.444040	1.617117	2.753628	-0.127070	3.684959	4.681224	1.173448
2.477643	4.292392	4.002327	4.712140	2.701435	3.846869	1.340758	2.689151	0.215174	2.714171
4.064952	0.734041	1.489098	0.524902	-0.571704	-0.248460	0.228085	1.111180	-0.964668	-1.356434
-0.298082	-4.174309	-6.021677	-4.096493	-1.416104	-5.218157	-1.222491	-1.631557	-0.126106	-4.387968
-2.992961	-3.221668	-2.365607	-3.965466	-2.934568	-0.117122	0.503428	-1.727063	1.759354	-1.791131
-0.136386	-0.264247	-1.828704	-1.429138	-3.384001	2.441044	-0.681361	0.983754	2.136103	-0.023722
1.047545	-0.358456	1.799121	-0.462230	-1.420905	1.558842	-1.096963	-0.819810	2.971632	0.244660
3.156131	1.226793	1.245159	1.423437	-0.094084	0.713871	-0.912679	3.032138	4.498229	0.096016
2.462072	1.585791	-0.952801	-0.336458	-0.482142	-0.276368	2.120387	0.577887	-0.149816	0.317249
-0.817129	-1.519274	-2.580667	-3.531638	-0.991783	2.279423	1.318830	0.842431	0.352882	-0.792039
-2.281071	-4.521411	-0.255350	-0.451523	0.667891	-0.093753	-1.817654	-1.233442	-2.165891	0.583056
-1.124551	1.895169	-1.234958	1.204664	2.092475	0.393001	0.006631	0.043157	-0.298851	-1.451962
-0.511368	0.676956	0.500500	-2.331400	0.396167	-2.752114	-0.987620	-0.965384	-4.235616	-4.987488
-1.611217	-2.136760	-1.607583	-4.821534	-3.859736	-7.759898	-3.593412	-4.939377	-5.062903	-4.090419
-0.754696	-5.314288	-5.731116	-1.634463	-3.582037	-3.904451	-1.347152	-4.587636	-6.739933	0.975854
-2.332600	-0.620338	-0.860807	-0.631708	-1.992340	-1.083974	-2.035245	-2.199576	-5.179026	2.291036
-1.984726	3.580982	3.744539	0.588711	-0.177845	0.370235	1.207103	0.354188	1.489696	2.689934
-2.169868	1.023662	4.118515	1.387070	4.852443	2.228574	0.721385	1.217540	3.361110	2.989057
-1.067922	1.807094	4.785314	1.465249	4.336624	2.100945	0.989493	0.961362	2.071392	2.076212
-0.369882	0.577570	1.135832	0.733026	3.501695	2.839748	-0.168079	1.552839	2.612817	1.365111
-1.514743	-1.334217	-2.741437	-3.575419	0.172655	-3.376717	-1.687640	-1.895450	-3.561542	-0.326739
1.505902	1.314124	-1.637598	3.821493	-0.718997	0.225951	1.070801	-1.064722	-3.137111	-0.396624
5.256058	3.665787	2.452646	5.572242	2.769238	3.752553	2.276637	2.824203	2.721782	3.462564
1.172532	0.911166	-0.245109	0.596608	4.031658	0.961090	0.560558	2.516806	-1.234392	0.770240
-3.256669	-1.504846	-4.068866	-3.731928	-0.160336	-2.902937	-0.950346	-3.134435	-2.700662	-2.199184
2.266062	2.017946	2.995573	2.122315	-0.687744	1.580174	-0.482585	0.422559	2.479242	2.651005
-0.070368	0.656437	1.660305	-1.551881	-1.602567	0.609423	-0.749469	1.730969	2.212688	-0.172578
-1.662851	-1.716478	0.013829	-2.909635	-2.377004	0.463913	-1.216809	-1.715629	-1.798553	0.011582
0.876920	0.827998	0.149444	1.797437	-3.661353	3.065647	-1.420317	-0.365957	-0.561116	2.616200
4.594053	2.087659	0.042849	3.282317	1.468487	5.188325	1.377595	1.459064	2.219969	1.803992
6.505256	1.432905	-0.270955	4.213490	1.615816	0.791052	1.077017	1.964211	1.006468	3.805976
-0.418463	-1.845969	1.931431	-2.551059	-1.193763	-4.645572	-0.063466	-1.731440	-1.911052	-1.893830
-5.167095	-3.642163	-0.273890	-1.435447	2.028753	-1.846441	0.388334	-3.669711	-3.204325	-4.116010
-2.890533	-1.387680	-2.705418	-1.961286	-0.660935	0.311247	-3.583597	0.994675	2.151016	-3.282443
-0.933868	-1.662219	-4.307950	-3.227291	-4.904523	-3.007705	-2.240072	-0.493106	3.315436	-2.228010
0.047509	-0.545183	1.777415	0.854227	-2.007208	-2.284792	0.453495	-1.752578	-2.245299	-2.217892
2.560106	2.057431	1.705481	4.297854	4.079713	2.441490	5.418388	3.323638	2.088876	2.295633
