X1	X2	X3	X4	X5	X6	X7	X8	X9	X10
-1.845896	-5.456909	-4.318467	-2.426512	-3.410724	-1.758534	-4.050490	-3.738042	-3.931339	-4.988041
-0.370668	1.027243	2.427113	2.279823	1.083377	1.950659	1.274333	-0.592323	-2.756287	0.201995
-1.277373	-4.228446	-2.149546	-1.542103	0.932561	-0.177298	-1.651058	-2.621401	-3.179502	1.904095
-0.306901	0.928108	0.585153	-0.055675	0.528450	-2.045598	0.850555	-3.025492	-1.325426	-0.062435
-2.488843	2.692087	2.398405	3.414022	0.554466	1.805964	2.982789	2.591288	2.716601	1.827511
-0.438689	0.307975	0.276807	3.162304	5.203131	2.462595	0.604162	0.634823	0.976237	3.594142
1.889071	-1.619845	-1.274746	-2.233513	0.964469	-2.108396	-0.556707	-2.880001	-2.234455	3.349967
0.131347	-4.776991	-3.824956	-2.325112	-3.000798	1.791501	1.522302	-3.657701	-4.434117	2.575298
4.970350	2.713722	1.581976	3.834225	2.060455	4.245797	2.847610	5.453911	3.686515	3.585748
5.181890	3.209676	2.298247	3.034415	3.290152	2.544304	1.229438	6.958018	2.585302	4.693132
4.173176	2.609256	2.223556	0.540778	0.375918	2.696934	0.444208	6.250208	3.584908	1.173265
1.122420	2.554043	2.049203	-1.273368	-2.235523	-0.794898	0.797343	-0.241533	1.497496	-0.480234
-1.720768	0.172022	0.371687	-0.590303	0.339155	2.724123	2.774266	-3.270018	0.988832	1.596853
-2.270778	0.031276	0.059710	0.945891	-0.376523	3.532112	4.085899	0.986639	2.213980	1.676446
-1.401801	3.538089	3.171370	3.962735	2.252369	3.748088	3.522967	4.196425	4.524808	3.130366
0.241975	0.862343	3.070771	3.438449	2.436557	-0.749633	0.632592	1.577829	1.780383	1.115337
1.577657	0.324322	1.070113	3.166052	1.400567	-0.920931	1.211399	-4.657763	-0.069928	-1.963317
-1.549243	1.788710	-0.019402	-0.265435	1.645324	-0.982787	-1.190587	-3.256662	-0.997955	-2.653872
-2.624817	-1.056211	-3.130172	-2.580392	-4.190645	0.370321	-3.739645	0.422620	0.268673	-2.543001
-1.199657	-0.756556	-3.959693	-1.380998	-1.738215	3.322912	-1.421648	2.130172	2.700726	0.238223
-1.385352	-2.408544	-4.724863	-1.376033	-3.164558	-0.596590	-0.258074	-0.715219	1.751476	2.769329
-3.161896	-2.387790	-3.512579	-3.632877	-3.361951	-6.122863	-4.341599	1.146637	0.655797	-2.274655
-0.920080	1.209289	0.696263	-4.413910	-1.948766	-4.745484	-2.920500	1.982729	-0.961237	-5.469197
-0.730896	-1.384124	2.725767	-2.441912	-3.256678	-6.742227	-2.864553	-4.631853	-4.013450	-6.021268
-1.346638	1.345254	0.702036	-1.712762	-3.446663	-4.249769	-4.634137	-1.893621	-2.948868	-4.585435
0.702701	0.403306	0.062275	0.085159	-0.453394	1.164916	-1.567529	1.998015	-0.931911	-2.096566
-0.283472	-7.110984	-1.251912	-2.882831	-2.427547	-1.892546	-3.335008	-2.831855	-3.142502	-2.785927
-1.861252	-6.136234	-4.359421	-4.106512	-1.565598	-5.636829	-4.623853	-6.022341	-5.613660	-3.293586
-1.964234	2.244341	2.532853	0.003336	1.205979	0.516394	0.872956	0.475647	0.765294	-0.551306
-0.247812	1.173922	2.435914	0.053329	1.157106	-2.488650	1.856839	0.836800	0.851944	-1.639255
-1.952382	2.069393	1.472666	2.144586	1.513706	0.529468	1.535515	1.222807	3.484972	0.747905
-1.199941	-3.275663	-1.064085	-1.813175	-0.801396	-4.759625	-2.336798	-4.723839	-0.425438	-3.625493
0.941515	3.329337	1.785563	-3.228639	0.449721	3.174498	-0.975384	1.336050	1.986300	0.402889
1.258288	0.499178	-0.895384	-0.858687	1.312780	0.784868	-0.523027	0.281567	3.073372	0.871586
0.169582	0.432840	0.648277	-1.652505	-2.802999	0.864612	-0.708910	5.388202	2.229065	0.633235
3.713097	3.348609	1.238651	0.552224	-1.974394	2.276259	-0.424320	5.450347	1.723170	0.356672
3.989835	1.003767	-0.032359	-0.240587	-0.055686	-0.356261	2.300757	1.210392	2.884674	0.060934
5.645897	4.263197	-1.036450	0.987377	-1.287053	1.482480	-0.157668	0.488030	-0.258930	0.676958
3.717983	3.848883	3.333881	1.287030	-0.460278	2.553711	-0.753283	3.777652	0.577450	2.804379
3.189392	2.024509	3.222938	-1.066116	-1.069743	-1.059038	1.658622	1.041549	0.565706	1.176435
-2.407775	3.599158	0.311822	2.017952	2.624371	-1.243839	2.566355	-0.816986	-1.938367	-1.124839
-2.139321	0.929513	0.025336	3.539245	3.954281	2.894838	2.015025	0.884039	-1.791975	-0.452806
-1.340747	0.139858	0.394081	3.397674	5.109201	1.500720	3.215338	-1.284884	0.151680	1.426669
-0.792155	-0.532322	-1.786041	3.429650	3.770249	-0.770463	-1.260601	-3.290463	0.233494	-0.257579
-1.814548	-7.083845	-2.237530	-1.321620	-0.497262	-4.721383	0.832612	-4.510005	-4.368534	-2.635314
-1.049029	-4.746325	-5.766887	-4.491225	-4.252218	-8.400513	-2.411818	-3.753818	-4.912205	-4.121101
-1.583301	-5.264778	-7.143511	-3.046558	-2.604006	-3.913324	-4.541091	-3.106210	-2.361820	-6.636808
-1.898769	0.744779	-1.648403	2.364088	2.642587	5.386410	2.914895	-0.118786	-0.467977	1.517400
-2.513635	3.285832	0.028835	2.525619	3.048170	4.938816	1.922839	2.053346	2.838125	2.083056
-1.031606	2.385565	2.798401	-1.515459	1.654756	-3.399479	0.896239	3.268379	-0.741410	-0.784409
-0.880586	3.350863	3.421192	3.264859	2.803852	2.166951	2.855694	1.549007	0.129119	2.869837
1.146720	-0.820988	-0.781096	0.399977	2.210768	1.685530	-0.391901	1.355223	0.120519	-0.107875
4.505207	-0.284004	1.202533	2.605198	0.350011	4.590383	3.494149	3.695822	0.949992	2.085885
6.632568	3.490503	1.969076	3.722724	1.165987	2.726435	4.157139	3.957196	2.992546	2.488246
2.620797	1.497616	1.571725	1.206657	1.094203	-0.191892	-1.813037	3.092740	0.171485	-1.066564
2.696489	-0.650476	0.366176	0.062997	0.399563	0.880625	1.663611	1.137749	-1.097882	1.115884
-0.800064	-3.234488	-1.577080	-0.395854	-1.373730	-4.241992	2.989376	-3.815583	-2.460549	-2.209185
-0.338567	2.556967	2.150851	-2.917098	-3.575772	1.387478	1.360448	-1.722061	-3.183609	2.921355
5.564372	0.766876	1.313861	1.805365	2.450538	1.442255	1.125216	3.195110	-0.197851	1.250828
1.968647	-2.183273	0.643140	0.953431	-1.590898	-0.052841	-1.704730	1.344326	1.143631	-0.853641
-0.314050	-3.656592	-2.134121	-1.508102	-2.539983	-1.328592	-2.355404	-2.002119	-3.085352	-0.357731
-3.341525	-7.960293	-4.525732	-5.286838	-3.530215	-7.714580	-3.610817	-8.894128	-3.683891	-3.436219
-2.184286	4.107913	2.203997	2.288620	2.623402	1.437111	1.816518	0.468796	-0.503375	-1.563385
-0.324240	1.819215	3.248353	3.191765	2.015865	0.586797	3.295085	-1.964452	2.737805	0.109289
3.313406	2.684102	1.657826	2.832694	1.688570	2.986392	2.841671	1.058625	0.004560	3.787924
0.961945	-0.993835	1.825101	-0.179101	-0.823588	0.063610	2.890560	-1.915575	-1.419499	3.315936
-3.378830	-2.362307	-0.369632	-0.271026	1.882885	-1.309835	0.323238	-3.970455	-2.489460	-2.804460
-2.079827	-7.242221	-1.143889	-3.527289	0.402881	-8.523634	-5.776612	-4.539717	-4.749713	-4.650447
0.850248	1.092914	0.247417	-1.547998	-5.188506	2.532126	-1.547405	-0.148262	-2.724647	-3.845812
4.280989	3.776490	3.896573	2.320739	0.255113	5.481354	2.574342	2.390107	-0.364348	2.355358
2.854087	-0.576100	-0.293138	1.019513	-0.183770	-2.303643	0.548913	1.679491	2.628693	-1.257424
-2.551863	-3.130963	-0.894129	-4.893885	-1.716267	-6.338957	-2.460409	1.937089	-0.813210	-2.709249
-2.196367	1.942395	1.202584	-3.339066	-2.959789	-3.488680	-1.437739	0.710401	-0.263946	-1.827006
-1.663433	-0.034730	0.836086	-4.042739	-3.560549	1.220891	-1.077695	0.474527	0.574996	2.660513
-1.734165	-1.020944	0.195361	-2.617915	-0.770159	1.585261	1.123808	2.555870	2.002429	2.800816
-0.183170	2.030149	0.553594	2.149695	2.528367	0.905334	0.667953	0.016629	2.243565	4.206911
-1.863353	-2.542052	-1.676432	1.803680	3.859413	2.142111	-1.118075	-0.329192	0.466316	-0.720198
-0.648019	-1.199752	-0.778130	-2.513671	2.171765	2.655194	-3.159392	1.822210	2.224793	-0.020006
-1.780073	1.585349	1.529982	2.918731	3.483407	3.447883	1.392887	2.255237	1.445008	0.285291
-2.368521	1.617251	2.183990	2.213373	5.365122	2.914776	2.941947	1.761794	2.409774	3.824398
-2.292566	0.602952	1.918679	1.602646	5.482892	2.886373	1.369076	1.738086	3.648702	2.102614
-1.404712	-3.438145	-3.129766	-0.141564	1.734001	2.652070	-0.653842	-5.260084	-1.319996	3.372143
-2.910463	-1.870839	-1.246459	-4.854168	-1.869270	-1.451836	-4.199217	-7.212208	-3.216309	0.449685
-1.962023	-3.688227	-3.567015	-2.257376	-3.680440	-2.200549	-3.995763	-0.343380	-1.032825	2.120739
-0.974093	2.224194	0.855355	2.717300	2.630573	0.122126	1.319610	-0.177894	3.132868	2.646705
0.013422	1.497630	0.235336	4.500949	0.020849	1.725482	1.246591	0.229059	0.239880	2.666182
6.052920	1.882985	3.010717	5.551760	1.721869	5.837813	2.332471	4.036588	2.265923	3.550767
3.645801	2.783968	1.895086	2.837223	3.584514	5.266612	3.098742	2.136200	1.031809	1.883058
2.304562	2.750584	1.570534	-1.000971	-0.723138	0.638970	-2.393703	1.770707	0.929347	-2.627148
-2.283897	-2.364857	-0.578550	-1.823932	1.520496	-5.151020	-2.600672	-0.059582	-0.919750	-2.058455
0.890622	0.471055	-0.478875	-0.467269	-1.390806	-0.863167	0.664932	2.372045	1.575827	-2.535066
-0.351080	1.552529	-0.492047	-0.481390	-0.356063	1.685919	-2.069596	-0.584000	2.291991	-0.145786
0.532596	-0.356322	-2.149974	-3.002903	-2.519094	1.218328	-2.340459	-0.778805	0.936450	0.716482
-0.999949	-10.246886	-4.798862	-3.377014	-4.007619	-4.334949	-1.729059	-4.776458	-4.189583	-1.521469
1.752886	-0.028250	0.267186	0.863270	-1.644356	-0.861423	1.671405	-1.850543	-2.496800	-1.336743
4.122302	4.702601	1.029666	4.078644	0.998674	4.422095	3.810033	2.250553	3.718511	3.135955
1.256102	-0.352117	0.526276	-0.300196	1.359255	1.808796	-1.294072	2.249545	1.727960	2.136820
-0.614114	-2.472289	-1.825884	-5.107254	-2.835632	2.106867	-3.235509	2.342249	-0.159643	1.185945
4.934158	-0.186097	-0.433014	1.763669	-1.026604	2.289400	-0.911570	2.307879	-0.121289	-1.701573
1.898520	3.069477	1.460688	5.083169	3.543222	3.307882	4.098448	0.225154	1.586133	1.853859
-0.113924	3.419552	1.644425	4.540447	2.526631	1.386405	1.100353	0.265588	0.479632	2.043936
0.709329	1.739848	0.784001	2.340504	2.982207	4.297756	0.850254	-1.956399	0.593418	2.496253
2.559982	2.466085	3.551124	2.572841	6.404636	3.506127	0.865160	1.481708	0.577699	1.002605
-2.329359	1.899185	1.397100	0.382461	2.737704	-0.366193	-0.478618	1.883627	0.450287	0.298387
-1.007391	0.533769	0.028937	-1.563431	2.544998	2.092787	-1.745269	1.084678	-0.019012	-0.915306
2.138391	0.293259	-2.266154	2.705068	-0.102493	-0.023442	-1.200579	1.290877	0.915213	-1.270579
-1.604108	-7.622221	-6.238563	-0.935235	-2.319981	-8.797988	-3.515736	-6.660357	-3.573930	-4.925636
-1.569383	-5.989249	-2.598976	-2.941132	-4.229074	-7.877660	-3.831323	-7.016706	0.560368	-6.212481
-2.502128	-0.252599	-2.491580	-2.843714	-3.154783	-0.576064	-4.950426	-1.008452	-0.915786	0.078782
0.109061	-5.875549	-4.415561	-3.304673	-3.562313	-1.543309	-2.931328	-3.840477	-4.567883	1.928249
-2.168109	-5.942674	-6.294802	-2.309596	-2.126573	-3.892201	-3.366212	-3.659063	-2.339415	-3.995382
-1.356032	-2.488650	-5.209487	-0.983774	-3.514467	-6.699244	-0.787359	-3.658692	-2.040075	-5.686816
-0.699803	-1.675351	-6.257797	-3.865692	-3.592600	-6.305445	-4.055652	-2.423547	-3.785856	-3.048155
-2.720017	-3.047255	-3.409914	-3.658536	-3.807776	-0.629308	0.500228	3.502988	-1.486051	-4.256601
-1.000366	3.053365	3.010081	-3.575093	-1.138895	0.686264	3.898200	3.394030	-0.892354	2.217143
0.236254	4.932331	0.447610	-1.961146	-1.992160	-0.173332	3.639285	2.062495	1.722842	1.522774
-3.584350	-0.275032	-1.426007	-4.204279	-3.364871	-0.804300	-0.592199	2.847397	-1.697158	-3.062208
-3.153172	-0.797901	-1.957949	-2.940975	-1.479425	0.408660	-5.145531	1.128352	3.113352	-0.374805
-1.117108	-0.297953	-1.091794	-2.994316	-2.746821	2.446746	-2.583492	-0.523028	1.477775	0.921480
-1.818951	0.116534	0.121981	-2.670283	-4.129056	-0.988341	4.131038	-7.091730	-3.916483	-0.571553
-1.609597	-3.099118	-0.414102	-4.288457	-2.274126	-7.642603	-0.515423	-4.203642	-3.479620	-4.707806
2.004660	1.747012	1.110679	0.826380	1.108675	0.656363	-0.435954	5.605747	0.654768	-1.067880
4.532624	1.753044	3.518346	1.897749	4.110352	2.051957	3.592061	2.676346	1.744384	1.267824
2.882300	1.279397	1.938123	1.068370	2.703213	0.804182	0.206242	-1.319437	1.861829	4.995006
4.257993	-0.516511	-1.476069	1.393361	-0.233036	-1.945160	0.049305	1.252207	0.020404	-0.263637
-1.119595	-2.643763	-1.106808	-1.382155	-2.112684	-2.172565	-0.020834	1.724082	2.517910	-0.736404
-2.092960	2.216156	1.662128	-1.255761	-3.088325	-2.114230	2.816542	2.293194	2.885246	0.753602
-0.345198	1.955361	4.121358	-3.492435	-1.584547	0.075448	0.727746	2.179647	2.019212	2.988481
-2.202307	2.406865	0.790003	-4.181459	-2.711142	-2.479925	-1.666408	4.682241	0.862706	0.147131
2.851115	2.898080	3.113683	0.642587	-0.430297	0.460354	-0.237408	-1.469322	-2.023874	1.845252
3.278069	0.552316	0.947715	0.885020	-0.171202	2.405791	0.880058	-0.334343	-0.017633	3.660840
2.080057	0.088481	-0.922283	3.437059	3.669954	3.270391	0.454899	2.895576	-0.456473	3.148395
1.872680	2.601884	0.944706	3.088321	3.433483	1.317559	1.336723	0.827430	1.050200	0.192114
2.850437	1.491428	1.190297	2.509522	0.668197	2.575601	0.028238	3.907816	3.298080	0.513395
3.169628	4.546519	2.431703	3.293777	2.550407	3.605822	3.978049	4.748826	3.111962	2.070635
-0.231748	1.863359	2.854738	3.384001	0.041726	1.554028	1.095160	1.976452	2.962138	3.389732
-2.202592	1.169748	0.788812	-0.769094	-3.871034	-1.210275	-3.142127	2.397985	-0.423901	-1.940219
-3.404708	1.172985	0.451537	0.388806	-0.083761	0.984417	1.397990	1.068214	2.641437	-1.362719
-2.813197	2.357468	3.622820	6.784310	5.297156	2.408411	7.017309	1.703127	1.579942	2.128626
-4.062362	1.019893	0.947069	2.195929	5.026729	2.357712	3.327030	1.367211	2.983105	2.396312
-0.055109	0.326553	2.007389	-5.045630	-3.721631	-2.056175	-3.917053	2.294551	-1.397187	0.637336
4.345760	3.149941	1.769286	0.027040	-2.790312	1.186256	-1.969345	2.521731	0.570255	1.085692
1.001639	0.630748	2.037760	1.976545	2.851595	0.943108	2.475949	0.121834	1.808518	-1.071524
-2.307178	-0.931536	1.218514	3.176088	2.544602	-2.092913	4.081018	0.053542	0.595590	0.229882
3.738904	0.275476	0.387848	3.219773	0.699118	2.157197	2.292754	1.161036	0.068357	0.444304
4.874878	2.676672	2.149658	0.454099	-0.133948	1.584642	-0.401354	4.233796	0.832604	-0.329863
0.796037	0.956336	1.632043	-0.947933	-2.071687	-3.590574	-0.211520	-0.864899	-2.058882	-2.797925
-3.840127	0.381052	1.873098	4.119774	1.270111	1.722053	1.763643	-6.148869	-1.421218	1.467612
1.557680	1.811804	0.622916	3.721116	3.825651	3.303926	2.801921	2.390962	1.958381	1.083741
4.654349	5.188874	3.115391	3.873589	4.883543	3.745648	2.918096	2.379171	2.869900	2.303256
3.857771	1.338341	2.713013	3.049587	-0.513808	1.457821	5.547852	2.260937	-1.512578	2.348352
3.095038	2.763986	1.581173	2.640102	-1.401095	3.550349	0.015971	5.526034	2.209231	-0.083080
3.378440	3.455088	1.957160	3.150124	0.182687	1.814534	3.165634	3.265540	2.304211	1.487256
-1.476932	-0.950975	-1.227138	2.751745	2.748944	-0.231522	-0.220278	-5.750070	1.236244	-1.132047
-1.352588	-2.749525	-0.483433	1.696051	3.542480	1.833682	1.094914	-5.328019	-0.811784	1.903105
1.173364	2.795715	-0.721040	0.400332	3.118999	0.614849	-0.325711	1.410568	0.814009	1.729805
2.234112	1.920523	-2.710672	-0.661127	-0.903695	-0.589020	-2.363372	2.981467	2.527806	-1.982250
-0.224653	-2.564825	-2.157546	-0.976440	-1.291798	-1.421524	-1.537091	0.488855	-1.663807	-2.668767
-4.194441	-8.190253	-6.472476	-2.222221	-1.464709	-5.405260	-2.693090	-9.313392	-4.183647	-5.376151
-1.587962	1.496015	-0.662980	-1.693987	0.503075	0.607872	-2.200390	0.754704	-1.875330	-0.892805
-2.369526	3.221757	3.271027	3.915647	4.160656	2.790475	-0.034111	1.150921	1.084230	0.450566
-1.147442	5.527849	2.363927	4.698863	4.137636	3.125448	1.631225	1.649636	2.608017	2.677059
-3.801222	-0.250432	1.346904	0.776944	1.115315	-0.934605	-0.212102	-2.452672	-0.080982	-2.185630
-0.181374	-12.896109	-2.140561	-3.830726	-4.304704	-7.000483	-2.603712	-5.560723	-3.528880	-5.048101
-1.212508	-3.930103	-3.023983	-4.017065	-3.657521	-4.040085	2.514376	-4.251637	-4.319991	-3.924957
0.146367	-1.131037	0.789920	-0.406591	-1.021735	2.369792	-1.319956	-3.651431	-3.298927	2.957902
2.973041	2.973468	2.180532	1.752779	-0.510546	1.245149	1.674573	2.739275	1.579501	2.140775
0.476506	-0.174507	-1.556165	-1.770572	-1.477753	-0.748009	-2.599653	0.906666	-1.069318	1.613563
-4.675446	-5.780382	-1.491586	-3.754860	0.018144	-0.269982	-3.978849	-7.579974	-4.144194	2.629769
-1.003524	-4.381976	-3.673747	-1.941302	-4.676755	-4.821865	-0.931430	-3.109260	-3.998936	-3.037406
1.274864	1.178595	-1.481063	-1.005913	-3.339748	-3.106055	-3.215109	1.174195	-0.875952	-4.287159
-0.652289	1.203813	0.341952	-3.979808	-3.418136	-1.704548	-3.029798	-2.665021	-0.883849	-1.221885
-2.969191	-1.714936	-1.110917	-3.679401	-1.883718	-1.483040	-2.297907	-2.958720	-1.271534	-0.286679
-1.464448	-6.693167	-3.662281	-5.171405	-2.699993	0.405874	-2.936246	-3.350311	-2.306112	-0.416835
-0.801167	1.932607	-0.573553	1.337666	4.147640	0.468700	1.575778	4.143796	1.990713	0.147054
2.047047	2.053475	1.859055	2.056703	0.905781	1.606242	-0.140941	3.165095	2.223737	0.821494
-2.163712	-2.152675	-1.085767	-2.752604	-4.586368	-1.900393	-4.216807	-0.623421	0.798357	-1.200904
-2.725950	-1.634251	-0.938828	-2.750166	0.199994	2.765302	-2.475523	-5.473456	-2.754628	1.367968
-0.756571	1.515939	-0.443737	0.912611	4.452069	-1.455167	-0.398790	0.075084	-1.108019	-1.009380
0.149019	-2.559213	-2.937101	-1.679980	1.143958	-1.598792	-1.781808	0.787998	-0.764515	-4.523336
-1.257181	-2.667912	-2.875127	-3.654144	-0.943837	-2.282865	-0.826975	-3.531316	0.483484	-3.650489
-4.298078	-6.145161	-4.264219	-3.169484	0.121387	-4.236778	-1.572986	-4.336159	-4.556720	-5.067126
0.678427	-0.354664	-1.194384	-1.121103	-1.254669	1.739378	-3.335936	2.034470	-0.117922	0.773366
5.130730	1.884577	-0.941323	1.305998	-0.166702	0.260411	-0.126519	3.644972	0.761379	0.543600
5.222528	0.727662	2.082861	0.995819	-2.396409	-0.601467	1.780775	1.946551	-0.607211	2.604492
1.415220	2.556892	3.998165	1.723763	-0.481088	3.142151	1.244354	1.658408	0.015813	3.921355
2.943003	1.472068	0.741491	-0.423967	-2.498335	1.940376	-0.424268	0.377450	2.728556	1.891106
-2.715625	-2.504407	-1.468762	-5.241768	-1.601148	0.101718	-3.016881	0.209380	-0.088974	-0.192342
-0.822765	1.749372	1.796408	1.329568	2.149176	2.203388	0.845431	5.342806	2.519529	0.622330
-0.026018	2.374709	2.267202	2.605846	3.647240	3.693797	2.938782	4.437833	1.427973	1.899035
-0.888487	-4.333891	-2.417075	-1.037925	-0.640652	-0.592246	-2.919910	-2.619030	1.578966	-0.660108
-1.814570	2.158481	-1.616520	-3.889235	-5.432698	0.255871	-5.764029	-0.687877	0.157617	0.348916
2.538330	2.161330	0.198072	-1.261675	0.795604	1.600458	-1.003155	4.538402	-0.265766	-0.657978
4.088113	1.984867	1.271006	4.024568	3.470459	1.992927	1.992429	1.248515	2.104628	3.062328
0.357778	0.100099	1.137888	2.747006	2.599167	0.196887	2.517145	2.048673	1.126308	0.764250
-0.368475	1.841436	-0.882275	-1.414848	-2.119168	-3.723452	0.217913	2.995784	0.552484	-1.777098
1.555954	3.755889	0.246623	0.467620	-0.484845	-0.491878	-1.204646	3.587559	1.652765	-1.041800
1.103264	-2.405532	-1.958410	-4.203075	1.849438	-0.327183	0.669690	-5.446793	-3.287139	-1.926841
-2.660745	1.282785	2.724934	0.308982	1.642482	0.384344	2.029643	-1.111759	-1.033216	-1.587207
-2.916874	-0.649749	0.737864	-0.357193	2.042688	-1.298490	-0.103065	0.626469	0.191743	-1.458984
0.143977	-6.942823	-2.391213	-2.200884	-1.795044	-1.016874	-1.911312	-2.663396	0.939648	-2.576860
-2.625993	1.708176	0.217712	1.792525	1.171085	-2.890202	-1.220575	-2.372246	-0.835191	-0.652321
-1.562683	0.125060	2.212048	-3.930348	-1.868724	-1.182566	1.579866	-4.210168	-5.399664	0.069443
-2.169195	1.596142	1.802704	0.687113	3.165926	3.564441	3.245836	2.904348	-0.392662	4.480042
4.890171	3.412833	2.505489	6.363025	3.027734	4.044024	3.950554	4.923412	4.121126	4.552486
3.691914	5.795647	4.182812	1.364904	-0.660904	3.547791	3.896041	3.138534	1.116008	3.749684
-1.132367	-1.419605	3.238081	0.991767	-0.233290	3.844144	1.243919	-4.787776	-0.085407	4.155443
-2.029773	-1.195110	-2.078995	-0.236969	1.304571	-0.752813	-1.124793	-3.271607	-0.331710	0.479868
-3.845404	-1.974555	-2.736208	-0.570690	3.496374	-2.199776	-1.911276	-3.182551	-0.589095	-2.569535
-3.354662	0.371270	-3.343549	0.112420	1.806913	0.166357	-0.419711	-1.879098	2.724848	-0.798163
0.009452	-0.492423	0.346789	3.018977	2.348282	2.053186	1.813818	-0.743940	1.091126	4.753387
1.460037	2.027778	0.039415	3.887693	2.330773	2.920811	2.428929	0.779633	1.564544	3.671715
1.509091	2.056385	0.416734	3.926184	0.748078	2.316632	2.457636	1.180827	2.071610	-0.914678
-2.051588	-9.658894	-5.466346	-3.471340	-2.744411	-5.433953	-4.422046	-5.228550	-4.221472	-1.039594
0.247600	0.917054	0.157981	-0.064466	-3.397906	2.116853	-0.796704	2.924810	0.237204	0.389864
5.727653	2.960038	3.216821	5.391018	0.793684	2.233146	3.655373	3.118412	2.921943	1.803890
1.003168	-1.812833	-1.043921	1.488220	0.387047	0.680121	1.887297	-0.542337	0.449748	2.517680
1.895145	3.084150	-0.144740	2.367451	-1.571629	4.943371	1.805277	2.097369	0.289424	2.731726
4.295082	1.339596	0.915168	0.534817	-0.638158	-0.061909	-0.228980	1.609833	-0.182827	-0.861980
2.205476	3.368512	3.983407	1.857627	-1.288653	1.201372	1.833633	2.576061	0.284597	0.470951
2.368127	0.661507	1.485680	1.263185	-0.991128	-0.645896	1.346623	1.902856	0.831998	-0.737991
0.085832	-5.174613	-3.371111	-1.153904	-2.765499	-5.519222	-3.700408	-1.183679	-0.147322	-3.317320
-3.030210	-2.741442	-0.348864	-3.411035	-0.683382	-1.448216	1.890044	-4.748540	-0.788664	-1.467349
-2.432700	1.888027	0.556224	-0.555307	4.575007	2.550708	1.803179	-2.518727	-1.389326	2.284406
1.696560	-1.301402	0.131751	-0.070718	1.312352	1.876138	-0.757601	-1.212038	-1.464709	3.153530
3.655469	3.036277	1.578920	2.787931	4.863335	3.331161	3.649101	3.970829	1.629885	2.736404
3.326425	-0.232732	-0.342072	-0.079959	0.967637	-4.089939	3.693483	-3.091127	-0.976744	-2.733790
-2.899372	-1.243427	-1.808224	-3.558591	-4.045558	-10.590277	-3.030059	-4.031607	-3.299499	-3.696870
-3.489424	0.029497	-1.344339	-5.534867	-4.399870	3.073832	-5.862130	3.691990	-2.508882	-1.273859
-3.594730	1.294441	-0.990217	1.740007	-0.504817	3.353770	-0.866036	2.241060	1.562505	1.083823
-2.474792	1.934907	0.751037	3.940226	2.342982	0.863720	3.703115	2.597002	-0.528543	1.838253
-2.408411	1.211497	1.519621	2.029685	0.356208	0.672763	2.198916	1.539514	2.231371	0.306909
-2.501185	-1.937088	1.650431	3.421077	0.698342	3.276382	0.732857	-2.575309	-0.357756	0.251066
-2.631315	0.856551	0.818364	1.127093	2.003566	-0.250444	1.364528	2.348429	1.603570	-0.392499
0.126700	2.392714	3.374314	2.132625	0.786261	3.553666	1.153417	3.128324	1.623444	2.127989
-1.003541	0.312700	2.480077	1.725263	2.523308	3.706792	0.147912	-0.169829	4.187462	1.501004
1.572765	0.576307	2.871648	1.198696	4.326189	3.787214	0.987901	0.904464	0.623218	0.741321
1.246918	-2.125866	-0.517780	-2.428386	-1.595013	0.230111	-0.473129	-0.506903	-2.775994	0.733714
0.222219	-0.997522	-0.627512	-2.234096	-3.518516	-1.019038	1.588207	-1.757137	-2.694180	-0.145342
-3.703730	-3.182365	-2.512155	-3.908845	-1.910438	-4.392254	-4.191706	-5.044445	-3.919445	0.663127
-0.325527	-3.685698	-3.494515	-3.493847	-4.115193	0.747943	-4.017081	3.690265	2.011403	-0.045407
-1.544469	-2.703525	-1.847399	-3.979814	-1.328897	-1.551870	-2.004235	2.495484	4.185858	-2.639767
-3.654155	0.779049	-0.555515	-0.080060	-0.851066	-2.748912	2.168518	0.483405	0.579614	-0.629180
-2.218981	3.584119	2.252530	2.468700	1.149687	1.141495	2.503260	-0.829382	-0.377637	3.841329
-1.156545	2.650078	0.835528	2.316253	0.864748	-0.464870	2.175477	-1.378886	0.526299	0.020235
-3.683944	-2.005478	-3.259427	1.134384	-2.111394	-5.292027	-2.453447	-0.092618	-1.897686	-2.387086
4.274127	0.719643	-1.417944	-2.794421	-3.069750	0.609305	-3.748730	0.073013	-0.576297	-0.396458
2.225969	-1.939365	-2.636632	-1.294778	-0.829831	0.655904	-2.522285	0.733795	-0.104743	-2.774704
-1.157511	-2.135911	-1.065997	-0.510699	0.272954	-1.395548	-0.955629	-1.522681	-2.427230	-1.635147
4.678188	3.104198	1.428253	3.442599	1.718498	3.567230	4.638523	2.179973	2.649734	2.454691
3.216272	1.146954	1.052208	2.941603	-0.200905	1.853920	2.901555	2.072346	2.274144	1.035791
0.156846	3.386948	0.110662	2.892599	1.577338	2.757303	3.877553	0.709526	3.091692	0.343931
3.169512	2.504271	0.767407	2.211772	0.940424	0.741662	2.224003	0.924902	1.720672	0.399193
-3.159823	-2.795086	-0.181366	-4.474690	-2.632149	-5.585619	-2.742308	-4.458038	-2.900523	-0.995740
-2.653255	-6.329533	-1.485964	-3.178702	-2.764183	-4.671656	-2.694295	-4.846706	-4.842800	-3.508385
3.467921	1.171920	0.870306	2.373925	-2.314178	3.151636	0.412831	4.600987	1.686237	-2.639558
3.505310	3.395664	0.511436	2.971878	1.081568	2.196843	-0.434942	3.881829	1.932781	1.042227
3.827617	3.745488	-0.196181	1.145344	-1.974042	3.891251	-2.446425	2.803508	1.475327	1.944957
0.863947	-1.446418	2.591648	-1.290686	-0.760404	-4.582752	-2.232229	-2.525088	-2.518632	-2.550079
1.131505	2.117736	0.513517	-3.579425	-3.278412	-6.635178	-3.235463	-2.131970	-3.477799	-3.862593
-0.062503	1.388637	-0.154882	-5.283280	-3.293159	-5.018237	-2.721135	-2.168748	-4.443279	-5.363391
-2.281872	0.340977	-2.567253	-2.845363	-1.381636	-1.648640	-2.902353	0.602866	-0.768676	-4.188483
-0.880797	-1.131855	-1.291803	-1.582581	-2.547433	-1.274795	-2.982825	1.116461	1.993904	-3.009674
-2.966473	-0.144871	-0.356638	-2.273541	-2.178838	-4.162010	-2.478354	-3.288672	-0.940240	-2.695569
-1.628194	-4.906881	-1.809761	-0.782752	-3.011339	-0.865492	1.507352	-3.490844	-2.759012	-1.313771
-1.128055	1.723505	-0.605479	1.480482	1.137179	2.382454	3.424992	-0.175563	0.074586	-0.340181
-2.939652	0.861277	-0.347294	4.385255	1.945531	3.783322	1.788561	1.362561	2.154551	3.392899
0.300923	3.201024	1.400888	-1.455937	0.598535	3.835109	2.306158	3.214121	2.142682	3.652772
1.943272	1.227238	0.372866	3.575402	3.191107	1.490213	1.319182	2.098009	2.695377	1.333840
-1.652798	-0.739193	0.866335	3.323371	3.321768	2.714930	4.136934	-2.119882	1.471337	1.206107
-1.949182	1.048025	0.578695	-1.359433	1.155937	-1.774539	2.522415	-5.398758	-3.323739	1.798478
4.006124	3.271082	2.922442	0.195491	-0.201663	-0.661193	1.614527	0.008375	0.994849	0.167261
2.251326	5.185869	2.629576	2.679043	2.915590	0.699868	-0.666628	2.086614	0.276903	0.093663
1.336328	4.626580	3.841096	2.845723	-0.924981	2.981046	2.060556	2.694055	3.068025	1.680495
5.615235	-1.937193	0.153402	2.237236	-1.540251	2.774946	-0.233416	3.427694	0.919217	0.405366
-1.679847	-5.970055	-2.958705	-2.010016	-0.328995	-4.779430	-1.726438	-3.314269	-1.559819	0.085289
-2.546914	-1.389113	-1.629525	-4.620829	-0.905687	-1.710174	-2.719504	-2.583837	-0.232078	-0.295623
-0.613361	1.421628	0.803844	0.054104	-0.756399	2.049418	1.478396	1.379893	2.948943	3.535745
-0.840684	1.228464	1.817806	3.966788	5.466595	1.155253	3.202669	1.229420	2.829749	2.755207
-1.906578	-7.646707	-1.549039	-0.732069	-0.454376	-6.633560	-0.796175	-2.329953	-1.926553	-3.669719
-1.098737	-7.438290	-6.400385	-6.965858	-6.258284	-3.380213	-7.243025	-2.226422	-2.612059	-5.099417
-3.762557	-6.087784	-5.299728	-3.685471	-4.305100	-0.178597	-3.192071	-4.941382	-4.381962	-3.729368
-1.691234	1.258208	-0.762064	-3.427896	-5.569395	-0.721400	-3.814400	1.890771	-2.900053	-4.145252
-0.786662	0.598387	1.453814	1.093676	-1.116339	0.174987	-0.172299	4.677445	-0.069826	0.938849
-0.912836	2.610555	2.430611	-0.571542	-0.973903	-5.878624	-2.424157	-3.318852	-1.563171	-2.913543
2.309148	1.732314	-0.600766	0.585063	4.615344	3.816980	-0.667758	0.723288	0.966620	-1.411908
3.740895	3.523766	1.947792	2.618704	5.568331	4.454611	2.457010	4.324077	4.038957	2.346077
2.568710	3.145515	1.617892	3.970396	2.003987	1.874383	1.408263	5.069926	2.982851	1.165934
5.750500	1.613769	1.548844	-1.584146	-2.595057	0.650110	-1.233185	2.441746	0.905913	0.230285
2.084368	-3.273569	-1.176044	-1.487506	-2.162772	-1.537394	-0.517218	-5.808448	-3.004747	-0.048046
-3.486180	-6.467189	-3.868460	-4.268169	-3.094230	-1.064714	-3.771720	-4.209541	-6.166516	-3.188538
1.712163	-0.603785	0.056606	1.410185	1.683498	1.766065	-1.663277	1.080781	-0.462483	-0.884765
4.210000	1.301755	0.883866	1.334371	3.417041	1.296659	2.960229	2.058036	4.506566	1.769995
-0.470461	-2.325061	-3.053568	-1.954592	-1.460074	-4.252317	0.598413	0.413041	2.039844	-2.654234
-3.062916	-2.711520	-3.016884	-1.612485	-3.305120	-7.892947	-1.911610	-7.817186	-2.725036	-4.525330
-2.816057	1.643490	1.480633	-0.089790	2.096430	1.615386	0.280378	-3.702724	-1.359960	-1.232768
-1.502580	-2.893917	-3.084405	-1.762187	0.094901	-1.134101	-0.702409	0.248646	-2.090615	-1.073325
-0.936877	-4.241328	-0.382683	-0.779256	1.707018	-0.282394	-0.882653	-3.029055	-2.481985	-0.010180
-2.291442	-0.444627	-1.373686	2.446423	2.274304	0.627426	0.889959	-1.828305	0.001844	1.875892
-1.622969	-2.773597	-0.466199	-0.555331	2.289384	-0.560526	-0.788455	-1.168182	-0.485814	3.188011
-1.111151	0.003377	-0.603905	-2.388398	2.774979	-0.062634	2.486818	-1.833564	-1.573144	1.826499
-0.507481	0.450713	-0.974190	1.748843	-1.176191	-1.408979	1.165694	-2.234826	-0.005331	1.026778
0.500549	1.153530	1.087164	2.953811	0.124396	0.266052	4.189586	1.519553	1.159440	-0.524633
-2.241856	1.223547	2.939274	1.944327	4.758157	1.472078	1.690308	1.508498	2.544783	3.668488
2.167813	-0.450917	0.370257	-1.588290	0.166410	1.866513	-0.924525	0.628034	0.250313	1.432458
1.517063	3.383658	1.005729	4.287980	0.088573	4.698273	2.175398	3.036684	1.657344	2.685496
3.636001	2.753093	4.050109	3.146356	4.432659	-0.206627	5.196089	0.863172	3.346990	3.146220
-0.742865	-4.309292	0.677915	0.936557	-0.737617	-8.139471	1.230461	-5.341977	-2.287234	-0.212553
-2.672128	0.486324	1.437565	-5.988200	-5.283143	-0.748545	1.397225	-8.277539	-6.240215	0.508093
-1.616779	-1.098037	0.335175	-1.865995	2.609693	4.554466	-1.140111	-1.043891	-1.761840	3.106772
-2.621912	-1.362753	-1.174534	-1.118112	2.055000	2.067076	-3.459235	3.349090	-0.056696	1.581000
-2.421319	-1.473204	-1.827847	-0.319134	-0.214613	3.409797	0.216560	-0.378471	2.271730	0.190689
0.699408	1.303733	-1.108443	2.422354	4.626062	3.609644	1.502982	-2.016754	1.418248	2.614952
3.828877	2.620979	-0.753806	2.068369	3.985530	1.657328	2.852940	1.876665	2.056370	1.352999
2.339895	3.284455	0.327182	-0.067377	-1.690005	2.950362	-1.511761	2.211406	0.274608	-2.564357
2.239270	0.072382	0.671939	2.185631	-1.276440	0.840658	0.993985	1.750790	0.945670	-0.412609
-1.444392	2.406580	1.078182	2.893505	5.031028	2.933426	2.972383	4.437336	3.079666	2.072553
5.246918	3.246571	1.859229	2.829357	4.574597	3.456376	4.091437	5.005564	2.105905	3.359536
2.707706	1.408774	0.308095	-2.272804	-1.456832	-3.301881	-2.368749	3.562591	1.101593	-0.991254
-2.444322	-3.652891	-1.138202	-3.185867	-4.915762	-7.441435	-4.668374	2.189034	0.752039	-6.706810
-3.595458	-1.329807	-1.198748	-5.175024	-2.293898	-0.370578	0.347564	3.539609	-1.678452	-1.906828
0.170404	3.327445	1.230774	-3.098968	-2.540844	-1.930403	-2.271434	-0.185571	-3.890675	-1.679404
1.663470	2.834783	2.491178	3.792706	0.539593	4.310200	1.131933	3.351809	4.103275	-0.705235
4.011145	3.961722	4.045480	5.926104	6.339205	6.184737	3.645464	6.224460	4.452701	2.927580
1.761134	2.170378	-0.456209	3.646729	1.344184	1.014814	1.668157	4.736394	2.177406	2.025644
-1.775356	-11.703034	-3.842074	-3.504516	-4.053281	-14.655962	-4.350290	-10.943681	-3.700210	-4.863443
-1.794722	-1.365401	-3.110602	-2.280631	-3.522702	-1.036186	-4.390779	-0.533657	-3.334644	0.099217
-1.149559	1.805489	0.165216	2.209384	-1.617590	1.676347	0.413386	0.451874	-0.800998	2.414025
-0.430665	-0.090651	0.762294	-0.155471	-2.397860	0.931841	-1.285099	-0.688084	-0.558572	1.828579
-2.257835	1.748889	1.976441	3.211999	1.590174	-1.770700	5.295963	-1.897226	1.215732	-0.102423
0.307934	2.167717	1.052566	3.969192	4.154296	2.192427	5.264164	1.230549	3.194109	2.957414
1.752242	0.461041	0.626077	2.077202	2.754489	0.058524	3.650501	1.350043	1.490057	-0.211111
5.417392	2.729869	0.997284	2.539022	-2.546964	1.428795	-0.411233	3.183455	2.555871	0.575297
1.490786	0.985805	-0.429508	1.130245	-1.354583	-2.000560	-0.333645	-0.707816	-0.557955	1.811034
-5.036778	-3.287246	-1.417693	-3.304138	-2.404086	-2.422139	-2.636642	-2.343574	0.307173	-2.853306
-0.325698	3.078519	1.974435	1.003563	-1.508794	0.435159	-1.224231	3.118277	2.216546	-0.829827
-1.323175	3.905701	2.857879	2.476737	4.730572	3.822433	0.750481	5.565330	3.400458	4.289065
-2.923311	2.171700	-0.517756	1.464372	2.681590	3.716285	2.393586	4.519980	1.476499	1.948065
0.902893	-1.371684	-1.810770	1.805554	4.753438	-1.213588	-1.628525	-0.791984	2.434760	1.118065
-1.216267	-1.461154	1.018540	0.367570	1.056594	1.506615	0.033341	0.700030	1.445030	0.213861
2.848807	4.906587	3.034573	4.466604	2.439632	6.486891	2.301974	3.517311	3.767099	2.750146
3.982010	3.506433	2.682230	2.563539	4.322830	6.074939	-0.174734	4.324847	4.764755	2.333513
4.706339	2.254679	0.519409	4.137960	5.234962	2.188056	1.398608	3.183625	2.735886	1.681556
2.216688	4.218017	2.950007	3.168748	3.430205	2.524341	3.754992	0.822331	1.483780	1.942868
-1.711848	0.810938	0.458921	-1.352714	2.710132	-3.035311	-0.481691	-4.905750	-2.104577	-1.050358
-1.065276	-6.583766	-2.508852	-4.285847	-4.412181	-8.449101	-4.869050	-6.132334	-4.205698	-6.168627
-1.191402	-3.523808	0.498581	-2.247470	-3.589661	-1.741534	-5.635595	-1.974637	-5.847397	-5.876346
-0.727135	1.877801	1.792815	-3.354503	-2.579134	-1.288014	-2.692332	3.192224	-3.863788	-3.180122
-3.090782	-1.448752	-0.598257	-2.117967	-0.636325	0.170554	1.852828	-1.082071	-1.194885	-0.258161
0.558749	-2.784581	-1.883742	-2.452783	-3.912760	-1.638133	1.464777	-4.456038	-2.944704	1.317731
3.519348	0.014499	-0.950950	0.303827	1.423533	3.646720	-0.116392	1.759002	-0.085259	1.648148
2.092005	0.562671	-0.057287	0.204442	-1.757370	2.415807	0.018411	-0.126170	-1.542365	3.894385
-2.451289	-2.407181	-1.934066	-1.432661	-3.043197	-7.824878	2.473079	-4.496774	-2.151439	-0.203565
-3.119744	1.952926	2.357604	2.811196	2.244027	-0.368640	2.496903	-2.358730	-2.049593	-2.781007
1.440327	3.568672	2.841512	4.110491	0.403076	2.325515	0.785976	2.709641	2.095854	1.037155
5.463315	3.231239	1.885245	0.974202	-0.971776	4.507380	1.027890	4.604218	2.196790	1.621514
3.261407	1.606607	0.740692	-0.391795	-0.837355	-0.722852	-0.105962	5.154480	2.743497	-0.665334
-1.956109	-5.233345	0.169439	-1.715421	-2.320084	-5.128387	0.228712	-6.743094	-0.182938	-1.296693
-1.834145	-2.666637	0.003573	-4.494798	-2.868090	-6.642933	-3.983294	-6.184824	-4.886931	-4.574369
2.737987	0.115809	0.021781	-0.616049	-1.235297	0.594103	-3.334688	-0.385133	-2.058598	-1.900666
3.505074	3.129072	2.096548	0.929104	-0.567828	4.876312	-0.085176	2.195960	-0.359152	1.971113
5.744703	3.673730	1.267059	2.111740	1.571892	3.928786	1.085635	3.744132	-0.908708	1.790663
-1.160139	0.295459	0.899300	0.230438	3.163641	2.207417	0.819639	-3.520135	-0.167680	-1.014221
-1.904766	-2.465861	-1.270445	-2.877722	-2.250505	-3.128404	-3.231272	-2.837464	-1.176583	-1.238641
-1.237589	3.175945	2.339408	-3.233563	-1.039368	0.669114	-1.210902	1.893627	0.964269	-2.434403
0.730676	1.575155	1.193246	-0.413803	1.640332	0.556862	-0.396558	-0.173283	0.300165	0.972991
-2.466783	-0.552152	-0.516850	-1.620963	2.207773	-1.529271	5.721954	-3.340813	-0.259611	1.051437
-0.512279	-1.730102	1.162106	-3.682261	-1.570166	0.504006	4.126327	1.849118	1.390330	0.417230
0.536474	1.068985	-1.267002	-0.101115	-0.659304	-0.004718	-3.487244	1.084490	2.166676	0.493767
0.005263	1.285286	2.554409	0.506755	-0.166860	-0.952353	-2.611064	0.755087	0.072114	0.496943
-0.469824	4.850779	2.126525	3.504433	1.864748	1.618690	1.794058	3.675890	5.842433	1.123956
-1.639202	2.876641	-0.409072	1.040601	-1.022798	-1.482301	-1.011681	2.406781	-0.233479	-0.200200
1.566818	-3.482548	-0.067896	2.422744	-1.276014	4.485864	0.491312	-0.245356	1.036268	1.616871
-0.252677	-5.579410	-5.783963	-1.704554	-1.300417	0.335572	-1.992469	-1.039037	-3.819236	0.132864
-1.432700	0.119134	-1.907889	-2.100208	-3.508423	-5.791788	-3.553331	-1.737878	-0.906201	-1.906224
-2.644662	1.467864	2.425111	-3.543034	-2.902844	-1.472629	-0.330580	-2.598095	-3.617037	-1.649699
-2.596277	-4.929039	0.867723	-2.772743	-2.115195	-2.158864	-1.189022	-1.305803	-2.683253	-1.019167
-1.483855	-6.140395	-5.806769	-2.612851	-2.503589	2.737396	-2.250864	0.951585	-2.060757	0.544667
-0.086608	-2.908721	-3.518678	0.265632	-0.413937	1.294338	-1.264013	-2.811845	-2.329257	0.828097
-1.207947	-0.456536	-3.282519	2.129993	4.561549	2.023747	0.201625	-3.674006	-0.950962	0.079118
-1.666483	-1.612556	-0.885705	0.592720	2.453060	1.119812	1.386442	1.860088	3.600223	3.535422
-0.782827	0.004103	-0.342150	-1.000596	-2.133714	0.766317	-1.141669	2.552626	3.312190	-1.313598
-1.981489	0.700724	-1.059766	-0.521366	2.713419	0.959751	3.540484	0.266196	2.537333	3.804452
-0.709979	-2.723206	-1.162865	0.220801	1.130051	1.796000	4.784194	-3.118813	2.271746	-0.141537
-1.059807	2.719498	1.841139	4.885997	6.802777	5.692249	4.113253	1.388888	3.912024	2.974627
-0.201282	0.645224	1.361536	1.162512	2.929691	-1.486315	1.166952	0.120990	-0.713138	0.943836
0.537486	0.615660	-0.601985	-2.933560	-4.156813	-3.111506	0.577883	0.804182	0.965255	-1.416119
-0.159812	2.796995	0.930865	-0.297126	-3.096537	0.201863	3.242837	-1.632845	0.247300	-1.221748
2.460616	3.679718	2.866276	4.026206	0.303816	2.423577	3.463105	1.348101	1.737193	2.080541
4.479561	0.855822	0.920738	4.724332	3.202843	5.565323	1.264779	5.888711	3.303731	3.543035
-0.993286	-2.359404	0.754241	0.899546	-0.588156	-4.598613	-2.894352	-2.349623	-2.225588	2.115626
1.657368	0.995435	0.982178	0.124044	-1.864781	4.199556	-1.239896	-1.551607	-0.908968	1.711202
0.962815	1.676931	0.290841	1.122020	-0.677530	0.516616	-0.924964	3.343550	1.154991	0.652551
-0.606352	-7.153619	-2.053580	-3.346728	-2.254104	-6.633246	-3.837365	-1.589957	-4.393613	-3.695338
-2.568343	-1.201822	-1.151891	-1.969903	-1.858697	0.598858	1.206591	-6.009436	-3.031381	-0.260777
-2.022163	0.299820	2.854801	-1.466009	-2.562708	0.867713	4.365794	-2.412991	-4.094813	3.953821
-2.280920	3.321805	3.517190	-0.646448	-4.372331	-0.081191	3.496333	4.420771	0.405789	0.585344
1.882378	3.343230	2.125570	1.000978	-0.510261	3.046932	3.087397	4.386945	0.881927	1.075079
6.038125	1.188195	0.033235	0.637269	0.868808	1.728271	-0.615422	4.240927	1.045301	1.983912
1.634413	-3.326599	-4.002621	-0.979577	-0.635017	-3.282086	-4.614037	-1.069689	-0.321287	-3.652470
-0.998763	-2.357851	-1.907101	-0.680259	-1.536028	-1.293350	0.502944	-0.621006	1.293562	-2.174780
0.139987	3.080040	0.538689	-1.301479	-1.988817	-1.570431	-2.118092	5.270571	3.291552	-2.992233
-3.195141	0.524978	-0.712054	-3.357835	-3.436974	-3.059241	-5.659153	1.661240	-0.837316	-2.953642
-0.184056	1.143766	1.966566	1.908373	2.346112	4.280011	-0.272550	-6.650804	-1.678440	1.774079
-1.248865	1.455308	1.639945	-1.501353	3.439050	0.469715	0.937406	-4.214764	-1.424818	1.438415
-1.107973	-1.690191	1.966880	-0.644011	-2.445048	-9.520337	-2.114794	-4.730542	-2.749945	-3.211247
-1.025489	-6.811624	-1.312731	-2.750100	-2.368068	-6.168355	0.223740	-3.471840	-3.349119	-3.950422
-1.119720	-0.098586	-0.957592	-2.532817	-1.181300	-1.020246	0.633399	-3.125263	-4.061337	-0.896424
3.282028	5.186030	3.091195	2.231241	3.698572	4.545682	0.406272	2.293089	0.939205	3.425533
-0.368554	1.215333	1.335628	1.204078	2.923260	-1.956977	-1.719248	0.043014	-2.647489	-0.245964
-2.673272	-2.369670	-1.637196	-1.144404	-2.583320	-9.590531	-1.005571	0.074010	-1.355615	-3.702230
-1.852934	-6.502570	-4.986078	-3.383499	-5.315053	-1.874885	-3.215105	-3.276724	-2.295469	-4.000578
0.173751	-2.849458	-3.613820	0.113196	-3.039724	2.883456	-2.666958	0.591709	2.173754	2.835779
1.780677	0.015674	-0.158625	2.446086	1.042584	3.464887	1.037662	2.733810	0.425858	2.371927
1.923735	1.381538	0.785106	3.982677	0.545187	1.885102	2.721348	4.095978	4.133748	1.421154
1.389217	-2.654859	-1.624829	-1.046526	-0.708198	-4.339100	-2.016406	-2.022989	-1.129371	-2.158953
-0.023386	-5.906004	-1.804132	-3.749417	-3.455053	-3.736824	-1.526706	-3.287391	-1.967095	-0.923705
0.632519	-1.762388	-0.110004	-1.505290	-3.031560	2.113628	1.593541	0.077573	-2.444318	-1.307915
3.435223	3.233099	1.537752	1.999261	2.827697	2.778654	1.573830	3.932101	1.471965	1.393805
-1.753283	-0.762632	0.665435	2.588545	7.900839	2.609652	2.292958	-3.715906	-1.742042	1.542046
-1.926907	-6.280870	-2.884158	-3.035033	0.726983	0.610522	-1.943181	-6.255547	-2.428433	1.123396
-1.878860	-6.286306	-6.728829	-3.419263	-4.014451	-7.401238	-3.146689	-5.840523	-2.790003	-3.424255
-0.549849	0.695772	-1.830280	-1.474039	-2.930245	1.527073	-1.569869	0.207766	0.399952	-4.030915
1.679516	0.820573	-1.753013	-1.858452	-2.473778	2.462355	-2.630823	3.390522	3.250338	-1.355395
5.265825	4.484408	2.288867	2.864707	3.781067	5.385909	1.732347	3.907146	5.373859	1.717598
1.110970	2.999086	1.279860	1.136047	3.118812	2.012436	1.744541	4.862237	4.861921	3.733656
-1.737460	0.281217	3.089760	1.212577	3.071875	1.529639	-0.702841	1.565498	2.874927	2.832071
-0.447774	1.598810	1.591665	-2.609794	-0.505422	0.104420	2.494501	-2.470471	-3.361718	0.814636
-0.625581	1.440274	2.761572	0.025245	0.912338	-2.052520	1.925869	-3.768169	-2.484409	-1.779854
-1.872492	-0.335684	-0.275626	-1.907796	-0.785523	-7.139376	-3.214235	-1.158494	-4.213642	-4.534205
-1.643616	3.184945	0.459570	-0.408106	2.685414	2.060655	-1.221208	0.010955	2.711586	0.144979
-2.865562	1.939967	1.757853	-0.609175	1.235869	-1.603224	-1.744946	1.451579	3.328079	-0.115708
0.148259	3.129990	2.454819	-1.273992	-2.628637	0.518892	-1.923845	3.770380	3.700142	2.569432
-1.140862	4.696520	2.658261	3.202755	-1.794786	5.089307	1.507700	5.772460	3.004276	4.207196
-0.064935	3.698261	2.604376	5.665178	2.569643	1.754926	0.280395	-0.127280	1.788087	-0.687219
-0.052069	0.235019	-0.655945	0.409588	0.926169	-3.282046	-0.578053	-4.784238	-0.481725	-2.314814
0.038625	-1.692703	-0.795907	-2.136602	-2.589789	-3.183804	-3.044036	2.071988	0.208944	-4.578091
-2.019361	-2.296701	-3.369918	-1.404581	-0.945710	-0.195643	-0.101846	0.250398	-3.200104	-0.782648
-0.990936	-2.105473	-3.351885	-1.662435	2.241924	2.633644	-0.090674	-1.554103	-0.885767	-0.679886
-1.200011	0.061682	-1.821115	-1.743051	-2.608267	2.582062	-1.244609	0.579784	1.709357	0.714296
-2.054793	1.911164	-0.755018	-0.720317	-0.789064	-3.373082	-4.446342	-0.899038	-1.001732	-3.913899
-1.423892	3.590475	2.311899	-0.230619	1.334950	-2.305583	3.008139	-5.215368	-2.757630	-1.249870
1.934484	5.459512	4.110526	3.593756	4.357996	3.438066	5.165947	0.974598	2.733961	3.606487
-1.736574	3.572173	2.451454	0.916522	2.652590	-0.015228	2.051195	0.907559	3.226443	1.949276
-2.652374	-3.088845	2.362973	-0.191208	1.311752	-2.405259	3.323996	-2.739881	0.838316	-0.809700
-0.866823	-0.523245	0.519972	2.094281	1.692799	0.550080	1.516565	-1.443422	-0.909019	0.028566
-0.454530	-2.187933	0.686541	0.163902	-0.938951	0.276296	-0.764882	-1.741661	-2.382165	-2.285421
1.883399	0.920085	3.459769	1.753370	-1.660582	2.222696	2.270571	0.950104	-2.200820	-1.347956
1.044556	-0.594698	-1.420157	-1.859502	-1.150275	2.570586	-0.751760	2.999773	0.917514	-0.914131
-4.748564	-2.634090	-2.715847	-0.492098	-2.556113	-0.440526	-5.427957	-2.505651	-1.019964	-0.425238
-1.704869	-0.915000	-2.708014	-2.810106	-1.211982	-6.223033	-2.511302	-0.954766	0.995445	-4.472470
4.253036	0.261262	-1.323172	-0.569610	0.226837	3.033572	-0.392075	1.647128	2.821538	1.386982
1.768945	-2.180715	-1.257131	-2.560595	-1.499641	-1.624004	-1.305357	-1.699467	-1.198385	-0.637473
-0.201345	2.645057	-1.340007	0.600852	-0.338201	1.069645	-0.758427	-3.650850	-2.371527	-0.901626
3.147459	1.621266	2.193687	3.965945	4.422574	3.759327	3.391636	2.833881	0.900610	0.572434
-2.532847	-0.202004	-1.524462	0.683300	0.542197	-5.964751	-0.559547	1.898527	-1.840977	-1.062082
-1.692665	0.342434	-1.892369	-3.227269	-3.569115	-8.294482	-5.857354	-0.516511	-3.497190	-4.810565
-0.929399	-3.269837	-4.776848	-1.908449	-2.916949	-2.660860	-4.121160	-1.410032	-2.056532	-3.424902
-1.655552	-6.546433	-3.189813	-2.832124	-3.467090	-4.347878	-0.330342	-4.978135	-3.471706	-0.856281
-1.530126	-3.550971	-2.803480	-1.732682	-0.954424	1.419271	-0.767477	-3.024420	-2.058115	2.619509
1.391777	-0.255871	-0.444163	-0.532707	1.652061	0.685594	-1.915639	1.726915	-1.203263	5.343081
1.650156	-3.309851	-2.531278	-0.765087	0.724380	2.331997	0.032997	0.637569	-3.096651	2.147648
-1.884089	0.302369	-0.053839	1.152292	3.875545	1.257687	0.459357	0.107744	-0.087784	-1.174177
-3.422659	4.065268	4.206238	4.798945	6.532569	3.273270	6.823868	2.602339	4.010135	2.041619
2.622746	4.932825	3.559938	4.404884	3.009765	6.392251	3.534756	4.067056	3.038003	6.576850
-1.632072	1.053318	0.706145	4.557622	2.172243	2.396038	3.327649	1.368893	2.203616	2.150130
-1.677312	-0.798076	-3.151556	0.250972	-1.680085	-8.539664	-1.564826	-0.608249	-2.308828	-2.702528
-1.353373	-1.276980	-1.877980	-2.102653	-3.956206	-0.698848	-4.439239	2.601030	0.269568	-1.181409
0.367550	-1.611018	-2.310242	-2.203142	-2.568211	-3.716810	-1.202062	1.677230	-2.115600	-4.852199
0.377758	0.306886	1.915343	1.932618	-0.768588	2.467656	1.386634	2.696750	1.479464	0.535016
4.534855	4.968307	3.914859	4.342540	4.011772	7.204056	5.861578	2.162190	4.621960	3.787850
1.445145	0.540421	2.499292	3.142833	3.645180	1.213095	3.825801	-0.560851	1.822883	1.537118
-3.415867	-2.134998	0.309927	1.168609	2.312145	-1.318523	1.306732	-5.391974	0.143531	1.763133
-0.989275	0.045225	-2.039749	2.248778	4.188677	2.331309	1.494503	-1.008079	0.999202	-0.306790
-2.067274	-1.666637	-1.895351	-0.936348	2.264883	-0.134006	-0.537857	-1.796867	-1.015707	-1.116737
-0.855458	-2.842809	0.241807	-1.094260	-0.432626	0.451638	3.513285	-0.740740	0.036504	1.147806
1.599081	-1.420316	-0.640088	-2.217549	-2.252244	4.298544	1.884058	0.255801	1.588831	1.709752
1.912749	0.209313	1.615051	0.787395	0.611938	1.079016	-1.292005	2.270756	3.042774	-0.665385
-1.770346	-5.443745	-4.462388	-1.756320	-0.714373	1.148959	-3.653573	0.598122	0.678431	0.776708
-2.497295	-8.026218	-6.573618	-1.618885	-4.142770	2.762476	-4.722114	-6.465101	-1.576198	2.446545
-1.266090	-2.975631	-3.750751	-2.274193	-2.971346	-6.442329	-2.029297	-3.408615	-3.139314	-3.538063
-0.408521	-0.985509	-3.113697	-1.688136	0.932005	-4.439554	0.713411	-3.395123	-2.499718	-2.799703
-2.414378	-0.279580	-0.506167	-2.765508	-2.278610	-2.959895	2.495942	0.896576	-2.290909	0.008738
0.316548	0.085533	0.804028	-0.265002	-1.656887	-1.770949	1.907127	0.946778	-2.420988	-0.640230
1.661169	2.057904	3.345279	5.391689	6.176581	6.903986	4.893699	1.527481	1.741348	3.169704
4.928595	4.215109	2.501877	2.030669	4.341397	2.811212	1.799889	1.331285	0.811697	3.862152
3.690337	3.668423	2.727413	0.248143	-0.461734	-1.134769	-0.331770	1.441987	0.052463	1.266724
-1.429591	2.590923	3.275781	-1.660985	-2.382008	-9.445555	0.007153	-6.827615	-3.692454	-5.295172
-1.104578	1.422086	0.806772	-2.428409	-1.982921	-0.699345	1.301191	-3.290823	-2.547051	-2.895125
4.343988	3.922789	4.679980	0.254272	0.194530	1.773862	4.320674	3.527061	2.952774	0.559473
0.797821	-1.353190	1.450300	-1.037538	-0.226953	0.626167	0.542634	3.790535	2.576823	-0.094172
-2.348265	-2.812573	-1.473874	0.223163	-0.283367	-1.797830	-3.800998	0.555997	0.782501	-0.953750
-1.293358	-0.171680	-0.063146	-2.169623	-2.675010	-2.210729	-3.161390	2.236045	3.164709	-4.173156
1.384357	1.380368	-0.205520	2.183506	-1.954881	-0.030529	-1.425512	4.615078	1.175452	-0.406184
2.126995	2.380553	0.641102	1.744849	0.748521	2.728767	0.923666	3.832392	2.568534	1.115072
2.164370	-1.557745	-1.064183	1.542208	0.230498	2.822960	-0.594724	2.884786	1.846559	1.042416
-2.296503	-3.131043	-3.276575	-1.726719	-0.022052	1.108648	-2.864154	-6.093842	-4.101267	0.490151
-2.888309	2.280342	-0.436377	-1.535431	-1.200529	-0.036171	-2.983393	-2.643093	-1.499641	-0.176619
-1.282231	1.828494	2.252212	-1.370031	-0.741132	1.849101	-1.220013	-0.433669	-1.689456	3.060809
2.336045	2.003897	2.222194	1.100280	0.290135	-1.521338	-0.492885	1.337527	1.101093	-0.354665
