X1	X2	X3	X4	X5	X6	X7	X8	X9	X10
0.168347	-6.463216	-2.810539	-1.259779	-1.442877	-5.152776	-1.805758	-3.695768	-4.773151	-4.528314
-1.982520	-5.288582	-4.612304	-2.157346	-2.982941	-6.496408	-3.425279	-4.606849	-3.519679	-4.425681
0.367053	-2.047128	-0.648319	2.003896	2.822346	1.124914	0.667892	0.052397	-2.146498	0.126358
1.195449	1.381977	2.232359	1.331321	1.883882	2.765143	2.399829	-0.387673	0.557437	2.215544
-1.511650	-0.990437	-5.041426	-0.720595	-2.618937	-3.459266	-3.500492	-3.143606	-2.737730	-5.557782
-2.215360	-3.795539	-6.196928	-4.028877	-2.838509	-3.000359	-5.156696	0.989753	-1.294151	-2.933680
-3.025799	-1.898597	-1.747203	-3.595049	-0.043437	1.269718	1.060092	-2.233042	0.283018	0.603391
-2.622586	0.405520	0.533993	0.350864	1.753181	2.344519	1.569947	1.259865	0.150324	-0.013027
1.213463	5.454545	4.951806	6.091638	5.315846	5.606800	1.985247	5.388227	3.452213	3.732905
1.864626	3.239311	5.132481	3.590648	2.425560	1.890414	2.517868	0.562300	1.944032	-0.520170
-2.446415	0.162754	-0.867436	-1.081731	-0.126475	-3.055082	-0.539513	-2.110562	-0.071972	-2.274711
-1.726779	0.833306	1.621102	-3.861723	-3.848556	-5.852832	2.444781	-1.966704	-1.977053	-0.114577
0.241812	-1.722794	-0.602559	-3.036852	-1.624678	-1.366481	2.572828	-3.509069	-1.139761	-0.899225
0.790239	-3.090111	-3.210972	-2.498042	-1.031137	1.145928	-2.103294	0.626496	0.566450	-0.961113
-1.831820	1.124593	-1.441286	1.834682	2.987272	1.983353	0.856494	0.645250	1.781032	0.773604
-0.663684	-0.196042	-0.706055	3.240997	1.617755	0.154550	0.743072	2.228548	1.529032	0.949469
3.695324	0.417124	-0.061826	0.163279	2.552018	2.004179	-1.351982	3.437647	0.645403	-1.675874
3.589482	1.748534	2.362050	0.720406	-0.104131	0.528399	-0.746987	-0.901693	-2.298705	3.427421
-0.568030	2.837729	3.393127	-1.038747	-0.748684	-1.007731	1.252738	0.101785	-0.189538	3.675600
0.605065	3.336655	1.943456	3.528999	0.237965	1.457549	6.050173	2.282440	4.401955	4.217009
5.127045	2.854657	3.002592	1.941722	2.114426	3.404301	5.394800	4.879133	4.885431	2.936497
3.642388	4.478384	5.870892	5.438900	2.800707	3.152487	4.844002	1.966324	3.632344	4.381213
0.168772	3.042585	3.557711	0.386110	-3.078082	1.994270	-1.330240	3.321576	1.081250	2.376605
-2.353527	4.698209	4.365709	-4.186067	-4.963030	0.356612	-3.321741	0.340651	0.360109	2.742425
-0.092129	3.873611	3.041644	-0.624852	-2.225429	-0.432521	-4.016618	-4.361388	-1.505522	1.828125
-0.402359	1.607844	0.698177	3.258235	0.703334	0.271337	-1.433687	-1.185175	-1.789182	3.082157
-1.351338	-1.461635	-1.814728	0.405074	-0.133533	-0.204650	-0.195862	-2.834344	-4.131109	-0.137824
-1.846089	-3.981668	-3.605608	-0.679453	-2.377416	1.165488	-4.367558	1.671270	2.223260	-2.223164
-1.262734	-2.399295	-2.088696	-1.670265	-0.744007	2.278218	-1.716888	3.014737	3.193490	-0.140904
-0.630197	1.642245	-0.195227	2.726221	1.721709	0.670408	1.616734	1.126026	1.627045	1.415412
0.353802	0.632816	-0.849829	0.914688	2.554641	2.024831	-2.757404	-0.702793	0.030294	-0.343656
0.143238	-4.775215	-4.758333	-1.880181	-1.824699	-1.286144	-3.096713	-2.019348	0.526305	-3.244448
2.283091	0.007420	-2.711966	-0.025302	-1.223099	-0.056844	-1.677705	4.047834	3.738249	-0.360002
5.244938	1.189589	4.051147	0.003310	-0.553246	4.040704	-0.804489	4.236828	4.883697	4.105847
3.632257	2.870565	3.846981	4.229442	1.464869	4.882575	5.131824	4.124309	5.343524	3.550362
4.561526	2.490521	3.431415	0.944878	1.239260	2.615844	3.351525	4.734953	3.749403	0.999510
-0.064676	1.468734	1.313728	-3.637094	-1.250363	0.004986	-5.599392	1.475440	-0.088188	-3.092342
-2.351870	-0.531318	0.888702	-3.509086	-2.138089	-3.096220	2.617363	-0.292851	-1.782273	-1.723023
-1.413577	-0.447757	1.462721	-2.151010	-1.321706	-2.169296	3.181385	2.301961	0.005030	-1.739163
-1.782119	-0.203899	-0.573030	-2.426977	-1.001105	-2.468763	-1.157032	-3.970642	-3.321099	-2.920989
0.791983	-0.655361	-2.404864	-2.753397	0.560027	-1.219842	-1.934693	-4.240077	-4.348477	-2.541328
-0.384389	-3.120158	-3.597492	0.331921	3.207197	0.339350	-0.822903	-3.171457	-4.560420	-0.389705
0.267043	-4.334001	-4.802323	0.143967	-0.296983	-5.329705	0.626234	-3.198997	-5.312443	-1.654041
-0.904940	-2.341002	-1.931465	-2.011166	-1.745405	-2.957325	-0.759183	1.325990	-1.156059	-2.898160
-1.685858	2.450032	2.529178	4.265915	5.194340	1.403174	1.190142	0.370894	-0.860678	0.200021
-1.699330	0.921393	3.049400	3.383903	0.926359	2.638477	2.667510	0.711505	1.463988	1.138981
-0.620975	1.584275	1.794499	-2.201508	-2.380238	0.223969	-4.045482	0.742913	3.057731	0.469105
0.240490	-0.019223	-2.317024	2.313677	0.591153	0.365338	-0.346432	-2.487989	1.819543	-0.527623
-0.020955	-3.801905	-2.561170	1.190154	2.297340	-1.206130	1.130661	-5.402908	-2.828981	3.165484
-2.445827	-4.972271	-4.989336	-0.672781	-1.107071	-4.027947	0.189298	-3.264748	-6.296448	-4.199087
4.555856	-1.638519	-0.611417	1.471768	-1.002476	2.174675	0.502182	2.260686	-0.224860	-0.333747
1.485478	1.510353	4.991692	-0.819000	-1.884771	2.137327	5.600516	0.783490	0.340478	3.584896
-1.516478	-0.562751	-1.115003	-3.067387	-2.115952	-2.700302	1.070704	0.665362	-1.729233	-0.966967
-0.256528	0.447875	-0.783393	-1.552295	-2.719116	-0.717122	-5.031750	1.394701	2.524303	-3.249442
1.493111	2.844637	2.229830	5.440576	2.981338	0.953459	-0.098439	2.408005	1.998389	0.801766
-2.355175	1.280842	0.576278	1.641226	2.029311	0.981532	2.726941	1.728076	4.188924	1.209054
-1.452502	-1.886201	-1.960239	-3.763144	-1.226896	-2.034111	0.817898	-3.500987	-0.408290	-1.410681
0.060115	-3.550082	-3.594407	-3.111034	-1.107984	-3.107176	1.121838	-4.898082	-3.067150	-2.044640
-2.129938	-5.012991	-4.204213	-2.610441	-0.143254	-3.690371	-1.434131	-3.607306	-3.225554	-5.191122
1.333326	-1.823717	-0.183544	-0.705563	2.142890	-3.716202	-3.440499	-3.726158	-4.510798	-3.693525
0.609393	-0.015446	0.028816	-2.776399	-1.636654	-4.759776	-1.391360	-1.631633	-4.792377	0.888452
-1.450150	-2.779268	-3.007517	-2.294943	-2.346791	-1.544598	0.062898	5.004671	0.826313	0.489215
2.487984	2.604631	2.119973	0.842606	-0.116725	3.544826	3.487582	4.642658	1.448876	1.822269
5.119484	-1.024634	0.619403	2.102953	1.290338	4.768992	-0.835595	1.654933	3.834518	1.371119
-0.472963	-1.163451	-2.121111	-1.152597	-0.851109	2.097293	-4.534124	0.138300	3.634544	-0.602826
-4.125868	-0.837505	1.237249	-2.006940	2.416726	2.378926	-2.078793	-3.513636	-1.327840	1.743741
0.109458	-1.404680	-2.694100	-1.260071	1.478034	0.143985	-0.694191	-2.667772	-2.849729	-2.787770
-2.371194	0.149136	-3.438839	0.957815	4.173008	-0.573633	-1.022808	-3.189002	-2.657317	-0.527847
-0.590136	-0.069341	2.455549	-2.614675	-0.711865	0.688067	-1.610929	-2.512822	-3.217899	-0.194781
0.086523	-0.614396	-1.729318	-0.372237	0.442207	0.278780	-2.524045	-4.040527	-4.126069	-0.512159
-1.019726	-1.651315	-5.630023	-1.551962	0.515710	-2.699396	-2.525341	2.265688	-2.262522	-3.413667
-1.926291	-1.457684	-0.286648	0.010653	3.800433	-0.031667	0.025094	-1.101774	0.223247	-0.789892
-0.732981	0.706612	0.682423	-1.037182	3.892863	2.436764	-0.892728	-0.508709	0.424943	3.187681
1.608297	2.732585	3.077207	-0.036863	1.048985	2.215593	2.262408	1.870988	-1.112930	4.201167
1.486834	3.404250	4.478521	-0.273581	-0.867913	0.337817	-0.009088	4.653320	2.874132	-1.253418
1.182025	1.222820	0.761380	2.717770	4.956853	1.130531	-1.531701	0.179689	0.834432	-1.447357
-2.000238	-1.416595	-3.639102	-1.867603	1.581367	-2.224668	-0.585720	-1.794902	-1.017925	-2.931733
-3.536060	-3.897381	-2.472109	-1.223791	-0.284786	1.513517	-1.158031	-0.637351	0.145862	-3.241027
-0.011147	-1.186827	0.021072	-2.561188	-2.789123	1.025881	1.942178	1.564244	4.020495	1.764777
1.819497	1.556177	1.762852	3.863114	-1.938460	3.023521	0.785719	5.102784	5.089276	2.896900
0.402166	1.154240	-1.552754	0.530523	1.578486	0.538234	-0.885595	2.741670	2.349705	0.911960
-0.400244	3.501472	1.287362	6.563346	7.505097	3.253917	2.141348	2.077002	4.289384	1.057477
0.561365	1.596082	1.684211	1.477792	2.765557	2.295165	0.084360	-1.046722	1.768311	2.473471
-0.841911	-1.099724	-1.363797	-3.965632	-4.071853	-6.494224	-4.229047	-5.506001	-2.604215	-4.610438
-1.504276	2.740561	3.124245	1.948381	-0.766651	-5.813254	0.050037	-2.191438	-3.483995	-5.447529
2.016571	3.043943	1.093544	0.462541	0.179147	-0.728527	0.335425	3.939064	0.108069	-2.548783
4.201725	3.398427	3.092405	1.060354	-0.751879	2.254053	-1.624274	7.190704	2.192473	0.346723
-1.771813	3.446718	2.863734	-2.478872	-3.674144	2.322684	-1.856648	2.877477	4.137414	0.529710
-0.168843	0.929717	-0.832766	-1.355027	-1.569868	0.127763	-2.481988	2.753979	3.798187	-2.788803
-0.867067	0.441628	-0.468893	-1.718305	-0.876768	-4.687612	1.742717	-4.182194	-0.479212	-2.039693
-1.884383	-1.529247	2.384855	-1.173997	-2.688359	-2.885943	2.743076	0.994652	-2.497989	0.044461
-2.181490	0.094591	1.608178	2.314205	0.286440	-1.801333	-1.441402	-0.494187	0.700850	0.445880
-1.483087	2.168743	3.360175	4.042608	0.040415	2.402418	1.787791	0.972680	2.761399	3.298585
-1.147571	0.609808	3.859843	0.402122	1.913248	2.557809	3.447665	2.721049	4.252751	1.430997
-0.998741	1.540883	5.434880	-2.016447	-0.254676	-1.649763	3.981626	-1.612289	-1.223802	0.811437
0.447809	0.781068	2.811682	-1.670289	-2.657970	-3.362596	3.544683	-0.015840	-2.614668	2.417326
-1.513019	-1.177442	0.828043	-3.492296	-2.254450	0.670508	1.813143	1.708286	-0.781455	1.512585
-1.536520	2.200449	2.341058	2.718140	0.208972	2.392851	2.202713	1.713383	2.053129	1.036333
-1.502490	2.099338	2.926219	4.206827	1.476582	1.016733	0.984998	0.061942	1.324075	-2.021409
-1.654321	2.646219	3.881319	-1.678626	-1.445031	-3.428344	3.911305	-1.348746	-1.770427	-0.493621
-1.878309	-0.259414	-0.323652	-3.813311	-3.679178	-3.638379	2.800041	-2.796090	-3.392285	1.995017
-2.614045	-1.464465	-1.078802	-2.877518	-2.612470	2.477132	4.552709	0.069502	-0.657808	3.002922
1.349876	-1.159442	-0.274141	-1.766640	-1.606515	2.142491	2.840116	2.048620	1.694995	3.723015
5.592463	-1.032952	-0.165180	0.369433	1.464877	4.124702	-2.840835	3.852356	1.933714	0.630312
4.763925	2.165800	0.625769	1.853611	0.291100	2.988970	-0.863738	3.224501	1.747340	1.452833
4.042771	1.242404	2.195695	2.481901	0.845546	4.873600	1.126111	3.205546	1.088265	3.004395
2.827310	1.288655	1.083487	3.360613	2.031711	2.103397	0.247415	0.360083	0.460981	2.683614
-1.570446	-0.373255	-3.674869	3.975257	2.552790	0.060868	1.234079	-2.175397	-1.796422	-1.073594
-2.383888	1.917366	4.423315	5.045643	4.560480	2.706221	6.064005	3.129198	2.124950	2.325088
0.115597	3.391810	3.234028	4.589680	2.137178	2.124163	4.657197	2.111961	5.366789	4.082374
0.133720	0.153170	-1.623945	-1.139523	-1.101417	-5.462497	-2.359741	-3.655415	1.764888	-1.681421
-1.834607	-3.280961	-5.062815	-2.701753	-2.670506	-10.070150	-7.643608	-6.279537	-5.696459	-5.911183
-1.253769	-4.890590	-5.509395	-3.152203	-2.649387	-3.491286	-1.601500	-2.040411	-2.832057	-3.581799
-1.295353	2.288376	-0.939098	-1.215460	-2.040659	0.168007	-3.122714	2.313457	-2.076112	-2.008456
-2.162745	0.469031	0.005165	-2.877215	-2.195219	-2.398960	-3.207448	-2.631238	-2.475227	0.293656
0.088069	-1.396133	-2.075718	-0.624057	-1.788364	-0.383075	-2.242000	-5.287700	-1.605306	3.226450
-0.574696	3.187780	3.816241	3.212526	-1.555489	3.619475	-0.766367	-2.463233	-1.291252	4.456934
1.264477	-1.543536	1.771232	-1.191255	-0.594289	1.198403	-0.718647	-0.478541	-1.417467	0.213719
1.173004	-3.837786	-6.256856	-1.263290	-1.749958	-0.956576	-3.161938	0.176476	-0.599251	-4.289987
-0.626600	-4.910674	-4.037332	-3.761567	-4.139787	1.869553	-3.511237	-1.032586	-1.202903	2.841724
-1.432518	-5.010104	-6.038906	-5.065475	-1.625271	-0.780695	-3.237444	-4.224125	-5.595624	3.578858
0.144568	-4.589180	-4.580785	-3.775901	-0.259399	-3.936404	-0.414554	-0.354844	-3.148812	-1.816478
-0.193824	-2.856503	-2.591977	-1.227134	-1.758762	-6.067259	-3.641468	-2.986840	-2.274462	-6.721581
-1.928377	-1.319777	-0.865090	-3.789462	-2.090552	-6.676941	-1.783483	-4.226611	-4.320573	-5.177945
-2.170373	-1.779202	-1.326728	-1.432475	-0.825556	-3.673234	1.391603	-3.351657	-4.001938	-2.918768
-3.014694	-4.524580	-4.575998	-2.290559	-1.949265	-2.243120	0.841692	-3.358373	-1.730853	0.768052
-0.612619	-4.486810	-1.246304	-2.256402	-3.156967	-0.949481	2.180484	-2.335955	-1.988410	3.521616
-0.410832	-2.436193	-2.454148	3.631506	1.234251	-2.092600	-0.518619	-2.747198	-2.237602	-0.992877
-2.066712	-0.322427	-0.121734	-1.999423	-2.357601	-4.987158	-0.824115	-4.797797	-2.818921	-5.111826
-0.500941	3.094389	1.647636	2.851624	0.640591	1.623363	-0.412404	1.316954	0.999143	0.970966
-0.067100	3.371757	0.946263	4.205458	5.231839	2.806381	3.998516	3.484862	3.490500	3.121295
-0.055969	-0.339020	1.926945	0.705189	3.294657	2.254016	1.503744	2.997335	2.630160	0.073058
2.133072	1.392161	0.677284	2.478731	-2.287043	-0.552516	-1.274619	-0.316718	-0.895365	-0.370552
1.666841	4.501804	2.150781	5.622892	1.381151	3.255605	0.966428	2.652510	1.214437	1.768360
6.019858	2.767313	2.864439	2.993484	1.809555	3.273596	1.465784	3.407231	1.642980	2.677486
3.733342	1.978692	2.169861	-1.545382	-0.163121	2.921675	-3.887051	3.273752	3.679176	1.107017
-2.709189	1.182447	-0.239148	-0.025997	4.617038	3.526959	-1.418179	0.844786	3.445740	2.896044
-1.160114	0.682982	1.556314	-1.132150	1.633443	1.417766	-1.869101	2.423542	3.410487	3.848355
-1.882116	2.083104	1.455155	-3.526833	-0.799291	1.908911	-0.610919	3.256632	5.416430	1.956340
-1.622776	-3.043981	-1.567921	-3.046536	-2.676454	0.473911	0.492466	2.174367	-0.588214	0.129284
0.898524	-0.298968	-1.119206	1.262749	2.507968	0.054182	3.046450	2.133959	-2.615331	-1.916426
-1.850197	1.192050	3.208005	4.090230	1.004686	2.327237	6.201830	2.773420	2.125195	1.996796
1.300777	1.572780	2.428620	2.407415	3.490013	2.030292	3.039603	-1.576937	1.596380	1.503732
-0.951935	-0.991372	-3.295652	1.651610	5.114958	3.200560	0.518363	-0.474701	-3.600460	0.096766
2.071082	2.539101	3.008795	5.761022	3.248534	2.717154	2.725406	0.862941	0.883791	1.218780
-1.366655	0.698207	1.660469	2.803357	3.733750	-0.169914	0.057125	-3.091200	-0.638452	0.633356
-0.492229	1.099751	-1.893420	-3.731381	-3.149582	0.793466	-2.317384	0.776690	-1.620872	2.084072
2.326474	1.363840	1.647936	1.111814	-0.000553	3.683706	3.263170	2.793323	1.918844	3.870510
3.563570	2.495881	1.106845	2.564944	0.488346	2.741414	5.724579	2.752310	2.748713	2.093646
3.036473	3.769181	2.404016	1.729314	0.968925	2.678000	4.399636	0.809263	2.658050	2.957060
2.012296	2.560146	3.238257	2.841025	3.836292	3.093271	2.090432	1.902795	1.540968	2.245529
0.792253	1.289682	3.342077	0.219979	0.451256	0.625333	3.447655	-1.103385	0.377183	0.551328
-3.491443	0.160195	-1.363517	-3.459423	-5.121376	-7.901807	-4.969803	-4.543463	-2.026094	-6.252366
-0.604081	-1.417910	-3.738316	-1.480380	-1.375096	-4.949946	0.092645	-5.920931	-4.982048	-2.274777
-0.932050	-3.678326	-2.496212	-3.636095	-0.171096	2.656822	0.996988	-2.217078	-2.900767	2.885268
4.899962	0.498251	0.979701	-1.764967	-3.870370	1.884498	-1.834488	-0.237693	-2.813440	-1.945954
0.027664	0.511126	-0.429469	-0.305499	-2.786412	-5.469315	-3.756495	-1.836567	-1.229054	-3.645671
-3.465136	-4.789097	-2.258416	-3.832794	-1.840315	-5.897116	-1.058748	0.262808	-2.997001	-3.049308
3.430172	-0.703413	0.514267	0.218345	-0.397573	0.739294	2.295139	2.843941	1.411030	2.165809
-0.376805	-0.227619	-3.094016	-2.026388	-1.454181	-0.544585	-3.548950	-2.426159	0.530048	2.391152
1.239539	-1.287712	-2.615459	-0.845697	-2.294533	4.514144	-2.562630	3.701714	3.245461	0.419097
3.321611	2.447112	3.624943	5.149011	2.034875	4.266678	2.170583	6.112866	4.121877	3.308616
4.043815	3.076154	2.856092	5.788630	2.802648	4.472615	3.239870	4.412706	4.632102	4.944283
3.004557	3.431818	2.232193	5.599153	3.027191	3.464149	2.247816	0.953737	2.538242	2.253471
-0.649361	0.498903	1.481849	1.834971	1.217509	-1.660025	1.720501	-2.788435	-1.472698	-1.919444
-1.403336	-1.827488	-2.849740	1.060975	-1.737595	0.039187	1.715109	-1.761806	-1.555314	-0.609588
-1.283166	-1.783355	-1.126472	-2.368544	-0.353416	-1.062322	-3.225480	2.374328	-1.171703	-2.393588
0.366749	0.815603	3.807553	0.267503	2.637649	1.183539	-0.102785	-0.371529	-0.151961	-0.633566
1.952610	1.735585	1.077537	1.211305	2.457105	2.961063	-1.048023	0.863623	1.507512	3.048452
-0.827585	-1.351410	-0.968624	0.438752	-1.338446	2.934040	-0.458615	0.759888	3.173218	0.100142
-1.123736	-0.760282	1.041471	-0.317470	-3.231600	-0.225440	-3.246580	1.794065	3.952157	-2.327917
-2.335248	2.363766	4.516418	-0.371473	0.103447	-0.362088	1.468563	-0.972444	2.264928	-0.690448
1.427477	2.627533	3.257514	2.608529	3.120898	1.711087	3.777195	3.040260	4.339329	3.004127
-0.944266	-1.076384	-2.710144	-0.207076	-0.397545	-0.790229	-1.403404	-1.505824	0.410559	-1.681112
-2.173482	-3.559687	-6.637560	-2.855005	-4.940977	-8.286347	-7.785453	-3.761598	-2.426685	-9.103184
-0.474479	-5.885381	-1.565241	-3.724971	-4.487597	-7.292880	-0.678970	-3.509163	-5.027407	-6.235609
-0.923662	-1.208269	-0.668793	-2.522989	-1.520501	-4.073242	1.852726	-4.283524	-3.155311	-1.046304
-3.140041	-0.379455	2.454180	-0.333177	-0.215687	-1.197145	0.376316	-2.353283	-2.077502	-3.067585
-2.797524	-1.155344	-0.684633	-1.702048	-0.214852	0.875696	-0.017718	0.203055	0.512815	-2.244069
3.216178	0.245859	1.976063	1.278779	2.167807	3.807567	2.511608	2.975585	2.062234	2.829931
4.275255	0.018348	2.143258	1.292389	-0.981409	0.972053	-0.848125	2.045501	0.287948	3.743900
3.217495	0.819716	-1.379357	1.472763	-2.148796	0.209939	-0.096933	0.508697	-0.416450	0.450127
3.466285	1.190759	1.803108	-0.697614	0.219146	2.673110	-0.083832	3.583966	2.648132	-0.886199
0.284711	2.411868	1.952742	-0.977661	-1.261380	-0.182050	-0.060037	1.965701	1.695787	-3.195889
-1.609740	-0.114864	-0.290965	-1.959895	-0.257773	0.293644	-1.906863	-3.736007	-0.063895	-3.195351
-1.698484	2.177456	-0.952026	0.172765	3.381270	-0.538324	-2.596725	-3.661466	-1.738921	0.140807
-0.358838	0.739720	-0.116452	-1.961798	0.793749	-2.947870	-0.211434	-1.889385	-2.569601	-2.469520
-1.588218	-3.302781	-1.956056	-2.982101	-3.816135	-2.288210	-2.341905	-1.200876	-0.010445	-4.492339
0.494159	-4.218357	-3.617252	-1.986665	-0.090381	-0.864561	-1.458548	1.198153	0.528038	-1.882953
-0.552227	-0.391616	-1.210952	1.872795	4.254412	3.477462	0.490225	0.929690	-0.150462	0.762035
-1.281395	1.964333	0.765429	5.377259	2.846844	0.766441	3.838205	-0.561876	0.324944	1.427623
2.465736	-0.607622	-0.570924	3.277309	2.500315	2.239862	-1.494118	1.822742	-0.796454	2.636111
0.239044	0.707210	-0.070225	2.757928	2.934425	3.560707	0.105249	1.793533	1.399833	2.373199
-0.928990	2.025918	1.660711	-0.154202	2.898973	3.199260	0.230597	1.481583	-0.054105	-0.547712
-1.168691	0.376592	2.343568	-1.121098	1.137458	-2.882494	-1.998278	-1.216820	-2.210880	-2.935019
3.689721	0.466719	2.730330	2.134522	0.529480	2.396528	0.400416	1.826210	-0.725702	1.513382
1.053022	2.786288	-2.903419	-1.732959	-3.024064	0.421911	-2.906024	-1.165041	-1.121782	-0.647306
-2.287511	-4.951512	-7.197394	-2.307358	-4.866775	-8.066761	-1.826601	-4.004888	-3.869432	-3.254775
1.037197	-3.111394	0.286888	-1.768990	-0.956956	-1.652204	-1.892519	3.668657	-1.110361	-2.392922
3.698623	0.139530	0.482710	1.929227	1.333792	2.011768	1.627222	2.024377	1.380219	0.715063
-0.237459	2.610149	1.193955	0.458880	-0.142436	1.538539	-2.800380	-3.876941	-4.977404	-2.190615
5.063627	3.740549	2.258708	1.155452	3.019958	4.239495	1.458377	4.289287	3.007262	4.690255
3.750556	3.589517	4.501151	2.604928	3.882371	5.031622	1.695392	6.116447	4.536304	3.453081
0.743602	1.731342	1.278768	-3.242003	-0.328901	2.109805	-1.859231	4.715823	3.946213	0.227774
-2.166861	1.410511	0.999342	-2.251957	2.430437	-0.700768	-1.207289	0.439402	2.453778	0.287843
3.775543	1.678010	0.335556	1.556954	0.872581	0.721189	1.360221	0.200667	-0.248310	-1.255701
6.596388	3.041328	1.271695	4.216318	3.733226	0.976063	1.125304	2.679405	0.960438	0.770155
-0.215851	3.293451	2.284742	1.454324	3.101868	1.772043	2.473065	-0.617699	0.217214	0.336522
-3.664000	2.871768	1.862181	-0.619138	1.892601	-3.290083	1.138112	-5.054359	-2.815793	-3.312188
-0.640883	-1.030434	-6.564603	-3.487579	-3.843581	-9.230326	-2.139048	-3.552689	-4.134090	-5.963261
-1.104425	-2.633266	-0.929226	-1.594707	-2.129682	-5.644098	-3.047008	-1.591402	-3.459086	-2.695885
-1.674550	-0.399541	2.745798	-2.706729	-0.119008	1.739193	-1.519358	-2.064512	-2.159890	3.389653
-2.834081	-1.874170	-2.628647	-3.155154	-0.396666	1.021937	-2.150390	4.362869	3.613990	3.212067
-1.544043	-0.973564	-3.350674	-1.392786	-2.400161	0.121026	-3.787092	1.726630	3.485249	3.522670
-1.206156	-0.310033	0.710404	-1.424632	-1.905299	2.387251	-2.499955	1.633258	3.712677	2.652977
0.801356	-1.759887	-0.541527	-1.572594	-2.157687	4.410305	-0.362667	0.246144	2.853770	1.017501
-0.371026	-0.127837	-0.199179	2.021024	-1.038230	-0.669219	2.799785	0.571776	1.362722	-0.122743
-1.390124	-0.127691	1.745736	3.861520	1.696365	3.359675	3.922612	1.271047	3.609325	5.951058
-1.046656	0.246342	-1.678492	0.585494	-2.423907	-3.079220	-3.583372	-0.778253	-0.222323	-1.584983
-0.699040	0.408755	2.759026	-0.918354	0.862647	-1.959108	0.373947	-0.623530	-1.091128	-2.981650
-1.351193	0.022040	1.092980	-2.056123	2.782123	1.084408	4.070483	-2.235492	-2.371093	2.315371
-0.581232	-1.065309	-1.669337	0.775891	1.163513	-0.476874	-0.308650	-1.501845	-1.078722	0.108992
-0.969272	-0.322598	1.759066	2.824692	5.325913	1.692242	-0.251437	-1.357292	-1.438018	0.978527
-1.413225	-0.379232	2.332082	-0.121815	1.345019	0.129157	3.369138	-0.016738	-0.044482	-0.406409
-0.485204	-0.310715	0.221206	-2.278024	-4.036677	-3.819231	2.298291	-1.206085	-0.495416	-1.745804
-0.344420	-1.451451	-3.985068	-1.803226	-2.362877	2.446879	-2.941163	1.022766	4.905978	0.259356
-0.054182	-2.494741	-3.276442	-1.191514	-0.725486	-3.773112	-2.630608	-3.996787	0.353801	-2.864517
-1.832298	-1.149587	-0.317722	1.276524	0.889191	-0.243601	-0.425126	-3.308142	-2.672147	-1.338409
-0.986475	-0.868490	3.631693	1.165199	5.526851	3.223014	1.347100	-0.670697	-1.531365	0.251492
-1.012017	0.529250	-0.753100	1.689923	0.766191	-1.408164	-1.128715	-1.173051	-1.387452	0.181598
-1.383728	-5.426065	-6.839999	-1.260789	-3.506992	-6.447430	-4.338452	-3.736498	-2.218505	-2.491179
-2.382609	-5.582034	-7.102804	-2.461923	-2.950501	-4.110680	-3.031693	-0.358834	-2.318923	-4.408527
0.596538	0.349347	-0.721012	-4.242061	-1.110038	1.246893	1.860077	2.748948	1.087300	-0.866135
1.026817	0.884281	2.300081	-0.253987	-0.556904	1.280095	6.154778	1.642454	2.579465	2.235909
0.800229	-1.650526	2.001880	-2.318081	-2.687501	2.304432	3.756627	-1.259406	0.994079	1.361916
-1.640219	-1.187470	0.836889	-4.393625	-0.228629	-5.014488	2.430342	-0.787124	-2.900755	-1.166905
-2.213923	-3.803143	-2.141383	-3.959596	-2.843189	-6.056057	-3.780661	-2.105790	-2.305730	-2.870843
-1.583874	0.748962	-0.874329	-2.044374	-3.058982	-4.785466	-0.523962	-5.202291	-3.094640	-2.270488
0.412338	0.407052	1.864761	-0.951634	-0.776805	0.131694	0.293956	-4.577716	-3.269779	-0.216630
0.548523	0.848738	-1.437204	-1.570355	-1.385060	-0.661068	-2.683090	-0.583152	-1.827140	-2.197661
-1.329305	-2.963872	-2.609113	-1.669709	-0.761443	-4.126041	1.446218	-1.726985	-1.814415	-2.465472
3.095967	-0.139067	0.931348	2.895627	-0.914255	0.543484	1.543297	3.883300	0.234105	0.288846
0.441055	0.043465	-1.285309	-2.296018	-1.472693	0.317219	-2.972935	-2.427183	-1.934673	-1.871999
-0.978623	0.517134	0.940630	3.148780	2.272146	-0.543827	-1.723661	2.098082	0.458360	-0.885199
-1.053551	0.387753	0.303080	5.371452	1.161564	-1.280040	4.424035	-1.297987	0.272513	2.391153
-1.811807	0.538734	-0.702843	2.940424	1.520364	0.758889	3.226670	-0.298275	-0.963004	1.906863
1.178329	2.851992	-3.098321	0.429127	-1.375652	0.129272	-1.866440	0.700235	-0.885081	0.894540
0.262078	1.282439	-0.406739	-3.238412	-1.161379	2.888521	-4.103379	-0.963839	-1.981110	4.256188
-1.393635	-1.639011	-1.775777	-3.319661	-0.646115	2.857547	-2.389231	0.559122	-0.055879	2.933014
-1.343188	-1.062043	-2.004518	1.235509	5.917945	3.913961	0.107218	-0.018467	4.219321	1.412824
-1.470254	0.286158	-0.132141	2.319029	4.823103	3.674776	-0.788515	-0.408486	0.900202	1.381322
-5.051409	-2.531196	-1.626327	0.763428	5.732464	2.522103	0.239182	-0.295318	-3.227328	3.502513
-2.406125	3.345212	2.221744	3.092338	1.910731	3.216253	1.283324	2.224454	1.759343	3.882402
-1.349875	-0.014904	1.138093	1.775989	-3.078593	0.004337	-0.103676	3.433449	3.738824	-0.874007
-1.200833	1.581370	1.963840	-0.709389	-0.187203	2.291067	-1.143905	2.039183	3.400627	3.814289
-3.691469	4.521750	1.650308	3.702434	-0.122796	2.617452	2.866049	-0.722126	0.435462	-0.320606
-0.085555	2.461749	0.022516	5.050089	1.847431	-4.429397	1.277898	-3.919563	0.664338	-1.042190
-2.154262	-0.656919	-3.239714	-1.332396	-2.811419	-3.562069	-4.344348	-2.460611	-2.571935	-4.717759
-2.062762	-1.595638	-4.521861	-3.007791	-2.085543	1.278645	-4.559879	1.603244	2.065254	-0.030612
1.982675	0.368003	2.881797	-1.764069	-0.413639	2.031955	2.306415	2.945619	1.443714	-2.132147
2.730077	0.552919	2.147981	0.019399	-1.206705	0.866569	3.557143	0.185426	1.574053	-1.275461
0.041772	-3.030379	-4.268590	-2.864560	-0.039539	-2.440803	-2.635188	-3.012122	-2.001219	-3.033055
2.500690	0.401823	-3.485694	-1.289921	2.201260	1.765747	0.175329	3.967789	0.438907	1.660573
4.942058	0.857636	1.219188	-0.224359	1.087893	2.686027	-0.237098	3.140270	1.524037	3.348124
0.423404	-1.298930	-0.373424	-0.545048	-2.501640	0.205443	-0.793465	0.790031	0.941681	0.020797
3.589754	0.126737	0.318789	1.520534	-0.300139	1.559004	0.462832	4.222482	-0.603054	1.382492
1.320835	2.050347	4.264745	1.191509	-1.659306	1.778915	4.600598	4.924331	1.409638	1.980310
-3.222429	0.068207	3.259562	-0.258903	-1.696142	1.520084	3.370634	0.651687	0.617363	1.205149
5.143389	1.457828	2.795157	2.220518	2.512851	2.646115	4.513543	3.814356	2.570628	2.284508
4.524111	3.727216	5.533546	3.882991	5.779570	3.287513	3.209426	4.611643	2.714638	1.319786
2.836660	3.174178	3.825944	4.444930	3.560510	3.140285	1.376381	2.018252	5.081698	3.551682
-1.937443	-1.473979	-3.511235	-2.671048	-2.550432	-4.443866	-3.152492	-7.868812	-2.776388	-5.564107
4.256123	-2.494751	-4.769576	-0.825331	-1.911261	-2.764536	-2.454595	2.113252	-1.537116	-2.514682
4.242776	1.305967	1.392431	2.216394	-0.969984	2.724479	1.058668	3.810746	3.290517	0.704454
2.688435	1.390578	1.434999	2.768336	-1.239507	3.208582	0.876393	3.734869	3.054415	0.258399
-1.916685	-1.587914	-3.147462	-1.135297	-2.919937	-3.513024	0.347075	-1.156679	-1.567122	-2.692449
-1.290369	-2.942209	-1.078844	-4.344998	-0.941884	-10.860336	-4.699593	-5.732501	-5.592791	-8.181695
-3.156003	-1.952204	0.819263	-2.062062	-2.185855	-4.482153	-3.764217	-3.027300	-4.961391	-1.156740
-2.006076	1.033600	-0.056937	-2.328787	-0.996961	-5.534472	-1.900106	-4.341479	-4.476021	-2.282487
-1.535577	1.590903	3.144764	-2.251871	-0.440212	-5.624492	-1.761668	-4.224944	-4.188582	-4.840541
-2.687098	-1.668597	0.590070	1.676083	-1.378719	-0.178212	6.658685	-1.786400	-1.463574	1.550896
-1.424831	1.197797	2.960783	4.215973	2.374606	3.340470	6.007944	3.505345	3.029101	3.865719
4.891328	3.596084	3.838305	5.197894	4.048849	3.518553	5.304496	6.467085	1.562844	2.846727
4.199282	2.301258	2.634838	3.687739	2.247899	-0.146360	2.572228	2.704010	1.428151	2.147714
0.420435	2.213215	3.172480	1.539300	3.365040	3.146229	1.780428	2.050111	5.094319	1.883877
0.746986	3.203750	2.687031	4.123165	2.531258	1.831621	2.820681	-0.266221	1.906248	2.287713
0.289434	0.406957	-0.322914	3.844021	0.037538	-0.347384	0.360272	0.218903	2.551632	1.342917
-0.245725	-0.577572	-2.298457	-2.408545	1.908564	-1.357886	-2.594214	1.424372	2.130869	-1.857713
3.789206	0.286557	2.670095	0.113649	2.982621	2.710213	-1.596895	4.197975	1.856654	-0.000482
0.411319	2.483035	2.493437	3.614985	1.837991	3.219415	2.926114	1.079599	2.208383	3.814408
-1.597494	-1.381947	-0.645840	2.286942	0.749957	2.400817	1.819594	-5.660267	-1.571748	-0.027749
-2.363342	-3.795697	-4.990744	-2.304301	2.301803	0.474319	-2.584071	-4.272137	-3.356445	-1.726754
1.952263	-1.829526	-2.901483	1.321932	0.506811	0.427421	-1.328301	3.484578	0.559988	-0.491711
1.183810	-0.832543	0.786530	2.798415	-0.638238	-0.601080	0.371885	0.099863	0.797644	-1.321724
-1.197816	-1.526061	-0.846216	1.890222	-0.504961	-2.163384	-0.180030	-2.708094	-0.322481	-2.117695
-1.281832	-0.498089	-1.234532	1.457624	-1.287376	-0.344893	-1.763167	-3.616207	-0.530294	-0.043627
0.263548	-5.610240	-5.089432	-3.339810	-2.459002	-1.827207	-3.434445	-1.207189	-2.719100	1.007777
-0.171396	-3.360826	-4.061931	-2.135111	-1.953756	-3.522229	-3.190283	-2.718052	-3.174306	1.568416
0.157316	0.306841	0.741957	0.106689	-4.246256	-3.585260	0.792699	-3.283010	-4.074517	-4.470015
0.941266	-0.623952	0.824116	2.340755	-1.444020	-1.008001	2.888681	-1.261676	-2.103341	0.178085
2.850930	1.344882	3.944730	4.151252	1.941133	2.933545	2.917344	0.834737	1.157616	3.460812
-1.933313	1.352831	0.471283	0.847444	-1.040612	2.211477	-5.319532	-4.542081	-1.887251	2.520266
-1.860488	-0.990320	-2.806343	-5.714407	-2.327374	-1.264807	-4.843266	-5.257744	-4.039049	1.043345
-3.845318	-1.887183	0.644435	-1.865237	-2.604767	-1.909610	1.072024	0.656137	-0.938285	0.332748
0.110271	4.083627	6.347997	2.827013	-0.973710	1.838167	3.611517	4.047751	6.629135	1.900275
0.351055	0.311496	-0.930373	-2.390195	-1.226916	0.708621	-2.102603	1.841988	1.459604	-1.772474
3.308205	-1.275788	-1.450195	-2.224801	-1.369901	-0.989551	-4.262954	1.100737	-0.893682	-2.132301
4.206596	2.939959	1.988312	2.148854	1.662021	2.786350	3.020345	5.679390	2.252369	0.703097
6.026100	1.835225	1.125929	1.523130	0.552537	6.151420	0.570178	4.322437	3.605252	2.179718
5.127090	2.382296	3.435138	2.948287	-0.384565	4.315456	4.156629	5.318970	3.563160	1.195364
4.990539	3.982056	6.100318	3.395483	2.131102	2.073756	5.290882	4.002683	2.317089	2.596436
2.293217	5.059495	4.017452	4.715078	5.904528	3.194017	4.794823	-0.152633	1.417333	3.714135
-4.903903	-0.919604	-1.845181	-0.048769	1.766503	-2.830366	-1.590664	-5.417182	-1.241114	0.076764
-0.819348	-1.529452	-8.084498	-4.145197	-5.188582	-3.899496	-7.478792	-3.190270	-4.618957	-2.672077
0.857853	-4.254262	-4.096218	-2.625646	-2.245734	-1.473876	-1.364173	-0.684701	-1.656200	-3.431884
-1.005827	-2.833948	-2.131061	-0.557955	-2.309560	-0.992310	-2.341819	-1.680579	1.600952	0.826245
-1.736114	-4.354823	-4.565142	-3.442163	-2.047666	0.028198	-1.900742	-1.342208	1.248094	-3.907388
0.193663	-1.786197	-3.162281	-2.510707	-2.252355	-0.495256	-2.442851	2.204812	3.352723	-3.386080
-1.938521	-2.166484	-1.318093	-1.984324	-0.948732	-2.377678	-3.266157	2.154879	-0.334066	-3.683027
-0.315992	1.374805	1.672904	1.667451	-0.174597	2.811929	4.204032	-0.505608	1.326423	3.001774
-2.189575	3.623159	2.403294	4.730083	4.405848	4.007459	4.139109	0.664152	2.355587	1.975626
-2.104794	3.219167	1.172162	0.891439	3.179404	-0.476692	2.007367	2.102060	0.251124	-1.263166
-1.366074	2.561818	2.769794	-1.514812	-4.634627	-3.929329	-2.983499	1.513918	0.593729	-2.740901
-2.148936	2.020404	3.550275	-2.710501	-1.106841	1.412142	-2.275896	-0.634371	2.868701	-2.069873
-0.988804	1.810114	2.505392	-1.140457	-1.383436	-5.579884	-2.153627	-3.395504	-0.804962	-4.409378
-2.207097	-1.923660	-2.444767	-4.214508	-1.379203	-6.043213	-1.804095	-2.331875	-4.312864	-1.309914
-0.821836	-2.400127	-1.221315	1.923923	3.040062	0.769149	-2.727503	-0.877182	-3.506506	0.239324
0.023661	0.433906	1.720938	3.160410	0.944869	0.761597	1.077049	1.720884	-1.014389	3.082441
-3.375225	-4.898969	-3.852517	-2.813768	-3.465073	0.775624	-3.527042	-5.659672	-3.260215	1.799138
-2.577410	-1.162758	-4.275990	-2.424431	-2.177154	-0.248776	-2.892874	-3.976544	-5.620785	-2.340479
-0.202809	2.407433	4.372910	-2.633296	-3.541661	0.636292	3.858554	-4.200622	-5.353700	-0.602407
0.866563	0.439999	2.507477	1.594819	-0.648681	3.067121	6.068342	1.540801	-1.764360	1.399457
2.570394	-0.757866	-1.253595	1.069803	-0.602500	3.080204	-1.931006	1.604234	2.456735	0.177116
-2.784728	-1.687263	-5.211911	-2.520958	-1.495803	-1.393865	-8.284787	-0.539913	3.793984	1.872373
-1.144114	-1.425498	-0.989477	-4.564973	-2.131974	0.511408	-2.498699	0.633770	3.292588	0.431631
-0.129773	-1.139272	-0.639794	-1.836249	-3.463194	1.027617	2.358264	-2.510507	1.665247	1.423493
-0.569212	-1.617287	-3.558765	-3.054892	-1.906147	1.060755	0.881007	-1.121634	-2.029639	0.690960
-2.616839	-3.421945	-4.448791	-3.640004	-1.450611	2.089916	-2.052766	-3.192998	-4.026568	1.601935
1.787543	-3.152245	-2.176873	0.200913	-0.561468	-0.575206	-1.882547	0.857012	-2.690539	1.208418
0.829427	0.772013	1.475092	-0.689140	-1.120697	1.422183	-0.637031	4.436907	-1.273852	-0.650388
-1.312888	1.481131	2.882105	-2.539758	2.885725	0.179176	-2.671110	4.132899	2.743195	-2.870885
0.277997	-0.068091	2.186169	-0.639438	4.579520	0.256570	0.342022	1.314401	4.406505	0.975730
-0.969419	0.861551	-1.689412	-2.286971	-1.994091	-0.506843	-0.767226	2.616025	3.886778	-1.669145
-2.611535	0.478261	0.889867	-1.979747	-2.582382	-2.798168	-0.050047	-2.113916	0.528717	-2.705509
-0.472049	-0.291557	1.421813	0.980444	2.077670	-0.431709	2.380168	0.068691	-0.954276	1.059535
4.086942	2.025701	1.985032	4.824316	4.281988	2.206129	2.543327	0.973356	4.225101	3.520587
-0.627658	-1.978359	-0.876367	1.740884	4.498599	2.260141	-0.977462	-2.178406	0.896151	-0.771755
-1.142442	-0.469130	-4.618176	-2.148235	1.943126	-1.990376	-0.174288	-0.160984	-2.197924	1.082306
-2.191105	0.370694	0.522915	-0.544422	0.434594	1.423973	5.716556	3.609335	0.492679	4.258267
-3.050639	0.708722	2.158316	1.382642	5.175130	2.486884	4.046381	1.341663	-0.150236	3.294126
-0.783536	-0.062338	0.037040	-1.919119	-2.889843	-1.677944	-2.115406	-2.534789	-0.654568	4.711278
-1.082487	-1.367577	-1.793603	-3.544584	-2.195799	-5.261214	0.491306	-6.237309	-2.482312	-1.723680
-3.100382	0.067014	2.949502	-2.611227	-0.508213	-4.485930	3.379526	1.596915	-2.038566	-1.099453
-0.443910	-0.646653	-3.517932	0.182676	-2.213060	-2.175291	-3.206137	-2.075509	-0.354426	-0.068646
-0.152861	-1.815969	-3.499392	-2.212446	-2.320516	-2.929400	1.097227	3.397232	-2.978789	-1.394965
3.291479	-0.100122	1.675138	0.736933	-1.304858	0.998742	2.750826	2.932747	1.748049	-1.706914
-1.199879	-0.678000	0.033773	-1.476258	-1.498460	0.943336	3.561270	-5.057455	-2.226809	0.938101
-1.315521	-0.191891	1.361628	-3.780689	-3.526101	-0.288018	1.994368	-1.505365	-0.497859	2.060473
-1.330934	-2.830382	0.676021	-2.412831	0.563042	3.502681	-1.335970	3.130525	2.830403	2.309396
3.662297	0.373040	-1.028734	0.216448	3.370691	3.959133	-0.411437	1.713822	2.806680	2.482863
4.291785	1.649388	2.193882	1.087778	2.593567	0.182642	0.565677	3.123733	2.294276	1.568768
2.866945	2.788977	0.874485	2.600091	1.583291	1.804308	-0.092819	2.786865	1.815494	3.532804
0.499691	-0.050681	-1.749908	-0.546483	0.581181	-1.725464	-2.606518	0.936223	0.564739	-0.639435
-3.143660	-1.418270	-2.176680	-0.148012	0.342657	-5.234571	-3.637909	-1.683289	1.207415	-6.631758
0.358705	0.343723	-2.452413	1.402135	4.380136	2.093590	1.136013	2.146233	0.937424	0.217729
1.502502	1.204613	3.290110	1.174589	-0.229566	2.444225	4.272459	0.824892	2.755870	2.119520
-1.979754	-1.049086	-1.522894	-1.736519	-3.976433	-2.446062	-0.709865	1.076690	1.815158	-2.557893
-3.590449	-2.773258	-4.336008	-3.133958	-3.132351	-4.697466	-6.146951	-2.527972	1.232690	-5.005816
0.167134	-1.441390	1.837484	-0.627900	-0.466706	-3.378480	-1.987190	0.572907	-4.184730	1.427243
3.636109	0.200032	1.610099	2.994784	0.306113	0.846502	0.764723	2.182227	-1.091000	1.061380
0.735390	-0.331976	-2.728548	1.041124	2.557318	1.471587	-1.842302	0.939085	-0.168615	-0.379512
-0.782808	1.891399	-4.114441	0.158345	3.117117	-3.821318	-1.916259	-6.020721	-2.799972	-1.868640
-2.906472	-1.609729	-0.704965	1.596175	0.706319	-0.608506	-0.354742	-1.196094	-2.695070	-2.734008
0.081113	0.151954	2.782794	4.574338	0.255731	3.270132	0.135157	4.209062	1.281994	1.025478
-0.726539	-0.505440	0.259750	-0.164442	-1.246842	1.837104	-0.967556	5.128042	1.548323	-0.389786
0.390483	-0.952996	-1.180984	-2.279940	-1.893795	-1.383681	-3.919274	1.990339	0.688318	-2.510704
4.975394	1.387997	2.084403	2.246862	-0.646026	3.117085	-0.504691	2.410247	2.083482	2.685619
5.088205	3.672451	1.782424	4.527288	1.321766	1.853111	0.662899	3.421757	0.958816	0.357980
1.646028	4.215879	2.599889	3.732754	3.799183	2.928406	1.989403	1.557861	1.183321	2.657976
-1.081225	2.327791	0.251207	2.029978	3.495123	1.599280	-0.337074	0.542049	-0.363903	2.017905
-4.949043	-0.439402	1.165388	-0.763623	1.906383	2.004342	0.491274	-3.576289	-3.157054	-0.127835
-2.668417	-2.522791	-3.671962	1.722063	4.028859	0.262002	-0.156446	-3.650866	-3.018834	-1.313046
-0.231735	-4.012165	2.299165	-0.107848	3.332746	1.341570	5.444970	-0.932392	-2.470442	3.442773
0.697511	0.919684	0.635774	0.130052	-0.334461	1.142553	4.396028	-2.160582	-1.231079	0.701020
-0.105469	-1.145335	-1.060330	-0.397925	-3.116672	-6.095137	-1.210367	-5.963648	-3.417148	-5.503905
-1.986167	-1.041316	-1.916543	-2.413373	-1.667495	-8.886692	-6.276808	-4.218706	-3.865449	-9.003300
-2.830675	-2.270451	-1.219664	-0.234383	0.190360	-2.218003	-2.670892	0.800830	-1.465485	-3.760663
-0.282885	1.086365	6.284410	1.294748	3.644081	3.472440	0.829588	3.637643	1.732741	1.872006
-1.204491	1.979839	3.789578	3.386624	0.235557	1.592244	-0.331865	3.650417	4.639026	0.359710
-1.458485	1.194874	1.138140	-0.761253	0.202974	-3.686080	0.451556	-3.188065	0.469565	-3.142048
-0.978961	-1.341524	-3.135005	-1.676383	-3.484483	-1.624627	1.863755	-3.239520	-3.882746	0.189336
3.444187	0.432446	0.808938	-1.018966	-0.470429	2.939314	3.527337	1.485633	-3.243913	3.110065
1.055963	-0.819011	-0.367834	-2.425804	-0.834880	-2.126752	-3.459994	-1.772223	-1.234941	-0.459656
-0.057827	3.744305	-0.423725	-1.601002	1.222047	-4.664417	-3.695632	-0.463409	0.013864	-6.010023
-0.704679	2.300696	1.914558	-1.265964	-1.826667	-1.121574	-0.768873	0.725858	3.287294	-2.926531
-1.222489	0.892863	2.016509	-0.794996	-1.309539	0.267383	1.087887	2.934357	4.129242	-1.287874
1.702948	2.260706	2.857920	2.870095	-1.513189	1.880258	1.992354	3.168670	1.777900	3.696753
2.343235	1.107324	2.290181	5.875201	4.098364	1.878359	2.224032	1.330276	0.773059	1.513257
1.001075	-2.263585	-0.478515	1.815613	2.220299	0.887989	0.850826	-2.421845	0.196409	3.748343
-1.265229	-2.391322	-3.257180	-0.359380	2.208296	-1.148148	-2.542560	-3.524913	-2.252959	2.094518
2.438026	0.759910	1.609476	-1.140887	-1.385567	2.076752	2.068278	4.395753	-0.075856	1.019089
3.484642	-0.972191	4.392742	0.866680	-3.477010	1.967891	0.200345	1.453232	1.994908	0.133563
2.264122	-0.072229	-0.026395	-0.300091	-2.718855	-0.721026	1.642147	1.062506	-0.962280	-3.384054
5.411468	3.316893	0.528652	2.443188	2.591776	4.808100	3.468787	3.173353	3.504169	1.615146
4.923383	3.228369	3.389872	2.829404	5.855662	4.306872	3.380070	2.938556	3.884042	2.622669
-1.162333	1.405596	0.899350	3.933944	1.394082	3.299290	-0.012900	3.187095	3.259627	1.963422
-2.734177	0.358668	0.721374	1.526794	3.133513	0.976955	1.901983	-0.983749	2.999810	0.466313
-0.036548	1.767980	2.392129	3.899142	2.760935	4.092265	2.326624	-0.300494	1.057878	2.571949
2.268457	0.058526	0.233001	3.204174	0.365627	-1.454779	1.697126	-1.681257	2.415116	-0.983164
-3.659161	-0.478599	-4.230524	-3.173723	-3.195733	-7.281679	-3.932704	0.783044	-1.075689	-6.276018
-2.643501	2.198599	2.007041	4.586837	3.240536	4.658362	1.895137	3.428893	3.690548	1.621693
-1.796160	3.391414	3.094581	2.520642	1.230113	5.256642	1.684255	1.105873	4.600713	3.370475
-1.139038	2.391539	-0.059617	-3.119020	-3.420522	1.245959	-2.977645	-2.602131	2.370091	-1.640964
-1.873932	1.324768	-1.807667	-4.782562	-2.058186	1.387708	-3.723257	5.307468	2.912667	-0.087920
-2.641640	-2.376004	-2.509482	-3.447196	-2.497998	2.556887	-4.444577	2.739153	3.068926	3.078315
0.215538	-2.344486	-3.250075	-1.597631	-1.833777	0.562090	-1.416298	-3.206686	-0.078946	2.236746
0.105206	-5.024781	-6.764457	-2.737379	-1.753539	-5.991986	-2.341715	-7.169363	-4.243365	-0.353322
-0.504235	-0.666598	0.444158	-0.534448	0.000201	-2.507647	1.706076	-0.392689	-3.647644	1.624017
-0.153682	0.199559	-1.144440	-2.475048	-0.818275	-1.780098	0.579384	-4.405074	-0.798099	-0.947833
-0.397334	-3.699316	-3.685161	-1.920686	-0.242079	1.134756	-0.174488	-5.481327	-3.613643	0.015534
2.530211	-0.655329	-0.111117	-0.202069	2.898975	3.098209	5.859868	1.894942	0.436710	2.643321
0.394456	-2.316686	1.558085	-3.213704	-4.578128	-1.196945	4.986258	-0.431172	-1.882055	-0.873166
-3.129595	-0.985292	-0.339664	-1.643994	-2.629097	-1.120512	-1.734112	-3.980078	-2.986649	2.555476
-1.563342	-0.153050	-2.627271	-1.225644	3.735356	1.139202	-1.878135	-1.615879	-4.146086	0.574450
-2.033181	-2.938567	-1.620543	-0.189456	2.842622	1.091590	-1.508706	-5.907381	-0.518677	0.336061
-1.050610	-0.021346	-0.377286	-5.460232	-4.007309	-0.320754	-4.093716	-5.215885	-1.972835	-0.687389
-2.344225	-0.454690	1.899997	-4.641172	-4.201444	-2.321536	1.950242	-1.086694	-3.742970	2.238502
0.470476	0.914497	-0.279899	-1.162975	-1.469389	-3.001463	-1.810327	-2.326409	-2.746092	-4.203661
-1.298803	-2.249789	-5.142876	2.120560	-0.436650	-1.389841	-2.718914	-2.547329	-0.999212	-1.018178
-0.348260	-3.595450	-2.001934	-0.980962	-2.101432	0.001125	-1.355613	-2.213953	-2.624837	2.941456
-2.488691	-2.222187	-3.186175	-2.201738	-3.095638	-3.161973	-3.143815	1.736823	-2.481176	-0.920660
-2.136693	-0.779304	0.854904	-1.470561	-4.407270	-0.447440	-1.008613	2.653202	1.315165	0.780277
0.998936	0.090700	1.660403	-0.311424	-1.258630	0.783118	-0.522200	-0.065810	-0.221921	0.783370
4.472801	2.542723	3.001828	4.713481	1.822084	3.851396	3.581333	1.625093	0.148161	3.306518
1.870704	1.911065	-0.562319	-0.878137	-1.014330	-0.304011	4.368792	-3.850181	-2.868494	-1.098075
2.476049	0.217926	-1.536930	0.142833	-1.904867	-4.177309	-2.481513	0.713277	-3.273087	-5.451310
0.877538	1.063107	0.834100	0.239904	0.668574	-0.510801	-1.914276	1.215776	-1.299222	-2.369786
3.843175	3.605909	1.580081	1.315788	-1.098803	1.708907	2.073212	3.697328	0.318400	0.446900
3.753762	3.030232	2.033722	4.033000	0.698309	1.613012	2.265459	1.443746	-0.968420	0.319747
1.604903	4.059680	-0.132967	0.489255	0.262815	1.698910	3.074673	0.576342	0.035919	2.392557
-1.364599	0.161754	-2.150274	-2.261030	-0.888278	-2.270701	-4.629740	-2.945968	-1.033481	-4.025269
-4.810843	-0.666742	-2.821186	-0.841138	0.099739	-5.349824	-2.693070	0.050232	-1.092116	-4.772731
2.257074	1.331495	0.245112	0.263149	1.850574	3.632238	3.383290	5.198759	2.492718	2.419971
2.401156	0.765068	3.067533	1.644752	1.619237	2.122483	5.099248	3.485330	2.707728	5.306040
-1.718698	-2.948319	-2.536805	-1.187811	0.961138	-3.521889	1.992110	-3.672235	1.815321	-1.923525
1.394216	-4.398260	-3.317085	0.269584	-1.620709	-4.236279	-3.879716	0.486684	-3.312395	-3.883623
3.902700	-1.322152	-0.687089	-0.168643	0.557405	0.671311	-0.071423	3.649508	0.962289	-0.748252
-0.272047	0.322210	-0.467398	-1.432068	0.905496	0.292583	0.225896	-2.882041	-1.393115	-1.947012
-2.635822	-2.956867	-6.403792	-3.994669	-2.838825	-7.423563	-2.894152	-7.115138	-2.860295	-6.357503
-2.353026	-1.706279	-0.237050	2.634478	4.218359	1.740373	2.787537	-0.450261	-0.283640	2.836078
1.313943	1.527081	2.856951	4.566599	2.505661	2.756894	4.437871	2.162216	1.113667	2.041431
0.559385	1.351619	2.983532	0.829717	1.090297	0.612301	2.448455	-2.523382	-0.076160	0.498258
-1.536002	-2.132358	-1.871183	1.538059	0.264483	-3.347302	-0.056607	-2.227927	1.045997	0.709559
1.963383	-1.213446	-2.442871	-1.788051	-2.650465	1.429485	-4.004710	0.846008	-1.422146	-0.444864
3.447337	1.591264	2.821094	2.006614	-0.307929	1.360968	0.967651	3.101250	0.233330	2.281190
1.107760	-0.801522	0.293635	3.136679	1.539907	2.566850	0.880578	2.857430	3.732846	1.789223
-0.085150	1.838803	3.363380	3.012471	1.082762	1.263734	2.168975	1.943576	2.063022	-0.390164
3.255304	3.215446	2.314152	2.540716	1.055853	4.004125	0.961444	4.356820	2.076080	0.913031
-0.853281	-1.001888	-2.032321	-1.691760	-1.485503	1.044128	-3.788414	-3.128209	-1.311357	-2.008690
-2.277907	0.239510	3.597888	-5.775632	-4.710186	-6.972952	0.871003	-8.608679	-3.317566	-2.730427
-1.089780	2.907146	4.033603	-1.608873	-1.262079	-2.475010	4.251495	-0.559358	-1.503522	1.575023
4.326298	1.973427	4.167253	1.613341	0.937837	1.468160	3.133161	3.432887	0.280700	1.047160
0.615321	2.983158	5.101564	3.533537	2.529980	2.549763	1.248701	3.833888	3.243726	1.378088
-2.578116	2.208547	4.497563	4.988337	2.483068	2.875005	1.154112	2.586778	2.220583	1.085107
2.050582	1.571600	-0.077324	4.266668	1.325321	4.084493	3.029291	1.468792	1.548398	3.155519
-1.319491	0.958622	2.049430	3.750352	4.207155	3.362731	2.909134	-1.921338	0.468699	4.489325
-3.330942	1.068819	1.322351	3.112511	5.224590	3.362127	0.284238	-2.941076	1.094714	2.960627
-3.078379	-1.201203	0.621666	3.022970	5.031042	2.208287	2.299595	0.308010	0.453073	3.885226
-3.129608	0.198860	-1.072900	3.662048	0.327730	2.095417	-0.226100	0.419056	1.279005	2.306522
-2.199836	-2.923785	-4.740122	-3.064833	-2.966230	-2.075778	-4.624954	-0.574703	0.998539	-2.284883
-0.285274	-5.470237	-4.612076	-3.453453	-2.427319	-6.960192	-1.745677	-0.006134	-2.935295	-6.803588
2.461572	0.277911	-1.635436	1.080507	0.002977	-0.129518	-0.640578	3.712300	-0.109266	1.913706
-0.773109	1.831161	1.245421	-0.948136	-0.226523	1.083248	-1.730568	1.431332	-0.334745	0.428700
-1.969626	-2.197383	-2.540483	-3.080963	-3.464304	-2.270287	-2.657158	-5.110602	-2.089599	0.646793
-1.643488	0.365381	0.887475	0.488340	-3.029552	-1.761220	-0.227860	1.701831	0.686200	-0.364615
3.063694	0.113856	3.071717	-0.225911	-1.921950	4.252455	-0.972290	6.384368	3.474685	1.707476
3.762610	3.332044	3.948563	2.900698	-1.786284	3.562241	0.140339	4.528842	2.408384	1.852963
2.839949	1.521945	-0.100267	2.233280	1.870560	2.596643	0.774211	2.135988	0.612330	1.708146
-1.722699	-1.563940	1.228846	-1.976455	0.103495	-0.362236	-1.498192	0.322639	0.013852	-2.873179
-1.458647	-0.219510	0.068120	-5.141895	-3.091665	-0.927494	2.187412	1.535531	2.732580	0.197487
-0.123406	0.795635	2.199073	-2.353230	-3.927508	-2.149228	3.838304	-5.391403	-0.416756	-2.236361
-1.654088	-0.620307	0.861719	-2.489854	-2.405922	-4.866536	-1.949335	0.456470	-3.012625	-2.021225
-1.319704	-2.186437	-5.951025	-2.353659	0.986205	-2.137718	-5.608328	-1.257816	-0.311799	-3.698811
-1.233466	-2.428056	-2.318246	1.116060	4.919084	0.230627	0.230803	-1.670128	-1.352149	1.131578
-1.040186	-1.266268	0.791170	-1.105691	3.400724	0.349299	0.289935	-0.916034	1.797054	-0.832965
-2.102878	-1.267274	-1.686167	-4.014910	-2.889563	-4.905504	-3.542057	-1.606601	-1.833862	-6.178846
3.407648	-0.803380	-2.813745	0.655605	-0.634169	0.173517	0.086501	2.319403	-1.612670	1.747628
2.031878	0.069412	-1.526655	2.540855	2.121015	1.068560	1.363584	2.214109	-0.224842	-0.616750
4.406400	2.562996	2.850912	3.089940	2.192798	1.755721	1.191564	3.249548	1.962048	1.822211
1.667703	1.534968	3.932163	2.454059	1.553887	3.627097	-2.405188	3.565552	4.824126	2.406303
-2.475327	1.164721	-0.314095	1.124409	4.469689	2.273381	-2.605601	2.846351	2.792818	1.232114
-1.511900	-0.396350	0.613841	1.105086	2.692012	-4.271631	-1.512105	-2.504626	-0.089153	-2.708765
-1.010830	-1.612153	-3.942723	-1.808415	-4.108339	-6.917146	-2.544332	-4.621248	-5.751961	-5.343645
-0.754228	-1.789194	-2.959586	-2.345999	-3.188157	-2.294172	-2.708313	0.753714	-0.653983	-2.823039
-0.544506	0.120819	1.775156	3.953128	2.899864	1.598583	1.054020	-0.778913	0.644304	0.764539
-2.616475	0.233577	-1.210099	-1.699944	-0.668973	2.427110	1.702931	-4.168899	-1.259479	2.176877
1.239453	1.002873	0.594549	-2.464222	-2.613861	2.458799	3.265388	-0.568517	-0.592210	3.874460
4.494268	2.658797	3.575200	0.804484	-2.058097	1.380439	4.803756	3.064861	3.300232	2.501771
1.900659	0.058939	1.427250	0.988363	1.485124	1.845417	3.320598	1.512661	0.945567	1.336996
-2.789784	-1.833810	-5.601205	-3.779895	-1.933995	-0.922878	-2.794921	-8.105590	-6.479286	-1.499184
