X1	X2	X3	X4	X5	X6	X7	X8	X9	X10
-2.363202	-6.101379	-2.632823	-3.351447	-2.995030	-5.499684	0.276964	-3.149644	-6.314945	-0.904078
-0.009990	-1.340805	0.757387	-1.369083	-3.076871	-1.068917	4.254913	-3.260391	-3.110508	-1.277447
0.319780	0.423268	2.300911	-3.271386	-1.651765	-1.057911	1.346126	-2.585987	-3.168242	-0.999818
0.560501	1.588117	3.417128	-3.260610	-1.989478	-4.082510	-5.327724	1.212137	-1.136304	-6.913724
-2.681335	1.669318	1.366719	-0.572208	-1.772075	-0.602957	-2.522566	1.429954	-0.027248	-1.704503
-1.746735	-0.948553	-5.437536	-1.526131	-2.101020	0.356605	-3.944932	2.370033	2.076069	-0.241489
-0.963304	-0.471619	2.603241	-1.769130	-3.056877	0.758630	-1.957950	3.409948	0.729894	-1.697221
0.887049	1.199897	-0.180871	-1.747657	-3.145011	-0.941825	-2.102353	2.297769	2.680971	-2.267335
0.357319	0.185373	-3.442294	2.782338	0.391415	2.683895	0.241729	2.238469	2.371946	2.346733
-0.298400	-0.553916	-4.381751	0.089207	-1.957063	-0.938856	-2.600138	2.110823	1.517565	-0.912958
-0.217414	-1.895990	-2.980264	-5.213100	-3.550107	-5.885122	-3.368784	-3.064596	-1.577126	-5.495443
0.551571	-0.185872	-1.040557	-2.484230	-3.420179	-6.639350	-2.088145	-3.096114	-5.941580	-5.251162
0.668750	1.969516	-0.410253	1.726869	0.090059	-0.568084	-1.113352	-2.244956	-2.203351	-1.077852
-0.996683	0.073052	-0.521676	4.783051	2.946946	1.671329	3.025561	0.018054	3.644409	1.398846
-0.343932	2.759915	1.521851	5.632270	3.391024	3.442744	1.668060	3.365992	3.270048	6.517394
4.706597	2.653083	1.878603	4.809381	5.431433	3.270714	4.932410	5.194235	5.687814	2.955153
2.937299	3.440535	5.678155	6.243942	6.300915	5.040693	4.910879	3.938060	5.078055	5.608184
-0.382431	2.627752	-0.750716	3.372208	3.737513	4.866236	1.533730	1.464545	2.037421	3.826746
-2.496097	-1.594389	-2.123336	0.872839	3.217571	2.758896	2.159231	-2.365432	1.701862	2.451501
0.649795	-0.822407	3.113271	0.808994	4.232834	3.468027	4.974947	2.529609	2.439529	3.863708
0.744842	0.413877	1.677480	1.866131	3.453549	2.013584	0.477744	3.106748	3.639572	0.600728
-0.588863	-0.712157	-0.268933	-1.232586	-0.100637	0.248721	-4.267713	-0.052635	0.143944	-0.449379
-1.253423	-2.339427	-3.867592	-0.582997	2.701424	-0.285909	1.227142	-4.065659	-1.570103	1.152247
0.075357	-0.316854	3.099077	-0.502638	1.808883	0.947851	2.367576	-1.691241	-2.671415	3.148566
-1.550729	-1.885956	2.038951	-3.667045	-2.671409	-0.019146	-3.117444	-2.928500	-4.125539	-1.963261
1.362714	-4.506953	0.297005	-2.478452	-4.130299	-3.468743	-2.710052	-3.826451	-3.081319	-2.054673
2.477983	0.638938	3.122217	5.389807	2.751966	3.075114	3.886119	-0.622512	-0.056099	2.429788
1.433971	3.166197	3.966461	2.919800	6.233442	0.965782	4.755437	0.656304	-0.689623	1.720185
-1.386027	0.938707	0.697017	-1.847604	1.360186	-0.816384	1.335371	-3.061719	-0.685333	-0.247423
2.671183	2.128351	6.151159	6.497064	5.306757	3.612276	3.393488	1.400606	4.113430	4.263027
1.371196	3.571310	1.832868	5.029975	3.803113	3.106016	5.636057	4.996267	3.505627	2.713094
0.265007	1.872169	-3.178581	1.295002	1.749917	-2.083703	-2.488351	-0.231650	-0.186683	-2.112559
-2.043392	1.064311	-3.141206	-8.435783	-4.321668	-5.266624	-5.668166	-3.931955	-5.926437	-7.756270
0.167394	-1.674281	-0.044431	-2.227805	-1.474679	0.458613	-1.736217	-3.616458	-1.391672	0.574423
-1.033343	-3.522223	-2.737973	-2.499788	-2.671049	-0.549332	-2.455833	0.753230	1.261177	-2.957919
-1.453808	-6.777529	-6.900454	-3.529256	-4.775511	-3.537798	-3.001641	-2.685598	-1.721125	-2.352930
0.287690	-1.656614	-2.371491	-3.929931	-5.455795	-1.984723	-3.049367	1.280850	3.146490	0.912250
-1.742056	-0.120994	-1.075603	-4.148034	-3.301432	-1.044144	-1.753537	4.175267	1.052989	0.766288
-1.230453	-0.052282	-0.170407	-1.768685	-2.920948	-0.433998	2.077324	0.191946	-2.029058	-1.710354
-0.874709	0.645308	1.620880	-1.400303	-2.724171	-1.277220	1.246791	-3.026916	-2.138380	-2.312409
-0.256734	2.273164	4.625144	2.264794	1.204576	2.651355	4.472843	-2.991625	-1.414604	2.227088
-0.816535	2.982172	0.135868	4.789890	3.921368	1.253195	5.879456	1.299218	1.995343	3.478102
-1.208322	-1.997679	-5.387260	2.996269	-0.067515	2.413867	-3.733590	-1.444191	0.900937	1.347802
-0.719305	-3.078301	-4.514554	0.987117	2.148806	1.914539	-2.857515	-1.087551	-1.922546	2.019854
-0.576892	-4.507005	-1.213826	-0.697780	1.862112	2.698383	-0.199138	-1.980164	1.809274	-0.489073
-0.281395	3.169199	3.105713	-2.697634	-2.632513	-0.099030	-1.355278	4.191872	4.608476	0.712691
-0.060322	1.948801	3.511253	-3.638157	-3.546485	-1.426828	2.892251	3.851358	0.992741	-0.551186
-1.209286	0.963392	0.335686	3.705642	2.405781	2.421764	3.464531	-0.688202	-0.142847	4.155869
-0.528998	-2.959637	-6.196197	-2.161646	-1.807528	1.832320	-4.378652	-2.190504	-2.284603	1.181527
1.452933	0.500607	0.099697	-2.517131	-3.018222	0.144519	-3.017710	-2.707843	-1.010241	1.379960
4.677193	-0.320084	2.880162	3.298580	-0.985412	1.897038	1.412944	-0.001414	-0.460873	0.003842
4.892571	2.296384	3.303594	3.660182	0.292994	0.885556	-0.229800	2.173191	0.571191	-1.618152
4.566255	5.881704	4.194890	0.986669	0.562088	1.328456	-1.158153	1.345780	-0.461957	0.719654
2.048732	3.716172	3.569246	1.192436	-0.042237	-0.024381	-0.165822	2.574762	0.439575	-1.119464
-0.929210	1.104284	-1.110538	-2.784520	-2.115084	-1.780669	-1.463115	0.560848	-2.443517	-3.281429
-1.768884	-4.142566	-7.572964	-3.996001	-2.850357	-7.244324	-1.718137	-2.081052	-2.740438	-7.888560
-1.887103	-1.967179	-1.247330	-1.425010	1.540040	-0.568357	-2.088394	-2.945125	-3.054787	0.220121
-1.838981	2.068442	1.645266	-0.079247	2.337608	0.695620	-1.343388	-2.412258	-1.455266	4.190096
-0.062230	1.746995	-0.554272	-1.548613	-0.006555	-2.727002	-2.272622	-2.640037	-1.116774	-1.256752
-0.543765	1.731579	-0.378442	2.019794	4.517953	1.353769	0.224604	-0.325746	2.213795	3.123259
3.029602	-0.055605	0.225062	2.026574	1.619034	2.509428	1.232389	3.040831	-1.242356	3.657615
1.233257	-1.088058	-2.538153	-2.416569	-1.577709	-1.408432	0.406534	-1.434590	-1.802220	2.381002
-1.420414	-3.040678	-0.655179	-1.917134	-2.232872	2.161988	2.166744	-4.222289	-2.794088	2.253007
-0.111524	-1.550063	2.305790	-4.846215	-2.812851	-2.469815	-0.564579	-2.768249	-0.719250	1.560218
2.807312	1.706190	0.168166	1.570491	-1.848539	0.220361	-0.693429	1.206251	-0.146195	-0.764875
2.715983	0.188583	-1.747441	5.451690	1.563971	3.675616	1.667200	0.104332	1.245290	1.783620
-0.988827	-3.208178	-1.010220	1.194587	-1.008714	-3.233545	-2.156285	-1.624086	-2.510279	-1.574406
-0.668929	-4.305189	-3.681359	-8.772512	-3.612885	-8.558019	-3.032876	-4.083979	-6.209487	-9.061560
-0.334738	-3.806645	-7.979545	-2.113098	-3.286334	-9.609598	-3.811061	-2.932325	-5.621416	-6.427945
-0.680765	-6.281139	-5.880562	-2.757765	-3.173750	-2.709575	-2.328032	-2.181700	-1.616047	-3.100967
-0.525124	-1.933865	-1.186496	0.541895	0.050176	1.849659	-1.876277	-1.737079	-0.688158	2.183473
0.037873	0.499685	2.638069	5.426692	5.665958	3.652614	2.236618	-0.839537	1.243271	3.233072
-0.008485	0.550719	-0.557750	3.313834	4.103005	3.958404	2.081167	-0.141549	0.691164	5.004931
0.724489	-0.909155	0.123864	5.041831	2.531231	0.903541	2.212482	-1.801987	0.880445	-0.158649
2.817884	0.129074	-0.572571	4.449693	1.570548	1.365139	2.298082	2.007373	1.090240	0.779934
2.924790	1.097413	1.492663	0.364731	1.951670	-1.620785	-0.728020	2.376861	0.425276	-0.486118
-0.745605	-1.170826	0.349187	-3.899644	0.018610	0.474385	-3.140804	1.703603	-2.733219	-1.370698
-2.531409	-4.201532	-3.042381	-4.544921	-3.614817	-1.556533	-3.643453	-2.843073	-2.726717	-1.618002
-1.171733	-1.657894	-3.527919	-1.076688	-2.254297	-5.924719	-3.829649	-4.986238	-2.344887	-5.824624
-1.274486	0.743799	1.178893	0.575967	1.999285	-1.121954	-1.993272	-0.129963	-3.015700	-1.527654
-0.791075	0.451159	-0.240224	0.943955	-0.745156	-3.179316	-2.447701	3.016279	-2.088223	-3.401985
-0.054209	1.327199	2.037651	1.835690	0.360396	0.062315	-0.053617	-0.523482	0.664976	-1.726406
0.230505	1.262031	-2.999759	-2.211216	-2.791444	-1.954337	-2.479597	-4.378518	-2.969871	-1.471108
-1.623339	3.618968	1.819767	-4.612650	-1.422660	2.022750	1.972380	0.039700	-1.491630	0.110922
-1.954948	1.075825	1.006651	0.173301	2.668763	1.664200	1.483836	1.265201	2.619033	0.513796
-1.605825	0.739913	0.781816	0.445050	4.048542	0.576038	-1.162407	3.918113	1.711452	-1.375774
0.559522	2.746947	1.166483	-1.677588	-2.288609	-2.732512	2.168976	2.535565	0.669862	-1.510973
-1.953507	-0.627959	-0.128925	-4.773802	-5.256472	-1.414926	1.324006	2.731085	-0.821503	-0.226687
0.060482	0.038707	-0.058285	0.220223	-2.594132	1.377322	3.004207	4.502999	2.922994	0.824900
-2.934413	-1.189539	0.916623	0.743500	-0.041474	-0.913842	-0.427898	1.149236	1.324885	-1.547298
-2.324393	-0.603884	0.353622	-3.874857	-1.335782	-2.614494	-0.744583	-3.562179	-1.048392	-4.999264
0.700341	-2.204914	-1.775867	2.907164	4.178159	-0.631808	-0.103127	-2.936419	-0.214104	0.271619
3.098589	2.138185	2.957678	7.837878	3.816565	3.551442	2.594094	3.509542	4.106584	2.138666
4.154550	2.235926	6.408077	4.137597	3.444049	3.106579	3.343005	5.206727	3.956906	3.611597
-0.937573	0.917124	4.099951	0.813135	2.495928	0.331729	1.501629	-1.454239	2.159497	-0.589374
-3.051979	-0.773310	-4.954680	-1.550595	0.616614	-1.831983	-1.799912	-3.823934	-3.097711	0.073173
-1.272765	-6.757361	-10.297497	-4.282481	-3.128478	-4.832435	-3.563494	-4.163435	-5.028284	-2.506045
-1.030329	-5.315617	-2.149081	-2.086010	-1.821535	-2.207402	-1.667195	-2.724122	-3.862290	-3.652710
-1.341165	-1.235865	-1.509614	-0.150169	-1.784545	-0.364363	-1.265593	-0.259874	0.143302	0.195594
0.884931	0.949206	1.660523	-2.325946	-2.383894	1.491805	-1.740465	2.623227	2.807423	0.097786
-1.463937	4.281010	4.118146	-3.882130	-3.315671	-0.839977	-4.652091	4.572900	4.248503	-1.856918
-2.123562	3.075257	2.061371	1.905492	-1.789864	2.185212	1.547151	1.754760	3.835769	3.738001
-1.386737	-0.630342	-1.213286	1.017030	-0.441463	4.952289	4.923080	-0.780777	-2.097550	3.705157
-1.175157	-2.687675	-1.484609	-3.851504	1.312642	1.128775	3.540716	-3.366797	-2.483527	-0.781931
-1.122012	0.818266	3.804514	1.028001	3.411462	-0.371515	1.054478	-0.624887	-0.480838	0.341252
-0.332595	3.521692	0.842298	0.895554	2.438204	2.591437	-4.568816	0.346763	0.306442	1.765922
0.156002	0.785812	1.842455	-1.149833	-2.441622	0.673445	-2.002748	0.161064	-1.859265	2.682693
-0.049111	-1.464366	2.626496	-0.129752	0.835491	2.486124	-0.857502	-1.981075	-4.106437	1.404180
-1.734826	-1.414434	-2.764568	1.134808	-0.831151	3.804186	1.194238	-2.199448	-1.576854	0.239097
-0.521132	3.226317	2.519275	3.759455	-2.246240	0.388441	5.610887	3.148051	2.793803	3.049858
-1.287920	2.243293	2.773832	5.518297	4.673428	1.839902	4.075160	1.579327	2.101751	1.569875
-1.282579	1.538400	0.334912	3.551144	1.647759	0.776275	0.451569	2.686082	-0.696095	0.839460
1.716702	-1.227155	-2.676376	1.863103	1.102756	0.624870	-3.078773	-0.138382	1.226680	-0.669376
0.679032	-0.865667	1.450773	1.158582	3.985923	2.499592	-0.947255	2.826635	1.756689	2.506178
0.034422	0.111869	-1.115233	2.150588	1.831463	1.522046	2.117534	-0.825469	0.689143	0.693531
-0.444415	0.661656	-0.575388	3.557729	0.710178	4.438736	-1.025996	-1.468995	3.860451	3.071393
4.511629	2.757599	3.120411	3.195510	4.026368	2.583564	-0.538037	2.939851	3.461323	2.676173
1.758967	2.468202	2.805969	1.280138	3.839036	3.051632	-0.104681	4.644766	4.804565	1.762576
3.840510	1.053867	0.231990	0.044619	4.288180	2.582240	-0.535720	5.112442	3.654782	1.232611
4.379968	2.782196	1.244678	0.656559	-0.409599	2.443486	3.164651	2.769572	2.618578	1.005082
2.009852	-0.336109	1.127034	1.273163	0.182396	0.221268	4.156438	2.193547	-0.357643	-1.268004
0.730572	-0.362946	1.570060	-3.200463	-4.603835	-0.099716	3.376745	-3.467242	-0.632081	1.087656
-0.276061	-1.981113	0.464360	-4.280615	-1.248996	-1.752373	3.549175	-0.638506	1.041765	-0.381434
-0.003536	-2.179311	-3.969967	-4.624887	-4.126789	-5.602406	-1.357268	1.234244	-1.513208	-5.455070
-3.342645	-2.491238	-3.330019	-4.833677	-3.630218	-5.624023	-6.467484	3.483194	-0.471700	-4.290551
-0.387376	-0.047595	2.726005	2.077722	1.656413	2.206869	2.979831	2.855332	1.607485	0.671626
-0.194022	2.884518	3.377004	0.029513	3.619801	1.068263	6.658875	-0.266456	2.263841	1.831760
-2.242473	-0.888799	1.022780	-1.557301	-2.436861	0.697449	-0.522750	-3.697484	-3.016935	-2.394347
-3.309320	1.686753	0.851533	4.302884	3.599423	1.012419	0.753554	-0.788269	5.151648	0.187304
-1.495256	2.923274	3.032762	4.776673	5.237147	2.821261	4.324285	4.507576	3.370685	3.680713
-0.993472	-0.135538	-1.635132	0.425768	-0.692594	-2.203134	2.406942	-0.029266	0.847767	1.360777
1.372238	-2.362383	-1.309150	-6.568127	-2.725708	2.154522	1.021423	-0.433710	-0.248215	0.647896
-0.044318	-0.724364	1.532208	-3.294909	-2.918400	-1.090883	-0.380676	4.225126	5.361931	2.081967
4.821865	1.038620	0.380543	3.790825	0.689122	2.091141	0.266642	3.072227	1.719494	0.535688
2.032993	1.411265	2.039754	-2.686722	-0.665548	-0.753420	-1.291328	-0.806024	-2.624235	1.783155
5.232272	1.401272	-0.247757	1.622852	-0.392218	0.007322	1.145712	-0.457943	-0.847568	2.199364
5.888506	3.429138	-0.557291	2.764751	1.792406	2.519055	0.504655	2.002054	-0.434014	-0.340087
0.075500	1.919262	-0.676248	-0.874723	0.938216	0.499466	-2.299002	-0.545549	-2.989485	0.885497
-3.287543	-2.380158	-6.568126	-1.956067	1.674904	-3.731258	-4.121166	-2.155667	-2.492992	-3.630088
-1.205020	-2.328123	-0.801724	3.055420	0.826863	0.928171	-1.963941	-2.784817	1.416654	-0.001947
-2.456328	0.556566	-1.405342	2.158842	1.854485	0.444740	1.389166	-0.266112	1.488841	-0.185984
-0.963066	-1.827093	-3.249777	-0.228700	1.111663	0.178236	-1.662150	-2.534468	-1.767442	-0.517804
-0.982433	-3.772900	-5.142129	-1.348103	2.917389	1.204847	-2.139995	-1.605797	-1.236905	0.541588
-0.853026	-5.855159	-1.909596	-5.805666	-4.026545	-3.057739	-2.582276	-2.695514	-5.020259	-3.633314
0.597353	-1.387668	1.720725	-4.142887	-4.517546	-10.758934	-2.303999	-4.963930	-3.076115	-9.214514
-1.899895	0.528270	1.547536	5.559035	-0.683821	-2.142450	-0.409071	-1.341758	-1.692884	-1.706919
-2.741372	-1.711246	-3.277261	3.015902	2.570622	0.358901	0.918502	-1.902109	-0.448375	-0.716232
-1.816579	-0.493716	-0.232264	1.425115	0.267675	-2.130592	-0.523488	-2.915693	0.102702	-2.852261
-2.278917	-1.227042	-2.300269	-2.196626	-4.206169	-1.978940	-2.262246	-2.889719	-1.703362	-2.462210
1.570511	-2.620325	0.783926	-3.285620	-2.962818	-5.947854	-3.971680	-1.810798	-5.043476	-4.928986
-1.159799	-0.191364	3.145323	-2.685967	-1.933878	0.052657	-2.994297	-3.119836	-0.189048	0.673907
-0.189750	-1.184662	0.842127	0.216333	1.286143	1.145881	0.640196	-1.142841	-0.681087	3.582363
2.138455	-0.946019	-3.526761	0.593979	-2.270162	-0.321990	-4.816808	-1.054619	-0.653099	1.008175
3.043811	-1.344036	1.580363	1.893671	-0.340701	1.270632	0.260184	2.268024	1.050809	-0.432562
-1.162187	3.079787	2.881701	-1.008194	-2.248480	-0.418860	1.181764	-2.518016	-1.351671	0.602846
-1.439144	-2.078352	-0.061045	-3.327517	-1.372308	-0.636275	1.980125	-2.319444	-3.148943	3.053793
-1.700366	-2.119853	-1.978170	0.234400	-2.181991	0.835876	1.157160	-2.406962	-3.081914	1.633274
-1.254759	0.629482	1.058626	2.997153	2.905963	2.569386	1.760162	-1.393474	2.003411	2.433782
3.578270	3.111252	2.080445	1.624939	2.717346	2.011647	3.909021	2.793320	3.257228	3.398811
3.807915	5.792557	2.711590	5.442954	1.743450	2.903150	6.144131	1.686018	2.680033	3.430555
2.489369	2.049595	2.576362	4.864992	5.603169	3.897787	4.645084	3.688721	3.526920	3.035108
-0.720576	1.922065	0.585861	3.953549	3.122393	5.510151	3.935471	3.210128	5.212688	3.670064
0.143572	0.346465	-1.860311	0.682717	1.666915	1.081132	-0.934915	3.508741	4.421631	-1.352885
-0.928094	0.566793	-0.391256	-0.903010	-0.168274	-0.512875	-3.493182	0.932061	-0.465751	-2.586244
1.030718	3.352447	2.407328	2.135460	-0.833984	-1.412380	5.336259	-3.464110	-2.798563	-0.390520
-0.463801	1.363426	1.325438	-1.468383	0.480277	1.627110	2.533202	-3.556169	-3.058908	1.623780
-0.238460	0.911827	0.331973	3.716154	-0.057500	1.509287	-3.286164	-0.904314	-1.419087	2.948848
-1.976967	0.168148	0.192331	-0.738442	0.106573	1.298643	0.474054	0.806360	2.684497	2.782678
2.850570	1.994086	4.358108	-2.527680	-2.322113	1.357271	2.089045	3.259356	3.660541	1.275063
0.486441	1.965038	3.678502	-1.395975	-3.299569	0.176962	-1.139800	4.840778	2.127942	-2.288505
-1.461462	1.735601	-0.086793	-0.398838	-2.604307	-2.373392	-3.270890	5.715330	0.765899	0.292066
0.035851	-1.553928	-6.060181	-1.306084	-1.563538	-2.577500	-4.745436	0.274217	-2.584691	-3.181432
-2.221027	-3.312052	-2.651267	-1.853028	0.876424	-1.832169	-2.521848	-2.404856	-1.543332	-0.826906
0.132594	0.382924	0.358540	2.384414	3.342868	2.944890	0.219165	0.929914	-0.675126	-0.306065
-0.136395	0.931996	3.473835	-0.726375	0.993378	-0.599030	1.008691	-0.331067	-2.020778	-2.580417
1.146098	1.585161	2.892208	-0.027413	-2.253060	-0.724339	3.245019	0.790406	-0.228489	1.971429
-0.388436	-1.675385	-3.892148	0.445380	1.850341	-0.122147	-2.063061	2.490937	-0.496266	0.222865
0.923195	-3.497148	0.167257	-1.354915	0.158063	-1.157864	2.403740	-3.174069	-3.324211	-0.671819
4.749584	0.348868	4.405412	1.490481	-0.730809	1.762802	4.243810	0.312994	0.471569	2.626368
2.941122	0.992359	0.685607	3.018747	2.804907	1.601439	2.354538	2.333128	2.272371	1.175317
2.308402	3.217918	4.674430	2.277659	3.338395	0.610537	0.156112	2.666939	4.594887	1.014319
0.204516	1.780343	3.158768	-3.585107	-1.993966	-2.111915	-0.114680	-0.395369	0.275711	-1.955336
-1.184842	0.587726	0.888310	1.720127	-1.446292	-3.322127	-2.343848	-1.841092	-1.816963	-3.854558
-0.770179	0.325263	0.889541	0.791633	2.266694	1.290589	-1.975406	-2.012627	0.493157	-2.256557
-0.266202	-1.546451	-0.679452	0.752186	2.830374	0.353321	1.621235	-1.317570	-0.850237	0.519158
-1.911315	-1.489722	-1.412784	-1.855240	-0.907773	-3.318941	-1.466937	-1.125918	1.883946	-2.672324
-2.589324	-2.008155	2.178330	-3.463073	-2.142670	-2.836310	-1.836334	-0.975867	-1.401703	-2.366214
-2.255235	-2.184956	-2.469525	-2.993941	-2.768538	2.877203	1.495332	-0.551716	1.841405	-0.337420
-2.489751	0.906571	2.600935	5.673828	3.199500	2.891085	5.317250	1.060238	2.450161	3.249746
0.074123	2.646220	2.951995	6.207903	5.712120	2.933424	1.656607	3.105397	4.088554	1.862374
0.162184	3.483286	2.552839	1.929257	-0.051200	2.343408	0.870793	1.317363	3.612271	3.613554
-1.315471	-0.378036	-3.870051	-5.098942	-3.911685	1.470525	2.095795	-1.677564	-1.038201	2.997976
-1.696243	-3.604552	-5.264589	-3.158323	-1.858858	-2.429638	-1.266298	-3.732381	-3.823572	-1.636672
0.357964	-5.640165	-5.036493	-1.246316	-1.691045	-2.211594	-4.512395	-0.961289	-0.409758	-4.239699
-0.757951	-0.236480	2.643720	1.926347	0.752429	2.589747	-1.345209	1.325913	3.662728	0.942385
0.546813	0.013698	-0.371364	2.123836	3.589041	1.987271	2.180050	1.948726	2.868772	2.793570
1.543554	-3.713935	-2.333062	0.836721	1.258364	-1.772234	-2.834327	1.036248	-1.636941	-3.091956
1.303674	-2.737183	-2.342291	-1.136729	-1.807525	-4.191480	-5.056850	-0.362821	-1.584426	-2.258101
-0.945627	-2.084350	1.605634	-1.053944	-3.149052	-1.749379	-3.500629	-1.958081	-4.152200	-2.499076
-0.860448	0.393761	-2.086402	-3.510255	-1.647142	1.284358	-0.708473	-3.357534	-3.294377	3.426709
-2.930186	-0.625654	-3.732014	-2.820290	-3.524318	0.040519	-0.083790	-0.647281	0.456125	1.232546
-0.818939	1.038004	0.799284	0.497421	1.909895	1.483192	3.984312	4.944075	2.982192	1.359424
1.857997	-0.144970	0.333377	0.501449	1.348674	0.853968	-1.428674	4.541734	2.232305	-0.489065
-1.137475	-1.211577	0.146952	-0.291934	-1.884504	-3.091065	1.099844	-0.672108	-1.589752	-2.478332
-1.802751	1.871081	4.845897	-1.079555	-3.157262	-4.046418	-0.548740	-4.212752	-3.420195	-0.629184
-1.624827	3.646901	0.569698	1.792961	-0.128122	-1.800799	-3.354731	-4.806602	-0.790542	0.251869
-0.165796	1.091883	1.458946	6.653086	5.636896	2.689480	0.978664	-1.219460	2.178492	1.223319
-0.628454	1.564926	1.037328	2.261598	0.468171	0.560012	2.884941	-0.884830	1.723088	-0.443542
0.397905	4.311127	2.083634	0.974772	3.979785	0.831386	1.266896	-1.529515	0.278032	0.269577
-2.268612	1.643088	-1.067743	2.990286	3.179919	-0.611305	-1.132475	-0.463018	-4.123095	-0.835231
-1.020799	-1.449693	-4.954514	-4.176381	-1.588843	-0.318369	-3.934075	0.795257	1.386194	-1.994474
-0.859048	-3.435415	-0.905885	-6.455348	-3.876517	-2.264014	2.239694	2.608305	1.282180	-3.954859
3.884447	2.924622	3.700837	1.473867	-0.778017	2.770852	1.073430	6.166723	3.887051	0.943406
3.555293	2.617519	-2.315355	2.451646	0.151543	-0.993576	-0.179969	3.103507	3.382189	2.195315
-0.268800	-5.222025	-11.271665	-3.324426	-2.660347	-5.880404	-3.836602	0.437851	-1.746318	-3.502540
-1.592926	-7.105007	0.336703	-4.224262	-1.224599	-5.849340	-3.926570	-3.801848	-4.021185	-2.412264
-1.927176	3.792973	2.988945	-2.678075	-3.349919	-0.754087	1.443027	-0.396395	-2.184526	2.623336
-0.346241	3.972817	-0.023842	1.903826	1.421984	-0.084150	0.255390	2.793704	-1.000353	-1.425545
0.160585	1.948527	-1.324358	-0.846568	1.252606	-0.876635	-2.186178	-1.842855	-4.320978	0.800686
-2.398588	-0.644696	-2.191106	-3.181164	-1.399656	-3.107743	-3.291977	-2.688577	0.704088	-4.257476
1.041549	-4.037050	-3.340584	0.696333	-2.819805	-0.112480	-0.421503	1.970631	2.296633	-2.556736
2.159302	-1.728333	-2.641491	-0.471680	-1.182641	0.642954	-0.708353	-0.379134	-1.080852	0.359201
2.032982	0.464357	1.299873	-1.872804	-0.034760	-0.758346	1.839176	-0.599079	-0.494575	0.517530
-0.980905	2.898822	3.178812	-1.028639	-0.809660	3.612520	3.929188	0.820891	0.982453	1.823047
0.695350	-0.179435	0.724128	-4.167582	-4.574735	0.199649	1.518888	-0.524731	-1.632773	4.409047
0.923656	-2.912911	-4.383575	-2.237029	-2.594778	2.601442	-4.334021	-3.237949	-3.564360	1.710428
1.115118	-1.545506	-0.481592	-1.910173	-0.574179	2.078098	-1.185632	-0.376670	-1.810114	0.276784
1.813846	0.925384	2.504082	-2.579206	-1.604428	-2.119784	-2.874841	1.365900	-0.173340	-6.730387
0.297847	-1.056140	1.013552	-0.205318	-2.913511	1.754097	0.802659	-2.205445	-2.612241	2.309811
-1.273474	-0.167574	2.533425	-2.607398	-3.124115	0.818642	3.475173	-1.602910	-4.398720	3.450776
-0.848908	-1.543717	-1.556291	-2.565032	-3.264322	-0.724648	0.279206	-0.900404	-1.403679	1.810804
-0.987150	-2.669167	-1.666191	-2.937304	-2.375315	-3.715671	1.658967	0.405669	-1.713720	-2.740805
-1.402495	-0.506521	2.575234	-3.615598	-1.781974	0.223375	4.827561	0.798603	0.871458	-2.495554
-0.906835	0.467322	-0.067208	-2.404194	-2.222179	0.252192	2.011994	1.014890	0.807656	0.437854
-1.951766	-2.141036	-1.286809	-4.430772	-3.671706	-1.595115	-0.624226	-3.052675	-4.072624	1.063219
1.543616	1.871506	-0.262559	0.621489	-2.671531	1.007855	-2.128692	-0.163300	-1.271780	2.064041
5.716516	4.010252	1.047949	2.623414	2.265671	2.822407	-0.509398	2.157611	0.758791	1.932417
3.206738	2.142700	0.125926	1.204426	1.063826	-0.936555	-1.150036	0.457750	0.512795	-1.143352
1.083385	-1.193646	0.250781	-2.469148	-3.006337	-3.712327	-1.527000	-1.748288	0.230736	-3.383366
3.246660	1.572614	1.635223	1.757419	-1.650589	3.903497	2.377117	2.288390	3.114921	1.960975
-1.392535	3.274681	5.391863	-2.997945	-1.537500	1.199723	4.577124	-0.072822	-0.918443	-0.849228
-0.884998	2.667756	2.136809	-1.461109	0.609360	-0.541045	1.372225	0.646371	1.549251	0.837926
-1.711127	1.472939	-2.479129	2.806356	-1.170576	-2.216100	-0.431971	1.411963	1.924512	-0.686261
-1.402121	-0.105370	0.206760	2.686481	0.086924	2.853365	-0.941759	2.394947	1.136050	-0.458086
-1.498881	-1.608969	-2.856116	-0.309601	-0.573408	-1.313344	-0.867330	-0.087880	-1.048227	-1.922649
2.935893	-1.693860	-0.796647	1.042043	0.025263	-1.870518	-2.187180	4.022474	3.752192	-1.798645
1.541702	2.056558	3.246077	-1.362254	-0.215631	-2.001849	-1.308601	2.286707	3.644619	1.926429
0.470643	1.542385	2.124965	-1.458159	0.489746	0.256369	-3.863187	3.325112	-0.758135	0.679577
0.385315	1.507220	4.341226	1.399362	3.455328	3.405048	2.027967	-0.604215	0.785743	1.801903
-1.271184	-2.618438	-1.561531	2.808444	4.131948	3.910294	2.567568	-1.988577	-0.741836	-0.395388
1.318442	-0.548589	-1.817898	4.014321	3.846441	1.126219	-2.570678	-0.593579	-1.074758	0.322909
-0.885309	1.236365	-0.452967	6.054828	5.623441	5.356733	-0.076066	0.890177	1.596890	1.568401
1.156459	-0.692375	-1.298529	-1.045601	0.227982	-3.444255	-3.373492	0.267986	-2.423278	-2.578706
-0.318958	1.655087	-1.325177	-5.425132	-3.995204	-7.713533	-4.929848	-1.773053	-1.171548	-7.691505
-0.815666	-0.756248	-1.498203	3.896869	2.654417	-2.352390	0.932868	1.330857	-0.384706	-2.338489
-1.228669	1.019618	0.083299	3.891835	2.806778	0.894486	2.868663	-1.760986	-1.238738	0.728551
-0.007973	-1.551816	-3.540563	-4.473401	0.602509	-1.689392	-1.634559	0.325616	1.154172	1.262524
-2.079884	-3.711553	-1.380783	-4.954805	-3.330659	-4.823512	3.782605	-1.278236	-3.199064	-1.499863
-0.970408	-1.109194	-1.098956	-0.224748	-0.003296	-0.289461	2.130161	-2.145444	-0.396629	-0.858398
-2.332153	-0.748039	-0.654677	3.335703	4.306627	2.701875	-0.593088	-0.155908	0.722291	1.351229
-3.245325	-0.149792	0.697961	1.434878	0.185438	-0.960689	0.086162	0.134074	-2.092190	-1.375572
1.377967	-4.583054	0.163862	-6.029694	-2.347936	-4.451541	3.890414	-3.544299	-1.433058	-2.323190
-2.284684	1.708774	0.337330	-3.351086	-3.519669	-3.571064	-0.026027	-5.356024	-2.977698	-2.130312
-0.069186	-1.423311	1.250069	-2.267070	-3.793238	0.188956	-3.784159	-3.650799	-3.488596	0.331174
-1.607748	-3.706009	-0.697418	-0.382019	2.453181	2.292635	-0.522978	-5.240922	-1.272139	-1.043519
-1.588079	-1.471023	-1.248928	1.271190	4.094310	0.431989	0.165318	-3.899789	-0.809612	-1.041778
0.544912	1.358746	2.501243	3.345282	2.599469	1.798134	-0.606067	-1.031697	0.405396	1.437010
4.038116	4.839696	2.073596	4.673878	1.730077	1.373587	1.966068	5.555158	4.413299	3.641060
0.976922	0.408026	-3.420467	2.763000	1.666953	-1.086136	-0.298272	1.518381	2.976510	0.572687
-1.678078	-5.480266	-6.167644	-4.370133	-3.437488	-3.670117	-3.489586	-1.037322	-4.240461	-5.463395
-1.337694	-0.902881	3.593266	-0.403802	-1.225031	-0.912240	2.719228	-3.609647	-3.065801	2.570030
0.846263	2.950180	4.326963	0.173308	-0.323363	-2.069986	3.760373	-0.801186	-1.231200	0.065677
2.359183	3.379615	5.406747	5.858514	2.577329	3.150161	-0.137248	-0.704133	0.623853	1.733463
4.152156	5.669624	3.206920	5.814929	2.471955	1.438620	0.078766	2.465720	2.568367	1.360302
0.076073	2.449006	1.758879	1.315766	2.980823	0.496408	0.781617	-0.277921	1.454052	1.823013
-0.370178	-3.838539	-8.325974	-5.026765	-2.840459	-3.904057	-3.446292	-2.357947	-2.914184	-4.225490
1.518994	-1.425514	-0.916342	2.333945	0.769115	2.462242	-0.188759	2.040351	2.113767	-0.092088
2.940779	2.388283	2.784874	4.852806	5.034351	2.720825	2.911417	2.221081	1.948212	0.084134
1.299366	-1.427448	-2.533427	-0.689977	1.002651	-0.456093	-2.779062	-2.373148	-1.541441	-1.291007
2.957845	0.657691	3.049952	1.391201	-1.736083	2.499408	0.643806	3.957575	4.076414	1.164306
5.215308	1.251801	1.947511	4.019845	1.341450	0.453143	0.829324	4.670259	2.713281	3.680990
1.662243	-0.611817	-1.572255	0.849356	-0.306150	0.113731	-0.710507	0.908214	1.219365	1.274562
-1.157657	-1.352963	0.690253	-5.112865	-4.457486	-1.147313	-2.412186	2.036651	1.965072	-2.298663
-2.660002	-3.776936	-2.847768	-5.236517	-2.618360	-5.177670	-2.393710	-0.691920	-2.514197	-3.252867
-4.159001	-4.352035	-1.729321	-3.644403	-3.764675	-6.451926	1.672122	-5.038687	-3.795937	-4.914635
-2.807662	0.042540	1.416190	0.485975	0.621861	-1.063565	3.026112	0.875362	1.656553	-0.177750
-2.347394	1.816492	-0.289137	2.715013	3.593745	2.078729	0.772062	4.722936	0.892276	1.868403
-1.523603	1.628121	1.750993	5.377506	5.725968	0.919870	0.589474	1.579048	2.684732	2.091138
-0.847698	1.399330	2.377877	3.306047	3.918423	2.017673	-0.504751	-2.530991	1.278922	1.486072
-2.894185	1.390220	0.492612	0.860930	0.021001	0.123551	-3.391011	-1.966369	1.092646	-3.807183
1.655030	2.667294	4.071093	4.047147	5.862092	2.954917	3.995696	0.038126	1.827504	3.012989
2.175740	2.936253	2.631216	2.926788	0.474387	3.125584	4.759171	2.348806	2.563495	3.100900
-0.781960	1.734600	-1.289222	-7.251456	-2.640427	0.666263	-2.305884	-1.148817	1.630518	1.051663
-1.974674	0.002137	-2.107326	-3.372695	-3.884759	2.425264	-5.294568	2.769668	1.949772	-1.040110
-1.190007	-2.724131	-1.261000	-1.738342	-1.638923	1.211199	0.654821	0.759674	-1.059247	0.266392
1.374638	-1.491104	0.007851	1.545292	-1.423430	2.818575	1.352784	-0.571987	-1.167639	2.651281
1.273258	0.097222	0.749925	1.931294	1.542906	-0.669499	1.838322	0.028496	-0.817607	-1.769834
-0.350451	1.415251	-1.083984	3.665652	0.608072	-0.436914	-0.288963	-2.146665	0.710345	-2.159744
-0.052289	-1.931014	-2.540080	0.973452	-0.424646	3.299534	-1.292970	-3.219259	-1.679484	2.063461
0.973742	-3.493671	-1.115667	0.441280	-1.496362	-0.284847	-1.091599	-1.584973	-1.466898	0.668786
-1.346758	-3.158915	-1.728150	0.277021	-1.202989	-1.703955	0.508052	-1.772996	-2.828700	1.952340
-0.375989	-2.136343	-0.988232	-4.665638	-3.048943	1.255316	-3.404117	0.248983	-0.049893	1.625627
0.779249	0.510047	0.096881	1.604787	1.457963	3.444467	1.401795	4.090176	0.545321	3.173253
0.055358	1.909561	5.348286	3.062781	0.037713	0.893001	4.977287	3.740392	2.817337	1.036722
-3.165659	0.196300	-0.454521	0.161829	1.321493	1.270117	-1.316439	-0.376356	-1.317046	3.888036
-1.753001	-1.716731	-3.888646	-2.967484	0.730587	-2.478885	-4.363584	-4.281858	-3.376933	-5.135402
-0.643764	-2.219829	-3.022891	-1.831673	0.989183	-0.794706	-1.620749	-4.299504	-2.423324	-0.702792
-1.904344	2.531408	3.724737	-1.672554	-2.605037	-1.780949	-1.787633	1.889817	-2.554924	-0.323434
0.377563	1.825385	1.905636	1.424558	-0.743185	1.468682	0.378161	-0.007186	3.789467	-0.790028
-1.063237	-1.726795	-7.736899	-1.994953	-3.086578	-1.851617	-2.433766	-0.030703	0.863746	-3.117577
-0.328939	-6.179631	-6.806273	-2.470601	-2.720029	-1.236552	-3.616316	-0.535023	-2.261089	-3.605584
-2.765036	-0.410620	1.906710	1.279699	4.508646	3.783870	-1.555291	3.695561	3.282461	1.378246
-1.649723	1.128241	2.157146	3.210731	6.851135	2.487141	1.567307	2.946859	1.701995	4.239409
-2.250492	4.690055	1.574931	-3.707719	-1.682379	-0.290448	2.521276	1.476780	0.217413	1.616297
-0.612336	2.019921	1.000358	-3.818867	-3.174509	-2.059807	3.052713	0.293432	-4.953986	-2.723695
-1.539847	-1.951957	-0.231075	-1.234925	-1.902769	-2.276546	2.504915	-1.430677	-2.280601	0.316922
2.740984	1.109021	0.834426	1.283291	1.211226	2.138322	0.261979	2.257360	3.564968	1.268640
3.336664	0.874255	0.584857	1.076467	-0.675037	2.110384	1.480301	3.606452	0.466421	-0.268652
2.290603	-0.171054	0.643612	1.789490	-0.504671	0.613227	4.136376	-2.297095	-3.365339	0.671634
-1.130491	1.712293	3.635586	0.435045	2.319308	1.577035	2.504602	1.437025	1.889589	1.498085
1.788491	3.680495	4.081775	4.928520	3.069089	0.771193	-0.391629	1.004918	2.012608	2.172689
-1.255840	3.315052	1.513672	-2.490800	-2.032344	-1.152615	1.747180	1.172292	-0.071381	-0.241169
0.340723	-1.111239	1.428972	-7.678026	-3.168303	-3.599709	0.994022	2.618150	-1.762374	0.050894
-2.394510	2.615819	3.512170	3.948427	-0.551701	0.173595	2.863892	0.927497	-1.550068	2.471764
-0.324629	1.777223	-3.502242	3.999848	2.649448	1.932478	-0.828017	-2.522561	0.671441	3.670121
-2.033225	-3.724931	-6.679668	-3.380878	-1.112570	-0.771282	-2.761312	-2.085321	-3.658844	2.424249
-1.836490	-4.761746	-1.757416	0.735839	-0.403667	-2.910304	-1.476800	-3.491181	-1.640318	-3.506873
-1.050414	-0.390230	1.780008	3.437784	1.491244	-0.560610	0.918512	-0.709136	-1.201377	-2.520863
3.907112	2.625712	1.485797	3.086846	3.340748	2.526778	1.722515	-0.154686	2.593284	2.807357
2.630396	2.180774	1.261844	2.741113	3.384733	3.724938	-0.334498	-0.962927	-0.740231	2.385466
0.720445	-0.552352	-1.818060	-1.041828	2.082886	3.493046	-1.771137	-1.603360	-2.044116	0.029642
0.435169	-1.646275	-0.001322	-5.006690	-2.332507	-4.461422	2.809590	-4.959883	-4.733766	-4.239737
-1.833525	-2.282905	-1.903649	-4.727684	-5.347659	-7.411890	0.968873	-1.967497	-5.623477	-3.168095
-2.337031	-2.195350	-1.712651	-3.582623	-4.010083	0.382619	-3.679797	-1.298704	1.436858	-0.419456
-1.073041	-1.307022	-0.248935	-0.091320	-3.838893	1.878477	-0.533429	1.616496	5.748343	1.705056
1.216651	1.374767	0.641688	-0.062386	1.329898	3.933061	-1.525035	2.656401	2.495384	1.382716
1.474350	-1.670496	-5.203989	-3.454335	-1.504124	3.117844	-3.585623	-1.955194	1.542585	0.368399
1.153161	0.079478	1.627223	4.052122	1.087729	-0.131799	0.190695	-0.837591	-0.207349	-1.062721
3.733190	1.099372	-0.325286	4.296570	1.935441	0.916305	1.803509	1.845505	0.303488	2.145332
3.221841	-0.144127	-2.151224	0.426298	0.178001	-2.113670	-1.411391	-0.323811	-1.262301	0.783130
2.763218	-1.182235	-0.052102	1.488093	-2.256106	-0.927550	-0.409018	3.619555	1.219490	-0.934452
0.801923	-0.815770	0.444069	-4.462159	-1.441493	-5.035961	-4.224981	0.986796	-2.735136	-6.715741
-0.576241	0.338254	3.587979	-3.069470	-2.047374	-6.064530	2.413209	-4.726796	-4.217775	-4.864163
-1.752072	-0.654084	2.224018	-2.752455	-4.493463	-0.591882	2.063040	3.369471	2.462376	-0.065243
-0.012067	-1.399700	-4.638626	-1.463226	0.134528	-0.594643	-1.916598	2.714089	1.922521	-1.945408
-1.486327	-1.156115	-0.074262	1.181103	4.529684	1.661262	0.198983	0.529548	-0.223338	-1.009184
-1.395851	2.429753	2.166898	2.739919	2.946993	3.082306	2.533174	2.801936	3.746501	4.302404
2.144662	3.895283	2.642343	3.661608	5.890241	2.174267	3.091663	4.595944	2.742641	4.172430
0.225211	1.687255	-2.116137	-0.597544	0.817616	0.995019	-2.181260	4.891558	3.484783	1.060571
-2.313505	-5.007751	-3.163052	-7.273950	-3.744196	-2.712862	-4.808505	-2.884233	-3.766872	-2.064399
-1.660188	0.879042	0.959686	-1.375325	-1.560207	-2.243497	-0.574182	-2.144743	-2.533323	0.954997
-1.189239	1.268514	3.641368	1.135019	-0.602929	-0.491009	-0.228601	-0.899986	-1.784971	-2.599963
-2.070760	2.325444	-0.157217	0.331168	-1.613473	-1.656819	-2.018271	0.622924	4.192685	-3.065603
-1.269353	2.077708	-2.044677	2.362708	-0.317953	-0.184349	-0.464902	0.718471	4.063743	-0.027643
0.002278	2.155987	4.365976	3.888726	2.318922	2.953784	1.306299	-1.233159	2.915203	-0.091404
2.985831	1.739959	0.648736	2.899610	2.647441	3.745960	1.787724	3.036416	4.300064	3.629095
1.586103	2.299902	1.806392	3.518645	1.995293	3.382862	1.441463	3.671982	5.385423	1.611934
3.740090	1.562495	1.391837	4.330921	3.111669	2.526574	2.433312	3.802320	3.091978	2.119098
4.176889	3.747218	3.622864	3.756024	0.720760	0.843382	2.715962	4.111415	3.261726	1.565069
2.896097	3.330850	2.989166	5.263544	1.952358	4.057072	0.793408	1.522547	0.321865	4.380932
2.538810	-0.549628	2.065737	-2.110531	-0.934044	1.053132	-1.395555	-2.443899	-2.494608	-0.698825
-1.040275	-4.890735	-5.618028	-2.825912	1.408546	-1.435749	-3.017633	-2.947543	-2.435496	-3.208315
-1.796362	-1.517490	-3.827135	-1.310109	-1.954177	-2.162279	1.296571	0.690399	1.745596	-0.303749
-2.701154	1.436490	1.030414	1.121770	0.416082	1.617935	-2.493346	4.492409	0.307265	-1.693936
-3.807954	2.944488	1.622515	-0.314285	1.731918	1.203886	3.558013	1.903068	-1.657992	2.669218
-1.496564	-3.119511	-3.039233	-3.803782	-3.465071	-1.546429	0.228745	-2.161741	-4.055579	0.349604
-2.626388	-7.079222	-6.670131	-4.396327	-5.972288	-8.254513	-5.185250	-4.607335	-5.760601	-4.898179
-0.226027	-4.358958	-2.201480	-5.294826	-2.633734	-7.173265	-3.438573	-3.110231	-2.792960	-4.469736
0.567216	-3.722931	0.810423	-4.054985	-4.005208	-4.764884	3.623577	-2.518547	-2.736161	-3.016566
0.432939	-0.623352	2.087879	-0.544507	-2.367409	0.649632	2.133602	-2.836098	-1.561507	0.641431
2.602743	2.202070	1.220092	5.610204	2.452065	2.994991	4.475202	1.121900	0.460399	1.499058
4.150325	3.013427	2.864966	2.893146	0.712218	0.578998	-1.082918	-0.048870	0.260154	-0.300279
3.351286	4.292413	0.446307	1.865019	2.239055	3.483163	-1.539255	1.203579	3.861755	2.840224
1.754625	-0.529678	-4.315178	-1.862076	-0.577918	-3.041103	-2.049105	1.868832	1.053099	-1.673522
-2.833756	-6.346147	-7.027281	-5.445939	-2.347594	-5.387886	-2.664163	-2.839424	0.572185	-8.083507
-2.323957	-3.242596	-2.495493	-3.399565	-3.573964	-1.968973	-2.931421	1.833399	1.022511	-3.472820
-2.057075	-3.110225	-1.815803	-2.970750	-3.896917	-1.675545	-3.390473	2.145588	-0.658024	-3.633946
-2.177909	-3.952031	-1.706700	-4.304790	-2.186543	-2.916884	1.388190	-2.785466	-2.992720	-1.655369
-1.408455	-1.622710	-1.144170	-2.847675	-2.989928	-3.434569	-0.223225	-2.026374	-0.086278	-0.409671
0.003089	-0.995956	-1.957600	-2.737399	-5.037559	-6.675577	-3.927408	-3.791244	-4.901997	-6.188732
-2.404372	-2.228461	-0.486175	1.736650	-0.182919	-2.902885	-1.232648	-1.070084	-0.649876	-1.672531
-2.795934	1.615784	2.520023	4.357582	2.818107	1.900235	2.085565	0.489200	3.222987	2.363455
-2.484592	1.260092	0.762809	-0.167590	-0.292461	1.160809	-0.951656	-0.081898	-1.537204	-1.256349
-2.433040	-5.146124	-5.074396	-7.428351	-2.684506	-4.802631	-0.689700	-5.081982	-2.151648	-0.841215
-2.230173	-5.283648	-5.025275	-4.455186	-4.076205	-0.803456	-3.679853	-2.115755	1.449161	-0.289516
-1.592784	-4.616264	-1.720605	-2.800878	-2.399338	-1.314732	-2.099800	-1.476618	-0.434873	-2.119921
-1.416665	-2.812751	-2.488367	-0.021907	-0.643581	-3.654325	-3.418329	-2.776873	-0.890945	-4.109701
-0.896910	-2.461489	3.666763	0.965244	1.145990	0.282700	2.248676	-2.981019	-2.640147	1.264380
-1.661810	-1.913455	-2.736092	-4.642501	-1.374599	-1.608420	0.872332	-0.099953	-2.632074	-2.190147
0.877642	2.059575	0.304991	4.207779	1.032177	-2.536248	0.826953	2.194328	-0.316516	0.009756
3.210856	-0.029372	0.472637	1.810408	2.832147	3.481857	-0.469743	1.682728	1.924234	2.723324
1.158640	1.270732	-0.660529	-1.741390	2.859339	3.102833	2.653060	3.200353	3.271686	2.657595
-2.492397	-0.046085	-0.639480	0.381213	2.236881	1.719422	0.721681	2.380910	-0.255950	1.803408
-1.870944	-4.032590	-5.239991	-3.662758	-2.042395	-2.505634	-1.517364	-5.109592	-5.421663	-1.865797
-1.535793	0.150048	2.688065	1.694428	1.044042	-1.311095	-0.202355	-1.919446	1.369459	-5.061481
-0.440433	4.878562	6.444715	4.323498	3.579222	2.026184	1.146525	2.391162	4.817327	1.916198
3.399946	2.589989	5.667487	3.090683	3.680680	4.235346	2.406795	1.393441	4.157656	3.222482
1.940253	3.282663	-0.177892	-0.663686	-0.511053	0.092134	-1.621425	1.436405	0.141459	0.672314
-0.126100	-3.625777	-5.742094	-6.997277	-5.486142	-2.397608	-2.380017	-4.216432	-4.728251	-4.871965
2.160097	-2.278294	4.992608	-0.931357	-1.012554	2.000563	3.837038	-2.945755	-0.681459	3.634389
4.323054	3.682751	2.307043	1.726807	2.288447	2.924993	-0.652139	2.595951	-0.391548	1.592819
0.295281	-0.691401	-0.209462	-2.428351	-2.242706	0.545124	-1.201031	-0.970695	-1.367904	-0.892531
-0.927111	-2.890910	-0.198479	-1.626697	-2.059876	-3.510300	1.909883	-1.897178	2.090091	-2.056218
1.095188	2.294365	1.675319	0.526606	0.881371	1.864664	2.493822	2.300622	2.784353	1.665102
4.407088	-0.005034	-0.012442	2.641291	1.855172	0.669859	0.058606	0.130525	0.136398	1.386871
5.385799	2.937336	3.262366	4.261294	2.458161	2.419728	2.027752	3.820350	4.036945	1.069534
2.697531	2.335517	3.973569	2.203053	-0.152325	1.494212	4.385581	2.276219	1.331112	3.326232
-1.207507	-2.314048	1.499593	-5.817698	-2.429751	-2.066848	-4.748088	-2.180948	-4.702185	-4.822791
-2.252404	1.151884	1.484562	2.684477	-0.456782	0.481888	1.819962	-4.743829	-1.677725	1.308005
-0.449352	1.177355	0.312802	5.220917	2.823118	5.271260	1.116251	0.510900	0.241608	3.288861
2.201158	1.861310	3.427636	3.781955	3.443783	3.148606	2.439696	0.958561	1.078834	1.253720
0.178136	-3.076910	-4.012913	-1.911170	0.319149	0.672264	-3.341685	-1.369024	-0.472829	-0.508981
1.016789	-0.588261	-2.200121	0.097076	-1.381350	0.189769	-0.633974	-0.382029	1.552238	2.010998
-0.477875	1.611599	2.300132	0.598730	-0.592280	2.931357	4.210946	-0.026332	2.376754	1.999396
-1.532546	3.078811	1.834469	3.342827	1.952892	1.343061	3.176892	-1.039209	-0.518064	1.544749
1.484282	0.141918	1.404408	0.853903	-1.242701	1.542515	1.364080	2.858566	1.783504	1.742794
3.392917	1.904361	-3.892730	-4.818007	-3.864025	-0.761750	-3.475174	3.901215	2.207577	-2.177735
0.028965	-5.141620	-2.143228	0.258731	1.310750	-0.403404	-2.509855	-2.463236	-1.101229	1.324298
-0.134066	2.350315	1.842233	2.956052	2.848156	1.465381	0.688753	0.848136	-0.025694	1.433323
-4.057969	1.739105	1.730468	1.092089	3.062524	2.192933	-1.547935	2.256157	-0.060201	2.718775
-2.541139	-0.947811	-6.876208	-1.753325	0.706984	0.620177	-3.853406	0.276649	-3.156933	0.910382
-2.756670	-4.842497	-3.593878	-4.928557	-3.491135	-2.807161	-4.758547	-3.500962	-4.231872	-0.377026
1.076945	0.842386	3.995269	0.382326	-0.849405	-1.226160	-0.852843	-1.041554	-2.332402	-2.482521
4.511610	1.096972	-0.226452	0.742953	-0.432198	-0.493397	2.512517	0.312197	2.360395	0.473725
3.183532	2.501697	1.038169	3.002157	3.418913	3.107047	0.712045	1.952015	2.031033	2.151335
-0.643186	-0.669906	-2.847657	-0.794732	3.945054	3.374291	0.201453	0.661623	2.758730	2.111034
-0.589038	1.314496	0.391380	-1.352186	2.005549	0.379452	-2.593748	-0.151458	-0.196301	2.659546
-1.411520	1.247035	0.691188	1.779825	0.931724	1.737645	2.167951	-2.562304	-1.440144	1.026290
-0.709227	1.791042	2.475076	2.293229	-0.090598	2.186784	3.820861	1.362005	2.119316	2.262688
-0.087455	1.580347	1.424550	1.510053	-1.036896	0.835581	1.559991	-0.131408	-0.618909	-0.143443
-3.095500	0.035577	3.134017	0.668323	-1.172047	0.758949	2.796048	-2.125223	-1.588905	2.244215
-2.100558	0.528760	0.469980	1.160266	0.311869	-0.224604	1.869342	1.224580	0.107041	-0.455022
-0.725325	5.445823	4.975745	3.192907	1.015072	0.923131	3.112378	3.456821	4.158941	2.284960
0.242303	2.496490	5.339715	4.449169	2.825580	2.391261	3.416165	5.998920	4.680206	4.883574
-0.450870	3.230386	3.604891	4.237477	3.957712	2.108290	0.406907	1.868094	4.885148	2.859331
-1.663941	1.362032	1.548777	2.853054	3.164284	2.126625	1.655810	-0.858837	1.947077	-2.858857
3.393293	2.610552	4.535772	2.765420	4.511611	3.045166	2.076179	3.817243	1.635703	0.699618
1.615637	2.957963	1.214176	-1.567201	2.888509	0.138316	-1.680583	4.471051	0.190935	-1.449837
3.360493	1.520887	1.832590	-1.061491	-0.737508	-2.708024	-1.640371	0.390605	-0.346619	-2.985615
1.911665	-1.267659	-4.373088	-3.044529	-3.189628	-3.961156	-2.660883	-1.106082	-2.346949	-2.817710
-1.037442	-1.953458	-3.005061	0.436405	-2.256639	0.568918	-1.225617	-0.500094	1.031551	1.994781
-0.852926	3.060706	1.877369	2.795727	3.928570	1.846795	2.412928	0.776384	2.497487	2.091260
-1.333784	0.965947	-3.693701	-0.768244	1.047110	1.394671	-2.393146	0.728365	3.563568	0.105528
-0.575811	-3.875522	-7.004175	-7.705292	-5.281512	-1.524259	-5.171740	-0.587738	1.650197	1.508287
-2.786204	1.547412	2.778243	-5.101601	-3.255588	-0.161602	-2.933155	-0.569913	-1.877019	-0.547266
-1.337159	0.721960	-0.554952	-2.630356	-3.230309	-1.031565	-1.542091	-3.752147	-5.019877	-1.166133
1.120528	1.037333	0.630934	5.280757	-0.033671	-1.520556	3.549250	-1.348031	1.875527	0.903083
2.876260	0.644438	1.982595	5.055653	4.184632	1.819515	2.271364	1.958547	0.947298	1.809377
-2.637659	-0.152215	-1.188573	-1.013156	4.027703	2.018938	0.710448	-3.339404	-1.543063	1.981943
-2.039825	1.075580	1.132121	1.865342	4.475146	1.117003	4.197299	-2.527875	1.030947	0.484175
-0.346934	2.863329	2.779872	3.697059	2.863361	3.272797	4.035011	1.298742	1.050429	3.088165
0.675518	1.980037	4.492871	2.485404	5.269452	2.348908	3.785679	1.836356	3.071785	1.796503
1.462035	1.013308	1.990212	1.356688	0.303716	2.184123	-0.601004	2.391172	3.743615	3.401480
-0.391379	-1.514054	-4.301113	-2.747280	-3.828345	-1.916272	-2.178043	3.247699	0.718520	-0.005215
4.052180	-0.210749	-0.894512	-0.177492	1.050264	0.837508	3.851052	3.808741	2.251998	1.190607
3.942517	0.074026	-2.480793	2.350459	0.026942	-0.477152	0.585374	1.640703	-1.077351	-0.904069
3.374835	-2.292529	-3.785865	-1.138720	-2.525716	-0.685069	-3.742187	0.206791	-0.474928	-1.646055
1.109838	-3.156715	-3.748435	-2.328023	-0.680814	-2.555658	-2.962141	-0.130491	-2.427635	-3.613466
0.421231	-3.252233	-4.248112	-3.241945	-2.442158	-2.947736	-2.052698	-2.470741	-5.466675	-0.221917
-2.757582	-0.144485	1.018695	1.231218	-1.140855	-1.447522	1.580331	-2.837756	-2.926149	0.084375
-2.377897	0.160525	-0.148822	-0.493130	-1.023813	0.659168	0.126332	-1.611533	-2.635362	1.124793
0.641989	2.462794	3.025728	2.049512	1.304459	3.360013	3.673394	-0.462670	-0.371417	3.339519
0.563880	1.464717	0.732838	4.218947	2.639252	1.737197	1.552303	-0.031366	0.914482	2.646435
-1.589120	1.165790	0.681797	3.139876	2.394954	0.688198	2.424943	2.046479	2.345032	-1.006680
-1.330607	1.372606	0.661898	3.326298	5.617155	1.599997	0.416801	1.742465	0.055528	2.835056
1.892923	0.943958	-0.579067	3.443912	4.630742	1.278075	-0.857041	-0.523908	1.437664	1.970522
3.222171	3.074140	2.477293	1.499416	0.469400	1.332010	-0.934598	3.192460	0.309736	0.978195
3.291142	4.184943	3.813769	1.923009	0.019917	0.278382	3.811213	2.320366	1.957638	0.558555
0.148337	3.180759	3.411654	4.250185	1.930475	1.676270	0.979272	2.572809	1.690864	1.564777
2.268561	3.154178	0.981440	5.977239	4.663160	3.913052	2.038161	3.513986	4.039809	2.971340
0.035414	5.546192	3.478119	2.405568	0.641353	4.001307	0.882060	2.595895	3.492265	1.162518
2.026499	-0.319911	-1.201317	0.624162	-0.795164	0.046112	-2.679250	1.232933	2.108927	-0.221911
0.207717	-1.427242	-2.570275	-1.206884	0.225091	-2.346755	-1.286991	-0.970105	-1.898912	-1.426873
-1.172229	-1.075411	0.912137	1.243019	0.661998	-0.386016	0.489016	-1.463021	0.767040	0.671307
0.414260	1.286970	3.444512	1.627862	0.687235	1.733607	1.903547	0.746978	-3.048922	-1.271798
0.567585	-0.745413	2.319843	-3.711665	-1.836020	-5.301911	-4.099919	-1.270510	-3.276808	-4.253912
-0.794753	-0.930272	-0.531676	-3.674576	-3.794588	-3.993991	-3.089707	-3.934393	-3.700323	-3.180663
-0.358755	-1.357620	0.477647	3.310717	-1.053493	1.531343	-1.251440	-4.323175	0.271524	0.036322
-0.383621	1.504028	-0.910894	4.312400	2.751141	1.430967	2.300056	0.297138	1.552226	1.904517
0.564346	1.521559	2.747496	2.821558	-0.338213	0.187457	-0.265945	0.992939	3.700674	0.879493
-2.257353	0.702357	1.133110	-6.192927	-2.128178	-0.291109	-2.428368	1.075822	5.459161	-3.127777
-1.946422	-4.153191	-7.105558	-4.233672	-2.281283	-0.215956	-2.136240	1.169480	4.214279	-0.998021
-0.024463	0.351397	-0.153613	-2.499095	-4.207455	-1.002609	-1.823789	1.747005	2.833919	-1.938569
-1.107480	2.077506	-0.353761	-3.053417	-2.853322	-5.603490	-2.194641	-0.612810	-0.517027	-5.619247
-0.881576	-3.151580	-4.157407	-2.031359	-1.094513	-0.862825	-0.880526	-1.415272	-4.750767	-1.266386
-2.122255	-5.395079	-3.725456	-4.856143	-2.123957	-2.254438	-2.255871	-2.770991	-3.429309	-1.707013
-1.464623	-4.677406	-4.603913	-3.228494	-3.922986	-4.526453	-1.743507	0.149526	-2.081563	-6.545058
-0.244684	-2.317479	-1.477082	-0.924034	-0.982630	-2.281596	-2.598462	1.771870	-2.041037	-1.830651
-1.329044	-1.392417	0.253332	-1.595992	-1.392121	-0.660389	2.543133	1.296231	-1.953739	3.055881
0.486689	-3.184136	-0.944376	-1.711393	0.801909	2.259941	-1.736551	-3.137098	-3.022979	3.829208
-1.209091	0.191344	3.907091	-2.720567	-0.554474	1.839271	-2.937145	-3.950229	-4.193164	3.066301
-0.545292	2.991104	1.341029	3.361758	2.621197	0.031174	2.477320	-1.573569	0.691995	-0.166669
2.754278	3.067827	3.686234	2.876451	3.819088	3.339828	2.100212	4.984571	5.169291	1.814468
4.916310	2.583992	0.967802	1.296379	0.649664	2.018206	1.298301	4.241580	2.240615	3.598385
0.691495	-0.172819	0.185130	-3.220191	-1.610611	-1.183016	3.856356	-0.878151	-0.669543	0.403752
-1.570377	1.104874	3.032315	-0.780392	-0.766071	1.122238	4.375044	-0.292432	-1.366592	1.785641
-1.901217	2.177650	6.291153	3.482540	1.891347	1.868942	2.257634	-2.078675	0.865959	1.569424
-0.440036	-0.362510	-1.787559	0.434568	0.939207	0.928072	-1.201006	-2.581090	0.018502	-0.490228
-1.218645	-1.237427	-7.737423	1.075755	0.585471	0.135203	-1.974908	-0.780888	-0.160273	-1.457841
0.498944	-4.188222	-1.141743	-1.248338	-1.546098	-3.311988	-0.020603	0.786320	-1.585176	-3.735445
