X1	X2	X3	X4	X5	X6	X7	X8	X9	X10
1.985662	-0.868122	-1.961836	-0.671809	-2.677243	-2.163680	1.812697	1.288119	0.655013	0.229854
2.040079	0.921304	1.642036	0.685799	1.547196	2.977155	2.878612	2.998893	0.965665	2.364800
-0.252672	2.727771	-0.322142	-2.490923	-1.292107	-0.850502	0.600729	-0.862415	-1.747196	-0.524926
-2.482090	1.275008	-0.250577	-0.608471	-2.552260	-0.301045	-0.002625	-1.284881	-0.602459	3.436404
0.610624	3.538942	-1.271777	3.097454	5.102732	3.007629	-1.157626	3.303122	3.052587	1.430518
-1.850532	-1.083402	-3.506152	-1.420946	0.823762	-0.562676	-1.514647	-0.010085	-0.085250	-2.088258
-1.821660	-1.213601	-1.038410	-4.004872	-4.120778	-4.206657	-2.690166	1.791424	-1.684160	-4.862298
-1.810662	-2.988233	-0.229762	-0.713625	-2.833296	-1.966212	0.789541	-0.192430	-0.204335	0.002022
-0.150842	2.168522	3.098982	-0.299306	1.627101	2.361361	3.210099	-2.398125	-0.584567	1.810228
-1.695703	-0.137319	0.063510	-0.230616	0.363403	0.635261	-2.533872	-1.367641	-0.816748	0.219942
-0.994751	-4.150439	-3.823490	-2.083259	-0.455099	-1.712709	-3.885649	-5.784157	-2.878772	-5.481812
-2.185289	-7.375025	-4.696129	-3.351537	-0.555214	-7.077852	-1.283111	-3.896054	-2.659933	-5.215814
-2.202724	-6.775862	-3.899620	-2.920054	-3.686153	-5.578967	-2.154838	-3.846713	-1.606925	-2.956042
-0.125261	-7.361742	-4.764777	-0.318814	-3.096526	-2.667958	-3.918009	-3.471916	-4.646143	-2.085076
1.521992	-1.550455	0.617386	0.738278	-0.985545	-2.652925	-1.794806	0.835652	-0.089781	-0.426896
1.379231	1.830706	3.367755	3.044617	3.119580	3.832228	2.118290	1.676609	3.919664	2.438116
-1.862854	2.480345	4.629915	3.525196	2.441737	4.021896	2.502097	2.506869	2.978595	3.145677
2.161732	1.124867	3.010251	-1.896891	1.949913	2.516678	0.258630	0.832647	-2.334783	0.051305
1.299878	-1.024929	0.787946	-2.544152	-4.304505	-2.457833	-1.686792	-3.041443	-2.620869	-3.551685
-0.823622	2.267558	-0.666017	3.583206	1.933571	2.275358	1.221544	4.767112	1.812439	3.069222
-1.115277	2.987526	3.568947	-0.504025	1.984626	2.809046	-0.617447	-0.583677	0.367444	2.615441
0.422203	2.275070	2.762519	2.580344	1.096547	0.382924	0.445149	-3.105399	1.376046	-2.143514
-0.449390	0.478584	1.759582	-0.169495	1.632720	0.261586	1.836245	-2.537442	1.951046	1.441767
-0.409366	0.726462	1.638217	3.735648	4.795829	3.740024	5.306752	-0.762599	0.470444	2.739998
-1.867435	-2.895807	-3.216594	-1.846140	-0.317041	-2.786669	-1.500917	-2.302559	-3.974060	-8.093112
1.747094	-2.702934	2.082229	-0.343668	-2.538105	-4.833602	-6.035654	1.641684	-0.621467	-7.787652
4.248810	3.522069	4.726166	3.044550	-0.547079	3.154616	1.864352	5.835838	4.785822	2.426986
4.864102	4.301788	2.303199	5.504603	3.627921	4.774477	2.845109	3.878008	3.794506	5.535011
2.484662	2.896807	1.722706	0.068776	3.575177	2.799471	1.022025	3.617201	2.671182	4.111930
2.447777	3.009009	3.134367	0.225757	0.964374	3.910289	3.668406	4.325220	1.629948	2.590249
1.131537	3.383874	-0.967939	-0.712770	-0.230006	2.036819	2.748858	-2.378331	-4.724499	0.753173
1.162932	-2.392417	-2.344933	0.810981	-1.933580	0.046252	-1.548614	1.698050	0.745738	1.157508
4.552649	1.687814	-3.019837	-0.914705	-0.268767	2.084976	-3.972407	3.294066	4.240155	2.790158
0.561678	3.179345	1.652828	4.520755	1.162516	1.668181	0.408984	1.160517	4.141048	2.878625
-2.241592	3.278050	-1.181761	1.906045	3.647650	0.208854	0.115060	-3.445496	-0.527686	2.452511
-1.289773	-3.964894	-6.002326	-4.990753	-3.933583	-2.782016	-3.990578	-6.180973	-5.543454	-0.590082
0.631324	-7.306914	-4.016389	-4.018855	-2.527201	-1.824640	-1.868329	2.988583	-0.496759	0.005646
0.309387	0.366862	0.119328	-1.024680	-3.300324	-2.135632	-0.214494	1.509571	-2.054507	0.123696
-0.894795	-4.241994	-3.161498	-3.466246	-4.152470	-5.982104	-2.438174	-6.428213	-4.082104	-8.911134
-2.762735	1.036390	-0.881390	2.226928	1.017541	-0.720968	-0.163672	1.931128	2.995645	-0.045546
-1.163043	5.244682	3.149230	4.005321	3.891590	1.685463	-0.222791	3.441390	2.375832	4.567259
0.283367	5.015852	1.251139	1.426516	2.189758	0.354777	0.931965	1.700466	2.503153	2.211176
-3.339915	2.005269	3.008414	3.714191	0.261227	3.518459	2.407792	4.548951	4.289899	1.424603
0.202898	5.160601	2.529133	-2.581975	0.374275	2.668597	0.885783	0.463338	-1.829736	1.470433
3.381395	0.222515	0.044873	-3.949501	-1.880216	-3.468321	-1.441568	-1.177781	-2.977659	-1.636937
-1.668038	0.584278	0.619712	-3.318810	-2.268164	-4.145310	1.379632	-5.170813	-3.479177	-5.857514
-2.192711	-0.302743	0.341228	2.010677	1.196909	-1.865583	4.182074	-2.362068	1.199601	1.868595
-0.157339	3.178919	2.960699	5.543139	3.166387	4.238047	1.495049	3.192145	3.134769	3.564584
1.264968	4.962130	5.530502	3.359753	4.557148	4.139868	3.810449	4.214514	4.067917	3.426744
-0.928103	2.496855	-1.112182	0.216997	2.137275	0.202565	0.600762	1.227131	-0.083061	1.112868
-1.887665	-4.793838	-0.623877	-0.822652	-1.472751	-1.808774	2.629877	-8.129918	-2.303375	-5.140754
-2.363530	0.430417	4.978699	4.995785	0.299351	1.276638	6.805884	2.112756	1.733367	2.107168
-3.211811	3.488185	2.127723	3.026584	1.646963	4.435787	2.520169	1.103040	-0.189843	2.509525
-3.260920	-0.885566	-2.167823	-0.177778	-0.082533	0.515962	-3.502881	-2.075879	-4.489714	0.223307
-0.131671	-2.133870	-3.750359	1.086576	2.626646	-1.129852	-0.756978	-2.713316	0.573245	1.060001
2.656624	1.579841	1.371795	2.621524	1.964582	1.247334	1.127861	2.663917	1.029425	1.958098
5.613851	0.675635	-0.683478	-0.990058	1.457058	-0.437893	-1.076976	0.154304	-0.470581	-2.150716
3.146299	-3.890821	-3.766697	-3.026192	-2.518142	-1.011945	-2.616805	-0.791971	-0.494585	-0.160852
3.746754	0.378544	-0.286879	-1.921402	-1.786535	1.858165	-0.567242	2.957178	4.534906	3.277576
4.331702	1.048797	-1.378241	1.217090	-0.383137	1.326427	-1.034103	1.499334	0.253083	-0.735543
4.562430	3.523411	0.967501	0.172561	0.177638	1.832228	1.887195	4.010081	1.803835	4.867376
-1.023674	0.893255	5.630732	1.028689	-1.982626	3.384857	4.019236	3.778003	2.669955	0.982319
-3.329124	2.281202	5.394236	3.512550	1.023058	1.027302	2.611601	2.765181	2.669132	2.217173
-2.112433	1.702125	0.294801	1.293324	0.547374	-0.735746	-1.796726	4.151400	0.724358	0.619422
0.437984	-1.086503	-2.016987	-3.101912	-2.664889	-0.441800	-2.643364	-0.268560	0.556824	-1.738447
-0.052984	-9.756305	-5.978840	-4.121380	-5.646044	-5.939070	-3.193530	-4.257714	-4.677081	-6.729049
-2.327253	-3.695407	-1.850671	-1.545600	-0.151704	-0.635565	-1.909044	1.033619	-2.070364	1.315099
-3.580834	-2.670031	-0.424390	-2.363895	-0.582479	0.150205	-1.105424	-2.455080	-2.278036	0.707083
-1.999442	-1.313099	-1.697107	2.079916	1.051418	0.858528	-1.283489	-0.636528	0.863594	-0.181013
-2.572690	1.293570	2.622569	4.615513	1.212479	1.469697	1.542142	1.070057	1.920518	3.323695
-2.566891	-2.568745	-2.750770	-2.522026	-1.480606	1.664902	0.222850	0.212056	0.237126	4.586692
4.077841	0.854139	1.323268	-1.039418	-1.570046	-0.335367	3.705916	5.215950	1.983209	2.866759
3.809393	3.104605	1.738976	0.750417	-0.324248	0.760082	3.611020	2.805422	1.991158	2.513183
1.522452	3.182939	2.637048	4.947361	4.578178	1.126841	4.112542	-0.195346	1.174264	0.643644
-2.988396	1.881927	0.891581	3.080595	3.182628	0.393402	0.973665	-0.428873	0.564317	-2.356872
2.042838	3.156755	0.498869	2.025603	4.525494	1.766456	3.447868	1.153622	1.555309	1.597117
2.488539	1.169913	3.499110	5.055367	2.463472	2.161695	4.669232	2.812123	4.917731	3.911895
1.050096	3.131292	2.017901	2.675272	1.334357	1.868612	0.607338	3.332412	0.798873	4.555943
1.204695	0.143183	-1.159859	-2.414598	0.106645	-1.516501	-4.517033	-1.995930	-3.012773	-3.346455
0.581625	-7.797321	-7.553971	-3.674459	-2.568067	-4.751650	-3.806700	-7.921720	-4.751016	-3.773316
-3.345026	-7.094224	-4.275234	-2.443324	-5.246282	-1.086043	-1.866481	-5.475673	-2.421666	0.445242
-1.085270	0.634367	-1.537249	-2.553708	-2.967201	-0.947087	-1.186995	1.979792	1.212970	-2.086498
-1.396118	0.394552	-0.995014	-3.657223	-3.107126	-5.462488	-4.432561	-1.797641	-2.625618	-7.381653
4.689619	0.973129	1.843575	-1.081483	-1.103757	-2.693354	-0.163296	3.730712	0.970861	0.389358
2.064031	2.827497	2.542019	4.363002	3.049306	2.930810	0.065582	4.406935	3.185899	1.504719
2.758306	-0.888842	-3.182577	-1.396181	0.193064	-2.188004	-2.464644	-3.293086	-4.840513	-3.362589
-2.201364	-8.455485	-7.824009	-6.897741	-5.150481	-4.474401	-4.689092	-5.451968	-5.827084	-5.275083
-1.442488	-7.893130	-4.679273	-2.939789	-2.697029	-1.119887	-1.398678	-4.941024	-3.641723	-2.645281
-1.749376	1.101930	1.041937	-1.212934	-3.024176	-0.431870	1.164481	0.282932	1.210662	1.166600
-1.400635	3.165500	2.282827	4.860717	1.971980	2.560845	2.189970	3.739185	5.237662	3.592641
0.664926	2.437986	1.668204	1.554054	1.886344	2.601252	5.337173	3.580924	4.630869	2.782425
-1.576498	0.948298	2.285173	4.329472	1.708418	1.498645	0.661775	0.936535	3.945373	3.442634
-3.176114	-1.414956	-0.373958	-2.927438	-0.036791	2.210516	0.492961	-3.267394	-2.793234	0.222751
-1.044327	-4.185166	-3.244981	-3.374780	1.624019	1.677961	-3.043382	-2.818674	0.907640	0.858957
-1.245443	-6.981722	-4.822490	-4.243660	-4.232544	-2.391628	-4.770969	-5.787915	-4.654314	-0.242966
-1.579465	-8.539411	-5.666975	-4.364683	-2.986677	-1.126956	-2.485313	-3.502528	-0.356904	-1.156134
-1.135397	1.846978	2.322070	-0.567452	-2.923872	0.062470	2.405175	-0.115223	0.413060	0.890034
-0.681341	0.808559	4.425653	0.312828	0.306276	-0.350257	3.179582	0.484191	-1.134328	-0.523779
3.297702	2.799944	0.246084	0.156756	-0.809626	-0.383743	0.172996	3.195706	-0.140179	-1.069391
3.413630	1.962847	2.388569	1.373527	-1.291872	1.019905	-2.829293	2.046915	3.909801	0.180480
1.521044	3.247483	1.251417	1.372242	2.798145	2.997681	1.597704	3.034410	1.776903	4.717717
0.250645	2.926666	1.193735	-0.570602	3.090832	3.607378	-1.709321	3.702584	0.425518	0.850203
-0.440865	2.498210	2.504431	-1.377306	-0.331104	2.735888	-2.159779	3.134333	2.288038	-0.472879
-2.512883	-2.495970	2.171313	-2.806669	-3.075756	-1.385395	2.081323	-0.037150	0.202157	1.922553
-2.191405	-0.826658	-1.859513	-5.301592	-6.044217	1.008421	0.229776	0.195232	1.222065	-1.939318
-2.380326	-1.238341	-1.609240	1.678226	4.544820	0.717529	1.608674	-1.270325	-1.064245	1.416392
-1.634840	3.795797	3.907139	3.856985	5.425562	2.273521	6.157911	0.435275	0.870820	3.433465
-0.608541	1.674271	2.210229	2.833388	4.152217	1.343391	0.454580	-1.564870	1.635852	0.915386
-1.772621	1.977793	3.223136	3.244735	1.049390	1.125831	-0.047524	-3.077662	0.618744	3.790239
-1.129671	0.957980	2.732064	1.598529	0.172690	1.244032	-0.461904	-2.126101	-2.014511	-1.274594
-0.150981	-0.009957	-2.993081	-0.804828	-2.951578	-5.309212	-1.413465	-0.701188	-2.010819	-6.310028
2.698759	0.899896	0.548903	4.303567	1.262894	2.663291	1.045290	3.270778	3.105812	2.945923
-2.096739	2.334652	3.408320	0.362116	-1.665889	-0.787968	-1.720641	-1.471604	-1.540322	-1.843558
-0.424663	-0.792877	-1.726428	-6.853276	-3.148719	-4.971595	-4.790060	-9.562031	-7.142929	-10.228885
1.078901	-4.354379	-4.668637	-2.043207	-2.082192	-3.737398	-5.609767	0.343400	-0.745413	-1.540172
3.415367	0.754155	-0.115708	3.703428	1.809599	1.052015	0.665736	2.396190	2.017221	1.170166
2.099650	2.906437	-0.474840	3.381632	5.377560	2.025437	1.222051	-3.035456	1.855067	0.746916
-4.256636	0.830676	0.722668	4.276710	4.170496	-0.344440	1.853779	-2.660134	-0.349279	-1.286435
-2.420972	2.416280	1.199815	2.170366	1.799212	-1.003522	0.988021	-1.332239	-1.618720	2.703999
-0.991642	-1.386043	0.480299	-3.115896	-4.381786	-3.088117	-5.907121	-0.691966	-3.183960	-2.819992
-2.137429	-3.349786	-0.323681	-2.137270	-1.949893	-1.301031	-1.205443	-3.029809	-1.469602	-0.033821
-1.334713	1.287858	0.271671	2.545049	3.814296	2.870329	0.314059	5.421340	2.583053	2.449601
1.808623	2.590494	2.563254	2.137366	2.823485	-0.066342	0.501989	4.648387	2.103701	1.206765
3.433400	-0.768573	0.369862	-2.456714	-4.123720	-1.239151	-3.025348	2.433840	-0.959857	-2.943441
-0.299563	0.094461	-2.326808	-0.942084	0.262684	0.427098	0.652655	2.027809	2.199377	0.736976
2.116954	3.124298	0.581940	-1.023140	-0.281798	4.368598	-2.038498	5.163001	2.465303	4.435006
-1.102929	0.030741	0.090898	-1.140374	1.371839	3.722047	-0.930098	3.374828	1.649123	2.823243
-3.115390	2.365492	1.034763	1.741719	4.292099	3.646039	2.330462	2.790899	2.919638	3.055479
-1.694710	0.366051	0.369527	-4.346654	2.230886	0.024372	-0.116410	0.272424	0.747749	-2.231991
-0.481168	-1.486782	0.690284	1.502413	-0.319194	-0.915359	0.581196	-0.862184	3.102060	0.842727
-1.086942	2.639394	4.256127	1.811327	4.203263	0.990946	4.253888	0.228186	2.004775	1.593228
-0.433612	3.042876	1.643849	-5.310904	-2.195439	-3.066316	-3.271124	-4.965953	-5.698904	-6.608290
-0.870358	2.789264	2.476842	1.731526	0.108705	0.119754	2.654571	-0.514289	0.646331	0.151469
-0.144359	1.883955	2.881400	4.590626	1.190300	1.883556	2.798285	2.882791	0.041983	5.070605
-1.481395	0.782446	-1.726086	1.602202	2.940951	-1.053010	0.322327	0.955002	2.765761	0.605115
-0.509746	1.514034	2.016276	3.014062	0.760564	-0.167843	1.844311	-4.403542	-2.978630	-2.353999
-0.372993	-0.392384	-2.120422	-4.136584	-3.876656	-7.486441	-4.222251	-6.816928	-7.810181	-7.239937
-0.646518	-4.210512	-3.091587	-3.435529	-4.788503	-2.886203	-4.929847	1.341661	-1.566483	0.428502
-0.164501	-0.041355	0.698073	-4.189065	-2.393472	-2.784925	2.154137	-0.982861	-3.938528	-1.800277
2.206373	-0.156716	1.317949	-0.223682	-2.408855	1.573897	3.492714	-1.088378	-1.644905	1.651129
2.800424	-0.716601	-1.593065	-0.491272	-0.631247	0.999667	1.421799	0.045926	3.838397	2.387623
0.108565	-0.009213	-0.709178	0.728375	-0.828440	0.488591	0.148305	1.731867	0.933589	-0.477588
-1.409686	1.121942	2.255904	4.122767	1.516072	1.396973	2.684446	0.889861	2.655382	0.877103
3.431184	0.732460	-2.087826	2.187815	1.773997	1.332322	0.030738	2.066324	1.326589	1.487902
3.212689	1.710436	0.180624	2.083328	1.016243	1.100043	0.213495	-0.794326	-1.772878	-2.456483
1.841042	0.402566	-1.998351	0.085116	-0.707382	-1.331655	-0.391068	-0.644573	-0.720804	-1.924143
3.573154	-0.901056	-1.574959	-0.080011	-3.038071	-1.732763	-2.379935	1.130499	-2.360077	-1.533767
2.888336	-3.738633	-2.154404	-1.553043	-3.038514	-3.220374	-2.800193	-3.245392	-4.555783	-3.780447
3.489198	0.222131	0.662207	1.772429	1.004097	1.560222	1.083975	0.126770	0.549594	2.065329
3.038748	1.475830	3.010571	0.756117	5.928471	1.935936	1.632383	1.007201	2.140567	1.614772
-0.773707	1.513662	-0.184919	1.378530	2.705517	-1.234623	1.329946	-0.074783	2.280351	-1.192405
-2.918961	0.135023	-1.340167	-2.280321	-1.050856	0.241256	-2.892420	0.590036	1.578361	-3.456691
0.928592	-2.465790	-3.201075	-2.292127	-4.512639	-0.146517	-2.517102	-1.178328	-3.387389	-1.437372
-0.509644	-4.810580	-3.646749	-4.589177	-4.101122	-2.520929	-2.757784	0.717142	0.475615	-3.834534
3.015233	-2.558651	-3.211191	-1.116661	-3.632696	-0.125670	-2.571053	1.259760	0.845390	-1.634365
-1.225975	-3.357204	-5.019104	-4.876469	-3.285952	-5.538129	-4.347995	-4.874360	-4.706052	-3.611050
-3.689468	-7.424341	-6.003190	-4.009493	-4.561080	-6.948393	-1.361695	-4.437802	-5.552997	-1.152476
-2.871046	-3.747865	-1.722852	0.164078	-0.614973	-1.401853	0.399057	0.443545	0.358170	-0.681628
1.772989	4.430923	2.384508	1.558553	2.121380	2.336704	0.532777	1.566696	2.563061	1.409708
2.054434	2.552421	4.810890	2.807840	1.889987	1.169888	3.004374	2.379063	1.158189	5.356945
3.648284	2.011829	3.711591	5.596748	3.998655	4.724611	4.209862	2.113256	1.123065	5.093698
0.507436	-3.600954	-5.419989	-4.590514	-1.458008	0.448282	-0.736149	-3.742413	-4.074298	-2.036820
-1.299718	-8.360929	-8.690851	-6.375740	-3.812694	-7.045589	-7.986549	-7.856036	-4.421791	-13.976096
-0.261285	-0.924896	-0.616695	-0.821223	-3.380896	-6.012991	-2.282427	-0.385002	-0.543703	-4.180616
-0.295572	1.245244	2.593277	2.532346	2.461592	2.483683	0.675324	2.688594	5.666473	2.961131
1.939612	3.006192	0.547767	2.408870	0.112375	3.447143	3.834214	3.835961	6.030547	3.555959
2.745057	2.549346	3.447274	2.526257	3.290658	3.341396	3.711149	5.309404	3.566624	3.791177
-0.735249	1.833308	0.796298	0.131810	2.375345	3.101049	-1.208163	0.892127	1.040311	3.570297
-3.749515	-5.525724	-4.905460	-5.824565	-2.215460	-0.889393	-7.845517	-4.307966	-3.344188	-5.570770
2.276345	-3.721748	-1.919701	2.121834	-1.030554	0.053077	0.152793	1.942427	1.578730	2.972782
1.878020	2.909736	4.518976	2.759211	3.271063	3.314363	2.969570	4.099606	-0.843232	3.481765
-2.802905	2.966226	3.450471	-4.808534	-1.883106	-1.730833	2.816019	-1.059028	-4.458373	-4.141316
2.743057	2.974223	4.815684	6.200703	3.446536	3.297392	6.346541	5.423122	4.634906	4.668846
4.384792	1.983427	5.185617	5.166720	5.792790	2.557840	5.773239	4.445553	2.605604	3.991556
-1.487415	1.877738	2.433169	2.971718	3.114054	4.498410	2.905913	-2.106438	3.184118	-0.369280
-2.940079	2.799454	2.712140	3.429396	1.122723	2.703803	3.204463	1.590442	3.371944	1.612141
-3.343615	2.470075	2.041132	1.135251	2.689694	0.822115	3.353088	0.758187	2.879776	4.261720
0.048361	-1.521399	-2.255856	-2.606118	0.616162	1.551944	-5.514813	0.329888	3.430307	-0.254341
-0.775166	-2.393972	-1.196824	-0.668917	-1.453180	1.045485	-2.947743	-2.503465	1.138630	0.350658
-0.183913	2.148058	1.677029	2.854752	3.252861	-0.206466	2.093495	-0.521983	-0.478666	1.809217
0.320506	3.256286	-1.157597	-0.922317	-0.356023	-2.125317	-1.298602	4.232123	1.789709	-1.448668
3.187974	2.944313	0.985399	3.510869	1.130059	1.405326	1.334759	4.956538	2.979743	2.128601
-0.137124	3.631434	3.447216	4.195605	2.752796	2.133753	3.734574	1.407348	2.269623	1.291019
-2.846004	3.349549	3.691354	2.411083	2.151378	2.264754	6.355737	3.353137	0.460935	1.984582
-0.082181	-0.061747	-1.421485	-1.143106	1.200192	0.293420	-0.113059	3.349987	-0.517137	-1.105819
2.173929	-1.296556	-1.777002	-0.780969	1.108126	-0.364162	-2.191221	0.102980	-2.007809	2.825311
3.469411	3.237619	0.081505	0.674083	1.747267	-0.423704	-0.183257	2.579897	1.952002	1.462962
3.325152	3.567174	1.072434	5.344741	2.398900	3.000880	4.061625	3.756417	1.975377	2.762225
0.512237	4.396905	0.625789	4.133594	3.780811	1.995975	3.751516	2.310520	4.514597	3.233189
3.019852	3.022108	3.100768	5.059932	5.439283	2.291168	4.247408	2.028082	3.868742	5.523444
0.145483	2.022880	3.501173	1.446242	3.271703	2.128641	3.277292	0.258282	1.759392	0.134578
-3.139182	-1.628784	-0.241894	2.241413	1.970652	1.039578	-0.886243	1.178994	3.965426	2.147277
-1.463257	2.012212	3.943069	2.677532	5.814216	1.899063	0.485295	3.866695	1.300621	1.812229
-1.590252	3.288662	1.575362	-2.391112	-0.100523	-1.712422	-1.990605	-3.261440	-3.432043	-2.262580
-2.011180	-3.138836	-2.623811	-4.302733	-3.688882	-1.661895	-5.677352	-5.109436	-3.040389	-1.458864
0.082848	-10.223788	-6.744948	-4.219943	-4.307178	1.551127	-3.585656	-3.810120	-0.909141	-1.371139
-1.680478	-7.801198	-5.325647	-4.384755	-4.928426	-0.328675	-4.334926	-3.992518	-4.222019	-1.844818
0.420031	-3.413870	-1.880303	-4.407183	-4.078945	-1.366620	-3.276772	-4.961355	-5.464048	-4.239719
-1.797333	-1.036409	-1.385514	-4.197539	-4.425049	-6.086926	0.509396	-4.008559	-4.624849	-3.543755
-2.061579	0.597681	-0.936174	-3.846336	-2.928156	-3.439011	-0.332630	-4.363556	-3.939146	-2.580842
-1.769617	1.723797	0.988320	1.088914	-0.287781	1.059707	1.994240	0.896927	0.412640	1.279804
-2.501654	0.796335	-1.645625	0.006096	-2.192538	-2.381089	-3.365501	-2.800235	-2.583113	-3.302432
-1.731697	-0.883408	-0.094005	0.220901	0.856658	-2.619518	-2.731962	0.368932	-0.009126	0.267035
-1.422553	-1.084536	-3.019413	-5.223786	-3.473307	-5.649397	-3.593651	1.810801	-2.494321	-4.373710
-0.141129	-4.211051	-3.788543	-3.538375	-4.414046	-3.980341	-2.445374	0.317147	-0.524818	-3.527981
2.483769	-0.869454	-0.222587	1.323623	-0.665171	3.390733	1.038661	2.784145	2.390064	2.487407
-0.425463	-0.881248	-1.491137	-0.684903	0.122607	3.321811	-1.849751	-0.354328	-1.640194	0.569442
-1.726432	0.410765	0.844615	2.998036	0.651079	1.861078	2.026185	1.584004	3.664990	0.998610
-1.028942	1.430386	-1.098923	-2.367769	-0.873966	-1.435279	-0.267038	-1.058182	-0.763301	-4.794800
-0.736997	-1.925587	-2.749841	-0.358527	-3.570334	-2.900173	-1.907422	0.792893	3.037016	-1.766500
-4.400702	-0.286952	-2.906429	2.793954	-0.213633	2.084786	0.207427	-0.186393	0.975826	2.883300
-1.893559	-2.307509	-4.490877	-4.001534	-2.382468	-4.392713	-1.163491	-6.385060	-8.740384	-6.156710
-2.769172	-1.417257	-1.124575	-5.563699	-3.946744	-5.660679	-0.562281	-4.236126	-5.943028	-1.636638
0.240155	-2.663793	-1.930311	1.869154	-1.592962	1.066580	-0.449643	-0.165910	1.705782	1.326508
4.014321	1.286086	0.808326	2.808219	0.769175	1.063058	1.654521	4.077072	1.297235	1.265222
1.439822	0.469482	0.928948	0.088990	1.718467	-0.335650	0.494512	-1.384095	-0.979778	-0.990302
-0.075843	-0.635601	-2.002133	2.321365	1.813415	1.612652	-0.069570	-0.776625	-0.774366	2.444533
2.516323	1.043943	-1.771305	0.957340	1.173221	-0.750838	-1.149825	1.457468	-1.142135	-0.508778
0.662518	0.340018	1.151945	-0.121988	-2.791510	-1.305722	1.761649	-0.956526	0.079807	-4.099635
1.126640	0.712130	6.312729	0.722680	0.079927	-0.080298	4.153455	-1.700119	0.221756	-0.643040
3.256189	2.158685	0.911961	0.882742	2.670137	1.252434	1.462896	2.944981	0.926408	3.692409
4.171961	-0.952009	-0.502747	-2.546300	-3.084072	-1.674620	-4.510426	3.429667	1.192060	-5.441087
4.696957	0.505654	-1.222583	0.742652	-2.230190	-1.745058	-2.484706	-0.740566	1.701312	-2.118924
4.523974	1.109183	1.922668	3.447601	3.847692	2.099229	0.110259	3.025175	2.781161	2.226702
-1.489188	2.376486	4.720918	5.476149	3.821286	3.326248	4.612275	4.123788	4.458910	3.057597
-1.327931	3.796072	1.233579	1.725198	3.292904	2.147407	-0.509053	-0.486528	0.668360	6.368267
-1.124755	-0.690250	0.068464	-0.748647	1.623058	0.872418	-2.140119	-5.066674	-4.791988	0.160721
-0.045062	-5.389369	0.609486	-3.921384	-5.105836	-5.699807	-5.224419	-2.390848	-4.699429	-6.439031
0.697648	0.807223	2.225555	0.231194	0.228637	-0.924555	-1.548045	1.743850	0.821442	2.641419
-1.262426	2.131437	1.775783	2.759691	2.766391	1.155489	4.049608	3.714926	2.162128	2.563785
-0.865285	2.244884	0.867082	-2.895587	-0.101155	-0.689560	2.290847	-5.416116	-4.791964	-0.766021
-2.568129	-1.287825	0.665163	0.055966	-2.977486	1.829415	2.656079	-7.643169	-2.300228	0.435614
-0.701158	-0.156980	2.308134	2.221758	1.816418	3.159234	5.389109	0.506273	0.462044	2.564805
0.025726	0.685830	2.988607	1.104395	0.117074	0.000314	-0.734454	-0.995779	0.063959	-3.101132
0.567725	3.464116	4.448891	3.377686	4.424300	0.997376	0.568794	2.552382	4.846125	2.985919
0.832737	2.355690	3.557492	2.523938	2.889716	2.315842	2.017361	3.389268	3.428850	2.871874
-0.462336	-3.879638	-3.438979	-5.317841	-3.355560	-1.764168	1.377054	-4.824908	-0.981856	-0.330748
-0.421295	-5.457357	0.094082	-5.593042	-4.456708	-2.013830	1.793377	-5.533936	-5.491684	1.356972
-2.189839	-2.191257	-0.203216	-5.454256	-4.005210	-7.607122	-2.547562	-0.864300	-3.362627	-7.011948
0.363133	-1.273027	-1.836768	-2.681775	-4.002546	-5.710819	-1.484858	-0.089887	-4.070673	-4.604088
2.888722	1.069544	-0.869370	-0.456590	-2.806199	0.338803	0.618793	2.558919	0.546285	-0.889628
1.815629	0.939764	-2.337317	-0.356991	0.406651	0.392468	-0.335002	-1.257768	1.002858	0.133651
-0.890444	0.105043	1.164494	3.452229	3.158222	0.677101	-0.290539	-1.294130	0.503054	-1.039228
-0.493396	1.536491	3.147966	-4.328020	-0.434571	-3.712373	-2.999015	-2.102650	-4.106517	-4.066047
-1.012423	0.070315	-0.306299	-5.178728	-5.152709	-9.197629	-5.657324	-6.324413	-3.123047	-10.158084
-2.339724	1.450725	1.645000	2.618211	3.614324	-0.932042	-1.295465	1.525901	2.477473	1.078882
-1.675595	1.847026	0.179464	4.021207	3.705243	3.663513	1.514165	4.102908	3.129852	2.346372
0.302466	0.712826	1.264891	1.878168	3.571362	3.822061	1.782770	0.799427	2.531496	3.840605
1.753164	0.745231	0.713680	-3.151498	-0.611706	1.846926	-2.720150	-0.663224	0.356114	1.361302
1.319002	-4.581853	-4.214770	-5.154783	-5.368546	-3.754768	-4.759793	-6.414526	-5.989588	-6.108817
-1.570915	-1.638721	-1.822362	2.344619	3.855652	0.898901	3.162641	-2.799563	0.670898	2.076567
-2.684981	3.619230	3.839900	2.917516	1.847498	1.518458	5.269952	2.600386	2.739077	3.931474
-0.566493	2.302205	1.880312	-0.106086	0.199803	3.183323	0.139239	0.726837	0.922755	0.395221
-2.026943	0.567104	-2.240330	4.007420	5.029374	1.270418	0.128401	-0.655992	1.089337	0.162926
-1.260526	2.046332	1.394268	3.262839	3.274219	3.660763	1.745837	1.452318	2.903727	3.179407
-2.426935	3.904387	1.448301	3.610775	3.588642	2.501278	2.976844	2.480182	1.081130	3.803880
-1.505962	3.665171	0.372860	3.410235	1.704849	1.914080	3.838919	3.969618	3.388949	2.377960
-0.894501	-1.269417	-1.788361	-2.774279	-2.661658	-1.559612	-0.520041	-2.814257	-4.249913	-6.373839
-2.396643	-2.364278	-1.593368	1.037738	1.198224	0.034016	1.022058	-3.365729	0.295146	3.637097
-1.258680	0.877284	-1.495072	2.521588	3.730894	2.587080	0.683514	2.467319	5.323629	1.667281
-1.346903	-0.360333	-0.779980	0.429974	0.642852	1.871493	1.037920	3.683202	4.999437	2.981025
0.147897	1.990167	1.089298	-1.883802	-0.362804	-0.078033	-2.263429	1.896232	1.334670	-5.826262
3.274130	2.470778	3.035553	2.820161	2.933021	3.245613	0.287661	5.378825	2.337230	1.731729
0.326606	1.400096	1.787175	-2.155836	-0.975477	1.722339	3.066883	2.398892	-0.991183	0.932608
-1.590466	-3.919287	-5.353246	-5.124993	-4.779504	-3.218246	-1.209969	1.752347	-1.224569	1.310580
-2.363874	-5.536377	-3.403221	-1.527811	-1.361468	0.050363	-5.065103	-2.274500	-3.618329	1.537352
0.563292	2.670417	-0.255460	4.059110	2.927723	1.831072	0.964173	1.985062	3.524336	2.122027
-1.329957	3.361186	1.360125	4.217668	4.127358	3.719382	1.379551	2.283044	2.890426	2.449309
4.625990	-0.068379	2.596223	3.500060	4.364426	2.280696	1.199223	3.175355	1.691839	1.883800
4.663745	2.059012	1.648423	2.297985	3.840216	2.519613	0.571380	1.682903	1.512475	1.970500
3.861720	1.111346	-0.718187	1.037139	2.811212	2.172232	-0.054387	1.175397	1.202632	3.975808
0.463725	1.462614	1.908082	1.717718	2.440302	1.414148	-0.128586	2.162043	0.122909	1.804123
-1.008726	-0.456499	-0.146383	-1.022682	1.094969	0.513158	-2.051727	-0.544252	-2.194296	1.628240
-2.106524	-4.637204	-2.384594	-6.256165	-4.031002	-3.752346	-1.158520	-7.315383	-5.138683	-4.040843
-0.540455	-3.395315	0.101638	-3.948037	-5.855130	-1.879271	1.656227	-3.780643	-4.124654	-3.921034
0.022591	0.947554	1.443400	1.847497	-1.119032	1.299473	1.768903	1.936670	0.827290	1.913061
-0.652173	0.455287	-1.727019	-3.388269	-0.387027	0.930175	-3.760700	2.602762	-0.216250	-0.119166
-1.613837	-2.944930	-2.244632	-3.525541	-3.154834	-0.909578	-2.354193	-1.169666	-4.641876	-0.953625
3.740211	-0.522012	2.141348	1.422774	-2.268274	0.477901	2.585014	2.267890	-0.364487	3.062873
5.776882	4.170025	1.443411	0.742269	-0.240867	1.004595	-0.802887	2.226332	2.052217	1.378018
-0.175513	0.111363	-0.590657	-0.902463	-1.582935	-1.471210	-0.041006	-0.332240	-0.984663	-1.405504
-2.553864	2.071387	1.928733	3.724670	0.116901	2.454266	4.380148	-0.532024	-1.574427	2.938495
-2.753361	0.251080	-2.434432	1.316661	0.239019	-0.496595	0.408064	-1.574320	-0.487671	-3.699302
-0.805995	2.203824	1.456937	4.183801	5.032097	2.544986	3.283935	2.806673	4.823905	2.637592
-0.233155	1.523202	0.139228	-2.184917	0.491013	1.586689	-3.919549	-0.839247	-1.550995	1.187559
2.088567	-0.956503	-0.795372	1.815599	-1.238656	1.019191	0.015003	0.579019	-0.073269	-0.369717
1.120579	0.116790	1.309926	1.883239	0.095968	0.168870	2.569582	-1.564628	-0.719412	0.183146
-2.426311	1.863165	1.528910	2.142697	1.891762	2.628901	-0.670018	-0.318492	0.066780	-0.721072
-2.013095	-1.113797	-2.690131	-4.206838	-0.025495	-0.774140	-2.199508	-5.385274	-4.551688	0.372812
-0.371067	-3.377414	-2.807309	-4.936973	-4.879727	-3.358678	-5.983695	-2.961976	-6.199011	-0.036123
0.333080	-2.013304	0.995765	-3.292516	-3.785454	-8.183940	-3.135286	-4.266901	-4.995782	-6.815698
-0.782650	4.027516	4.765779	3.816324	1.086401	1.137548	2.482810	1.334150	2.360805	3.887469
0.964549	2.158029	1.831923	0.048138	0.466618	2.366860	0.591988	0.366272	-2.878744	1.525855
-1.699918	-6.311285	-6.162516	-1.847382	0.234775	-0.290432	-2.586361	-4.526337	-1.839719	-4.641061
0.264051	1.113760	2.752653	4.639058	4.932654	3.399646	2.675857	1.222320	2.532387	3.419699
4.742159	3.927144	4.379718	-0.047653	2.419733	1.568365	2.488935	3.323240	1.553883	1.171415
4.973510	3.109951	1.704869	1.526880	0.411494	0.406197	-2.990032	4.228718	1.180278	-0.378236
2.574204	-1.221035	-2.192904	-1.389252	-1.405480	2.227817	-3.812451	3.705252	1.713881	1.669024
-3.861458	-6.598331	-4.460013	-4.392655	-3.626009	0.016195	-3.087128	-0.585062	0.324003	2.175574
-1.507576	-4.397752	-1.874666	-4.078737	-5.113307	-4.969995	-1.932968	-2.139528	-2.790847	-2.764009
-2.511550	-2.603715	-3.140674	-3.338405	-2.989892	-7.335981	-2.533277	-4.069350	-3.117757	-12.449446
2.811018	-0.718833	-0.993946	-0.361464	-2.782978	-2.266289	-0.391059	-1.045531	0.072383	0.105642
4.922127	1.147978	2.513008	-1.017721	-1.693579	0.669555	1.947980	3.324524	-0.515916	2.415133
3.428373	-0.113197	-2.929322	-0.995281	-2.985208	-1.595075	-2.243464	-0.942889	-2.342843	-4.336994
3.876853	-2.119369	-3.380243	-1.381350	-1.543477	0.304795	-3.685196	-0.708473	-1.898987	-1.667459
-0.306237	-0.564454	2.169735	0.463668	-0.364198	-0.684559	0.418979	-1.593033	-0.185735	4.354318
-1.446702	3.493238	4.257404	3.420667	5.141122	0.779739	3.905359	0.125527	1.537722	3.105316
-2.301546	4.775294	5.052556	4.481345	6.579171	2.465666	4.905538	1.129603	1.851397	1.864018
-1.114877	1.654602	1.222583	5.257796	2.643944	3.568100	3.286812	0.464190	2.766300	5.093502
-2.614501	-2.078647	-2.980922	-2.182381	-1.203267	-0.688582	-1.103522	-2.498416	-0.234357	-1.986547
-0.781825	-4.208964	-2.558366	-0.468790	-2.622966	0.339701	1.425532	1.826880	4.625936	-2.701648
0.703943	3.250642	5.604843	4.833067	5.784242	3.975529	7.151271	2.188674	4.834089	4.562982
-1.648905	4.222063	4.644001	5.853987	6.398354	2.205682	5.077191	2.922261	2.273212	2.900826
-1.108579	2.151191	2.411900	2.547570	2.820670	0.584945	0.625689	-0.637765	2.212916	0.443870
-1.016488	-3.102080	-5.765963	-3.677286	-1.742712	0.027100	-4.544138	-5.268007	-1.518391	-3.228601
-1.371142	-10.979758	-7.173995	-4.057380	-3.633890	-5.610369	-4.443595	-1.704772	1.412701	-5.242402
-2.293551	-1.661647	-1.626301	-2.708514	-1.693362	-4.842575	-0.757483	-1.314664	1.790499	-3.277646
1.393773	-1.771452	0.599418	-1.630586	-1.855126	-1.756531	1.531995	2.446211	1.603811	-0.698746
1.332120	3.123823	-0.789445	-2.302397	-2.939175	-1.272250	-1.284766	6.481247	0.264245	-0.786112
-0.822922	1.273577	0.457609	-1.874844	-2.604006	-2.021843	-3.693667	2.534938	0.276206	-3.721357
4.309234	2.317006	1.740178	0.027174	-1.383211	2.888482	0.181288	2.471279	-0.695800	1.133310
5.230176	1.721810	0.583158	1.187360	-1.250682	-0.204584	1.251097	3.248662	1.560933	0.230880
1.363993	1.401788	0.446949	3.809615	0.667691	2.561252	1.372456	0.714483	2.549108	1.969344
1.381669	3.277542	1.487851	4.240943	1.722716	3.039884	1.648965	2.218133	3.951630	4.972195
-0.425906	1.802873	2.317362	3.484447	6.959406	2.024906	3.913618	-0.153393	2.429401	4.891525
-2.170248	3.597383	2.796882	1.742732	3.472372	2.147516	0.707915	2.465096	3.251323	-0.923070
-2.024669	1.187975	0.971114	-3.291800	-1.420972	-1.304989	0.431353	1.326995	-2.048303	-1.512796
-1.124383	-4.421145	-4.063142	-3.271442	-3.782412	-6.527611	-1.961571	-6.764205	-5.153776	-4.084956
-2.334705	-4.775174	-4.558484	-3.149292	-2.906434	-6.263650	-1.073559	-2.844511	-3.566897	-4.993755
3.694353	-4.113705	-1.698909	1.439158	-3.018421	0.343596	-0.469114	1.773969	1.571732	-0.754394
1.773175	1.869569	0.603186	-2.067589	-1.929358	-1.101772	-1.230336	1.951026	1.505911	-0.527376
-2.722352	-4.152245	-4.924095	-4.483225	-4.114926	-2.341451	-3.533328	-2.812347	-1.854065	-2.648300
-0.265842	-7.769438	-5.251847	-4.187145	-4.352810	-3.496437	-2.679892	-5.856559	-5.170398	0.086933
-1.151710	2.288200	-0.850867	-3.421543	-4.548489	-6.381726	-3.759029	-5.708018	-4.317393	-4.322675
-0.710168	-1.906623	-3.087948	-2.698213	-2.183446	-2.676511	-4.483842	-1.816533	-2.346856	0.116476
-0.758432	-4.679094	-3.321384	-3.231447	-1.799760	-1.824086	2.576270	-2.257113	-1.429092	-0.760710
-1.751915	-0.763403	0.351830	-0.859838	-3.630714	-2.568643	0.998504	3.601634	-0.796109	-3.390631
-1.340931	-1.993837	-1.276898	-4.163780	-3.409985	-2.216975	-3.725139	2.830597	2.337687	-2.050882
-0.312693	0.675517	-0.596659	4.299135	-2.257556	2.246328	0.695139	1.706369	3.650687	0.679841
3.136985	4.097272	4.515852	3.087113	2.501295	2.960775	3.073838	5.153041	2.520582	4.403144
0.665591	3.920343	3.024745	3.227864	2.621988	3.409777	0.307758	1.058202	0.323864	3.782033
-2.655490	-2.507956	-1.442171	-0.194007	-1.004158	-1.886656	-1.295901	-6.724856	-3.871978	-2.038685
-0.891268	-4.175308	-0.098187	-0.999792	-1.316921	-3.224313	-2.266237	-0.736142	-1.065655	-5.737902
-0.276158	2.936100	1.967907	1.975118	5.691719	3.286319	1.491049	1.835435	2.172122	3.959489
1.635330	4.792987	5.062220	3.654830	3.824080	4.176752	-0.518341	5.713966	3.090142	4.375799
5.179784	2.636168	2.328363	1.625451	2.636182	4.108799	0.515296	3.795843	1.550393	1.627136
-0.274509	-0.604639	-0.556053	3.194989	3.567045	0.257471	3.648060	-3.409044	2.476863	-0.515590
0.019142	0.564182	1.309981	3.677251	3.413187	3.003584	2.782355	1.396297	0.079638	3.665632
-1.709475	-2.525651	-5.482422	-3.735254	-1.911274	-1.854050	-5.584617	-3.207842	-3.600395	-6.789186
0.712731	-6.452219	-2.058351	-3.144820	-1.802920	-2.424516	-4.835551	-4.715669	-3.602449	-2.858433
-0.396850	-3.452905	-0.970695	-1.216739	-0.696534	0.788499	-1.006345	-0.746891	2.363162	-0.311096
-2.359829	1.559008	0.572057	2.801497	2.093499	0.204009	0.461807	-0.553217	2.632024	1.236337
0.040088	2.957040	3.018818	4.463393	0.736696	1.163128	0.764409	0.881446	0.969123	-0.502619
-1.992109	1.528007	1.259100	-3.015141	-1.374529	-2.729528	2.068867	-4.204108	-5.638555	-4.384751
-2.305727	-2.705672	-1.632287	-1.878501	-2.539662	-7.029546	-1.472712	-6.897586	-1.827225	-1.489045
0.167926	1.593921	-0.148330	4.680721	4.535410	3.640688	4.090377	4.583006	5.014199	4.022114
3.300844	4.434202	4.027883	5.681132	7.683798	5.010689	2.511043	4.991762	5.936202	6.760641
0.048120	3.900090	1.567763	1.305938	3.684315	1.529771	1.966792	4.997477	2.320071	0.287652
-1.125350	-1.748199	-3.523178	1.123645	2.738170	-0.356652	-3.127066	-0.215554	-0.895311	-2.495937
-2.077972	-3.244248	-0.263428	-2.532641	-1.036027	-0.599966	4.507779	-0.656235	2.505944	0.160891
1.554250	0.124959	-1.708476	-0.681713	-1.015869	1.000443	-1.147766	0.416329	-1.022180	-0.272150
1.684612	-2.624862	-4.181410	-2.655568	-2.749549	-1.663011	-5.945187	-0.490465	-1.371496	-3.864640
-1.627288	-1.972497	-2.119221	0.136902	1.419740	0.724985	-1.743976	2.469980	1.470881	-0.432565
0.273046	3.631070	3.258104	3.492802	6.351502	2.105845	4.571281	2.717561	1.750938	3.962495
-0.432287	3.151952	4.193874	2.415535	3.727741	3.739382	1.149896	-2.487125	0.561562	3.180657
1.044612	-0.758338	2.087900	-4.375193	-2.354539	1.214209	2.014482	-2.261578	-6.004862	-0.492363
0.573343	-0.060188	1.841792	-5.130978	-2.807438	-1.484062	-0.722448	-2.276200	-4.433046	-3.112745
-1.204295	-1.134885	-2.034641	-2.906115	-3.489555	-5.612717	-4.644078	-2.525492	-2.223203	-3.376172
-1.350401	-1.243919	1.446710	-0.833500	-2.392390	-3.364445	-1.180594	-1.422954	-0.431646	-2.961126
-1.759073	3.462720	2.639954	2.964469	2.228156	3.180467	0.882220	2.513714	1.333713	2.756212
-0.299709	0.184841	-2.023400	-2.503102	0.262181	-1.089470	-0.870720	-2.625288	-4.660237	1.252659
-0.709007	-5.702347	-3.258646	-0.856612	-2.226020	-3.332043	-0.454796	-3.158258	-0.421808	-2.763166
-0.334662	2.720361	0.189126	0.574842	2.159349	0.351059	-1.560391	1.966904	2.377289	1.621354
-0.601771	-0.275328	-3.134679	2.310264	0.425884	2.092747	-2.065688	2.113600	3.465043	-0.111162
-1.440029	2.872192	4.457145	4.826355	5.343278	3.426931	6.602433	2.235032	3.044744	2.381104
-1.104931	5.021424	4.978006	2.904018	3.674224	2.965624	4.824690	2.111003	2.314282	2.446368
-2.389671	2.852871	0.884608	-5.289047	-0.634685	-2.486466	-4.347896	-1.707985	-4.787853	-7.723251
-0.097442	-0.848665	1.845356	2.802763	-1.401859	-0.976927	1.103593	-2.779629	0.283631	2.156564
-1.495737	2.045616	2.342754	4.954048	2.909093	0.813351	2.535378	1.657875	-0.594175	2.311630
-1.097849	-2.499684	-3.266295	-3.117092	-2.887637	-2.656122	-4.428720	-4.855872	-3.838980	-2.142136
0.557730	-3.849369	-4.103286	-0.100555	-0.177763	-1.696438	-0.509480	-3.785865	-2.060792	-0.783019
1.295410	2.188459	2.424782	3.233657	5.427907	2.890315	-0.252481	-0.982100	1.207983	0.938198
-3.024900	1.929997	-1.843388	-1.576755	-0.231341	-3.824156	-2.251902	-0.982674	-1.099163	-3.929470
0.492709	-0.990360	-1.683096	-2.509493	-6.146119	-3.472740	-4.529221	-0.410983	0.497764	-5.983908
0.481148	-0.680217	-3.630641	1.287442	-1.936140	-1.752930	-3.842417	2.841077	2.136958	-0.665102
4.809527	-1.824481	-1.072923	-2.349453	-0.431217	0.604884	-1.364869	2.194210	0.861513	1.459263
-1.115342	0.245739	-2.439742	-4.960778	-4.351063	0.633710	-2.492254	-5.054481	-2.242076	0.881901
-0.719149	-1.478865	-2.111800	-3.205338	-1.842793	1.166256	-2.058151	-3.674491	-5.311615	1.576422
1.430819	-1.832603	-1.584898	-2.552435	-2.755722	1.719131	-3.291740	-1.002217	-2.360806	4.240341
0.162274	-2.512585	-1.049139	-2.121873	-3.031364	0.096342	1.570702	-3.203155	-2.180156	-0.471932
-1.129072	2.153778	1.870174	-5.065056	-3.667633	-3.035604	2.947894	-6.596501	-4.263466	1.529014
0.640794	0.560371	-1.529963	-1.653190	-1.394846	-1.949398	-4.040542	-2.248153	-2.885040	-0.021711
-1.324215	0.884784	-0.569354	2.247621	1.577682	-0.413834	0.126013	-0.124507	1.097219	-1.859797
-0.178886	5.467601	5.746197	5.707871	3.870636	4.649896	7.132578	5.908340	4.111009	3.006864
-1.248105	3.040607	3.435684	3.196952	1.409500	2.654297	3.894073	7.007092	1.348027	2.433279
-0.084359	0.811388	-1.535799	-1.958342	-1.947742	-1.794223	-0.293884	3.544050	0.343672	-4.169944
2.757265	-0.879173	0.309442	1.757081	-1.504705	-1.312457	1.643025	-1.274383	-0.576058	0.730400
-0.019218	2.200009	2.227499	4.288014	3.816794	1.475399	-0.183684	1.116295	4.524238	2.536717
-0.932195	3.074715	2.854965	4.309545	3.020439	2.488052	1.355706	3.179586	4.321857	4.660412
-1.115352	2.779429	1.343132	3.710068	3.506515	3.101207	3.614209	2.959391	1.181000	2.190187
-0.599775	-2.078368	-0.454809	-3.048130	-0.015695	-1.128030	-2.023859	-2.031788	-2.264733	1.755545
0.625850	1.637006	1.557834	3.847641	2.070893	0.005746	1.758115	4.293551	2.339658	0.748688
-0.945164	2.264834	2.934251	5.366969	1.002464	2.181438	3.405143	3.878607	2.825774	2.597817
-1.475304	2.914695	2.631033	1.904643	3.211701	1.629653	3.970837	3.505582	1.293416	3.006232
-4.163355	-2.969429	-0.209531	-4.168251	-2.381212	-4.104607	-3.706394	2.225876	-2.871015	-5.758868
-1.107805	-7.519256	-1.678452	-5.063927	-2.798191	-7.629637	1.877959	-5.896611	-5.608917	-5.157386
0.362260	-2.677507	1.243561	-1.235998	0.111749	-3.223035	3.212506	-1.336080	-0.117488	-0.438423
4.787153	2.516301	0.910795	2.047220	0.405392	3.820404	0.532951	2.450670	2.876874	2.170417
5.058285	3.697048	2.950840	4.035911	3.305022	3.695082	2.746301	5.181638	2.283871	3.354330
0.154271	1.371615	-2.394317	-0.553240	0.000022	1.715201	-1.028241	-1.314477	-3.069794	-0.744191
-0.480079	-2.314317	-0.970187	5.019249	0.736078	3.959363	0.831429	0.855525	3.279183	-0.528651
0.845147	2.845634	3.036218	4.829960	2.299074	1.209071	0.311511	1.694742	4.189003	1.967744
2.154162	-0.006650	-0.614114	-0.297625	1.578695	0.801926	-3.812994	2.142873	2.163971	2.496286
3.369475	0.772513	0.436104	-2.246025	-2.610077	2.681628	0.187412	3.089418	2.175891	4.193866
-0.037602	-1.745296	-0.110240	-2.175160	-0.684155	1.728079	3.488227	-5.636726	-5.139634	3.152175
-2.513058	-4.509792	-1.877060	-3.959749	-5.563555	-4.977522	4.224145	-7.713859	-4.500400	-3.099096
-1.529785	-6.073794	-1.719366	-1.923915	-2.525393	-2.764275	-0.807837	-4.401283	-3.834603	2.316941
-2.557271	-4.145516	-1.126872	-3.674078	-2.835485	0.670521	-0.800229	-4.602998	-3.707137	0.687476
-1.947609	-5.205076	-2.803691	-2.638260	-0.679446	0.027163	0.515963	-2.642207	-4.072697	-1.720602
-0.760790	-1.391387	-1.456034	-2.419384	-1.656790	0.959352	2.195529	1.043290	-1.021680	0.508192
-1.191605	-2.939566	-3.561315	-1.897974	-0.385335	-1.815616	-3.440844	-1.681708	-4.052481	-3.722752
-0.589547	-0.965826	0.542455	4.484347	0.399106	-0.450041	-0.417867	4.053998	2.845908	-0.448449
-1.661708	1.298320	-0.983738	0.655855	-1.186285	0.414974	-0.264355	0.401307	-2.118010	-0.311114
4.847618	-0.827341	-2.688804	-1.193976	-0.138021	0.741725	-1.276123	0.482418	-1.116629	-2.519159
4.372638	-1.099422	1.022344	0.075331	-0.752919	1.555010	2.047012	2.904132	2.498157	-0.266401
0.025158	3.523566	2.553295	3.923649	3.861006	2.562725	4.195033	0.961647	1.836455	1.012845
-2.147019	3.939612	3.186437	1.421452	3.937638	0.486366	3.005120	-1.658035	1.025169	4.498764
-0.660885	2.246307	0.757359	-1.629986	-0.620038	-0.597871	2.482853	1.365586	1.160706	-1.266361
0.416762	1.016040	1.048651	-1.970292	-2.626438	-0.636191	3.007709	0.516710	-0.833027	-1.143645
4.744526	0.448704	1.866400	-1.031392	-1.375578	-0.596598	-0.109634	-3.231461	0.072375	-1.077207
-2.568088	-2.973809	-2.936902	-2.428815	-2.374273	-0.810999	-3.802200	-4.876926	-3.906281	-0.835962
-2.547180	0.098392	-1.772265	2.380313	2.049261	1.094001	0.937386	-1.129783	-0.485188	-1.407728
-1.201245	2.511203	0.004100	2.322464	2.381309	2.034296	1.508697	1.869570	2.407159	0.886377
5.244017	3.580917	-0.557115	1.156009	0.793954	2.221279	2.035106	4.278136	1.865369	2.305136
1.923507	-1.526971	-1.595520	-1.746478	-2.332919	2.002545	-1.035515	-4.987283	-2.608454	-0.507069
-1.132473	-4.970364	-4.259122	-0.821927	-1.904725	-1.283115	-2.942395	-3.870383	1.281199	-5.027556
4.718576	3.280634	5.351670	4.494334	3.536718	2.515393	1.560836	5.308040	5.164733	2.481557
1.545255	2.120620	3.338149	1.798678	2.884196	1.626461	0.917846	-0.773410	-2.170845	0.590751
-2.948637	-2.416908	-8.699393	-5.931024	-2.002007	-4.749019	-3.349695	-11.049829	-8.221128	-7.265991
-3.168302	-10.591450	-7.961962	-3.165001	-2.638306	-9.950655	-3.727721	-6.116511	-5.743309	-4.920288
-1.633441	-7.763207	-4.239264	-1.707479	-5.191719	-6.659856	-0.298764	-2.330352	-1.245782	-1.405358
3.308444	1.581421	4.093895	1.678612	-0.168559	3.203972	1.911043	5.090256	5.173459	3.918480
3.457850	5.337234	4.721809	-0.415555	5.425558	3.467117	1.271865	3.666217	4.743522	3.975608
-1.340526	-1.434764	-2.390227	-2.677507	0.103515	0.982472	-0.007733	-2.879462	0.374512	-0.494592
-2.560886	-1.934073	-0.926516	-3.027071	-2.351302	2.873428	3.220714	-3.056673	1.876636	2.169562
-2.975336	0.040510	2.593338	3.116524	-1.671507	0.575075	3.436471	0.440090	0.207700	-0.123149
-1.054578	1.937590	2.755730	1.861854	0.757283	0.171603	-1.082097	2.217735	2.673810	0.279357
-1.285618	3.228771	1.314058	-2.705010	-1.120746	-1.206696	-3.204227	1.426070	-0.818429	-1.311337
0.234140	1.635056	-0.035479	0.077409	4.262891	2.499968	-0.427256	2.167004	0.097391	2.518349
3.101891	2.949152	1.444814	1.000084	0.109781	0.696384	-0.742218	1.890844	-0.283227	2.226900
2.442328	-0.588236	-1.569762	-1.693709	-1.117691	0.940244	-2.348051	1.249099	1.914124	-2.197104
0.421046	-3.598501	-5.173209	-0.867095	-3.173539	-3.521063	-2.314891	-0.881422	-0.891751	-5.583880
5.008840	0.324064	0.494672	0.939804	1.270924	-0.102746	-0.045074	3.454289	0.542253	0.487955
2.627801	0.747866	0.331682	-2.277237	-1.642315	1.262284	-2.242036	3.587743	0.928040	0.934484
1.766625	-0.474387	-1.295279	-2.885639	-2.792469	1.173019	-4.168513	2.625448	0.310015	-2.453610
-0.844497	-0.450886	1.077189	0.419077	0.266350	1.003248	1.159759	0.434413	-2.327017	1.455055
-2.590872	-1.585822	-0.355312	1.416289	0.689931	1.120661	-0.805855	-2.568553	-1.601052	3.072964
-0.970206	0.021514	2.443819	-3.347921	-1.419839	-1.394950	0.068410	-1.061040	-1.266787	0.156898
-2.499007	-1.022468	1.177085	-4.021674	-4.660870	0.255104	3.898021	-0.209539	0.870082	0.919944
-1.249484	1.654242	2.146888	-3.017786	-1.934173	2.589015	3.392042	3.551159	2.897659	1.181283
0.211857	2.337855	0.492531	-3.149175	-2.916756	0.442973	-4.152859	4.164762	1.641646	1.749101
0.534006	0.295382	-2.233083	-1.079257	-1.726630	-0.257330	-3.331816	1.106280	3.005746	3.904681
-2.903743	1.469134	2.048350	0.099252	2.895798	0.344596	0.851541	2.928621	0.842862	2.076409
-0.404300	-1.073876	-0.232766	-1.334160	-2.148281	-2.021857	-3.000521	-3.135507	-4.998904	-2.850132
-1.021973	-3.317636	0.445673	-1.157306	0.482828	1.695503	-1.908831	2.500704	2.362051	-0.192555
-0.605970	1.119266	-2.945928	-3.366199	-2.604284	-0.940932	-1.700419	2.680361	4.315127	-2.625375
-0.801899	-0.626058	0.131637	1.048852	-0.061220	1.833831	-0.624515	-1.095327	1.998027	-1.200007
-3.204669	0.279607	2.519772	1.231237	1.538614	-0.952715	3.053856	-4.355856	-3.618849	1.336835
-2.045088	1.447774	0.805383	-3.131752	-3.516885	-6.184278	-2.530635	-2.088917	-4.581799	-6.595163
-1.404164	0.321057	0.215977	0.504179	-0.991121	-4.625765	-3.119912	-0.182805	0.044378	-4.794413
1.467993	-2.790530	-2.163641	-0.179175	-0.085594	-2.781280	-1.282900	-0.229915	-1.458319	0.917370
4.338177	-0.744272	-1.037963	1.319881	-0.094108	1.129771	-0.069523	3.511057	0.982312	0.472174
3.804578	-1.077954	-0.393883	-2.840055	-2.249860	-0.034018	1.085098	-0.035082	-1.983329	-0.132113
-0.327212	-5.356461	-5.431393	-2.336585	-2.189351	-1.683451	-5.301258	-5.228431	-5.264542	-2.626204
1.693400	0.876322	0.096915	-2.998407	-2.096878	0.440568	-1.526810	2.602814	0.910671	-0.933811
-1.626894	0.918611	-1.326053	-1.616121	-4.189839	-2.878464	-3.737678	1.216455	-1.013987	-4.033144
-2.703103	1.091723	-0.652588	1.041578	3.668872	0.538049	0.934823	-3.085905	-0.039719	-0.767016
-1.391133	-0.387225	1.346519	2.672493	5.280658	1.595006	3.707977	-3.599666	-1.406425	1.400565
-1.243892	0.980583	1.232376	2.982130	4.283727	0.203404	0.078269	-0.162826	-0.243704	0.782987
-0.863088	-0.087936	-0.425308	-0.128502	1.461986	2.765744	0.876087	1.550813	2.427842	2.159241
6.672972	-1.118264	-1.427624	-0.675495	0.154344	2.232724	-0.421680	1.425750	1.157812	-1.117683
4.555882	0.047418	2.223237	-1.294537	-3.278089	-0.896155	-0.485241	-0.013614	-2.506693	-1.682392
-0.647565	2.093226	0.462085	0.690583	0.031298	0.216909	-0.382105	-3.203884	-0.136274	0.205904
-3.353975	2.829281	2.066831	0.445079	2.330618	1.026317	1.456021	-2.461262	-1.645133	0.558299
-1.076055	-2.790798	-5.382616	-2.064633	-3.441417	-4.225528	-2.057668	-4.495951	-2.592068	-9.293315
-2.876111	-3.222893	-3.006445	2.488363	-1.448791	-3.985621	-1.656674	-3.744555	-0.556380	-3.140844
-1.481649	0.043716	-0.359546	-0.849114	-1.205587	0.458140	-1.463600	0.776919	0.176030	-0.657494
4.036827	1.844451	1.992893	3.100756	-1.752090	0.537362	2.110953	1.966968	2.574063	1.963029
5.117610	4.093832	3.413183	3.857495	3.477721	1.949950	0.519587	2.425485	2.208520	3.923022
-0.929504	1.135680	-1.117065	0.942824	5.498065	4.176113	2.042305	-1.735437	1.098401	3.346679
-3.018419	0.127117	2.405263	-0.797530	1.310763	0.586956	0.637511	-0.649706	1.051607	2.801500
-0.784242	-0.637136	1.850276	-0.251843	-0.340662	2.305591	2.861411	4.723972	1.613939	0.820980
-2.259475	3.653846	3.032790	3.007114	2.371514	1.725026	1.796214	3.426687	1.365000	3.977718
-1.665323	3.151784	0.437115	4.125670	2.425116	0.446972	3.321127	0.008331	1.567191	4.534413
1.726811	2.924902	3.945667	1.949155	2.703569	2.419842	4.093662	3.185895	3.046016	3.489366
-0.090377	3.068726	2.424557	4.937200	3.041902	4.058447	5.514332	5.143869	5.296677	3.039078
-2.265790	0.040078	0.471301	1.497540	4.250344	1.762703	0.408750	-3.813157	-1.150022	0.610949
2.558069	-4.675815	-3.084987	-2.980890	-1.636475	-0.763977	-2.674569	-0.623593	-2.253978	-2.517317
2.597798	-4.375128	-2.612993	-5.481455	-5.903024	-4.044177	-4.101706	-1.960151	-4.221484	-4.105916
-1.194607	-3.894634	-3.849301	-1.557218	-3.738971	-6.657279	-2.469043	-1.796740	-3.059435	-2.853645
