X1	X2	X3	X4	X5	X6	X7	X8	X9	X10
0.976269	-2.970809	-1.651253	-3.636083	-4.744525	-3.522501	-1.672934	-1.558710	-3.152472	-2.422529
0.390979	2.545725	5.046160	2.551856	-0.579245	3.580006	1.681545	3.594087	2.990163	1.527348
-0.363754	2.451349	0.238635	2.693294	0.306911	3.821393	-0.792727	4.026522	3.103362	2.752483
-0.566308	-6.979851	-4.724227	-3.434150	-2.243967	-4.004726	-4.222848	-0.019801	1.092725	-1.309816
-0.053564	-1.025595	-2.774229	0.500437	1.185012	0.880266	2.701683	-4.647382	-2.259350	-0.171244
0.354799	3.962602	3.395827	7.017472	5.146539	4.347285	4.753867	0.505481	1.212738	3.188408
-2.052800	-0.181780	2.745839	6.300970	5.520204	2.659645	4.473705	-0.014212	2.978987	2.115446
-2.469142	1.743643	2.853002	3.928444	4.521499	1.933962	2.705098	0.452138	1.459696	2.826978
-0.446612	-0.598948	-3.953087	-0.678789	-0.366286	-2.498049	-3.646354	-1.993470	-2.093336	-2.265889
1.951608	-2.389672	-2.479033	-3.505517	-3.282059	-3.718673	-3.362450	-3.596135	-3.189709	-4.018548
-0.219369	1.141453	-2.392541	-3.880026	-2.113531	-4.819795	-2.562191	-5.416261	-3.670225	-4.085891
-0.114928	1.789208	1.547384	-3.858802	-0.028611	-4.576001	1.196624	-3.199050	-3.475085	-2.986110
-0.497056	1.593274	0.486435	-2.777832	-1.942207	-1.434278	3.811194	-1.703305	-3.405090	0.100402
-1.096941	-0.110968	2.629207	0.993795	3.479071	2.321089	-0.248181	4.384272	1.079458	2.783354
-1.309674	1.610562	0.483691	0.060691	0.322014	1.851013	-6.182003	2.545076	3.444858	4.082352
-0.949445	-0.409955	-2.554219	-3.169730	-4.269887	1.342407	-3.034871	3.648302	3.344110	3.262405
-0.298546	1.947261	-0.834632	-0.420558	-2.467041	5.115583	3.811912	3.795746	3.033811	3.433421
-0.781469	-1.894108	-0.562154	-1.308383	-0.868156	2.568653	-2.430755	2.763802	3.652161	0.662407
1.356490	-1.197782	-2.773595	-3.222593	-2.781942	-0.946670	-2.126772	0.624165	-1.079541	-3.057729
3.640437	3.337218	4.442136	3.133222	4.856094	3.639923	1.837859	1.543929	1.318004	2.121921
1.400274	-2.888025	-2.405069	0.683171	1.723042	-0.364154	-1.644165	-2.496814	-1.555705	0.002566
-3.970297	-2.485331	-1.976320	-1.463835	-2.721004	-3.090193	1.200756	0.761131	-1.792168	-3.709887
-0.466174	-1.999219	-0.764626	-2.800788	-3.407454	-2.744984	3.761320	0.947655	-1.141586	-2.764031
-0.295058	0.282092	1.497803	2.384621	-0.024814	0.267083	1.444224	-0.121549	1.276541	0.802843
1.762450	2.519783	2.915157	1.267702	1.067808	-0.688482	3.474068	-3.867888	-0.505088	-1.570058
-2.030354	2.955637	1.338327	2.426961	-0.177596	-0.423472	-0.580952	-0.144372	-0.947770	-0.291125
-2.607873	-2.211364	-2.701297	-0.505492	-0.118032	-0.845278	-5.007036	-3.273009	0.618293	-1.839351
-2.381312	-2.172638	-2.386726	-5.477851	-0.835306	-8.255393	-1.862087	-4.679506	-3.089197	-6.806629
0.638723	2.952598	1.525131	-2.504007	-0.572226	-1.319510	-1.458506	2.321226	-1.352639	0.993949
3.113223	3.816228	3.741964	3.014846	5.098305	3.319877	2.064304	4.943579	4.046368	4.709692
3.424782	3.049334	1.878063	3.426315	3.098879	1.741176	-0.224858	3.801143	3.058027	2.256706
-1.215811	-0.086097	1.341219	1.537307	-0.969409	-1.167209	0.138906	3.036910	0.765639	-0.566101
-4.166166	0.860318	0.797021	2.454129	3.747738	0.195728	3.203895	1.294269	1.756308	1.267578
0.303406	-2.795134	2.357161	-0.988214	3.959215	1.554991	1.189507	-4.132887	-2.492664	1.822652
-2.086608	-2.965267	-1.567871	-4.377114	-2.264682	-3.363616	-4.198159	-5.928270	-5.359473	-2.935573
-2.474420	-5.326095	-3.268883	-3.771867	-4.914357	-6.820888	-3.215506	-4.360088	-5.574815	-6.681790
2.046555	-0.808029	-2.565485	1.673333	-2.475912	0.370978	1.671467	-0.581451	-3.924385	-2.696591
1.856402	-1.151982	0.235916	-0.757908	-0.588349	-2.518616	0.999958	0.266233	-1.382480	-0.805369
-2.365694	-2.280763	0.244512	1.583816	2.304328	0.546533	-0.726534	-2.060147	1.645508	-1.249617
1.293052	0.165818	-0.938805	-1.133291	-1.218882	1.804728	3.542291	-0.607399	-2.025417	1.443873
0.324821	-1.509950	-0.496643	-1.136123	-2.791078	1.452970	4.464831	-3.543632	-0.420649	0.019206
2.894197	1.556027	2.428093	1.818925	0.186036	3.324759	-2.534213	1.640146	1.772321	1.041990
3.641461	0.837041	-0.947505	2.135357	1.241363	0.362298	-1.362542	1.058525	2.560098	1.398632
5.387995	1.259785	1.749658	3.555578	-1.277999	2.514587	0.836544	1.266897	0.669591	1.496138
2.871781	0.906154	3.533576	2.228994	4.984852	4.198025	3.346346	3.589355	0.992709	3.184915
3.105099	4.168544	0.089144	2.065807	0.647617	4.080514	2.035163	2.910990	4.753859	3.367470
3.284830	5.145551	3.093358	5.551323	4.737098	3.339652	2.130396	5.708495	4.753251	3.414608
4.649054	4.095673	1.372914	1.317547	2.511096	3.241638	-1.870754	2.155064	3.421795	3.079836
4.881651	3.444408	0.715708	-0.139119	0.325415	1.001172	1.699914	4.568588	-0.164500	-0.024140
2.087501	3.057056	3.274638	6.728231	-0.022743	3.849053	3.705101	6.104962	3.915178	2.201286
-3.038916	0.763517	-0.066499	-1.413801	-1.860274	-1.552221	-3.817193	0.560680	0.540939	0.137820
-0.418720	-4.456308	-3.629105	-4.036709	-0.784075	-1.370753	-4.020766	0.291836	-0.431806	-2.747832
0.056169	-5.994015	-5.969281	-2.822691	-3.401941	-0.235643	-1.433716	-1.434477	-1.666944	-0.187766
1.508831	-1.375703	-4.489027	-0.999743	-0.381068	-0.134995	0.851459	-2.567561	-1.690765	0.582325
-0.019354	1.953934	0.211954	-1.648261	-1.791650	1.148289	-1.184640	2.698477	2.667745	0.485845
-1.533004	-1.049298	-1.640035	-4.277142	-2.406284	-1.692593	-5.367612	2.033533	-0.234403	-3.230901
2.956659	-0.323895	2.588506	-2.009783	-1.713162	-1.093546	2.923947	-0.379696	-0.626396	-4.450108
-2.652281	-0.366548	5.480477	-2.709182	-2.498080	-1.627371	-0.516962	-5.423913	-2.722820	-1.822171
0.058255	-3.293749	-0.543719	-0.654235	-1.171331	0.842528	-2.862537	-3.018123	-3.557963	0.353714
-0.536249	-2.766891	-1.184081	0.377161	-0.337310	1.601147	-1.566775	-3.118327	-1.293311	4.005150
-2.140113	-2.460662	-2.369705	-1.931193	-1.749609	-1.370218	-2.204374	-3.573728	-3.341552	1.543241
-2.485352	0.888548	1.522512	1.108107	2.561377	0.248130	0.854168	-2.492127	-3.033572	3.959991
-0.535984	2.579950	3.713272	4.670961	2.514256	4.744287	8.347254	2.762074	0.269343	2.265703
0.498576	-0.130743	1.820079	2.060873	0.115734	1.038348	2.715087	0.788073	1.258805	2.308279
-1.675588	-8.668320	-6.233162	-3.401657	-1.097882	-4.171691	-7.578431	-4.094430	-1.550573	-2.569778
-2.826592	-1.616265	-4.220246	-6.131727	-3.758084	-2.893334	-3.219598	-0.133735	-0.295577	-4.244965
0.466352	0.073334	-2.363870	-3.372636	-3.536767	-0.339787	0.581688	0.823258	-1.359295	-4.323382
-2.905570	-3.275906	0.364173	-3.170083	-4.912422	-4.408754	-0.689269	-3.226552	-1.645915	-2.710326
-1.718271	-9.201672	-5.329312	-4.099868	-2.457243	-4.870939	-3.213067	-4.908864	-6.814423	-5.439497
-1.704962	-1.331646	-3.043521	0.455110	1.330976	-5.875649	0.874296	-4.625676	-4.976208	-3.817094
-0.486556	-1.036512	-1.627046	4.001052	4.266944	0.404613	0.301621	-0.636388	-1.866858	-0.297317
-2.068561	-5.604954	-3.941282	-0.855345	-0.483034	-4.052860	-3.549088	-4.656998	-3.030863	-3.049065
-0.032087	-2.579853	-2.658923	-1.425778	-5.448052	-4.886073	-0.756030	-2.297505	-2.828012	-4.123641
2.038757	4.437906	3.440637	4.407049	2.533498	2.807068	3.701597	4.326494	3.629907	2.258056
3.175563	0.507644	0.868606	3.182237	3.315522	2.613459	1.399494	3.236800	3.746702	4.543824
-1.895375	-5.031923	-2.185512	-3.202417	-3.516375	1.261893	-3.277035	-4.073084	-0.295518	3.844861
-2.655164	2.684424	1.340292	0.758487	-0.511388	1.242564	2.252909	-2.334855	-0.613544	-0.204835
0.725292	3.820505	1.064422	4.830445	7.190391	5.046567	1.427928	3.257390	3.299633	3.359732
0.017988	1.795037	3.918186	5.988556	6.693164	2.192695	2.205023	-0.090248	3.192318	3.341761
1.870020	2.349439	-0.184809	2.362817	3.726738	-0.396158	0.025595	2.308736	1.832920	1.662946
2.294687	-0.484869	-0.621659	-1.555776	-2.251483	-0.015998	-0.901055	0.349045	1.143642	-0.206416
-1.165613	-2.307669	-3.881856	-1.715925	-3.514595	0.488769	-2.033926	-0.011318	3.067591	-3.371430
-1.544382	1.433859	2.310306	0.599066	0.875306	-0.773264	3.509481	-0.916649	2.641771	-0.660700
-0.594319	1.452532	0.655132	-2.816107	-2.458278	0.999297	3.653466	1.002555	0.700285	0.200467
-1.069824	0.832869	1.802628	2.328951	-0.757142	0.943445	0.714131	3.628898	1.607335	-0.044433
-1.489795	2.145289	2.401200	3.380336	1.536215	2.591775	3.659273	1.465883	4.270124	3.873392
-1.535729	3.111309	2.479253	0.795743	2.304096	3.004979	-1.532407	-0.269084	0.910052	3.561536
-2.267025	2.443948	3.184892	1.267966	4.431103	1.441751	-2.805010	-0.873501	1.223420	2.241993
0.571423	2.359423	3.797922	-0.610998	-1.077563	0.815984	3.171563	2.861037	0.392026	1.414154
2.683419	3.703151	4.219848	5.410143	3.211998	3.877073	5.772310	5.662033	4.405269	4.366813
1.180567	2.996849	2.283973	4.357284	2.359388	2.006610	-1.651969	2.760393	3.118747	0.537861
1.117174	0.405733	-1.900898	1.393218	-0.369094	-0.467912	-1.714077	-1.299681	2.530556	0.093890
3.130345	4.420619	1.638139	-1.350860	-0.481248	0.778803	2.619985	3.859417	1.696393	-0.617409
-1.616712	-0.056278	0.404785	-2.446957	-0.257775	-2.348054	2.050915	-1.712509	-0.241848	-1.299044
-1.429290	-0.515943	-1.612954	-1.752981	0.826124	-3.445187	-4.032289	-3.997855	-2.877373	-3.069924
0.277419	3.053338	1.744622	-1.778638	-0.160053	-0.761104	-0.714030	0.412883	-2.549187	-1.479559
3.485423	3.165078	1.806217	0.320665	0.877793	0.491091	-0.242211	3.545309	3.187002	0.112444
5.473730	1.562091	0.273332	0.009521	0.224758	1.055390	0.648966	4.805129	2.125785	0.618373
-3.138150	-0.127213	-0.487531	0.913322	-0.015660	1.788189	-0.754602	0.868147	0.977156	2.108720
-4.217008	-0.371721	-1.813871	1.207861	0.315435	-0.700619	-1.517117	-1.670134	-0.806496	1.390276
-1.643035	-6.987522	-6.183387	-2.125771	-0.303759	-4.817238	-3.585684	-4.127107	-3.608581	-0.999069
-0.866022	0.765893	-1.976678	-4.875479	-2.999747	-2.940074	-1.880504	-2.764770	-2.739308	-2.773224
-1.594757	-0.029767	0.946155	-1.623173	-1.091134	-0.450731	3.154417	1.280984	-0.482688	-0.605799
-0.455032	-2.977393	-0.904887	-1.869959	-0.367822	1.312585	0.819278	1.362757	1.621467	1.998198
-1.220136	-1.768678	-1.616506	0.882855	2.578682	0.963871	-4.731026	-4.258743	-1.316954	0.142257
0.983540	-0.830915	-0.157101	0.097961	-1.678726	-2.811378	0.831402	-1.774814	-0.428663	-2.229330
3.825307	1.064002	1.196825	1.426951	-1.273352	2.276634	3.604759	0.904550	3.372827	2.885229
1.122573	3.149177	3.484472	1.110418	-1.353401	2.605405	2.151341	2.842054	2.811605	3.085125
-4.816951	-0.297686	2.651337	-3.684645	-2.066278	0.241930	-2.634156	-0.008898	-2.279043	0.081450
-2.051456	-9.204883	-3.705081	-4.194846	-2.349490	-4.775992	-6.958236	-7.665900	-2.720829	-5.642303
0.768867	-5.789712	-5.743885	-2.679992	-1.623843	-4.382964	-3.095702	-0.629047	-2.227067	-5.093842
0.035827	-0.212371	-0.394578	-1.889091	-2.431542	2.211011	5.083743	1.424265	0.686832	-0.102472
3.868432	4.340539	3.081038	0.641252	-1.344493	1.334032	4.028195	2.742942	2.054654	2.208699
3.003591	1.084418	1.848060	-0.648071	0.289796	3.246698	1.577250	0.944689	1.727787	0.402066
-1.699489	-4.011335	-3.649616	-1.278667	-0.733379	-4.087792	-4.431795	-5.213588	-2.115683	-0.528176
-1.065401	0.268878	-0.982093	-2.456042	2.928974	-4.348039	1.766056	-3.805286	-3.752867	-2.804932
-0.199039	0.081753	0.608825	1.080198	0.126250	1.200157	-0.292099	-2.955498	-2.577177	-0.714107
-0.392995	0.189487	-0.602765	0.581947	3.498242	-2.884803	-2.136765	0.238182	-0.802425	-1.374905
-0.892064	1.237474	0.660431	-0.108401	0.933844	0.628181	0.613557	1.569357	1.272377	0.243073
3.863458	2.284408	4.414010	4.925948	2.547251	1.723710	3.960563	3.470234	2.846119	1.267322
3.106776	2.711784	3.377768	2.789589	1.024155	1.709887	-1.282950	2.273418	4.433989	3.330441
5.259894	2.887993	0.839000	1.613417	0.822953	2.661412	-1.963385	2.358014	-0.240522	0.863929
0.506814	1.626927	0.032601	-0.287472	-1.600563	0.273088	-0.730444	-0.331173	-2.141624	0.275184
-3.927860	-0.861423	-2.875033	-1.017784	-0.104797	-0.418282	-1.616529	-3.099237	-4.655625	-4.077293
1.871572	3.122334	0.172694	3.320877	0.778646	1.907906	1.545956	-0.152573	-0.499035	2.360397
4.047112	0.295286	0.806275	2.742608	0.273860	2.950653	0.857211	1.492324	-0.426262	2.613556
4.428860	1.474722	-1.829693	2.192005	-0.405059	1.052065	-1.240267	2.507958	2.802688	-1.077015
-1.847485	-0.979170	-2.401615	-1.794235	-1.898816	0.162144	-1.885580	1.293436	1.081207	-0.746114
-2.110024	-3.685903	-2.089197	-3.059616	-1.718715	-5.374604	-0.604029	-3.452238	-3.348209	-6.299739
-0.608158	-0.179689	-3.568643	-2.132740	0.976641	-3.376374	1.480984	-4.028560	-4.869168	-3.850486
-1.911991	-1.975444	-1.760858	-2.622111	0.828147	-1.799862	3.893558	-5.272525	-4.302973	-2.349952
-2.098526	-2.023881	-2.790748	-1.730728	-3.516200	-3.954363	-3.696308	-2.607028	-3.944429	-3.548334
-2.266067	2.501385	0.532584	-0.088496	-1.230902	-3.121672	1.883386	-1.387065	-1.177639	-3.292526
-1.733318	2.668738	1.224631	0.193086	1.365838	-2.890681	3.166738	-2.356333	-3.930405	-1.206024
-1.642086	4.025962	2.363990	3.067016	4.388218	1.350714	-2.002151	4.135574	1.488870	-0.566522
-2.751277	-3.610659	-2.537645	-2.113507	-3.021764	0.448219	-6.776183	1.222559	-1.034816	0.662285
-2.187896	-1.278542	-0.423378	-5.394082	-3.342110	-0.719559	-2.331756	-0.737275	-2.255662	-3.066198
-0.871252	-0.534903	-1.543314	-2.736111	-2.460121	0.117586	-1.751771	1.045277	1.091930	-0.713263
2.046348	3.394441	0.534844	0.303709	-0.925696	1.257760	-0.715526	4.798616	3.553162	0.078696
2.141195	3.257272	2.815589	3.178076	1.248062	1.404970	1.173078	3.461246	4.226233	1.652286
4.180380	4.163473	5.596420	5.376994	4.075056	1.596322	0.950144	3.358370	3.547447	1.585713
0.343793	0.385226	2.276730	0.465262	3.539385	2.317224	4.596672	1.683790	1.812804	1.555786
2.605925	1.985615	3.735017	0.054785	-3.300550	0.793182	2.949664	0.288008	-0.007493	3.473711
3.548166	2.549321	2.553777	3.985663	2.061453	0.904301	0.472523	1.347628	1.762561	0.920597
4.980604	0.009129	0.402307	1.431700	0.095596	1.511990	1.077050	1.127750	2.310068	-0.073950
2.705728	0.772121	0.128402	3.173600	0.372381	1.858955	1.084548	2.216377	3.197832	3.280080
2.376528	-0.724220	0.124161	-0.454634	-0.464989	0.552902	3.655120	2.509509	1.765358	4.309494
-2.668308	-1.730409	-0.233219	-3.915797	-2.485012	1.483439	2.222770	-0.391251	-4.117548	4.104700
-4.797693	0.907036	-1.563341	-2.840085	-3.122882	-1.064030	-5.382699	-2.483502	-3.125782	0.680206
-1.058437	-4.205298	-2.510607	-2.083292	0.420103	-2.130396	-1.058583	-0.918844	-0.430638	-0.041179
-0.956253	-0.678528	0.203682	-1.281412	1.887249	2.826546	-0.606078	2.092725	1.196390	2.173953
0.049346	0.126534	-0.962276	0.100860	1.460960	1.077302	5.030822	1.495705	3.130109	1.296511
0.413650	2.943172	3.244618	-0.820167	-0.834458	0.941379	3.259821	3.600997	2.745825	3.199202
-0.116655	-3.610225	0.439064	-1.912087	-2.808400	-0.046117	-6.636475	-2.638198	-0.642355	1.876534
-1.018579	-2.137371	-4.275039	-0.468093	-0.330858	1.158420	-2.214159	-0.945179	-2.954223	2.453018
2.617664	2.024225	0.715110	-1.347974	0.984673	2.943396	0.959374	2.851154	3.070228	0.361060
0.680064	1.866251	1.798311	2.610776	2.592301	-2.090084	-0.769069	-1.048299	2.354105	-0.093531
-4.522692	-2.538003	2.002265	1.039468	2.775033	-0.753314	-1.711780	-3.291736	-2.085383	-2.842347
-1.511014	-8.764844	-6.311025	-3.580588	-0.988323	-4.666687	-2.465451	-5.325057	-3.633828	-5.494679
-2.406813	-7.575179	-9.191357	-2.858681	-5.231858	-7.413100	-2.735476	-5.364561	-6.127023	-7.406418
1.251100	-2.588617	-2.659629	-1.276302	-2.161164	0.663054	-1.667244	0.192253	-1.406959	0.519544
3.596115	-0.107661	0.445463	0.180562	-0.077932	2.255081	0.041653	0.816085	-0.418228	1.378914
4.372521	1.950185	2.555023	1.684622	-0.215753	1.437184	6.106925	0.587538	1.335280	1.014303
0.220210	2.240416	1.770854	-1.238209	-2.534416	0.635570	0.696181	0.349912	0.415072	-0.021683
-2.528628	1.340132	-0.768737	1.724282	1.625887	-1.998857	-3.264369	1.791110	0.706357	-2.576034
-2.308701	1.775032	2.641955	3.266708	2.787767	2.159909	1.753786	3.103832	2.639044	1.617659
1.701282	4.438517	3.408736	5.489082	3.993235	1.273772	3.416858	2.194381	1.610542	1.180403
0.751615	0.869188	1.732413	4.604419	4.195202	2.348038	1.793256	1.019460	-0.223040	1.085808
-3.769510	-4.690050	-2.145206	-3.763267	-2.561922	1.360410	-1.794106	1.088170	0.293305	1.507082
-0.665000	1.447205	-0.272213	-3.187861	-1.350326	3.259094	2.267482	3.930715	1.458488	1.746333
-1.846959	0.524761	2.411701	-0.911748	-1.726698	2.611195	3.368134	1.936899	2.456317	-0.226528
0.771805	-6.719177	-3.762855	-0.721414	-2.843027	0.284718	-4.979339	-3.948777	-0.958900	-0.566894
-0.120210	0.973001	-1.548371	-1.762041	-0.614802	-0.144534	-4.507624	-3.717506	-2.546654	-3.457555
-1.187911	3.813603	2.098764	0.154784	2.195589	1.084444	0.069192	0.185013	-0.896835	-0.730103
3.969101	3.946340	3.609460	2.570079	4.551457	3.435858	2.245322	2.650387	2.591263	2.094671
0.362421	-0.471077	-0.218470	0.523859	-0.691185	0.886511	-2.670221	0.543819	1.803550	0.928977
-1.184153	-5.863934	-2.548014	-6.106761	-4.128727	-6.365191	-4.024724	-2.846785	-1.580865	-5.718277
-2.293123	-2.737918	-0.888559	-3.168363	-2.154257	-5.663945	-1.932674	-5.212519	-1.770276	-5.450681
-1.956590	-2.524314	-2.034192	-2.291632	1.651336	-2.093846	3.252642	-4.637179	-4.400173	-3.285326
-0.681156	2.576793	1.963801	3.291147	3.362463	0.363810	3.176737	1.116642	1.014050	-0.124104
-0.291021	2.136621	5.062033	1.571490	4.725435	-0.417772	0.399224	4.103150	2.762703	2.375895
-2.557184	-1.712712	0.010420	0.131714	-1.405036	1.811111	-2.504985	-0.356148	-0.516909	1.093580
-2.182146	-8.286690	-7.923224	-3.414567	-3.935441	-5.227635	-4.094377	-6.421446	-4.444377	-2.869540
-0.786005	1.307808	-3.464783	0.458462	-2.947569	-0.479907	0.453260	-2.847337	-2.048895	0.742244
-2.952061	-0.649299	0.212657	1.325117	1.711890	0.934799	-1.976163	-1.893615	1.877745	4.136739
0.534589	-2.882890	-3.369086	-1.789290	-1.059156	-4.116613	-2.052835	-2.708571	-2.291052	-0.853044
0.703345	-1.023345	-0.174498	-2.671043	-2.318296	-2.077839	2.359255	-0.097798	-3.689179	-1.119497
2.002511	-1.432742	1.548937	-4.427629	-3.076622	0.605724	0.695918	2.810610	-0.153429	0.148387
-0.587012	-4.089159	-3.751965	-3.204236	-2.266326	-2.613620	-5.541237	0.353460	-0.865399	-3.126784
-1.318220	-0.391376	-0.940586	2.379549	0.696301	-0.554567	2.283599	-0.034439	0.217019	-0.980600
0.874189	1.826331	-0.757413	1.364038	-1.614536	1.860085	1.729435	-0.509481	-0.047271	3.607844
0.758218	1.217084	-0.513028	3.517441	-0.304728	2.348540	0.771977	0.644342	1.619635	3.573157
-1.049529	1.721205	2.658884	1.407170	-1.405470	3.384701	5.631133	1.137636	0.165743	2.786245
-0.784750	3.441016	1.882938	3.082134	1.558543	0.816369	4.983308	2.229609	1.207355	-0.032685
-2.873142	-0.942160	-0.693251	1.653642	-0.862182	-0.529352	-5.740191	0.418767	0.313076	-0.045328
-0.783401	-2.958902	-2.491267	-3.648297	-3.018042	-7.025460	-2.917561	-1.316085	-3.205992	-5.587877
0.865375	2.201413	0.683804	1.681923	3.148567	0.361347	0.957301	2.010462	-0.293745	-2.035828
4.808391	3.286206	3.162476	2.622311	2.085448	0.710871	1.672998	2.067311	3.575319	0.038824
5.345648	4.515698	2.666561	3.520671	5.794004	4.742712	3.978231	2.955969	4.748202	4.329483
3.135450	3.063809	3.626074	5.102209	4.402136	2.395372	4.349302	3.189540	4.492605	3.295454
2.347398	1.989060	1.952426	2.365529	2.062147	2.230852	3.567708	-1.130370	2.511131	3.216638
0.352296	2.738370	1.863928	1.713634	2.317336	1.717953	1.378050	0.913541	3.086380	2.321838
0.093545	-2.299243	0.404092	0.173128	1.846103	1.943375	-4.216077	1.276679	0.261852	0.599657
-1.425652	2.114341	-0.542572	2.339312	0.202548	1.693218	-0.511275	4.862145	0.846048	3.266594
-0.635394	2.508437	1.819943	2.903788	6.774770	1.720082	2.172852	3.946042	1.094167	0.643352
0.579919	3.006863	1.807248	2.267854	2.822266	3.715866	3.876197	2.865273	2.101510	1.108928
2.652590	4.095934	1.311349	5.066312	0.409834	2.752769	1.405555	3.673239	1.334975	1.196423
-2.133181	-0.296136	2.636752	4.283659	-0.261428	2.908990	3.115918	2.322639	2.413660	2.017935
-0.974995	-1.944732	-1.990738	0.570994	0.539075	0.860427	0.498377	-1.205725	-0.873235	0.007861
-2.521651	-3.994042	-3.060415	0.009113	4.406740	-1.457521	-3.245676	-2.157554	-0.152812	-1.874601
-1.611749	-0.398255	-2.112077	-2.958087	-1.430139	-2.675256	-2.075252	-2.700649	-3.699773	-0.922555
-0.809191	-0.652660	2.873778	-3.953009	-3.994666	-1.574881	0.818540	-3.957412	-4.422421	0.468295
-1.949177	-3.152948	0.055051	-4.956359	-1.637646	0.455802	-1.626014	-1.697446	-0.446458	-1.480357
-0.303210	1.423890	0.888443	-4.487142	-2.762887	-3.142011	2.423476	-0.250854	1.586913	-1.715017
-2.419392	1.335061	1.131551	1.894235	-0.263893	1.225178	3.240197	1.949661	4.697690	0.714410
0.022276	-6.193030	-5.363626	-1.298032	-0.767971	-3.971336	-3.072665	-3.858907	-1.256332	-1.134084
-0.832109	0.344423	1.591507	-4.650953	-3.790130	-4.416555	1.349776	-1.859361	-5.215855	-1.571606
4.585349	4.070923	2.404447	0.621867	-1.296875	2.488517	3.362206	4.123691	-0.689482	2.813935
0.438648	5.771972	3.931887	3.439119	3.697586	2.787575	5.139510	2.988344	3.319482	2.015030
4.152583	4.833572	2.301219	3.659895	-1.209356	4.192415	-0.695226	1.078990	3.984634	1.735869
1.610150	3.744623	3.658037	1.340686	0.669893	0.181332	-1.803818	-0.149078	-1.404229	-0.040356
0.502846	-0.128478	-1.527870	1.324184	0.386324	2.535122	0.323720	0.362931	1.063389	0.835842
1.762765	-0.168731	1.228287	-1.210321	1.155128	1.391780	4.882070	-0.500190	-0.648517	4.107354
0.646303	4.856860	3.282598	2.040261	5.785799	2.283100	3.865920	3.070547	0.772050	3.974468
-1.255945	1.025588	1.871449	-0.270278	2.318727	-1.461722	2.950652	-0.019166	0.566586	1.161271
-1.827684	-1.677550	2.476428	1.021151	-1.567296	-0.302891	2.737951	0.203460	1.894087	0.945152
-3.964320	-0.878163	0.003518	-2.505261	-2.804978	-1.295114	-2.904496	-1.456986	-2.124451	-3.035502
-1.808159	-4.590859	0.282606	-3.102025	-2.210027	-5.842595	-5.562805	-4.240315	-2.436532	-3.444204
0.095695	-0.664346	-1.191427	-0.096450	-1.205153	-0.310640	-1.091691	2.984661	0.421440	-2.206167
2.859435	2.750264	-1.008897	1.239252	-1.389962	-0.533956	-2.812866	-0.907670	0.354461	-2.136005
-0.637944	-6.652139	-5.883422	-2.540828	-3.349762	-5.139348	-5.481845	-4.487221	-3.786572	-6.262730
-2.772649	-7.722169	-7.978822	-2.134300	-1.695663	-0.526521	-4.942341	-4.060205	-6.326465	-2.874957
1.902016	4.264662	2.172783	2.685625	1.549128	1.836218	0.705934	3.520264	0.070780	-0.433100
4.828443	0.940838	2.427074	2.871937	0.810803	1.418062	-0.289931	-0.745325	0.800957	2.321127
2.467327	0.729945	1.766930	1.653325	2.350856	1.344607	-1.197247	0.229911	1.034264	3.181911
-1.524237	0.126266	1.183628	-1.822620	0.143577	2.054545	-3.911725	3.416760	1.773996	3.397738
-1.123256	-0.005316	0.967647	-4.015409	-4.124239	1.155271	-2.169174	1.118007	0.030248	1.076193
-0.982034	-2.168618	1.035665	-1.071552	1.474499	-0.780022	2.874296	1.393136	-2.014882	2.876762
-0.407978	-0.330860	-0.612441	-2.807959	-0.347616	-0.483641	3.045879	-0.770865	-1.612001	0.635232
1.775707	-2.661762	-0.923695	-2.521341	-1.413390	0.723007	-3.503732	0.821287	1.350688	-0.484710
-0.269985	0.207358	-0.553118	1.726094	0.871670	-2.009983	-2.125845	-0.585422	-0.402220	-0.654379
-1.800557	0.594077	-1.688336	-0.239367	0.530456	-1.169819	0.129037	-2.806808	-1.587629	-1.056788
-2.403416	0.561075	-2.741870	-0.020531	-2.786337	-0.299707	-1.936392	2.335514	0.412056	-0.001750
-2.048166	-0.557070	-0.705744	-3.528210	-1.983417	-3.188654	-4.343235	0.239630	-3.163971	-4.422178
-2.177712	-0.400681	-2.184081	-3.907813	-3.188889	-7.630969	-3.285794	-4.715678	-4.749815	-7.159184
-2.102158	1.597220	0.301295	-3.490650	-2.639260	-1.679157	-4.548971	0.560177	0.722419	-3.340381
-1.611109	0.406208	1.588362	2.558669	0.283263	0.659474	0.677533	0.500879	0.983224	-0.207982
2.696632	3.855662	2.299298	4.561533	0.952874	1.444016	3.358019	3.065712	4.225195	3.330303
-0.255740	2.035957	0.240881	2.671534	1.108067	1.578961	-0.261613	2.008561	2.027825	1.891361
-2.838127	2.773668	1.117890	2.830261	0.757236	1.595403	-1.335561	-0.905889	1.792807	1.553081
-2.769234	1.187973	0.450702	-1.570696	2.101874	0.444332	-0.913422	-0.766154	-0.472966	0.041454
-1.585465	-2.428153	-4.003901	-3.703647	-2.266624	0.781841	-2.679593	-3.658048	-5.253601	1.253168
-2.525121	1.951565	-0.814839	1.505398	-0.279765	2.782421	5.469030	-1.155886	-0.041807	2.139113
-2.306607	3.065005	4.559969	4.236729	3.650044	3.285164	4.005852	1.656516	3.966808	2.364979
-0.414624	3.857542	1.445505	3.549236	3.738298	2.074962	-1.964621	-0.157755	2.823935	-3.196641
-0.913476	-6.511948	-3.644948	-2.315391	-4.345010	-5.344795	-2.660684	-3.395415	-1.280034	-6.836959
4.989834	0.298112	-1.303906	3.682937	2.978614	-0.204016	2.883670	0.098122	-0.563010	-2.768580
5.182105	3.769299	2.896116	5.149112	6.036663	3.390591	2.878049	3.558443	4.024697	3.095685
2.529534	4.730492	3.673705	4.845721	1.849831	1.062617	4.735959	4.876733	6.722678	4.406830
2.383418	3.913067	4.309548	2.194456	2.475011	2.218651	5.429410	2.619779	3.236920	3.597048
-0.411343	0.424304	2.300033	-0.001295	-1.711503	2.146884	3.269510	-2.046733	1.623414	0.271932
-2.593953	-4.786318	-4.187450	-2.433040	-0.711418	0.235307	-4.732434	-2.009615	-2.004354	-0.714524
2.753387	-0.853519	-1.621509	1.454609	-0.463441	-0.912590	-0.664111	1.195119	0.798805	-1.173927
0.698375	-1.960218	-3.196053	-1.504157	-1.811178	2.702483	-0.261111	0.669158	2.096280	0.763419
-0.777591	-0.230034	-2.818987	-0.981849	1.905064	-0.007684	0.093473	-0.116410	3.920956	0.266909
-0.584813	0.411417	1.062083	-0.869976	0.945880	-1.697000	0.078952	-1.846698	-0.111379	-1.459562
-1.138091	-3.817982	-1.041544	-2.940547	-1.751039	-0.214275	-1.597163	-3.847017	-4.154539	-0.166797
-3.443428	-1.594145	-1.137972	-3.454273	-3.151799	2.017680	-0.000364	-1.447676	-5.837736	1.806999
-0.255426	4.171212	3.984099	1.236036	2.236195	2.669956	6.035159	2.948112	-0.042285	0.601524
1.681814	3.347078	1.997571	2.680873	4.642336	3.634144	2.557217	2.816140	1.007501	0.140174
-2.803009	-2.885260	-3.006554	-1.858572	-1.305382	1.588833	-1.743881	-2.015003	-0.732291	2.324548
-1.119296	0.825989	0.439528	1.434192	-1.416866	3.675814	1.460974	0.204674	2.375123	3.643245
-0.763550	-1.480785	1.920423	0.809357	2.623480	0.272379	2.420792	-1.051438	-0.455970	0.297261
-0.285872	-6.788689	-7.397263	-4.411286	-3.114551	-10.331382	-3.287617	-5.717244	-4.725983	-4.703402
-1.478362	-6.807429	-5.000020	-3.545843	-2.807563	-8.355077	-3.216645	-3.633754	-5.246431	-7.169646
3.023778	0.831790	-0.027440	2.584279	-0.825461	1.853984	1.528017	3.801826	1.658774	-1.236070
2.205346	0.376565	-0.805510	1.303671	4.656149	2.217095	-0.514323	0.481491	2.137518	0.535925
1.589542	-3.572106	-3.872418	-0.853671	-1.724835	-0.598053	-2.323157	-1.267965	-0.530212	-0.475759
2.687265	4.303776	2.815149	2.302946	-0.534018	0.917933	-0.119276	3.373553	4.706972	1.727179
0.162814	0.191913	0.018507	-1.932183	-0.314903	0.004447	-3.974373	2.744841	3.084657	-0.572358
-2.122311	-9.097492	-7.990628	-5.477562	-2.105093	-7.191719	-2.020442	-1.997304	-1.229367	-4.588270
-1.424412	3.062365	-2.623338	-0.431795	2.959911	-1.972368	-0.502076	-1.425286	-2.185313	-2.464452
0.033811	0.412989	0.526695	1.611713	2.454306	-0.490208	-1.166669	-0.560306	-0.856590	-0.950403
-1.211842	-4.126912	-1.728309	-0.902839	1.332491	-1.777441	1.179585	-2.314265	-2.008308	0.282382
-0.243170	-3.659431	-3.160630	-2.996754	-4.363034	-3.957673	-3.775009	-3.050566	-5.122776	-2.752893
-0.413674	-1.295557	-5.459947	-1.310634	-2.542169	0.391494	-2.401246	-1.760206	-2.830702	-0.499825
6.701647	2.781620	3.316363	4.006322	2.389987	2.825956	5.799977	3.562813	3.846705	1.638693
2.457094	1.425014	5.566022	4.486412	1.246035	3.468713	5.113964	2.059493	5.184640	4.485064
-3.367633	-0.262362	4.723053	2.492237	3.361078	3.944563	3.334419	4.230837	2.502496	2.107094
-2.607731	-3.046994	1.264980	-2.359100	-1.919082	0.717806	0.956043	-1.179453	-0.339631	2.305089
-2.085100	0.417434	-1.794072	-4.862700	-4.095641	-1.143958	-1.070261	-5.050075	-3.379845	-1.421244
-2.345336	0.427040	0.279020	-2.250158	-3.735895	-2.134028	1.813707	-0.069523	-0.461349	1.129301
1.368362	3.692440	4.827282	4.147928	1.192562	3.056598	0.863450	1.967706	3.028555	3.178932
2.507297	2.674154	0.130237	2.747562	1.248534	2.998122	0.655466	1.298118	4.133067	1.710154
-1.781627	-6.528500	-5.400589	1.101248	-2.675872	-1.212251	-2.876744	-1.855282	-0.874315	-1.581823
2.228294	-5.172800	-3.016773	0.403692	-3.031549	-0.028617	-1.964282	-0.428088	-2.627189	1.679107
1.390164	-0.223727	-1.347290	-1.708200	-2.455888	1.177228	0.516451	1.678308	-1.013052	2.197953
-0.313713	-1.401860	1.932484	-2.177924	-2.533383	-2.651110	2.975253	-0.297489	-2.130703	-0.700776
0.546269	-3.874778	-1.978828	0.131228	-1.733224	-3.749525	-2.301279	-1.417169	-3.945635	-2.057672
-1.357584	1.197042	0.074097	-2.689538	1.714499	-4.141908	-1.267449	-2.162225	-4.604446	-3.447927
-0.315966	2.328522	3.405781	-1.571814	0.517195	-1.870053	3.552041	-2.922348	-3.037629	-3.121731
-1.855671	2.190082	2.583045	-4.661392	-1.838725	-4.857751	2.458884	-4.233630	-6.362976	-1.768475
-2.459390	0.090944	1.485111	-1.318865	-1.696950	-0.458693	-1.972023	-3.503762	-3.846081	1.138851
-1.447816	-0.588169	-0.231303	2.416875	3.141731	2.061332	0.035012	0.119767	1.448566	1.530655
-2.553540	-2.273836	-2.973777	-4.084962	0.780630	0.800633	-2.939315	1.526865	0.239272	-0.708852
-1.974454	0.507063	1.923205	-5.552170	-3.578141	-0.996179	-0.735612	-3.134458	-3.867150	-1.476862
-0.512347	2.043549	1.470960	-3.992140	-3.806369	-2.551993	-0.496886	-0.898592	-3.307392	-3.493463
0.103489	0.247843	1.390104	-1.156262	0.202057	-2.103797	-0.808845	-0.435326	-0.017541	-2.272047
-1.906132	-0.017037	1.343051	1.380571	-2.281349	-1.140779	-1.684697	-0.214951	0.723714	-3.161203
-1.908102	0.341628	0.371012	0.761467	-1.204975	-1.767026	2.279149	-0.530657	-0.402315	-0.746323
-2.030707	-2.182144	0.054499	-2.130965	-2.988007	0.598475	1.305483	-1.443233	-2.734614	-0.606296
-1.016837	-4.447136	-4.933178	-5.817617	-2.663934	0.155735	-3.992705	-1.476370	0.990829	0.382088
-0.224177	2.669167	1.404589	-3.911983	-1.508742	-5.373630	-3.778325	1.164243	-2.349371	-3.794561
-2.100114	-2.442718	1.205608	-1.957354	3.080882	-3.348609	3.020713	-0.545585	-2.538402	-2.357735
-1.736436	1.365122	-1.379218	3.466575	2.928149	0.738212	0.736897	-0.846544	1.086550	-3.013824
5.072572	2.681000	0.799518	4.257512	2.181073	2.964747	-0.836984	2.062075	2.375300	1.175581
-0.031874	2.555727	2.967916	4.342563	3.726464	3.142210	1.812358	1.486581	-0.020938	3.233691
-3.214862	4.373014	2.055177	5.179233	5.335935	1.737213	6.411811	0.840884	2.692349	4.497014
-0.220874	2.988771	4.795302	5.231126	-0.568603	3.127370	4.491063	-0.567409	2.914975	4.491058
-3.073197	1.868005	3.497988	0.113348	-0.296740	2.846395	-4.958900	-0.055588	1.950555	1.176833
1.572287	3.716824	1.852732	1.611302	3.690035	3.175401	0.508110	1.452255	-0.828799	1.486647
-0.376306	1.423633	2.235830	-1.277208	0.868632	-1.551201	-0.679320	-3.344974	-1.295472	1.436809
-3.572761	2.389036	1.499674	2.856120	-1.408740	0.942004	-0.014403	-0.962467	1.443547	2.446327
-1.498260	2.326138	2.286159	1.921888	3.916227	2.388328	4.072047	2.992984	2.755571	0.336908
3.679512	2.605539	3.185174	3.653398	3.987642	1.432582	2.720518	5.413585	3.410514	2.247662
4.404474	1.932441	3.114512	2.754250	0.067312	2.322678	-2.264304	1.927042	3.099486	2.527595
4.261541	3.395344	-0.018640	3.373745	-1.348056	0.860928	-1.104633	3.633661	3.891199	0.983915
1.525031	1.630646	-0.016793	-0.610317	-1.152656	2.558042	0.501920	2.644447	3.308763	2.037130
3.323161	2.160544	1.466541	1.891262	1.979216	3.566932	1.582340	1.764407	3.240190	3.131745
4.155448	2.106436	0.512349	3.115481	4.026667	1.343407	1.249916	1.514245	2.540488	1.285770
3.218709	3.048017	0.956614	3.736138	3.923399	0.563077	0.319334	3.131065	1.704267	0.879609
5.370259	4.713382	2.223424	2.836531	6.039417	3.503952	1.893282	5.062972	1.517235	2.803571
-2.566482	1.961224	3.759663	4.097757	4.850721	1.974740	2.669249	0.365170	0.613001	1.457561
-1.571800	-1.715462	0.659713	3.680513	-0.125985	-2.170651	-0.649377	-1.278637	0.684171	-1.405515
-2.050879	-8.295085	-8.336740	-3.470805	-4.886700	-6.918412	-3.229208	-2.689345	-1.497046	-4.695749
1.204099	-4.569252	-5.209014	-2.606601	-1.911025	-4.575136	-3.006653	-3.667651	-2.750946	-5.756637
-0.492551	-2.475372	-2.548625	-2.477880	-1.212160	-3.190016	-0.465222	-2.036051	-3.382722	-2.716371
1.290485	-1.726953	-0.582690	-1.310344	-1.728406	-0.964345	-2.375126	-2.779843	-1.017769	-3.031147
-0.308176	-3.994306	-3.852527	-2.940400	-1.288464	-2.164318	3.331926	-2.169023	-1.702082	-1.803758
4.673680	0.645860	-0.469752	-0.188051	0.087764	2.431971	1.899328	0.795613	0.632743	3.419702
-0.177632	-0.064965	-1.116182	-0.203402	0.385274	1.256528	-4.293730	-1.486733	-2.060891	-2.432962
-3.595600	1.691410	0.329266	-4.447958	-2.756137	-1.154542	0.234546	3.863342	3.617819	-0.092745
-1.975209	1.183474	1.248777	-3.419323	-2.761973	1.803264	0.097550	3.191843	1.978778	0.664760
-0.846247	3.791718	3.880234	1.965398	-0.806339	2.036152	0.166277	2.214172	3.864686	1.008758
-1.393802	-1.568669	-0.468478	0.017801	0.251061	-0.002975	-1.132679	2.420833	2.989747	-0.994846
-2.302761	-0.139197	1.734626	-0.338018	3.818720	0.613986	-0.458520	-0.549170	-0.185038	1.368254
-0.630614	-1.575975	3.178033	-2.307663	1.551333	1.822639	-2.769051	-3.034233	-2.042667	0.214363
-0.728749	-6.931812	-5.677072	-3.936337	-2.335907	-1.922414	-0.327972	-4.878652	-5.763539	-0.712213
1.300742	-0.126317	-0.480902	-2.716342	-3.022207	1.103530	1.965315	0.963378	-4.010153	2.131931
-2.575330	-5.918999	-2.610868	-3.174082	-3.265673	1.838673	-5.829491	-2.816638	-2.853707	1.217901
-0.053558	-1.621666	-2.900982	-1.569958	-1.214714	0.196418	-0.337289	-5.503996	-3.653901	4.425001
3.921867	1.475874	0.293445	1.516928	-0.123636	1.888467	1.497822	2.305911	2.423666	1.943838
1.542952	1.414314	3.227503	1.762775	3.192551	3.308720	-2.174256	1.745888	3.033496	1.084316
-2.278897	-1.996953	-1.746017	0.582884	1.825941	-1.984019	-3.767019	0.656242	3.026089	-2.766959
-2.848573	-9.331932	-6.773721	-4.398747	-2.961577	-8.089050	-4.377364	-4.838721	-1.739954	-5.442381
1.025127	1.737970	-4.856519	-1.243315	-2.887910	-1.795572	-1.129186	-4.238093	-3.085032	-1.909746
1.178410	1.400649	-0.688917	-1.762920	-4.127267	2.235117	-1.348079	-1.490267	-3.821444	0.910351
-2.789323	2.459900	-0.124219	-6.274358	-3.629657	-4.466482	-3.247938	-3.533734	-4.344989	-4.263085
-2.698368	1.719219	2.676569	-1.629328	0.803811	-1.010868	2.674844	-4.480586	-2.613364	-0.344148
-2.529923	0.057104	-0.473357	1.931476	3.802927	2.465860	1.752776	0.292385	-0.931469	0.294966
-0.442986	-5.110149	-5.240400	-2.720644	-1.525416	-3.242697	-5.883135	-4.667611	-1.537501	-2.517238
-2.848658	-7.993340	-6.762261	-5.395383	-4.619430	-1.036339	-3.272680	-1.920363	-1.994359	-3.332656
0.048461	0.448427	0.966756	-0.136533	0.004979	-1.736265	5.043151	-0.267963	-1.026341	-1.663383
2.446171	3.707353	4.616851	3.909410	4.601899	1.228027	5.971068	3.383200	2.543057	4.349684
2.091870	3.381538	3.246824	4.873555	3.691122	1.679237	3.401682	2.776438	2.994937	2.710550
2.960155	0.201780	-0.806524	1.859107	-0.521060	2.454065	-4.793497	3.606160	1.592301	-0.149683
4.115024	3.005782	0.855406	3.006177	2.230642	2.715713	1.556144	5.576080	3.219154	1.909890
4.070372	4.200644	2.616017	2.650372	5.336621	1.266180	2.732015	1.728008	2.952299	2.266372
3.598695	0.165868	-1.631790	0.585302	0.243066	2.287668	-1.086171	-0.884043	1.535239	1.336564
4.036189	1.263055	0.775288	0.072176	-1.792129	2.888477	1.760597	3.001738	1.487578	3.263769
4.473246	1.900509	1.805353	-0.457694	-1.116075	3.398608	0.615534	4.068464	1.144522	2.139489
4.867561	3.593031	-0.541992	2.833801	2.660622	2.549460	1.070751	4.003748	3.936073	0.659926
1.283427	1.262926	-0.055443	0.265674	0.078051	-1.803764	-1.016740	0.267601	0.320638	-0.155319
-2.568064	-3.045005	2.673503	-1.486565	-1.147794	-6.664966	0.344475	-4.662163	-3.915580	-4.595147
-3.031020	-9.253357	-5.388450	-6.611804	-3.080422	-7.341245	-1.969192	-6.260632	-5.412275	-5.300557
-2.438150	-1.306328	-3.426098	-1.177730	1.849761	0.002901	-2.006327	-3.542793	-4.000443	1.746751
-2.462162	1.668988	-0.118637	4.019169	2.893845	0.303770	-0.476919	-0.636833	0.676423	1.151176
-2.048267	0.348794	1.556136	-0.484894	0.178325	-0.673138	-1.371256	-0.841742	-0.822472	0.758016
3.838326	2.070694	2.832327	1.834093	-0.136107	0.472279	-1.369825	0.899695	1.500276	1.320069
1.030407	2.310392	4.674238	-2.157956	-0.919457	-0.577981	-2.514214	-0.099211	-2.144126	0.063132
3.122264	2.667293	4.092073	0.618971	-0.328333	-0.392617	0.047789	4.655251	0.045528	-0.029697
3.078687	3.537500	4.787338	6.262087	2.600761	3.852671	4.034393	4.458193	3.956941	2.340677
3.674864	4.733418	4.909935	5.223706	3.949518	2.651781	4.382511	1.905228	2.566622	1.701251
0.555583	1.940651	0.677568	2.726839	0.824933	0.201613	5.639153	1.729164	0.597874	1.341519
2.939633	-1.132896	-0.604559	1.128201	-0.671399	3.899067	-1.121073	1.470813	2.422503	1.492575
-2.252898	-4.917220	-4.474943	-2.295696	-2.030484	-0.091158	-4.644755	0.229386	1.545415	3.857914
-1.245524	3.525983	0.910719	-0.518139	0.181575	3.882836	1.458214	2.923391	1.933614	2.364429
-2.615955	-2.284181	-1.343770	-2.809817	-0.634727	1.070848	4.792144	-0.101962	1.065107	3.916312
-2.496504	-1.351610	0.518993	0.614083	1.323607	0.555077	2.358541	-3.622265	-2.407303	1.320856
-2.966985	2.997801	4.108210	1.788774	2.008773	2.512322	4.993713	3.520891	1.327590	2.789252
0.751791	4.671856	0.972285	0.969566	0.317069	3.500780	2.232567	2.855414	1.589391	0.843591
3.986511	1.196358	-0.369682	3.265471	-1.602809	0.253150	-0.454991	2.162110	0.235002	0.432765
-1.020838	-4.366689	-1.946086	-0.628001	-2.545561	-2.619871	-0.518257	-2.784215	-0.242870	-2.089438
-3.081468	-5.317381	-4.611728	-3.930537	-2.231389	-3.982785	-2.362724	-0.662953	-1.925423	-7.027727
-2.467792	-0.006615	-1.438405	1.529372	-1.826495	-1.595894	-0.480690	0.140300	1.572747	-3.170814
-2.492922	1.398913	3.994285	3.420735	1.077321	-0.412901	0.579550	0.239548	1.431244	1.304691
-1.415370	-2.461094	-1.750057	-0.443737	-2.366442	-0.973110	-3.210503	-1.498503	2.401369	-1.490525
-3.057547	0.125669	-2.560029	-3.839636	-1.421782	-2.629923	-2.594144	-2.708151	-1.746973	-0.100473
-1.616467	2.288503	0.876570	-3.846054	-2.039601	-0.620943	2.785126	2.162107	-0.299280	-0.124166
-0.962541	2.743614	0.498541	-3.021781	-4.231795	1.002424	-0.158391	0.142173	-0.769751	-0.667017
-0.811380	1.112203	-0.724515	-3.941310	-1.758464	-2.023723	-6.652694	-2.105451	-0.569584	-0.942238
-1.012296	-3.420925	-1.320495	-2.254635	-1.691905	0.494510	1.158516	-4.720064	-5.760977	2.937656
-2.388399	0.272233	1.229500	4.101551	0.744783	-0.792980	1.781938	-0.126665	-1.224930	0.371053
-3.406301	-1.047319	0.436273	3.025855	0.805805	-0.758598	-1.706329	-0.106856	0.660059	-1.669161
-1.528712	-8.029879	-6.576476	-4.904617	-1.701336	-3.978948	-4.646987	0.016363	0.192489	-3.860901
1.787158	0.572357	0.190855	0.627138	-1.027837	0.901364	0.216561	3.094891	1.780061	-0.277380
2.087798	1.705393	2.513867	3.832526	4.222508	4.791733	2.452613	1.578724	2.813373	0.675788
4.850098	2.371233	0.819163	1.294351	2.638202	2.529855	1.641266	2.254962	-0.315373	2.577289
0.075350	-1.637321	-2.425356	-4.101583	-1.150749	-1.377377	-0.496586	-2.118100	-1.470281	2.630808
2.801943	1.843236	0.482111	1.312325	-0.998139	1.813832	0.903553	3.578235	3.033050	2.063030
0.998569	0.985506	1.721267	4.215278	1.510937	1.808576	0.172580	1.201562	0.901416	0.202943
3.616219	-1.264605	-0.137287	2.598579	-1.191014	1.959449	-0.292713	0.854376	0.026716	-0.399769
2.898585	2.188005	0.929752	0.108928	0.013114	1.713445	-0.858830	0.701072	-1.212053	-0.905720
3.228458	1.153840	1.348787	1.424325	-0.504571	2.043956	1.854523	1.899045	0.831906	2.923376
-0.210970	-5.692496	-1.546480	-1.459229	-2.600763	-1.221124	-1.602962	-1.806814	-0.853911	-1.003694
-0.652807	-0.542499	-1.847246	-0.984436	2.164646	-2.266801	3.014710	0.117291	-1.724206	-2.452645
0.152841	0.676234	1.177091	2.002904	-0.815936	0.744316	2.522730	2.080451	2.160816	0.649109
-1.571035	0.985107	1.574635	3.429989	1.827999	2.818420	0.829092	-0.543642	0.655550	0.336154
-1.744640	-2.794476	-2.177811	-0.056485	-1.758741	-1.051796	-2.033613	-0.759595	-0.779308	-0.483222
0.445517	0.224289	-0.754543	-1.548519	0.125852	-0.037140	-0.399092	1.245082	0.080536	-0.977833
-1.423869	2.791504	0.783340	1.637180	5.899386	0.568379	2.917246	1.265580	2.159178	-0.359993
-1.740005	1.124173	-0.569455	-2.552090	1.348270	-2.804147	-1.641208	-0.410310	-0.247990	-1.109214
0.008303	-0.636000	-2.692127	-4.011035	-3.144787	-5.773728	-3.290962	-3.437498	-3.360973	-3.031010
-1.010651	-1.028712	-2.173472	1.172638	-1.771678	-1.620971	2.935675	-3.128895	-4.628677	-0.920993
0.111228	1.171739	0.676614	1.673624	0.096708	-0.979486	0.865193	-0.036310	1.180989	0.443223
-2.061167	0.169656	-0.433065	1.797914	-0.057723	-1.541984	0.492383	1.883543	2.109419	-0.805472
-0.899241	-4.526959	-2.045506	-1.693400	-2.740060	-1.786673	-2.905965	-1.429945	1.422304	-1.218793
2.071702	-2.913902	-4.471606	-0.718326	-1.795197	2.667635	-1.207860	-1.029987	-2.301862	0.524850
5.398855	0.583327	0.822340	2.697026	0.940675	0.796431	1.849988	2.162906	0.532810	2.239243
1.524015	0.842730	-0.019067	-1.121754	3.581565	1.476003	0.388169	0.693919	1.363312	0.204276
-0.810224	-1.750492	-1.756722	0.867321	1.941681	2.831540	0.278071	-0.964058	1.445434	-0.278164
-1.912366	1.990962	-1.431324	1.594841	-0.937371	0.393131	-0.828814	2.272660	1.510168	0.072711
0.365784	-0.121508	-0.971469	0.293693	-2.684683	-1.853337	-0.837797	0.609559	-1.539098	-1.680711
-0.530178	-1.900002	-0.996756	-2.394438	-2.340446	-1.514476	-0.563189	0.012227	-0.014774	-1.788640
-2.263657	1.885078	4.241917	-2.156565	-2.444656	-0.718199	0.062599	-0.507252	-1.437771	-4.696789
-0.049156	0.372232	1.764751	0.609895	-0.253205	-3.848319	-3.027342	0.832908	-0.068800	-3.702570
-0.106580	0.558558	-0.455652	2.190828	4.095214	3.438950	0.657075	-2.070308	0.318826	0.418807
4.165368	4.163852	-0.131693	2.205816	2.251505	1.138394	1.560741	1.060286	-0.087905	-1.385672
0.795984	2.853511	3.228528	3.585141	1.804274	2.829399	3.518044	1.221773	2.844395	0.989983
-2.782935	1.632032	3.014310	2.044385	4.739226	1.999849	1.100973	2.024137	1.819813	2.999560
-2.357494	0.832510	0.076253	0.344128	2.644065	0.110929	-1.148282	-1.632336	0.677235	1.527346
0.199205	3.280739	3.611952	1.199750	1.829295	1.311222	0.585267	-0.083665	1.004946	0.676929
0.247359	-1.866188	-0.657093	-1.747571	0.049020	-0.425986	-1.987490	-0.330565	1.696433	-3.298803
-1.169036	-2.714877	-0.802389	-5.496256	-5.275958	-2.290715	-0.874965	1.766846	1.136581	-1.164862
0.407118	3.375363	1.749762	3.246671	0.004864	2.853919	1.250631	4.844752	1.341873	3.406439
-1.330282	3.202123	1.448453	3.170688	1.583088	1.121897	-0.076112	1.192134	0.665595	3.342687
-2.371339	0.514994	3.533777	-1.935632	-2.485886	1.732302	-3.292807	-4.861425	0.258231	2.623568
-1.703054	2.723165	2.756728	-0.905713	-3.281057	-3.048687	-0.959263	-1.773544	-4.049237	-3.379531
0.154569	1.157923	3.079097	3.083719	1.145076	-1.269889	1.209808	-0.944540	0.948874	3.255876
-3.112471	3.866857	2.679274	3.221136	2.227111	1.604975	5.518194	1.747368	1.798448	2.093075
-2.371176	4.707753	3.735849	2.414810	1.457247	0.411685	2.276687	3.252560	1.417066	3.373152
-2.695847	-0.991004	1.606910	1.676714	4.175083	1.160619	-2.962527	2.189518	0.578410	-1.187609
1.253614	-0.094329	-1.702756	-0.449783	2.813516	-0.629144	0.567543	-0.285278	0.101860	0.535077
4.506206	2.624960	2.075137	1.898589	-1.326356	1.042172	-0.707314	1.462053	-1.124301	3.207094
4.584728	0.593147	-0.161126	0.130100	1.941261	0.186244	-1.622409	0.384891	-0.584393	-0.310774
-0.924921	-5.404487	-2.526361	-2.431381	-1.620536	-0.650951	-3.234852	-3.638784	-0.864837	-0.214043
-3.209241	-2.872162	-2.219686	-3.695688	-3.069352	-1.917737	-1.725953	-4.048891	-5.732452	-0.689231
0.544068	2.387902	1.300381	-1.178053	-0.613793	-0.023840	0.203876	1.274248	-2.824259	-1.689955
3.252006	0.030184	1.876020	1.713091	-0.015165	3.447516	2.827527	2.791114	1.951321	3.073166
4.414673	2.278662	0.847709	0.975710	0.003626	3.634704	-0.128710	3.433886	2.784566	1.720015
0.621771	1.155712	2.874527	-1.871830	0.784571	-1.299902	-1.810447	-0.328157	-0.584643	-2.574129
-4.187700	-8.543689	-1.820750	-3.626364	-2.862736	-7.869728	-2.859791	-5.712334	-4.272730	-5.434085
-2.509539	-4.281967	-8.278147	-3.757727	-1.519505	-6.196703	-1.682752	-3.958268	-2.077216	-5.174572
-0.758243	-1.148347	-3.435788	-0.478456	2.461655	1.035247	-0.536639	0.302422	0.378276	-1.229312
-0.446111	0.761946	1.165498	0.188014	2.436335	0.239393	3.273338	1.402114	2.520024	-0.115925
2.267059	-1.057318	1.558284	-1.300152	-0.309775	0.787406	-0.524629	0.520888	0.591206	0.410266
0.366971	-3.508564	-4.030058	-1.068793	-1.522886	-4.014943	-0.644947	-2.370576	-2.511702	-2.861859
-0.219472	-2.287721	-3.209160	-1.294843	-3.221909	0.850717	-0.013525	-1.033100	-1.566222	-0.791525
-0.418567	-4.838618	-6.710451	-4.259941	-3.631056	-0.863444	-3.142472	-3.965404	-0.796977	-2.843153
-0.969511	-3.526485	-0.499565	-6.382422	-2.000437	-6.656356	-2.743893	-5.819109	-3.324491	-4.364767
-2.132598	-0.123551	-0.508133	-1.689024	1.810434	0.472150	3.365004	-2.890635	-2.940686	0.486509
-0.016324	1.512653	-0.981589	-0.533383	2.867944	2.899045	0.039512	-1.005802	-0.342386	1.360850
0.391015	1.923997	-0.605468	-3.161337	-1.145419	-0.876504	-1.997776	-3.838031	-2.939615	-1.090068
1.857926	3.579350	2.119294	2.080779	-0.734768	0.111374	2.280736	2.988660	2.639505	0.435830
-1.393386	1.158880	-0.080437	1.927128	1.474882	2.662146	0.147741	4.205250	3.165451	1.419719
1.603885	-1.377743	-1.485299	-1.000625	0.619318	0.515581	-1.081366	1.867820	2.368099	1.599771
0.816247	-7.547450	-3.785129	-0.879518	-0.717074	-2.969051	-2.154289	-2.017849	-2.154174	-2.351437
-2.425695	-6.878574	-6.885164	-3.652385	-2.732009	-8.539783	-6.176433	-3.571875	-3.833391	-5.429633
-1.402931	3.622154	1.423758	-1.563760	1.320398	1.364653	3.753898	2.276522	2.657026	-1.672344
-1.712155	4.604304	2.619398	1.469620	0.309634	1.359327	0.842402	4.505125	-0.132345	1.597104
-0.990957	0.166444	-0.142282	1.723424	-0.354817	0.383606	-1.742825	3.972516	2.675872	-1.204415
-0.571130	-0.645957	-1.083621	-0.045883	-0.653669	-1.871640	0.670615	-1.551022	-0.496545	-1.934830
4.596636	3.194471	0.633641	3.475266	0.687362	1.636457	1.558420	3.032094	0.766683	2.822934
1.279251	2.104198	2.914767	2.787041	2.754361	4.421466	-0.187011	2.182148	0.646234	3.183348
-1.080875	-5.341106	0.860416	-3.196591	-2.262686	-1.974644	3.372521	-1.388477	0.660087	-0.807515
-0.815932	-0.325471	-0.843550	2.352540	-2.026195	-5.503204	2.254115	-2.490895	-3.034579	0.850219
0.190891	1.748076	-1.117369	-0.205095	0.068419	-2.322644	-2.102728	-2.462122	-2.126086	-3.086278
2.345505	2.199007	1.712118	2.917674	3.550242	-0.092294	0.825592	1.453228	0.398548	-0.088034
-1.910777	0.647093	1.895875	-2.194979	-0.376541	0.661216	3.994177	-3.057359	-0.202199	-1.198674
-1.851645	-4.720891	-1.231837	-4.254281	-0.677246	-1.546043	3.090728	-3.827895	-3.748246	-0.782726
-0.480885	-2.827970	-4.404755	-2.404459	-2.357186	-2.746701	-3.935851	-3.742295	-3.485511	-3.495716
5.417715	2.150729	-1.346415	0.449362	-0.501076	1.269615	-1.366559	1.398631	0.607586	0.338629
4.351169	3.221883	3.875444	3.116560	1.524669	4.449076	1.303408	4.960870	3.580427	5.334884
1.164890	4.967270	5.739689	3.860712	2.337936	3.608055	0.493354	4.250313	4.662195	3.371622
-1.219908	-0.895933	1.927984	-1.039204	-1.707890	1.299425	-4.225716	-0.635753	1.598972	-0.300181
0.137790	0.440854	-4.674505	-0.753208	-2.313321	0.452459	-1.190897	-1.193535	-3.406458	-0.257351
-0.898602	0.630610	-0.189111	3.574481	-0.199272	3.293532	1.220616	2.640756	1.898588	1.002687
-2.069369	2.121418	1.434132	2.203846	0.898245	1.226419	2.144330	-0.613887	0.349393	1.686310
-3.113995	2.613261	5.402295	1.992168	4.518017	1.701096	5.670650	2.096928	1.962844	3.290595
-0.376064	-2.520380	0.274746	0.305734	-0.753470	0.915538	-4.368314	0.235394	2.348724	1.723217
