X1	X2	X3	X4	X5	X6	X7	X8	X9	X10
-0.446212	-1.176341	-4.359295	-3.377624	-1.985516	-3.778664	-1.888338	-3.789424	-4.095515	-5.065517
4.381253	3.676439	3.962634	3.398320	0.517084	4.487320	0.892818	2.931969	2.981442	3.468620
3.130828	1.565657	3.322124	3.689537	3.156167	4.657577	2.186605	3.840223	3.031375	3.201760
-1.983062	-4.548984	-1.658732	1.304844	0.898545	0.139291	2.371729	0.878965	1.331490	0.281189
-0.133995	-1.409577	-7.638442	-5.306941	-2.181772	-9.611655	-2.061301	1.063018	-2.975110	-3.298710
0.872651	-1.032415	-2.444412	-2.196300	-1.258972	-17.418980	-5.770576	1.000310	-1.856220	-5.837650
-0.455103	-0.341190	-0.625147	1.433285	-0.516641	1.001398	-0.794389	0.133464	-1.530238	-2.124747
-3.078939	2.602606	0.976946	3.355233	2.049334	4.026357	0.437870	2.301805	1.473341	0.941184
-0.248738	1.332580	1.965863	2.845262	3.452468	0.534677	2.850309	0.831158	0.733517	-0.148374
1.839817	2.429341	3.864897	3.330092	0.773775	1.396236	4.108137	0.228848	1.454094	1.309963
-2.329558	0.556400	-0.703454	2.062642	1.417272	3.795511	1.520162	-2.115203	2.097971	-0.122521
-4.130849	2.183366	-0.018096	4.231331	1.609674	2.813078	5.059892	1.580331	0.418151	1.742356
-1.221642	1.314149	4.557568	2.449580	1.589199	-1.072888	4.196837	1.155871	1.587832	0.388678
-0.404724	0.227759	3.276234	-0.885393	-1.254635	-0.333612	0.820405	-0.968959	-1.311386	-0.483473
0.977015	1.370307	1.516200	-4.113166	-1.652311	1.859481	-4.238596	-0.764638	0.522397	3.035986
-0.362915	0.304005	-2.102237	-4.569521	-1.379309	-0.446537	-3.042658	-0.808442	-1.775521	1.570836
1.161895	1.894065	-2.230380	-1.981937	-2.015412	-1.180093	-2.264972	-4.613053	-3.149243	0.286460
-3.639247	-3.174903	-2.716732	-4.278293	0.223203	-0.617715	-1.318231	-3.421448	-5.297571	-1.976360
-0.333336	1.348413	-1.105392	2.199929	2.820053	0.016669	-0.866526	-3.395308	-1.261909	-1.157043
1.630234	0.359727	4.062236	0.417549	-0.335740	0.511128	2.037650	0.432987	0.595739	3.946293
2.491167	1.798751	2.380251	-1.300411	-0.744155	4.293833	2.252405	3.898355	4.203970	0.377929
2.932665	-0.678704	1.326454	-1.429033	0.110529	1.558555	-1.977755	1.909914	1.750378	2.887048
2.860932	-1.584424	0.428542	-0.749497	-0.369867	3.074162	-4.104621	2.148782	2.224557	-0.042970
-1.282433	-0.086896	1.249816	-3.115684	0.123879	1.125823	-2.395087	0.822975	1.173601	1.517956
-3.224830	-0.964108	2.354875	-0.596673	0.686790	1.441707	-1.157546	-1.638391	1.399705	0.293909
-1.742160	-2.389947	0.802419	-0.944846	-1.881413	-1.390117	-1.935292	-4.342901	-2.595938	-0.860630
-0.841025	-7.766599	-7.698051	-4.507584	-4.867208	-6.224282	-2.806319	-6.094541	-7.834537	-5.196479
-1.370928	-3.707052	-8.041335	-1.874267	-2.592971	0.203181	-2.717520	-3.369496	-2.500398	-2.157057
-0.929173	1.073707	0.759467	1.996622	-0.133080	1.333939	0.923011	-0.464853	1.207970	-1.670182
-3.617065	0.308393	0.914357	5.701802	-0.234214	0.811462	0.635979	0.110898	1.094060	1.544029
-2.930509	1.687016	0.375735	4.070791	2.159952	2.765515	1.870490	0.513971	2.674761	1.738257
-2.238811	-0.486908	-0.605598	0.763107	1.240239	-0.341632	1.046248	0.493374	-0.006333	-0.691414
-1.489879	-2.366969	1.794160	-2.964133	-2.454530	-5.488311	3.018359	2.647120	1.011567	-0.811903
-2.094619	-1.871252	-0.437390	-3.179611	-3.981933	-0.452954	2.359126	-1.381184	1.734152	2.008075
2.442060	-1.467845	-0.012547	-2.801509	-2.023448	1.811107	-5.027944	2.933271	3.563112	-1.127097
4.065450	-1.355936	-2.177808	-0.874412	-0.350752	4.957042	-0.621449	1.407894	0.400240	2.719565
3.494542	-1.738311	-0.735573	-1.117804	-0.747223	-1.644081	0.571916	-2.683110	-3.682076	-1.230556
0.451428	1.655041	0.209960	-0.351867	-0.645540	0.969509	4.015955	-1.067933	-0.594945	0.289225
5.826296	2.560332	0.927593	4.769214	3.297618	4.358081	2.953870	3.574331	1.796524	1.042795
3.527138	0.896175	0.154628	0.051554	0.277673	2.652807	-1.898534	2.034086	2.672721	1.310937
5.637044	0.724781	-1.564333	-0.145531	-0.262955	2.583957	-0.937655	1.108338	2.794937	-0.086061
1.808403	-1.449637	1.066312	0.757974	-0.484745	-0.639497	-0.462789	-1.089310	-1.650838	1.006087
-0.992594	0.208131	-1.592136	-1.269118	-1.580778	-2.402281	-3.828835	-2.362354	-2.437312	0.498668
-0.335658	-1.007302	1.695725	-3.629991	-1.373934	0.523476	-1.010289	0.225609	-1.362294	-0.863531
-0.601699	3.110373	4.007397	-1.167833	-1.479894	-0.378249	3.756450	0.992982	-0.360393	-0.558021
-1.589926	2.711669	2.802683	3.896271	3.702461	1.432016	4.884285	3.205066	1.855183	3.011887
2.830750	-1.288705	-1.154217	1.003035	4.075549	2.277649	3.207118	-0.835737	-0.848673	1.923482
3.276920	-2.362238	-5.419201	-3.277030	-1.697612	2.601225	-3.086150	-0.792026	-1.279270	0.836755
4.014775	2.316280	-0.241866	-0.792711	-1.453707	0.577323	-0.577018	1.615400	-0.869314	0.317795
4.348206	3.460160	4.289087	3.715305	0.521482	4.835221	1.527317	3.240242	3.174987	2.312994
2.149903	1.702011	3.189562	4.676330	3.079971	1.134998	2.031255	-1.153799	2.154829	1.587944
-0.417840	2.400442	3.034358	4.270674	4.435674	0.258935	1.751798	1.240975	3.703905	1.999738
-4.344432	-0.766037	1.844178	-1.498750	1.871506	2.195013	-0.710655	2.247064	3.867210	0.275868
-3.878280	0.627483	2.554922	-3.867732	-4.504819	-4.132385	-4.222502	1.957769	-0.498360	-3.064671
-0.125490	4.754211	3.172590	3.151239	2.421312	3.894326	2.861557	3.295688	3.451490	2.478314
-0.784870	3.237855	-1.842316	3.893972	1.372812	0.575328	1.108123	1.732921	2.279257	0.120820
-1.389324	-2.229578	-6.889996	-2.691722	-0.720408	-8.355591	-1.221205	-0.620934	-2.848061	-5.484760
-1.248957	3.063322	4.141050	3.877166	0.150763	-0.710245	2.072275	-2.047477	-0.333468	0.378273
-1.918873	-4.085338	0.392021	-0.791955	-1.422665	-0.895047	-0.963640	-2.717110	-3.721364	-3.981686
-0.166677	-10.087551	-5.795682	-5.807876	-2.302082	-1.332506	-4.787648	-4.088834	-4.561651	-3.558438
-1.039771	-0.872010	-7.148361	-1.952090	-1.123379	-7.268933	-2.859751	-5.052150	-3.621630	-3.695987
-0.914458	2.150493	4.033785	3.660413	2.753751	1.860962	3.752351	2.883741	1.620401	0.725266
-2.165839	0.392562	1.042752	3.707038	3.512615	3.533773	1.404957	3.777937	2.177241	3.159121
-1.440115	0.570206	-0.105859	0.743895	2.973820	-1.313708	4.021266	0.857737	0.760692	2.007477
-1.058386	-0.821471	2.568150	1.416987	0.066672	-2.963386	1.090877	-3.608160	-0.381845	-3.437566
-2.020053	-1.748762	1.051475	-1.240477	-4.322625	-2.977567	-3.680411	3.107645	1.509634	-4.278507
-2.063313	0.243237	-2.241886	-0.490892	-1.890168	1.454746	-1.984201	3.135650	-0.724069	1.216154
-1.144766	-2.888169	-1.690936	0.467646	2.217347	1.807149	-1.025694	2.007255	0.882350	3.514718
3.710191	-1.668474	-3.321178	-3.205457	-1.946077	-3.018559	-1.837991	-2.726442	-1.990306	-0.881812
2.435461	1.066525	-0.448415	-3.039297	-1.897540	-5.504981	-2.025496	-2.398541	-2.400533	-5.273235
-1.631152	3.658032	4.780147	2.955129	3.790859	0.237385	-1.444909	-0.418544	-0.072525	-0.673749
-1.662645	1.590452	4.601204	-0.008676	5.288121	1.743136	0.995266	-1.142251	-0.024977	-0.907850
1.278487	-0.006314	2.201351	0.029492	1.983043	-1.982624	-0.028974	-1.224463	-2.140884	-0.225736
1.909250	-2.305861	-5.178317	-1.850766	-3.357275	-0.368095	-1.645531	0.341720	-1.930041	1.326496
0.967348	-2.846588	-4.831508	-3.734549	-3.414737	4.923725	-2.879708	0.656796	-4.536541	-0.042550
-0.256512	2.291109	3.306074	-0.795055	-0.134546	-4.150960	-1.926309	-1.435035	-0.036878	-1.278671
-1.043623	3.701030	3.753420	-1.485385	3.266595	0.113853	-2.511437	2.695226	0.838554	-0.412963
-3.188680	1.740277	-1.106076	0.825761	2.941380	1.550767	1.601205	1.131179	-0.992439	-0.562023
-2.922775	-3.025348	-2.300624	0.109482	2.191204	-0.202612	1.903712	0.564924	-1.903149	-0.014947
-2.245001	0.284054	1.484970	0.656777	1.058260	0.716119	0.264480	-2.675440	-2.886372	2.174770
-2.564151	-2.307715	-0.013605	1.058943	0.849541	1.226666	-0.146194	-3.557214	-2.661700	-1.065770
1.973583	-0.949455	-6.475957	-2.927623	-3.001760	-5.362766	-0.455715	-1.602799	-1.312327	-2.534961
3.737909	0.610332	3.186902	-2.051925	-3.201851	-1.081871	1.573912	-1.526995	-0.641047	2.072499
0.511234	0.849747	3.128164	-1.124467	-2.636542	-0.020444	3.783084	-0.932102	-2.759454	2.330815
-3.043735	1.525288	1.453416	3.829646	0.518858	2.039222	5.098494	0.027077	2.179157	1.083790
-1.589990	0.701153	1.861148	4.230307	-0.877162	2.246632	4.790139	-1.225157	1.873491	-0.999172
-1.657722	-2.503059	-0.171552	0.406312	1.017888	-8.841107	1.113313	-3.781605	-2.497646	-3.322267
-1.021527	0.513049	1.229102	-1.289749	5.256897	-1.811090	-2.263690	-1.869670	-0.790150	0.939708
-3.174195	1.121175	2.715499	4.053219	3.382753	2.376190	0.775727	0.136947	2.821782	4.456556
1.993878	2.859516	3.132626	4.437005	3.991445	3.562438	0.178557	1.963446	1.083754	2.882080
0.903201	-4.214132	-0.076832	-0.837298	0.078258	-3.019740	-2.318704	-0.083777	2.407069	-0.502417
-2.305223	-3.558273	-7.718988	-3.802802	-3.990219	0.693363	-3.790263	0.451878	2.136329	-0.703732
1.348314	0.339590	-4.977656	-2.444516	-3.646599	2.453950	-4.631024	1.447307	0.764736	0.986037
1.915215	4.431152	1.389949	-2.045852	-0.619096	1.536129	3.419707	0.022208	2.324690	1.518093
-1.564015	4.565209	3.412012	1.960379	4.766675	0.946402	1.651725	-1.849122	0.874291	1.058437
-0.100571	3.071055	2.339918	0.755165	3.223302	-0.704624	-1.146675	-2.064787	-0.397861	-1.813528
5.538448	1.018485	-2.072748	1.279892	1.147271	1.578855	-1.075999	1.100912	0.677033	-0.762702
5.096947	0.640493	-1.159402	2.366448	-1.950734	2.135942	-1.598051	3.014069	2.400669	2.401617
3.122926	-0.878225	4.396740	-0.341082	-2.581226	4.248341	-0.389835	3.893180	4.594646	-0.310769
2.027187	-0.353777	0.579464	-0.147611	-3.148820	-4.024744	1.815842	3.148641	-0.716442	-3.717259
0.608530	-0.149569	0.025153	3.192345	0.379571	0.134288	2.438977	-1.452852	2.807502	-1.061954
1.327654	1.458793	1.109392	5.370172	0.152332	3.308242	2.073066	-0.061805	-0.227928	-1.436553
-2.135140	0.877102	2.211064	3.066654	1.943349	1.068318	-0.488095	-1.511823	1.643561	1.601645
1.928644	1.310052	0.061454	2.674175	2.113008	3.309518	2.099190	0.365388	1.758962	5.188240
0.575205	-1.979066	-2.541453	-1.980679	-0.575304	2.477344	-1.045982	2.621222	-2.704233	2.257731
-0.559561	2.062142	3.111027	0.889374	0.498899	-0.663404	4.535487	2.243272	0.893168	2.896519
1.064541	-1.150631	1.233779	1.225919	3.128604	2.746075	2.239393	1.122433	2.327454	1.833102
4.659906	-0.851693	-3.132511	1.310039	0.503999	3.726480	0.041335	0.589696	-0.239484	1.722381
3.047929	1.557749	-0.851358	1.812319	1.407670	2.356811	-1.774289	1.895055	0.779742	2.260255
5.091104	-0.606913	2.264225	0.522242	4.192906	3.815067	0.532420	2.001603	0.681021	1.844522
4.495623	-0.679886	-1.442278	0.407892	-1.915104	3.989847	-0.904839	1.087031	-3.029560	-0.037518
2.377278	-0.982578	-0.748378	-1.771247	-4.003172	1.438648	-3.480865	3.091433	3.734487	-0.408066
-1.714840	-2.496196	-2.456488	-3.361290	-1.926707	-3.212430	-1.679259	0.036399	0.625249	-3.826723
-1.721339	0.254651	-0.194220	2.823147	2.785978	-2.226492	0.658382	1.956821	2.458111	-0.169391
-1.993630	-0.555042	0.966115	2.034149	3.078077	1.221861	-1.910742	0.293593	3.005460	0.874930
-3.574723	-1.193084	-2.404694	0.740202	-0.251021	0.790825	-2.304729	1.087804	3.320181	0.158238
-1.145629	-0.660381	-2.115956	-4.359909	-4.679324	-0.291303	-2.684775	0.854847	3.340760	-2.415767
-2.811858	-5.740442	-1.118982	-2.686597	-3.139339	-0.438027	-1.576177	0.138312	0.759380	0.438913
-0.703024	4.190628	2.121922	-0.557675	-0.579674	2.636648	2.707368	1.666293	0.297829	-0.239024
1.478062	1.540221	3.531048	-1.389357	-1.679534	2.545519	-0.615934	2.637480	1.664889	-1.613677
-2.015812	-2.403169	-4.952112	-2.189053	-0.990625	-7.766520	-3.343478	-2.468535	-3.044853	-5.598549
-2.639060	1.082351	-3.419462	-2.476976	-4.180254	-14.131474	-1.284059	-5.221959	-5.255512	-0.852740
-1.002394	1.385776	0.273594	-3.474635	-4.000823	-1.466748	2.807631	-2.618002	-5.846904	-2.471351
-1.145927	0.598599	2.370650	-2.748141	0.038963	-2.042248	-0.273303	-1.418371	-0.532643	-4.380383
-0.804672	0.852314	1.952005	-2.007302	0.479301	-4.854480	-4.005453	0.365427	-1.506742	-6.459838
-1.331643	2.589316	2.354557	-0.921827	2.099788	-0.774849	0.664190	-2.102616	-1.327916	-1.328215
-1.265453	3.538399	1.473506	-2.087122	-1.113578	-2.722062	1.789934	-4.297307	-2.051478	1.824785
2.912186	-2.060941	-1.451749	-3.198795	-3.327498	1.713474	-0.497312	-1.925253	-2.326141	1.139260
1.609060	-0.384909	-2.344705	0.130348	-0.675073	0.283051	-0.195438	-1.263759	-0.922416	-0.362890
0.035756	-3.222610	-2.776361	1.092205	1.367997	-1.444336	-1.141135	-3.133932	-0.635017	-2.212065
-3.962137	1.096753	-4.808712	-2.946731	-1.420189	1.319605	-3.283491	-3.135578	-4.567352	0.765935
0.100767	-0.741725	1.167346	0.415839	2.689271	4.355665	-0.053398	0.735798	-1.094032	3.405308
-1.167843	-4.047047	-2.097982	-2.305188	0.745377	-1.896163	-3.986642	-0.515708	-2.428968	-0.461746
-1.856778	-7.482717	-9.804389	-3.481913	-2.230470	-10.923588	-3.275414	-2.674902	-3.366666	-2.568627
-0.585650	-0.786137	0.495633	0.782663	3.244033	2.810182	-0.293902	-0.054885	0.317266	0.115164
1.994131	0.077990	-2.629508	1.067042	0.119088	3.230437	-1.078694	-0.376664	-0.846580	1.631627
5.065654	-1.328939	-0.911802	2.999124	-0.265103	0.677870	-1.493279	1.880861	-0.200008	3.274662
2.777411	-4.409925	-3.376139	-1.820790	-4.261937	0.859869	-1.259045	-2.739113	-4.186023	0.137468
-1.440209	3.331530	2.865293	1.309105	0.806088	2.761326	3.648520	-0.219889	0.048871	1.603945
-0.534912	2.810325	3.700606	4.139611	1.164576	3.324630	4.419028	2.638633	1.951572	4.055692
-1.090808	1.930958	-1.872387	1.586433	0.852129	-0.845830	2.517190	-0.895348	1.330378	-0.420591
-1.596604	-0.169872	-1.739272	1.511676	-0.662148	1.283536	0.684318	-2.947534	0.393988	-0.270606
-1.307605	1.753036	1.681365	0.713144	3.172848	3.865617	5.551422	-1.912523	0.450404	3.741048
-2.045418	1.214981	2.860340	0.394643	0.607719	2.767900	2.648114	0.656685	-0.271174	0.980670
-0.799548	-1.501136	1.289069	-2.686119	-2.285831	-4.977026	3.162805	-2.254409	-1.961742	-2.063842
1.136000	-4.853716	-3.377532	-3.458035	-4.030299	-13.794573	-0.864395	-3.377803	-3.735298	-3.410288
-3.412077	-1.208656	-7.590745	-1.631299	2.329619	-0.041854	-3.056977	-1.293595	-3.204536	-0.938469
-3.091783	1.567743	1.315146	1.714997	2.627826	3.592018	-0.945531	1.952017	0.334650	-0.704886
-2.852720	-0.164816	1.943761	-0.124739	1.159624	1.374530	3.535853	0.266036	1.090064	1.175259
-2.816991	0.440169	2.737418	-3.833098	-2.823585	-1.017631	-0.485718	1.086665	1.954816	1.451965
-0.654496	-1.131701	1.613535	-0.444372	1.038104	4.161921	-3.418736	2.500809	3.670613	-0.051269
-1.493037	3.528977	0.660732	0.569247	4.929391	4.564572	-2.616394	1.739672	1.156365	1.056254
-0.857612	4.157506	2.649929	1.448769	4.311378	4.053208	4.491916	-0.104943	1.046180	1.732035
-0.871123	4.214790	3.577844	1.076403	2.133568	-1.007486	3.645199	1.578271	2.254071	0.931170
2.443934	1.192731	0.549099	-2.043444	-0.872238	2.405876	-1.708741	1.970817	-1.766853	-1.775841
3.322358	1.409933	2.164711	0.211538	-2.595139	1.048080	-2.761697	1.654501	-0.248678	0.182199
4.546853	1.240201	-0.002597	3.519358	2.944365	4.008511	-1.831568	3.305530	2.021908	1.578588
6.296422	2.832039	1.577292	4.481024	-0.490925	5.963054	2.273051	4.626509	4.987618	2.145726
1.490467	4.005252	4.059400	1.099744	0.265091	1.178895	1.813361	3.842444	1.381866	5.063409
-1.657208	2.307545	2.678946	0.086428	-0.130387	-0.009180	1.478064	2.790942	-0.335635	1.943336
-0.881398	-0.086777	0.158250	0.517082	3.379840	3.240914	3.184561	3.019410	0.793731	2.273805
-0.726599	-6.175907	-2.596770	-3.019686	-1.715329	-0.992237	1.450351	0.110454	-2.722422	-1.487385
2.513794	1.780759	0.376505	0.512133	-2.716294	-9.106245	0.498533	-1.451318	-1.124779	-0.964736
2.725687	0.929730	1.309896	2.725644	-0.176758	2.532575	-2.275693	-1.256099	0.849377	-2.436151
-2.152915	-5.060290	-0.715681	-1.653144	-1.010622	1.525111	2.843869	-4.050382	-3.344141	0.704071
-1.365205	1.194508	1.448192	2.689174	0.232511	2.917951	2.576217	-0.794060	-0.060615	1.814627
0.951922	-2.113370	0.400834	2.506204	2.012540	1.031783	-1.919152	-3.755623	-0.683130	-0.697483
-1.859627	0.137285	-2.768739	-2.234747	-2.366038	-1.549204	-2.657144	-3.549766	-2.035370	-1.727760
-2.414444	-2.194522	-2.278111	-3.411975	-1.595826	-0.112920	-1.956464	-3.043180	-4.037720	-1.745206
0.047576	0.620020	-0.627565	2.603426	2.323973	2.969127	2.296884	-1.065656	2.352937	0.220680
-0.331858	-0.343283	1.686714	3.627160	1.469356	2.650927	1.162694	1.139713	1.982717	0.198198
-0.519639	-6.541922	-4.303461	-0.721968	-2.313381	-5.193228	-1.900642	1.907136	1.436934	-3.957452
-0.079359	-5.457388	-6.664774	-4.859755	-3.110740	-8.125242	-3.882231	-3.049680	-3.904795	-5.031070
-0.382911	-2.964073	-2.649213	-1.280597	0.041174	-2.189022	-0.879879	-2.644225	-3.860956	-4.315055
-0.582687	-1.186168	-1.045565	-3.082390	-1.852242	0.850928	0.866605	-0.329191	1.853567	0.972396
-1.945979	-2.282364	1.762381	-2.414033	-2.320791	0.854807	2.914414	-0.493969	3.205888	0.014582
-0.373779	-8.810452	-5.691164	-2.113021	-2.961677	-7.056089	-2.123961	-3.569951	-2.065478	-5.033292
-2.948578	3.310477	-0.163889	-2.134454	-3.263603	-9.624759	-0.442828	-1.954227	-3.696717	-1.955726
0.798531	4.656532	5.295214	5.920772	3.295926	3.094999	2.031604	2.940310	1.991784	4.461386
4.603957	3.508122	2.417854	3.911059	4.720709	3.835986	3.466126	5.027371	5.192439	2.850944
3.517308	2.499556	1.546938	1.809007	1.228442	3.210508	1.331029	2.342164	4.950461	0.344555
-2.092908	-2.686258	-2.832726	-2.110881	-3.055279	-4.151031	-0.551395	-0.761601	-2.337238	-4.618978
-3.035082	-0.942411	2.543866	-5.352504	-3.693656	-12.358823	-4.140654	-3.538414	-5.512045	-6.858449
-2.419507	-0.377093	2.647419	-3.520261	-0.692192	-15.313059	-0.457158	-4.829567	-3.245348	1.155046
-3.143173	2.931203	4.592838	0.771550	3.239412	3.546871	2.600086	1.583351	-0.059138	3.249914
1.454126	1.936985	3.363824	4.529829	5.789253	4.694479	3.053769	0.611749	2.870199	1.909661
4.405100	1.095761	2.201981	4.453979	4.501229	5.203478	4.312183	1.510938	2.779170	2.461794
4.811257	-4.309861	-4.948590	0.321201	-2.588061	0.814583	-3.029777	-0.114074	-2.735512	0.386421
0.021804	-1.234975	-2.530591	-3.655705	-2.111818	-8.379289	-3.677721	-1.738874	-1.044240	-1.390052
-4.505550	1.732127	2.267480	4.142263	2.270658	-0.286921	0.051446	1.475046	2.919897	1.855685
-1.322099	4.093051	4.244619	2.845108	1.892666	2.335707	0.470118	3.255198	4.384705	3.326340
4.000067	2.314502	2.864825	4.802830	2.387106	2.683915	1.115889	0.338192	3.589095	3.947922
4.342855	2.525087	2.651594	3.607032	1.323479	2.148926	2.399555	3.961939	2.739872	2.062341
2.281972	3.129709	1.702022	-0.671784	-1.077014	-1.887137	-2.454490	-0.449950	-0.846656	-1.519695
-3.121775	-0.121826	1.856203	-4.612116	-4.796672	-0.420950	-1.151948	1.036335	0.892417	-1.579774
-2.119678	3.477385	0.143232	1.827240	0.120608	1.001413	0.479177	-1.495594	0.582799	-0.981286
3.574970	2.800445	4.574302	1.376585	1.405027	1.946780	0.460983	3.230175	-0.128606	1.380279
-1.700124	-4.446743	-4.381795	-1.266176	0.067489	2.812877	-2.674932	-1.706149	-0.775692	2.093932
-0.838854	-5.456778	-10.709067	-4.031740	-2.262404	-2.811466	-0.735069	-2.347652	-4.769754	-2.935517
-2.664513	-3.734758	-1.368622	-2.006603	-4.537247	-6.430919	3.345272	-1.705625	1.509812	-1.406754
-0.720694	-1.735583	-2.981770	-4.137061	-3.454837	2.204646	-2.815708	0.297645	1.676110	2.294229
-2.029393	-0.393252	-4.506522	-2.539509	-0.058668	4.186863	-3.923308	0.806269	1.665144	0.829546
1.004598	3.973133	3.031612	0.293357	-0.737437	2.246261	-2.526127	3.841359	2.043517	0.803006
1.898484	4.276672	3.824120	-1.034156	-2.937837	-4.766927	-0.603462	2.190326	1.458233	-2.439878
-2.744831	-0.520238	0.496491	-5.496643	-1.890062	-9.630269	-2.994209	-0.546218	-4.097907	-7.375795
-2.754340	2.919299	1.656113	0.791402	2.064492	0.483567	-0.195064	-3.199963	-2.309299	0.393266
-1.763140	2.012082	4.066072	0.142686	0.510034	1.891015	4.107478	-1.774796	-3.216843	-1.767183
-0.342925	0.366605	-0.274344	-3.242986	-3.245031	-0.372194	-2.064278	-0.913407	-0.794437	-0.789933
-2.218092	-1.311935	0.705252	-4.397505	-2.423595	1.842473	-5.755727	-2.841084	-0.737579	-1.049972
-1.457237	-1.540645	1.039645	-1.168565	-0.087152	-2.822852	-3.980060	-0.770017	-1.983269	-2.977890
-2.379857	0.709969	3.597024	1.411542	1.951908	0.941264	-0.603372	0.705104	0.729595	-0.082976
-2.031448	0.531502	2.654872	1.028124	0.369291	-1.258649	-0.808753	2.531092	-0.403589	0.918579
-0.420807	0.903247	-3.019722	0.154489	1.313506	4.037841	3.300203	-0.080346	0.989881	2.974785
4.862567	5.227095	1.671227	4.009946	2.357861	3.608764	1.480007	4.350103	4.409804	4.898851
5.140877	3.918838	4.752404	4.414402	4.124163	5.822949	2.978466	3.641246	4.165980	4.097985
3.618724	-1.264430	-1.363703	4.197467	4.833422	-0.305174	2.736792	-1.388407	1.315407	0.999096
4.772310	2.182779	2.609592	-0.488750	0.720846	1.362623	1.824892	-0.731247	0.553284	1.226092
3.323036	0.668659	-0.457625	0.803958	-3.638958	2.459265	2.546078	1.395234	1.278810	-0.364421
-0.036999	-0.260602	0.025433	-0.420199	0.446020	1.663380	3.891261	-0.522256	0.387084	1.105864
-3.341494	-2.385513	-2.398046	-0.330512	1.146588	-0.001108	-1.183651	-3.464810	-1.415896	0.907654
-1.779349	2.064717	3.115025	-1.462172	0.974653	-0.527075	0.441655	-3.384621	-3.714533	0.219454
3.092936	0.282277	3.767933	0.768230	-1.529976	2.108400	-0.627812	-0.989682	-1.727028	0.727069
3.750458	-2.682843	-1.542332	-0.561699	-1.403592	0.428539	-0.510640	-1.866389	-0.822085	-1.873297
-2.659083	-1.616854	-6.050083	2.024551	3.294514	-0.278238	-1.051419	-1.469136	-0.765906	-2.293041
2.551411	-2.808765	-2.663929	-1.452412	-0.842853	3.653286	1.381661	-0.822818	-2.066195	-0.156758
-1.000963	-1.546786	-3.415782	-0.888279	-1.535484	3.169428	-2.001288	0.974368	-1.002154	-0.151248
-1.443506	-0.444530	-1.423650	-0.813044	-2.099774	3.211303	-2.665358	-0.197276	-0.690186	3.334492
-2.338521	0.259596	1.389758	1.608001	2.071984	3.152925	2.519662	0.659754	3.894503	2.554763
-0.405012	2.759580	0.112533	1.237464	2.653996	1.128905	0.214681	0.722458	2.954810	0.498164
-1.611582	1.746713	-1.605233	0.256251	2.478666	0.119955	-0.572192	3.637638	0.349732	1.422496
-0.030134	-0.467715	1.731653	0.488768	-2.267200	4.915583	-2.416247	2.744293	-0.438737	1.589957
4.678227	3.402787	3.490985	4.277922	0.769601	4.044495	3.260723	3.198623	4.410699	4.436146
1.801698	-2.589591	-2.041642	3.234818	-0.530927	4.255597	0.957825	1.279426	1.544036	2.239159
-0.826225	-12.859957	-8.657135	-3.453540	-1.901681	-6.600806	-3.991433	-4.310801	-6.451033	-3.870706
0.074852	0.064181	-4.618897	-3.066047	-3.698658	-10.143013	-3.618144	2.959840	0.289588	-4.511354
-0.265574	1.762114	2.498167	-0.254300	0.348643	2.380276	0.462696	3.192344	3.201293	3.701410
1.175491	0.410136	0.442155	0.041005	2.717323	3.631861	4.424094	1.216906	0.123477	4.215283
3.476944	2.435237	2.057964	1.554569	-2.569318	2.294338	3.116053	4.086221	1.064933	2.252556
-0.658522	3.073713	3.989392	3.644195	1.145620	2.240903	5.188376	1.237182	3.092056	2.809125
-1.977012	-7.527644	-3.908562	-0.826416	-2.254164	-5.847549	-1.260733	-3.782917	-0.648462	-4.320920
-1.365429	-10.303639	-11.058699	-5.125065	-4.566273	-10.120928	-3.350172	-2.661886	-4.619626	-8.936485
-1.713179	0.301122	-1.964919	-2.745052	-3.383208	-4.432741	-2.007741	-1.498432	-3.394044	-6.522280
-1.511667	4.899034	3.539778	3.371523	2.406226	1.933301	0.755160	1.593834	3.238978	0.815086
0.763102	1.724993	0.285092	1.238556	4.886225	1.326584	1.131931	2.965603	2.633432	-0.672797
-2.287477	-0.273105	-1.770475	1.140246	3.311084	2.681397	-0.606929	3.619463	1.090511	0.779961
-1.195308	-1.706263	-0.680921	-2.368411	-1.706002	0.796023	3.414776	1.658704	-2.835192	1.718848
0.020504	5.369314	5.185355	2.375680	0.924959	2.454646	3.707443	-0.547087	2.921214	3.098652
2.204355	1.956025	4.207455	1.945016	2.837660	4.367349	5.671168	1.676277	2.003521	4.022761
5.486440	2.184368	2.754782	2.441989	4.799994	4.494712	1.069445	4.411883	4.983223	3.506463
2.195855	2.806340	2.260638	6.323594	1.065150	3.158015	0.879069	5.541018	3.091009	2.902744
-0.416302	-5.138560	-2.738974	0.991923	-0.768980	-4.529963	-0.390469	-1.133233	-1.101227	-3.424511
0.509763	-6.085432	-7.928150	-4.184732	-3.648807	-14.609946	-2.968676	-2.313685	-2.016395	-4.849116
-0.202353	-1.016977	-2.713789	-2.308280	1.367158	1.364045	-1.256361	-1.950852	-3.291203	-1.346785
-2.135452	2.435204	-0.482987	-1.643329	2.113704	-0.079018	-2.571233	-0.650750	-1.255261	-1.014934
-1.565737	-1.482289	1.578759	2.111110	2.363518	0.262742	-0.740604	-2.091894	0.132724	-0.112780
-2.689712	-2.528054	-0.323148	-0.919674	1.478787	2.145897	-0.001785	-3.693100	-3.879558	1.368462
0.073322	-0.140692	4.066594	-3.527191	-3.732303	2.378720	0.405712	-0.684184	-4.496117	-1.064926
-0.213438	2.402999	1.568388	0.755445	-0.822764	3.425182	2.064473	2.364038	1.226140	0.763440
-1.735993	2.107120	0.231736	1.566623	2.931688	3.126356	-0.207814	0.752850	1.252903	2.018442
-0.919146	2.252572	2.767342	1.492130	2.154738	-0.151390	-2.657365	0.614136	-0.644738	-0.900839
-0.620696	-4.006943	-0.479495	-3.265047	-1.247329	-1.384685	-1.918894	-2.274820	-3.437792	-2.428219
-0.705746	2.847477	2.592029	0.508476	-0.652227	2.710640	-1.589717	-0.674533	1.869432	-0.461118
-1.564696	3.443734	2.175714	4.794187	-2.476174	0.591954	0.102349	-1.495921	0.989226	0.315945
-0.621246	-1.092370	3.011662	-2.695430	-1.776586	-2.850374	-0.134312	-4.042097	-1.646121	1.621552
-2.980998	-7.978633	-5.371427	-5.022090	-1.885278	1.491523	-0.662517	-4.986078	-4.107118	1.509882
-2.474550	2.912647	-2.754653	0.063893	-0.938367	2.580414	-0.555285	1.831322	-0.469573	-0.281783
-2.419804	0.423674	2.342985	2.329402	3.161731	2.837266	2.378767	-0.483812	2.297905	-0.621263
2.640042	3.839449	0.611585	3.807022	6.938399	2.155646	0.881921	2.522907	5.534207	1.313423
4.670488	2.624576	3.975147	1.433437	3.573921	6.102623	3.351257	2.005764	2.614624	2.509253
1.594435	3.613157	2.039069	2.302131	0.050580	1.985265	5.349956	0.256846	-0.181152	2.609009
-1.923618	2.861895	4.048249	4.761388	0.059361	0.471439	3.092900	-0.748858	0.943870	2.008671
2.297532	1.609692	2.327786	-1.010507	-1.072353	-0.447787	-3.354330	-0.451462	2.914582	-2.068582
-0.498416	-0.320148	2.355577	-3.938872	-4.095776	-2.066845	-2.794554	-1.004276	1.979377	-3.383569
3.469141	2.130378	2.299419	1.228380	-1.196425	4.272135	1.839008	3.123488	2.441446	0.372089
-0.827897	-0.566527	-0.748691	-0.764568	-1.707214	0.847322	0.813238	-0.849078	-1.123818	-0.649826
-3.313929	0.340439	1.249743	0.646868	-0.139058	0.983086	1.269317	3.238315	-0.312221	2.155366
-1.506254	-3.003920	-0.395483	-0.851427	-3.064070	-5.162904	0.581525	1.263960	-2.965071	-1.790454
-0.912270	-6.368201	-6.349473	-2.806266	-1.735663	-13.373676	-0.854556	-3.940652	-4.661075	-4.652006
-0.635677	0.454099	-3.076632	-0.434566	0.751249	1.398842	-1.447146	-1.130428	-1.883437	-0.489808
-2.723473	-0.489816	1.103436	2.098060	1.624955	1.445922	3.548839	0.270327	-0.129265	2.439322
-0.630958	-5.719343	-3.982474	-3.864601	-1.867457	-1.679861	-2.229620	-1.883893	-0.413663	-0.979735
2.612569	0.044521	-6.408367	-1.269063	-1.739598	-4.704134	-2.321641	-0.833193	1.915964	-1.448894
2.267810	1.662881	1.310952	3.971962	0.425323	5.391979	0.512760	1.100624	0.983110	2.774025
0.384064	-2.389061	-1.192023	-0.274439	-0.552803	-1.785645	-0.613834	-2.921045	-1.894727	-2.345992
3.234631	0.694800	1.059703	-2.646978	-2.076684	-0.585329	-2.220038	-0.410302	-1.271452	1.872938
4.627814	3.554268	3.098725	-1.345164	-1.113528	4.713306	-3.141670	2.154351	1.448531	4.113700
1.088011	-2.570153	-0.575963	-1.363510	-0.916442	1.086942	-0.259342	0.145814	0.230221	2.859980
3.942322	-3.808059	-3.668665	-0.849123	-1.372430	-1.552142	1.574630	-2.586112	-1.560285	1.774264
2.862148	1.187455	0.521113	2.009687	1.334603	2.444538	-0.340666	1.591673	1.219711	0.796339
2.496787	0.417393	-0.807834	0.911911	0.226553	3.265667	-1.526044	2.918471	0.178508	1.688093
-0.434160	0.939560	-1.159910	-2.464958	-3.214782	-0.672571	-3.774616	2.293485	1.341805	-1.849185
-1.371994	3.802062	4.010680	-2.229527	-2.218104	-11.252088	-2.425292	0.227519	-2.657498	-5.641407
-2.125117	0.419703	3.558932	0.727099	-0.433815	-1.829595	-0.128284	-2.247325	0.202799	-2.851181
0.188770	-3.690711	-1.240758	-3.613287	-1.071212	-3.140903	-2.726800	-2.437142	-3.070304	-2.725615
-0.146333	0.333126	-5.862493	-2.329589	-2.936597	-8.571720	-3.094550	-2.590326	-2.963105	-3.595918
-1.236428	-2.803580	-3.899577	-3.305310	-1.241265	-6.361953	-2.834342	-3.875472	-3.186703	-3.685296
-0.598818	-0.603523	-0.315312	0.611645	3.603385	4.968093	-0.029182	-2.179174	-0.757394	1.849046
-0.813103	2.419303	1.415799	1.922476	1.974958	1.013513	2.009822	2.330475	2.630722	2.186603
-3.041387	4.472004	4.615655	5.285280	2.971759	2.644106	3.238567	1.696882	5.790149	1.855173
0.001930	4.449989	3.679454	6.371657	0.237893	4.475770	2.370747	1.921154	5.086392	1.168653
-1.005457	1.291064	1.069796	2.590305	-0.130133	5.168606	4.005758	2.526299	3.658252	1.935142
-1.171148	-0.589165	-2.661920	0.318627	1.410989	-3.015783	1.857898	1.345024	1.022736	1.012440
-0.772547	-0.297288	-2.492094	-0.691778	-0.513034	-8.137296	-1.201434	0.977439	-0.423752	-3.459051
-1.151656	1.299200	2.282176	-4.629307	-0.745893	-4.205026	-2.136640	0.779251	-2.249108	-5.517028
0.890322	-6.172891	-3.760510	-1.846559	-1.627879	-2.817868	-2.012419	-2.821831	-2.652726	-6.371889
-1.252916	-2.285655	-3.359149	-2.769229	-0.383580	-7.888013	-1.932271	-4.863498	-4.949200	-5.429428
-1.072173	-0.649882	2.663762	-1.760414	-0.504786	-2.285153	0.080905	-1.906143	0.189776	-0.257139
-1.538852	-4.678165	-4.774875	-0.274511	-2.042586	-2.602478	-2.992987	-4.292156	-1.943392	-1.419114
3.401744	1.212305	0.055945	-1.333114	0.213331	1.785023	4.143556	-1.088929	-3.475098	1.505054
3.962112	-2.086764	1.732225	-1.840819	-1.456821	4.972964	2.430938	0.235846	-0.472735	1.540675
-0.690950	-1.981463	1.758170	-2.292520	-3.065930	2.697757	-4.091436	-0.476323	-0.544496	0.182860
-3.012147	-1.160784	2.220487	-2.191512	-2.036083	1.003317	-1.359360	4.405373	4.727926	0.218720
-1.647680	-2.734719	-3.725720	-2.442588	0.075933	1.318460	0.871073	-0.355760	-0.135963	-1.573131
-0.321553	1.393341	-4.415943	-1.642141	-1.067768	-2.041298	-2.631431	-4.195313	-7.504355	1.426619
-0.333669	-1.251196	0.111825	2.204736	2.000628	2.733761	0.445837	0.107520	-1.520143	-0.181613
0.512571	2.178779	4.094890	-0.337252	2.711335	2.096254	-0.338815	2.877145	1.025280	-0.055612
-0.186838	-0.084027	0.824161	-3.360595	-3.903532	-6.024199	-2.816877	4.065369	-0.733580	-4.988761
2.058003	3.106294	1.001747	-1.109588	-2.050261	1.326921	0.115662	3.218797	-0.302515	-1.102443
3.129292	5.716651	3.745056	7.138279	2.887264	5.689234	2.173610	1.179134	3.209482	2.224661
0.625025	3.982650	2.334897	2.919012	2.014657	0.894561	-0.927819	2.331885	0.582717	0.420271
-3.055199	1.634898	-1.861020	-1.754580	-0.936169	-6.645778	-2.794415	-1.491145	-0.192004	-4.213694
-1.828181	0.896503	-0.366085	-0.009389	6.581101	-1.309361	-1.002864	-1.370755	-0.360474	1.270989
0.374675	1.888271	-0.238989	0.157492	1.913381	2.797833	-0.394354	2.787960	-0.662187	-0.193160
0.572869	1.763108	1.342179	-0.635028	-4.034715	-3.013473	-2.578072	0.977401	-1.526038	-2.614719
-1.325200	-4.140181	-2.031370	0.295159	-4.141475	-3.929257	-1.002903	-0.737329	-0.474320	-1.675863
-1.709335	-1.824090	-3.154227	-0.692739	-1.747984	1.911703	-1.743933	0.663269	2.428370	-0.292270
-2.452935	-2.583214	-1.019679	1.217486	-0.248830	0.448830	-0.742048	-1.947103	0.546138	-0.452416
-0.314702	-5.226650	-3.925118	-2.475458	-3.056101	-4.076156	-2.220731	-4.946347	-3.539011	-3.863977
4.382563	2.535007	1.084769	2.730337	3.219217	4.678870	2.309131	2.685038	2.871426	2.357973
4.716460	-2.100641	1.037893	0.394779	1.355635	4.089729	3.013156	-0.174552	0.477253	3.315758
-0.160111	0.151610	-0.021137	-0.185524	-2.264835	-1.039158	3.275760	0.804383	-0.414726	3.765304
-2.716750	0.656560	-3.283910	-2.461865	-2.831482	-0.049067	0.884859	2.398039	1.718791	3.217236
-0.757157	-2.893289	-2.908215	-2.855435	-0.735695	1.975022	-3.277730	3.004713	2.664706	3.273580
-1.587632	-0.552536	-2.925341	-1.303626	0.947037	1.779130	-1.393791	1.773001	2.584423	-0.723538
-1.288275	3.866718	2.898520	4.076069	4.221423	4.331378	4.693395	1.108397	3.607642	4.348207
-0.505484	2.788873	2.093280	3.502158	2.668174	3.018286	3.408145	-1.449303	-0.225535	1.554741
-2.493559	2.821227	2.159846	1.820748	4.459299	3.291775	5.146475	-2.383305	1.482493	0.776591
2.311700	2.750078	4.240129	0.213248	3.823106	1.622664	2.890105	0.508284	1.875926	0.554180
4.925896	4.464523	4.114336	7.253365	3.085705	4.604972	1.841551	2.417258	4.712964	2.931136
4.467429	4.807458	6.432677	6.943407	2.242603	5.274417	2.980332	4.195810	4.693207	4.116983
-0.254100	2.367279	1.965058	0.996882	2.673307	-1.677083	-1.692435	0.246732	1.293654	1.817945
-2.326789	-0.306320	-4.824012	-2.347903	-3.571673	-10.169112	-3.157331	-2.927884	-5.492795	-1.139653
-1.684037	1.680657	0.399072	-1.719739	-0.957733	-2.242352	-2.342539	-1.279346	-3.589443	-2.447388
-1.394442	-1.886199	0.599517	1.636781	3.258636	2.465011	0.626559	0.057036	-0.967990	1.642165
-0.693502	-9.172293	-5.534573	-0.026634	0.311538	-2.814107	-1.614818	-2.613446	-2.645840	-2.710072
-1.513918	-3.909235	-5.988091	-4.340877	-4.344920	-10.504891	-3.742854	-3.739402	-1.950293	-4.531176
-1.811686	-0.588433	0.316866	-4.536738	-2.646332	-1.696030	-3.881830	0.634859	-2.165553	-4.804327
0.092195	-0.815496	0.347702	-1.714710	-1.341093	0.724590	-1.412030	-1.910873	-1.649023	-5.445104
1.984726	1.348665	3.952218	0.352616	1.384000	1.464080	0.626465	-0.245807	0.134595	-0.174086
3.369908	0.824640	3.011118	-0.220950	2.153254	4.958451	0.281570	3.771245	4.011097	3.493846
1.018344	-1.318582	-0.765497	-0.505702	1.908171	-0.116887	-1.142996	3.428075	0.794679	0.283711
-1.906267	1.369287	-3.923128	-1.081228	-2.794343	-9.975825	-2.782919	0.617770	0.856440	-4.714176
-0.847123	3.009633	3.837526	3.793880	1.314914	3.009645	2.437618	-0.175677	2.010473	1.174503
4.472377	0.491345	1.687464	4.421031	2.458846	3.160829	1.740831	2.332221	2.284077	2.122764
1.223834	-0.444892	-3.298116	1.323134	2.168056	-0.857867	-1.356564	0.852854	-0.979054	-0.845981
-2.076152	4.550910	6.046483	4.745700	2.687446	0.125163	1.232046	1.638513	2.093877	1.958683
-1.110181	4.235034	5.080757	1.334138	-0.557480	3.906822	-0.096624	0.884387	2.601266	1.644468
-0.591552	1.653767	-5.146998	-4.303443	-4.486222	3.693214	-3.884260	-0.547134	-0.872992	0.032283
-1.512565	-2.437708	-3.026686	-4.508332	-2.680277	4.670239	1.215652	1.150539	2.749099	2.957238
-0.781922	-1.296004	-0.077114	-2.975919	-1.832744	-2.486102	-1.784476	-0.155104	-0.098164	-0.514459
-2.458523	0.802561	0.384212	-2.606595	-4.095621	-3.324508	-4.711332	-5.086272	-3.980087	0.534400
0.630332	-5.517128	-1.550216	-4.144750	-3.044408	1.610518	2.869695	-3.347775	-5.250872	0.555718
0.455140	-1.849187	-3.650706	-3.316674	-3.955904	-1.361326	1.347617	-5.302223	-1.845626	-1.139499
-1.911700	1.119167	2.810334	-2.497757	-0.835308	-6.523245	-0.830557	-2.681926	-3.958951	-1.018949
0.596110	0.722117	3.001892	-2.471990	-1.246921	1.650558	1.804982	-2.869892	-3.194452	0.615469
-3.409433	3.187946	4.208961	-3.998963	-1.009844	0.630377	1.824643	-0.532131	-0.603734	0.400455
-1.003831	-0.517461	2.085927	-4.993767	-2.561477	-5.711397	0.070134	-4.587052	-3.819799	-4.564893
-0.017587	-4.674022	-3.204620	-1.703393	-2.093520	-13.148471	-4.047539	-3.566764	-2.025854	-7.462879
-2.033105	-0.643453	-2.197592	-2.080132	-1.622377	-0.443654	1.790030	-1.912174	-2.279600	0.131793
3.746611	-0.034671	0.596397	-0.589176	0.331252	4.389043	2.800947	-0.670693	-4.206844	3.038816
0.195056	-3.843992	-0.827965	-2.380718	-1.664336	4.534509	2.117115	-0.367727	-0.295988	2.747683
-2.286173	3.047067	5.878108	3.150051	2.404957	5.287732	2.890039	3.238114	2.449763	4.048485
0.172519	3.295290	2.669601	6.853937	5.555326	5.003699	2.739720	2.339125	2.891906	3.023912
-0.837975	0.143463	1.477900	3.969447	3.840770	3.021994	2.229159	2.294996	2.769836	3.090150
0.713540	-0.543532	-1.517710	0.677087	0.959883	-0.222196	2.638357	2.677421	2.214049	2.840787
-0.548942	-1.953608	-0.399743	1.486361	3.789461	2.468311	-0.972586	0.657593	1.032542	2.582909
1.556273	-2.193281	-2.944917	0.297474	2.307900	3.341700	-0.741271	0.261004	0.111110	1.551198
2.836878	-2.743264	-1.440246	-1.047469	-1.128606	-1.928947	2.060298	0.089349	-1.245149	-1.867961
2.598366	-3.933872	-2.230645	-1.747567	-1.666763	-2.792049	-1.655681	-1.526479	-3.309541	2.771412
1.196330	-0.138118	-0.045832	-0.981216	-2.162377	1.028376	0.831587	-0.327286	-2.583668	-0.827503
1.727062	3.223686	2.377278	2.178785	-0.147955	4.773909	3.343697	1.949623	1.683165	1.453775
5.598355	1.200828	1.463970	2.107137	0.975597	2.290729	-0.554457	1.744541	0.110555	1.400524
-0.974099	-2.496205	-4.457173	2.496538	2.766071	-1.934183	-1.437981	-3.345535	0.884198	1.705821
-2.386809	1.619778	-0.297466	1.952489	4.614859	2.472151	1.987816	-0.325812	0.584690	2.731342
2.750419	0.651667	0.891375	3.997387	3.828452	2.538712	0.814225	1.030708	1.477028	-0.359037
1.706475	-0.518349	-1.315364	2.336730	0.785343	3.992778	-0.209262	1.393219	2.534709	1.367160
-0.403649	-3.228578	-4.628599	-1.374786	-2.389879	1.562728	-0.530056	2.063518	2.394229	1.688007
-0.743860	3.214674	1.538455	2.936834	-1.283122	3.890142	-1.208967	0.801002	2.022885	4.674278
3.705333	3.132398	2.080785	4.796085	3.631905	4.788799	3.334992	3.099769	3.166273	2.355646
0.822521	1.695288	3.587678	5.097360	0.691890	0.760178	3.423810	1.397915	3.337091	1.219385
-2.876503	4.004341	4.014519	4.972754	4.235125	1.541158	3.495174	1.323739	2.165836	2.482868
-1.602546	3.118850	3.243997	4.882657	3.147499	2.889122	2.380870	2.916739	4.742204	2.787468
-0.137517	1.444114	1.092300	4.510162	3.797601	5.641748	-0.261815	4.111215	3.571794	3.086159
-0.579923	-9.195471	-3.606584	-0.530141	-1.788080	-1.860481	-1.635396	-1.992433	1.852503	-1.624788
-2.285871	-2.117406	-3.883865	-4.669261	-4.433353	-9.621783	-1.931187	-4.550405	-6.186171	-9.409398
-2.255968	-2.930492	-2.873152	-4.150609	-1.914129	-17.524076	-2.183203	-3.024701	-5.261031	-3.361997
-0.404221	-0.775927	-1.627655	-0.323296	-0.487719	-1.211075	-0.294458	-0.331319	0.773324	1.554887
-3.083134	0.481690	-0.740881	-1.540333	-0.914234	3.345404	-3.063470	-2.130956	-2.737709	1.495631
-1.653315	-3.237740	-2.271238	-0.627033	0.521116	-7.625653	-2.421952	-0.369509	-2.901730	-4.324990
0.884133	-1.452911	-1.096832	-0.029107	2.400121	2.353341	-1.047420	0.522125	1.918559	-0.095101
-1.173396	-1.965721	-0.354467	-1.275168	1.468070	1.969376	-1.305891	-1.597050	1.146860	1.502175
0.791595	2.397638	3.560151	3.078571	-2.686445	-4.545961	-1.312979	-0.282228	0.281972	-3.631584
0.378201	-2.034330	-1.635981	0.065698	-1.701735	-4.196777	-0.370301	-1.377303	-1.360504	-3.686399
3.204221	-3.236316	-6.208765	0.580700	-2.268608	-0.732081	-0.168870	-0.159668	0.325433	-3.078090
0.814152	2.501889	3.295898	3.100064	-0.921574	3.258122	-1.104302	2.895583	1.892186	-0.142476
-0.701107	2.497793	2.862107	4.329476	1.226060	3.286528	0.674187	1.260160	3.029556	-0.070575
0.363742	-0.969693	-0.499037	1.474325	0.941185	0.990032	1.310685	-1.488528	-0.346854	0.841796
-1.139899	3.195243	-0.840632	-3.182601	-1.898204	1.567735	1.997177	-5.191071	-4.274439	-0.870977
-2.614932	2.031412	3.310825	-2.692016	0.480684	-0.462663	2.983149	-1.415757	-2.019697	0.145892
-0.096053	0.845529	5.403237	-4.124130	-0.888155	0.925139	2.652788	0.486724	2.108677	1.577291
-2.104962	-5.692794	-4.454990	-4.014155	-2.670027	-4.035055	1.185682	0.943186	-1.589911	-2.338191
-0.629155	0.989359	-7.083051	-4.960501	-3.172137	-11.813339	-2.241280	-1.727756	-4.954655	-7.458462
-3.208028	2.339204	2.421960	0.535921	0.107011	-3.279105	0.022790	-2.111690	-2.079950	-3.902231
-1.163476	3.143357	2.900653	3.293003	-0.371684	5.166855	2.793581	2.062501	4.704813	1.241697
-0.443696	2.741335	2.885335	4.340835	2.143373	5.818853	4.991185	3.177834	6.108842	4.604117
-1.018779	-4.266843	-0.202084	0.237011	2.343682	-1.082000	-3.841509	-1.192475	-0.966357	-0.379972
-1.144020	-9.953460	-7.880394	-6.239978	-2.946258	-9.450590	-3.991708	-3.747507	-6.789572	-8.259773
-0.810411	-1.463796	-6.775982	-2.485038	-0.262946	-14.036099	-1.328320	-3.084443	-4.795895	-2.318883
-1.396543	0.385970	1.972963	-1.562373	-1.796982	1.827988	-0.889452	-3.262665	-3.529815	-1.736401
-1.362407	2.474857	0.751555	-2.706988	-0.835964	1.516792	1.286492	-2.692250	-0.726021	2.558477
-0.181993	-0.133314	0.395306	-1.368186	-0.308489	0.295833	0.454406	-2.554079	-1.439201	0.171558
-1.470790	-5.148321	-6.879668	-0.054470	-2.559353	-9.040568	-2.132714	-2.824328	-5.728543	-4.585753
0.195113	-2.136043	-0.334852	-4.142840	-3.969652	0.636914	0.684230	-3.532075	-2.557335	0.675455
-0.631571	-6.306658	-2.355731	-1.637597	-4.072581	4.372104	-2.078365	-1.829098	-0.578062	-0.084909
-1.622530	0.680958	-4.961089	-4.389140	-2.170233	-7.835173	-1.745500	0.605028	0.122090	-4.463733
0.845450	-0.432574	-1.340808	-1.579667	-2.736802	-0.729688	-3.469275	2.186628	0.237134	-2.491503
1.797482	1.109170	0.156728	-4.011275	-2.831079	2.054588	-2.969989	-0.895673	-2.824614	-2.632205
-2.740517	0.450112	1.284037	-2.001159	-0.491056	-0.106817	-1.231641	-4.441351	-3.740239	-2.001623
-1.280534	1.893475	3.520237	0.779285	4.042776	2.781429	0.229571	-1.716680	-0.970326	1.051161
1.052149	1.287983	-0.719654	0.260963	0.820327	1.245358	-3.892448	2.735468	0.589042	0.786266
7.451947	-0.036541	2.547883	1.684084	-0.907991	3.485002	0.347906	5.462318	4.381682	0.558610
4.756578	1.125325	2.245965	0.540355	2.371832	3.864996	-0.503062	2.250697	4.951109	2.863615
1.014958	-0.472296	1.105012	1.156886	3.654909	3.195172	-1.289647	2.479132	3.911641	2.852203
-3.281193	1.866120	1.756443	2.310386	-0.070348	1.407067	0.784459	1.689950	3.047595	0.788197
-1.858559	0.123993	0.269275	4.697268	1.034475	-0.683186	0.222564	-0.600822	-0.157213	-1.914880
0.928579	0.480947	-1.692373	-3.899758	-0.797209	0.913551	-2.533625	0.742843	-2.022964	-0.262203
0.599742	-2.693497	-1.035481	-5.517678	-3.927285	1.954512	-1.971297	0.457472	-1.625843	0.267354
4.249146	0.958182	0.909467	-1.808878	0.778060	2.142434	0.664357	-0.351909	-1.482631	2.480115
0.887313	3.112605	1.544689	-0.851445	-2.414157	0.605754	3.060448	-1.673972	-0.006912	2.008408
-2.084039	0.995791	3.638304	1.202837	-0.791022	4.027608	4.499687	2.708908	4.907931	3.769360
-0.241189	0.221860	0.833527	2.106583	-1.383019	0.774631	0.875486	2.331757	1.130215	0.403597
-0.548417	2.934931	0.481876	1.011709	2.528768	2.146261	-1.284943	2.872300	2.214155	3.916348
-1.582304	3.695622	1.820466	3.331031	5.839954	4.683532	1.271714	1.476563	4.712868	4.249741
-1.632629	3.047950	2.770213	6.615267	3.001855	1.858881	1.561069	4.370870	4.395369	2.483404
-1.343671	1.653032	1.096131	3.873034	2.794689	-3.272057	1.339437	0.736344	2.702873	-0.831535
-0.776612	-0.410118	0.345934	2.759349	3.450370	0.170852	-1.070267	-1.334792	0.645095	-0.581849
-1.980330	-2.974984	-4.213964	-1.334470	-3.196686	0.167642	-0.808730	0.287084	-2.414853	-4.749708
4.074395	0.002646	-1.731252	-0.838205	-0.054461	1.898447	-2.510137	0.193594	0.038144	0.461914
3.528182	0.351985	2.266982	2.701560	4.635858	2.230898	0.040529	0.314457	2.462198	2.376747
-2.144248	-0.074555	-1.078052	3.026745	2.268489	0.435929	-1.432218	1.027793	-0.482379	-0.558084
-1.211776	1.465136	-0.803944	-2.158633	-1.594555	-8.823931	-0.875262	1.523420	-3.664577	-3.970251
-1.318982	2.657666	0.518213	-0.288258	1.427243	1.457948	-1.518588	0.532655	-0.520786	-0.707328
0.931854	-0.320356	-0.441372	-1.088911	1.508596	1.853595	-0.837179	-0.435986	2.048003	-0.621589
0.888449	1.545176	0.104606	2.363024	2.253419	2.468938	1.034679	3.026613	1.178899	2.939192
-1.394676	3.855667	2.659252	4.764863	2.317826	3.117102	4.027003	1.901363	1.934408	1.743439
5.109696	1.063022	2.128569	-0.762978	-0.591671	-1.576685	1.867009	-0.001822	0.331036	0.339976
0.746985	0.074942	1.301160	-0.680983	-1.432758	0.616598	4.082511	2.862868	-0.972912	1.173326
4.640408	3.255130	5.401726	1.875062	-1.288124	4.055776	4.303325	5.064343	4.791069	2.696011
4.023182	4.576185	3.548367	3.743672	-1.285056	5.026969	4.570866	4.498310	5.304080	2.824953
2.654824	1.946205	1.849181	-0.980041	-0.958844	2.626598	0.552949	4.574276	4.507623	2.741872
0.128452	3.153789	1.396866	3.115137	2.360223	1.351381	1.073388	1.659446	0.333598	1.102188
-1.700617	0.717130	0.910516	1.079316	3.263453	3.843534	3.975797	-1.602876	-0.562596	3.385119
1.774931	-2.924174	0.630427	0.429309	2.510557	0.758575	2.809191	-0.240690	-2.673760	1.266181
-1.943088	2.136167	2.912890	-1.415976	2.079042	-2.626884	-2.352719	-2.718893	0.346301	-3.850407
-0.868857	-1.409055	-1.218601	-1.973529	-4.005985	-4.505828	-4.914319	-1.869788	-1.757317	-4.671532
-0.638363	-5.611448	-6.193258	-1.766343	-3.229116	-6.491647	-1.541297	-3.429577	-4.351220	-5.728479
-3.449692	1.300376	-0.196991	2.326690	-0.886045	0.620768	-0.864541	3.136936	0.751584	0.090064
0.203071	-1.305996	3.497486	0.444076	-1.684268	1.676827	0.460360	-0.418255	0.899888	2.561810
0.593139	-4.960977	-1.390539	-3.367281	-3.046379	0.388436	-0.588584	-2.967658	-4.572617	1.171168
-2.423174	-0.380282	-3.453283	-3.453576	-0.036475	-2.564899	3.053038	-2.401780	-3.448344	1.264148
-1.937458	-2.564728	0.882537	2.213392	1.944148	1.344426	0.894434	-3.315633	1.344796	-0.108941
-1.079799	-1.888831	-3.784295	1.188626	-0.564509	-0.209986	-3.264186	-2.978428	-1.654510	-0.856194
0.778314	3.585390	-2.265000	-3.882674	-1.435543	-1.496435	-3.022416	-0.244979	-2.364576	0.433296
0.043493	0.530114	2.394802	-0.097209	-1.855554	1.512280	-0.497548	0.823300	1.014983	2.239032
0.846648	1.703922	1.718690	3.156120	-0.674642	4.571057	2.332826	0.917494	2.314450	2.119120
4.487589	0.632192	1.640839	1.316209	1.085895	2.353994	-0.274591	0.080684	0.770808	-0.132840
3.834126	-7.024500	-5.491072	-1.757343	-1.119246	-1.855612	-1.806992	-1.020447	-1.665561	2.689353
-2.224730	-4.295376	-9.680671	-3.765244	-3.666166	-3.087668	-4.241973	-0.967420	-4.200076	-0.926800
-1.781971	-1.530562	0.060318	-4.164097	-0.841166	-0.781778	-0.155530	1.410144	-1.032358	1.496599
-0.323989	-1.851582	-1.206834	-0.443111	-0.066949	-1.656551	-1.748062	0.740124	-0.842927	-1.456552
1.242027	0.720938	-2.757553	0.609708	3.473581	1.258906	0.327635	-0.727404	-0.204104	0.225344
2.017282	-1.396229	1.892431	-1.039849	2.372222	2.895184	1.018962	-2.206464	0.671287	-1.872018
1.430486	-1.067010	0.624688	-1.618892	3.295570	1.978172	0.343019	-0.114380	2.185125	-1.146643
-2.042354	-4.115432	-4.124811	-1.334130	0.053820	-2.551641	2.601507	-4.637080	-2.697413	-3.206438
2.680568	2.264676	-2.113499	1.104125	1.010068	0.423534	0.222125	1.725012	-2.079453	1.306491
2.230061	1.929186	2.446094	1.662563	-0.447689	3.059984	2.303972	0.233067	0.879183	1.668935
0.445229	0.088969	-2.010165	-2.292830	-2.081258	2.533597	-1.907555	5.470356	4.674170	1.855585
-4.659419	1.302197	1.059492	4.081235	1.318457	-2.058142	1.583743	0.691053	1.215782	-1.528768
-0.796378	-1.725459	0.651130	-0.632456	-2.090949	-5.119047	-0.200838	-3.704273	-1.988905	-4.402735
-0.526442	2.508872	0.688918	-3.855417	-2.755082	-8.787733	-2.881402	-2.861851	-5.228215	-5.734827
-1.020906	2.156061	2.428121	3.127239	0.481754	4.551885	-0.478152	0.579189	2.688224	-0.173755
-1.193562	-0.199121	1.756306	1.067697	1.335354	0.420692	-0.665493	-3.440682	-1.211210	0.105467
-2.281407	1.446398	1.051438	2.903542	-0.099488	-5.074829	-0.012631	-0.644396	0.411456	-0.996572
4.628165	4.885689	4.595984	3.174960	3.973123	3.960907	1.282529	3.083518	2.639898	3.213612
2.476060	3.036426	1.753210	2.808737	3.584184	6.069082	3.226382	4.817028	3.966991	3.210107
0.881483	0.907679	1.734182	1.510056	2.389389	3.391781	3.570120	4.349106	2.711811	3.009497
-0.490261	-2.926476	-1.809934	0.763605	-1.776666	-5.143113	0.213437	-0.170980	-0.721166	3.114969
-1.250367	0.844732	-2.908270	-3.523433	-3.179883	0.195983	-3.979473	-0.241560	1.212537	0.081607
-2.298430	1.431280	2.848440	-5.231972	-3.092668	0.866752	-2.475119	-0.337563	0.447496	-3.283405
-3.283445	-4.674259	-1.070536	-0.254925	-1.393122	-4.781921	-0.363607	-3.452419	-4.412911	-2.958182
