X1	X2	X3	X4	X5	X6	X7	X8	X9	X10
-3.058645	-1.263386	-2.371946	0.359974	-1.884886	-3.217831	-0.705264	-1.900272	-2.620818	-2.000582
0.909728	5.171343	6.921487	4.910413	3.414763	4.723551	7.469317	2.596018	3.926464	6.771221
4.814992	2.799156	6.478758	7.073831	5.501542	4.133548	4.478212	6.041527	6.370050	5.886032
2.739857	3.805767	5.411801	2.932950	5.036268	4.500477	-0.011046	3.439557	5.088443	4.265791
1.870231	3.433988	1.273248	0.074993	0.081058	3.328860	-0.897726	3.278109	3.405645	0.582537
-0.499074	-0.234567	-0.540368	-0.934518	0.485029	2.012914	-1.166296	0.613986	-2.090141	2.696709
-1.750451	1.606215	0.442787	-1.713261	0.010896	-2.369740	-2.017825	-4.189011	-5.407412	-1.421755
0.655209	-1.744154	-1.876355	-4.593515	-3.227125	-5.075383	1.050317	-6.605279	-3.325864	-2.516317
0.165613	-6.590760	-6.826262	-4.188659	-3.260418	-5.110095	-2.104541	-3.132217	-4.806793	-4.206838
-2.432231	-5.536789	-3.388900	-2.326571	-2.265268	-1.954057	-0.525868	-1.973723	-4.849395	0.211418
-1.339416	-3.113629	-1.051937	1.997467	0.719839	0.658652	-0.363937	-2.878294	0.031636	0.370991
-0.756136	-1.717165	-2.056041	-2.597225	-2.326882	-0.042350	-2.207319	0.387872	-0.407395	-2.485084
-0.897085	0.354015	-0.387280	-1.759326	-1.759417	-0.941243	-3.534086	3.117778	1.937817	-1.785668
-2.995656	2.490926	3.496780	3.817181	1.558246	3.457294	5.858489	2.301626	4.834381	2.754473
-0.383845	2.135882	2.283070	4.579515	0.567022	1.291879	3.433131	2.915621	4.096801	2.678277
-0.768847	-1.526102	-3.957278	-2.868405	-0.489378	-0.306968	-4.796934	-1.332635	-1.556513	-4.549721
-1.369558	-4.230112	-6.052331	-5.350963	-2.520540	-3.073027	-8.722680	-0.214638	1.077147	-3.904085
0.587828	2.102566	0.562741	0.275660	-2.522853	1.894422	0.904518	4.003416	4.064089	2.855918
1.270613	-0.867651	-2.582028	-1.037519	-1.299904	-0.479303	0.051782	-0.000368	1.179722	-2.865876
-1.018600	0.570351	-1.893208	-3.523585	-2.724384	-3.655682	-3.992065	-2.765985	-5.431942	-6.839635
-0.816106	1.714989	1.261433	2.012380	2.079421	-2.896696	-0.834699	-4.610529	0.123706	-0.527224
-0.377204	1.578778	-0.918873	1.346391	3.145120	0.210474	0.314001	-1.173395	0.878478	-1.281811
-3.675591	0.097136	1.157205	1.761864	2.586224	-0.425152	-0.257645	-1.566676	-2.960814	0.037635
1.411635	3.311879	6.051398	1.369015	2.406442	2.439644	3.344185	3.781534	3.821342	2.744546
4.200976	1.598625	0.511338	-1.183842	-0.561314	1.974580	3.845308	2.317743	-0.208340	0.035353
-0.554166	-2.534209	-2.305246	3.301408	-0.846435	1.034876	-4.998055	-1.604040	-0.088348	2.240185
1.080109	4.479895	3.756979	4.699680	4.925487	4.625050	2.354913	2.917191	5.349635	2.326172
2.974604	0.511156	1.476442	0.704388	1.130762	2.147619	2.319529	2.481748	-1.372078	2.074443
0.539219	-2.699306	-1.183126	-5.497955	-2.832901	-0.859297	4.551809	-4.586362	-6.168670	1.669725
-0.906546	-5.202274	-3.443095	-2.602834	-2.388393	-4.380282	-0.430431	-4.405927	-5.408226	-2.384354
-1.317789	-3.733426	-4.283935	-2.626136	-1.759806	-5.495418	-5.161875	-2.777038	-2.964329	-7.471069
-0.737311	-3.148744	-2.393117	-2.296049	-3.841233	-3.446988	-3.173611	2.276818	-0.604260	-3.387493
-1.986911	2.722994	1.838290	-1.724858	-3.002464	-1.424974	-2.217325	4.420753	0.917797	-2.230402
-0.025590	2.633609	2.056714	-1.369952	-1.592593	1.482440	3.778696	1.757978	1.511061	2.213929
3.565954	2.476421	1.704084	2.655283	-0.880511	0.806571	2.160563	2.358607	2.067451	0.625823
3.765720	-0.348447	-0.987171	1.143359	1.649688	2.697534	-0.499813	3.115454	2.162086	3.398401
4.571907	4.731425	2.648276	7.627987	6.901713	4.873346	4.475377	4.348132	5.443187	4.455286
0.940115	1.385562	2.424254	2.436180	4.959569	2.649222	3.953044	2.989457	0.998074	0.404299
-2.512556	-2.658016	-1.718210	-4.715450	-0.774935	-1.602622	-7.172205	-3.740057	-4.743732	-6.164341
-1.695906	-6.514184	-3.888289	-2.355591	-2.835694	-4.968672	-0.256163	-5.614093	-5.227611	-2.289815
-0.030236	-4.781320	-5.216057	-3.327233	1.458500	-6.006313	1.491078	-3.346335	-2.883241	-2.406803
2.153454	2.571099	3.048913	3.062037	1.346853	1.632969	2.248624	0.627433	0.990501	1.963311
1.296263	1.932597	2.166346	1.080629	-0.373728	-1.347012	2.172879	-0.994671	-0.050464	1.204044
1.280190	2.884998	0.497468	1.441955	-0.102238	-0.011643	-0.239452	1.580870	-0.284813	-0.791387
-2.023163	-0.748075	0.804003	-3.942674	-1.475369	-2.646109	-3.842665	-2.276225	-4.700225	-5.237669
-1.702199	-4.445597	-2.772226	-3.139648	-3.245616	-4.312200	-1.964958	-4.874339	-1.358474	-3.058386
-2.620716	-2.752545	-5.591095	-1.244355	-0.610473	0.149098	-2.379729	-2.240652	-1.389340	1.717275
-1.193617	0.894106	2.239020	-1.988284	-1.594333	2.195996	2.652523	0.631254	0.749902	3.581326
-0.719400	0.487680	0.847939	1.376874	-0.574991	1.276707	2.517000	-3.862501	-0.845326	4.223280
-1.110066	0.128201	1.464985	0.537630	1.336560	0.761741	3.183200	-2.902298	-3.043600	2.878348
-1.811714	-0.688508	2.005679	1.614095	-1.475076	2.200308	-6.208277	0.340984	2.936303	0.744039
-0.222646	-1.291722	-2.605961	-0.249321	-0.614791	2.062920	-1.391232	1.498864	2.215907	0.836865
-1.078361	-4.973517	-1.023814	-3.032808	-1.417280	-0.693714	-2.554368	-2.095538	-5.089766	-4.546266
-2.903659	-0.919771	0.616838	1.136145	1.871162	0.987516	0.467212	-2.848901	0.371909	1.950354
0.285561	-2.015359	-2.814688	-0.374453	-0.003758	1.098119	-1.733195	-2.485205	-0.170247	-2.043768
1.599999	0.925440	-0.703473	3.032909	0.453165	2.821202	0.820806	1.817471	4.270790	1.123176
5.675255	3.669151	0.717396	4.136340	1.399437	3.322276	3.397811	5.028247	3.423342	3.768693
2.667330	2.650795	0.539937	1.522251	1.018763	2.039946	7.060615	1.521242	-0.459268	2.983487
-2.632975	-3.037805	-4.737338	-3.214949	-1.483951	-0.643278	1.606412	-3.110122	-5.531718	0.904765
-0.681160	-1.001929	-0.734814	1.992649	0.531602	-0.574790	0.157895	2.676675	1.794714	1.972029
-1.589524	2.233245	0.584221	-2.960844	-1.260174	0.952016	-2.598742	2.615953	1.819049	-1.313914
-2.612766	-2.260062	3.625578	-1.838020	-1.443973	-4.191254	-4.377706	-2.972269	-6.574091	-7.350563
-2.229284	0.091969	-1.908832	-2.448068	-0.252388	-6.835893	-2.007206	-7.310771	-3.316786	-3.381113
-0.371978	0.520657	-0.636298	-0.506080	-0.187315	-1.807196	0.594151	-1.136833	-2.288016	-2.540664
0.338254	-3.367678	2.079287	-3.697046	-2.879447	-4.125358	-2.629343	-3.782936	-4.974859	-3.846411
-1.091987	-2.197918	0.459131	-3.007457	-2.112278	0.720726	2.179503	-2.407662	0.764302	2.238946
2.784701	0.791353	1.062141	3.709096	-0.711104	1.572159	1.577379	2.673208	0.536788	4.191308
4.997020	1.988253	3.389923	3.916422	0.653483	2.485246	2.702078	0.858491	2.935415	2.875777
4.627771	3.684497	2.930281	4.813329	4.613087	4.388390	7.419188	5.435507	5.775203	5.257053
-0.117945	2.497100	3.337120	-0.700874	3.250815	5.066295	5.488001	2.940570	4.559569	3.167736
-0.142824	-0.485424	1.558343	-3.898379	-2.215428	0.027463	-0.007492	0.812299	-0.252672	-4.446374
-0.389166	2.872940	1.974550	4.282524	1.752965	0.452296	-1.843203	3.622709	5.351298	2.296023
0.623132	2.880402	3.140844	0.819442	0.756898	3.526998	3.555760	6.260817	3.959793	2.561427
-0.752727	0.424875	0.360523	-4.783216	-1.511121	1.198370	-1.196613	3.860936	3.296129	0.888136
-3.392143	1.253269	-0.869512	-3.331144	-3.223987	-1.054087	-3.738933	2.265781	0.916819	-1.982650
-1.825812	-3.141807	-2.139565	-1.022632	-3.217294	-3.823571	-3.897209	-3.231633	-5.836823	-4.710033
-2.487733	-3.491243	-2.151037	-0.990575	-1.038837	-4.693681	0.021350	-4.464993	-4.623884	-4.432612
3.010998	2.235968	0.039266	0.404637	3.498191	1.021284	0.275733	0.766512	0.365047	0.433309
-0.160718	-2.314968	-0.413959	-2.115390	-0.500504	-3.056777	-2.315068	-2.386505	-3.731717	-1.453869
0.372222	2.391456	1.700581	-0.055849	-1.639416	-2.700462	-0.615663	-4.730533	-2.677567	0.835251
0.161721	3.649042	2.859981	1.321066	-0.021239	2.553528	1.751240	3.469538	4.495208	0.596169
0.258780	3.472196	2.120033	3.093063	0.892031	1.820294	-2.039568	2.921719	4.414617	0.149283
0.153003	2.961820	3.473729	2.838748	2.214703	1.650734	0.811505	3.957617	4.691469	1.336592
-0.707009	3.541614	-0.155441	2.210926	2.642380	3.437049	0.477451	4.378142	2.760770	2.790394
1.423347	1.672480	2.590216	1.480104	4.123370	2.889337	1.330863	1.707501	4.422529	5.297489
4.232375	4.065517	4.737687	4.012587	3.113278	2.212998	0.691134	-0.154699	2.178251	0.342876
-2.311525	1.510724	2.952062	-2.040719	-0.541090	0.399531	-1.267541	0.013247	-3.014558	-2.091347
-3.168149	0.707397	-2.216469	-5.230609	-1.662529	-1.752166	-4.241470	-5.665756	-8.177692	-3.111880
-1.500394	-4.324267	-7.137421	-0.908179	-3.093532	-5.711793	-3.274257	-1.789401	-2.359748	-5.540223
-2.094360	-3.298172	-6.276505	-3.642723	-2.590694	-5.603152	1.735293	-0.907588	-3.122122	-2.081477
0.971858	-1.205424	-1.253734	1.996463	2.584490	-1.279944	-0.038724	-0.670811	0.121389	1.669559
0.995960	-4.134529	-1.980522	-1.492318	0.358026	1.551329	-1.580811	-2.622469	0.406187	-0.697816
-2.034751	0.989406	-1.543584	-1.902061	-4.147379	2.442566	2.756930	3.366439	3.108074	0.169999
-1.546672	-3.646727	-3.936933	-0.532263	-2.700022	-2.382034	-0.862504	-2.014387	-2.990349	-5.283594
0.061498	0.125263	-2.096384	3.685580	-1.637697	-1.570373	-0.988614	-1.948845	-0.352783	-0.047496
1.583462	2.475765	5.160648	5.578670	2.121202	2.869747	2.935600	1.446663	4.096074	1.840997
2.356721	1.942471	3.538548	-1.618590	0.577979	2.710226	-1.803562	3.714435	2.702720	-0.925916
-2.840623	4.060869	3.980000	0.698604	-1.788061	-0.179338	-4.050098	2.975570	2.335354	0.657470
-0.513467	0.840147	3.632289	1.047853	-0.564212	-0.155047	1.786492	-0.596236	-1.293426	-2.236345
3.541689	-1.892606	0.131700	-0.026041	2.603130	0.673499	-0.094987	0.812314	-0.559923	2.153643
-0.652853	-3.936304	-4.799882	-1.617975	3.172370	0.793098	-2.391033	-0.593785	-0.509138	0.617538
0.108308	-0.849460	-1.462074	1.130251	-3.139389	1.614450	-2.907441	0.775763	1.044524	0.830543
4.964675	2.124213	3.614411	1.946939	-0.687141	1.891653	2.058793	1.420653	2.053860	0.188062
1.466048	2.009501	0.058057	-3.381010	-0.723382	-0.979593	0.346577	0.033578	-2.306934	-1.570000
-2.645871	1.774189	3.228450	4.346206	-0.483210	-1.186989	3.903716	1.069132	2.448337	2.890961
0.562218	4.429163	4.331574	2.155286	1.714981	2.284265	4.323118	4.708308	2.008169	3.395351
1.301616	1.587209	-0.690483	-4.922967	-2.547206	-0.457631	-7.688209	2.287899	0.142456	0.951976
-0.001975	-3.107589	-5.113437	-5.125855	-1.019168	-3.305378	-6.066356	-2.614404	0.439092	-1.196659
-1.243056	1.200955	0.655100	-3.179877	-4.352201	-4.829775	1.594486	-0.176010	-1.734427	-3.944146
0.177875	2.804425	-0.110384	0.860968	1.129497	0.175079	-1.049171	-1.956526	-2.502608	-0.785779
4.789019	0.909208	0.723996	2.796680	2.812030	2.726783	3.880882	1.391238	3.135043	1.914849
1.981775	-0.707112	-1.612369	-0.351542	-0.612500	0.265338	-0.439242	0.419372	-2.174481	0.722347
-2.246457	-4.061449	-3.149192	0.483002	-0.372290	-1.819353	0.884767	-1.958034	-2.210986	-0.717579
-0.456976	1.403682	1.367617	4.021912	3.805462	1.963209	3.761124	0.262511	2.782121	4.151581
0.323319	0.507167	-0.196653	-0.179512	1.450458	2.153326	0.705641	1.567095	0.883433	0.981635
-0.257974	-2.114607	-5.296311	-3.118371	2.349701	-1.178099	-4.572970	-4.055191	-2.596657	-1.823908
-0.690353	0.957846	0.787435	-0.485165	-0.550509	-1.676866	-2.712493	-4.174759	-4.389256	-2.180639
-3.299121	1.982014	2.365876	5.852706	4.014631	5.177528	4.344185	1.770480	4.042628	4.563952
-0.476375	2.342283	1.385205	3.542742	3.445822	1.254985	0.598678	3.044015	4.494689	3.449675
-2.305518	3.392442	1.636415	1.094741	0.476865	3.699608	-1.561699	3.994436	3.722519	-0.709361
-3.007550	3.516978	4.674799	2.874204	2.382662	4.140299	3.910168	4.008330	3.520510	1.738355
2.085729	-2.207417	-0.510547	-0.649670	1.188112	-0.731239	2.199095	-0.194214	-1.901344	-0.709967
-0.741481	-10.392957	-9.415528	-4.169081	-2.213783	-6.254402	-8.207705	-7.018107	-9.207452	-9.643116
-2.313582	-8.798549	-7.476549	-1.029228	-2.197523	-4.081287	-4.105316	-6.536560	-4.849820	-5.562283
-0.118175	-3.321703	-0.549113	-0.896112	0.561292	-1.728992	4.164876	-1.750585	-1.355157	0.798644
1.277940	2.469972	5.381678	0.087866	-1.926536	1.596788	3.058386	4.808707	3.637332	3.491675
2.861362	3.393568	-0.575980	1.957308	-0.516409	0.162757	-2.808374	3.848504	4.024938	-0.164179
0.947389	-0.388322	-4.063587	-4.331986	-0.541526	-0.327383	-4.241288	2.302996	0.484954	-4.053008
-0.659479	-3.652804	-2.095244	0.457783	-2.808887	-7.361328	-2.809444	-6.750728	-5.186727	-6.241600
0.559157	2.669415	3.068648	6.616117	0.488807	0.860228	2.334572	1.150721	3.017488	3.355053
3.693194	2.816531	4.478188	1.586116	3.130756	2.113387	2.138371	3.866333	2.047892	3.249964
3.111933	3.868638	2.038678	-4.104420	0.426660	1.512753	-1.478334	2.749197	0.988978	-1.788159
-0.388129	-1.132068	-1.853581	-2.438289	-3.006983	-0.502969	-0.993132	-0.159498	-0.778061	-0.060104
3.278207	-3.221290	-3.110289	-0.798590	-1.629272	0.162025	2.206787	-1.837860	-1.351432	1.676437
0.043441	-4.670530	-3.677243	-3.616723	-1.194908	-2.422763	-2.548767	-4.341899	-5.480042	-1.321826
-2.788931	-5.743792	-3.997542	-1.490486	-3.731893	-3.619326	2.262614	-6.303725	-3.814496	1.531416
-3.010408	-5.286577	-5.233783	-4.009177	-0.078526	-3.663563	0.679840	-2.678147	-3.248902	-3.008628
-1.170293	3.019514	0.512937	0.920504	0.871392	1.064531	-3.043682	2.290027	3.107635	3.278151
-1.346088	0.513379	1.092420	0.445559	2.514159	2.038160	-0.368447	1.508188	1.105907	1.241460
-2.405993	-3.782381	-2.411631	-5.471010	-3.474925	-1.208773	2.431752	-5.080771	-5.866991	-3.046392
-1.932711	-1.675666	-0.230713	-1.140502	-2.931260	-3.977465	2.779019	-0.862959	0.311135	-2.607198
-1.909943	2.103923	2.852579	2.719186	2.714052	2.312287	0.415457	6.105519	5.260679	2.146647
-2.125091	2.895388	2.059846	-3.367045	-1.946889	2.693087	-1.269632	3.994754	4.607936	-0.328748
2.888843	3.720829	3.097893	3.607906	-0.676783	1.811437	2.250455	3.130541	5.091999	3.438121
4.593758	4.037948	4.293522	5.402842	4.017068	3.057240	4.477817	3.607974	2.647864	3.401860
3.219451	2.477847	2.754138	1.854265	3.690464	1.995598	4.919153	1.385947	3.103725	3.458573
2.282321	1.064326	0.308743	0.408676	1.341106	2.768413	4.385162	1.246656	-0.556823	2.127365
2.889266	2.699287	1.992541	3.935778	1.655292	3.107386	3.856942	3.053895	1.550715	2.490140
-0.387117	2.774233	3.200434	2.984771	1.766523	1.760020	4.916387	1.586960	1.355035	1.308000
-0.833828	-0.938134	-1.269273	1.154159	2.504998	0.995716	4.021493	-2.023751	-0.029869	1.081948
-2.364971	-1.471014	-0.156879	-5.454858	-3.798782	2.845173	2.400553	-0.163943	-2.298299	0.936887
-0.388647	-2.487903	-2.450080	-1.400578	-1.958918	2.681294	-6.399339	-2.812018	-1.305061	-0.888384
0.266442	-2.893600	-1.043574	0.242400	1.773092	-0.094222	-1.928091	-5.040978	-1.221558	-0.283762
-2.388606	1.471597	1.695442	-2.541021	-1.467754	1.572925	-0.094813	2.295875	0.958606	-0.045248
-1.027393	1.545489	3.108271	2.038459	0.181047	-0.097565	-1.959415	4.205040	4.423529	1.929858
-1.207622	0.764378	-1.212587	-0.293359	2.554295	-0.492493	1.390492	-0.509585	-0.682895	2.816855
-1.580795	1.459065	-1.150528	2.537226	1.845290	1.512140	1.129696	-1.764698	0.833934	1.484641
0.617686	-3.368747	-4.711850	0.800916	0.895835	-2.439268	-3.499615	-3.083502	-4.065088	-1.409885
-2.146081	-7.773459	-7.530052	-4.347889	-2.923371	-5.092417	-3.968255	-4.977794	-5.132863	-1.182126
-0.933498	0.502830	1.218268	-2.422090	-2.007026	-5.468710	-2.827139	-4.367774	-3.770394	-6.274385
-0.822468	2.059721	4.307611	-1.366984	-0.558528	-3.033750	-1.043082	-0.814341	2.183519	-0.887166
4.074008	2.857715	4.042480	2.149426	-0.291575	1.595562	4.435502	3.564208	2.486374	3.209428
1.553226	0.941212	4.984574	1.098142	-1.314666	0.179822	-2.248505	0.827474	-0.531031	0.089692
-3.417116	-0.375090	-0.316803	-1.942237	-1.058499	-0.236573	-5.013019	-3.779840	-5.298897	-2.677080
-1.040820	2.206011	2.117450	-0.391812	-2.971571	1.782573	-0.162958	0.804869	-0.642422	-1.911091
5.188012	2.363813	0.634033	1.765317	-1.684682	-0.626643	-0.108539	3.673205	0.645591	0.311451
4.714977	2.342616	3.678748	4.240048	0.959973	2.156975	2.744820	2.480570	1.750343	2.048642
3.486973	2.924218	0.408597	3.229881	-0.257805	2.379422	0.536501	0.957369	0.907235	0.568974
0.163096	3.036219	2.488082	3.071613	2.668086	2.760395	2.037284	-1.880094	1.410968	-0.677458
-0.210854	2.923916	3.316503	3.575342	5.790050	1.636588	2.131152	-0.807914	2.904042	3.746238
-1.108782	3.079908	0.965364	2.953668	1.946589	1.241196	1.003486	-0.773687	2.567859	0.950856
-1.735789	-1.157207	0.161965	0.809487	1.698606	-1.306386	2.870867	-0.319208	3.158621	3.022987
-1.213379	-4.700731	-7.367790	-4.625702	-2.930297	-3.551763	-4.895824	-2.398673	-4.870570	-4.548275
-1.156054	-6.712166	-9.417700	-2.744703	-1.410116	-1.769740	-1.827705	-5.708575	-6.502911	-0.720238
1.405484	-2.149714	-0.026862	-0.402017	-0.692948	0.813977	1.314106	-2.640209	-3.415401	2.224790
2.090732	2.879422	2.121328	6.110451	2.979809	2.392882	3.366790	0.486430	2.490164	3.511601
-0.194514	2.374939	1.240272	1.309498	3.898558	1.923870	3.028831	0.948447	0.443587	1.271388
-0.600056	-0.769264	-1.433527	-3.521478	-1.771897	-0.409666	-6.222891	2.541148	-0.363228	-1.246457
-0.996997	0.295709	-1.146463	0.521818	-3.641754	-1.661732	-3.562790	2.548738	0.430023	0.409858
-3.353340	-2.945444	-3.808335	-1.618817	-0.861310	-0.750133	0.343116	-2.575777	-3.104157	-0.925076
0.440612	-4.725925	-5.766336	-2.876087	-3.230962	-3.229076	0.166811	-3.391391	-5.413564	-4.080265
0.880856	-3.133838	-2.639862	0.436904	-0.258307	-2.338867	4.809882	-1.684200	-2.963292	-0.800218
0.797888	0.440816	-0.505808	-3.450249	-3.145343	-2.751412	0.914712	2.571102	0.256161	-3.385642
-1.849694	1.009234	-1.881569	-2.962849	-3.875667	-3.407917	-7.904012	1.977120	-1.097097	-4.756944
1.639706	0.422114	-0.714139	1.643699	-0.691376	-1.137989	2.647699	1.326759	2.189136	-0.111933
-0.608115	-0.664146	-0.601812	-1.534310	0.131232	1.027866	0.501530	-0.487977	0.016566	-0.440415
-2.190262	1.976451	1.982518	-0.300180	0.804059	-0.885958	-3.898328	2.504216	4.106399	-0.754898
-1.163036	3.566404	4.114058	1.008683	4.896707	2.080933	2.439315	3.970244	5.532238	2.194612
-2.361043	-1.452989	-3.014786	-1.824224	1.951778	2.244633	-0.304953	0.798210	-2.548310	1.080309
-3.292986	-5.583030	-5.730606	-4.730106	-2.538126	0.488835	-3.369037	-0.704183	1.596459	0.956684
-0.662769	-2.145119	0.986605	-3.165470	-2.989003	2.656933	-1.098247	-0.875630	2.126651	1.566033
-1.267296	2.285342	3.279954	4.622281	4.127248	4.372122	1.752812	1.635070	4.605071	3.676749
0.330229	0.653752	3.871648	1.014741	4.082228	2.097296	-1.088765	2.673921	1.159123	1.539526
2.089001	1.068511	-1.095104	4.285906	2.060439	2.773348	-0.231383	1.109525	0.166113	2.004958
4.770417	-0.575883	0.438905	2.572470	3.506280	2.049973	0.908856	3.461083	0.605945	1.031041
3.400672	1.672272	-0.932518	0.952929	-0.531246	2.127665	0.824049	1.128698	1.133525	1.335468
1.986360	-1.031627	4.246536	-0.440224	2.341860	-1.180781	-0.184604	-0.341029	-3.094044	-1.911164
-2.330022	-1.393277	-2.188327	-0.270092	0.533599	-2.175672	-0.686403	-4.656098	-2.167457	-4.206761
-2.036379	-3.495180	-1.445098	-1.500480	-2.857630	-3.881611	0.502252	-2.658908	-1.955310	-4.216728
-0.310117	1.919166	3.069629	-0.860595	-1.642025	-1.180606	2.245166	1.428241	-1.908700	-1.149168
-0.827441	1.103861	2.297262	-0.427139	-0.955489	-1.276061	-3.296460	0.214048	-4.434721	1.476614
-2.545555	-2.565494	-3.053993	-0.989519	-0.718020	1.069819	-3.555519	-1.294187	1.484328	1.300915
-1.455366	-0.480398	1.845172	-3.263439	-1.633119	-3.418471	-2.630107	-2.351565	-1.937950	-4.315370
0.566922	-0.479750	1.812461	-4.402004	-1.996488	-6.272737	1.853883	-2.313988	-2.736750	-0.924444
-2.463897	1.394951	-0.462820	-2.263317	-1.696627	-2.075383	-1.369042	2.676342	0.536428	-1.677609
-0.050329	0.933207	0.558136	2.189616	1.181562	2.185286	-2.793671	2.047823	3.678888	1.411130
5.923521	-0.964180	4.010433	4.633992	-0.487920	3.850366	1.035803	2.233953	2.313531	4.032370
3.660647	3.487190	2.083774	4.804105	3.906324	2.335751	3.846693	5.438829	5.777458	3.759010
0.372743	2.705519	-1.082136	1.506654	4.813193	1.629338	-0.888792	-2.502052	1.860270	1.388445
3.989004	3.165709	1.124505	3.084033	5.175786	1.577821	-0.192638	1.833806	2.050769	2.856575
3.152124	2.001462	0.955301	1.600939	4.154501	1.946598	2.649067	-0.151100	2.055054	1.380395
-1.718703	1.841379	-1.046647	1.846169	1.556237	1.989563	1.430737	1.802526	4.275726	0.856904
-2.420782	-1.932038	-1.614839	-2.095579	-3.080707	2.206913	-1.668113	0.927680	2.228085	2.989600
-0.748420	-0.095788	0.005726	0.475391	-2.230833	0.037244	5.223231	-1.046742	0.465229	-0.441220
1.265979	-1.707269	-0.674951	-0.350424	-0.650143	-1.475747	1.126786	-0.878845	-2.800242	-1.934557
3.603908	-1.596579	-2.311273	-0.866424	-2.543937	-0.332465	-8.499432	0.684768	-1.485429	0.641986
-1.634437	-4.587517	-1.695041	-2.792312	-1.970318	-2.763312	-4.974807	-5.502609	-4.843234	-3.100492
-2.231861	-1.952181	-1.785157	-0.606389	-1.384185	-0.046192	0.259178	-0.547880	-1.449459	-3.368793
-1.571870	-0.232171	-3.912326	-2.333356	-1.757041	-4.269108	-1.486258	1.307551	-1.637006	-1.306719
-1.086668	-1.528485	-1.338050	-4.234114	-2.751986	-2.471461	-4.795198	1.693579	-0.588777	-1.615070
-1.279460	-6.907421	-0.391034	-3.291962	-1.687120	-5.271556	-1.416525	-2.468800	-3.370175	-6.975450
-0.693449	0.347521	0.525415	6.270699	4.182255	1.195906	0.369181	-0.089592	0.641198	1.627341
-0.999640	2.838642	3.932792	0.923871	1.231039	1.738123	0.322337	0.305301	2.694439	0.824202
-1.660936	-2.055757	2.595191	-3.759345	-1.671167	-2.326107	-6.038238	-2.108826	-3.326855	-5.479869
-1.203940	-2.388375	1.804905	-4.012847	-2.949464	-5.879885	-2.937926	-6.144976	-7.620688	0.449427
-1.903254	-0.375110	-0.284276	3.264268	-1.032352	-0.334413	2.912393	-3.712255	-0.037262	2.883090
-1.642382	2.064337	3.449742	4.424302	-1.191729	1.650808	3.813735	0.235736	2.313519	2.254317
0.023475	2.378867	3.003450	3.967560	2.057104	2.308779	1.310219	-0.634406	1.590052	-0.177190
-0.474684	2.402082	0.300139	0.885145	3.135050	1.874299	0.185763	-0.378585	-0.016066	-0.553134
-0.456059	-1.012518	1.925599	-0.942836	4.336210	-0.803431	2.223985	-2.065403	-0.701637	0.290585
-0.171951	2.246467	0.855621	3.500321	2.775685	-0.218412	6.619902	-2.255262	1.963534	3.079367
2.445340	3.818439	2.711195	3.519222	4.382477	3.837360	5.201030	4.077538	4.563145	4.518912
0.701616	2.591698	3.771511	-2.686024	-1.722611	3.391685	2.223386	0.529494	-1.760306	-0.759380
2.253678	3.153146	2.651660	-0.145710	-2.367676	-0.443335	0.918586	0.701907	-0.350022	-1.543009
0.617630	3.601783	-0.282368	-2.892529	-3.063417	-1.956896	-2.152954	2.002177	0.094395	-4.161175
-0.914627	1.005412	-3.353584	0.971130	-2.065728	-0.805595	-1.371620	-3.040997	-2.033256	0.929424
-1.842289	-1.841267	-2.540295	-2.295323	-3.199509	-0.382628	-0.817898	-2.011312	-1.545778	0.496088
-2.449850	-1.622752	-2.306313	-2.904079	-1.688353	-0.014891	-3.509975	2.773034	3.623529	1.642517
4.476594	1.984960	2.270555	2.796674	2.757842	1.604623	1.260464	4.894841	4.723464	4.088115
3.461049	1.553271	1.252901	-1.846152	3.255380	4.704818	4.404729	3.224914	2.538727	3.554082
-2.458078	1.143383	0.823015	-3.272444	-2.710234	2.222001	-1.294967	2.763257	1.484717	-2.151679
-3.910879	-1.122200	-3.366109	-3.948989	-2.267095	-0.265719	-5.507115	2.521173	0.004936	-2.373167
0.660052	-1.248075	2.952623	-1.398874	-1.184999	-1.871336	3.878296	0.928368	-2.137515	-1.111177
2.104027	-0.579237	2.622303	0.866717	-1.316042	0.004560	2.832674	1.203547	5.122165	3.991192
2.062352	2.397016	0.592528	1.223597	4.663883	3.506978	3.963028	3.430916	6.470978	4.127545
-1.548060	3.631090	-1.171407	-0.462116	0.812478	2.382630	-0.502536	2.941084	1.298628	-0.376715
-0.679399	-2.046709	-3.198707	-3.410709	-5.141149	-1.883275	-0.743810	0.907457	-0.886882	-3.612884
-3.080453	-3.381475	-5.471772	-1.519163	-2.526195	-3.349324	-0.422490	-4.105357	-6.251148	0.554243
-0.355111	-0.528903	0.238895	4.161138	3.956646	1.225396	3.003230	-0.033847	1.699034	2.142971
3.668041	2.047414	3.587694	4.472610	3.547177	3.800297	4.239652	3.812796	3.855370	2.863406
1.294616	-0.066215	1.891826	-0.285129	1.012305	2.123095	-0.921720	-1.023919	-0.150435	0.380053
-3.184172	-4.461783	-2.585308	-1.017362	-0.970067	-1.677396	-1.120885	-5.459179	-7.877275	-5.777081
-0.959309	1.318019	-0.896905	0.797130	4.793766	-2.140260	3.864859	0.601126	0.323658	0.914209
-0.617380	-4.409800	-5.427860	-3.195437	-1.376193	-2.835680	-0.585288	-0.349991	-3.457030	-3.713069
-1.698869	-5.866531	-6.003070	-2.793144	-3.530940	-5.760040	-6.650228	-2.573418	-6.426429	-7.522407
0.426439	-0.648862	0.588573	1.316525	-0.315570	-1.474422	0.632838	-2.908441	-0.485833	3.418801
-1.691340	0.016616	-1.865124	-1.466812	-0.892882	0.657694	-0.082491	0.037152	1.634568	1.024765
-0.559090	-2.870484	-3.494252	-3.202137	-4.211873	-5.022876	-2.233221	-2.979823	-3.389117	-8.236109
-2.161794	1.219648	-1.282803	2.140965	1.115160	-2.078310	-1.723055	-4.908054	-0.888578	-1.188911
-0.834437	0.536126	0.630035	1.247211	4.244318	2.383111	5.168003	-0.328025	0.095195	4.557268
-1.211901	-0.441037	0.719173	1.109717	2.724502	-0.189292	3.375946	-0.861721	-0.884287	-0.795464
-2.126571	-5.954230	-6.642977	-3.546002	-1.212587	-4.883299	-3.025033	-5.792828	-5.544115	-3.263396
-0.642929	0.468962	1.544300	1.906468	-2.530551	-1.252089	4.892760	-3.026829	-0.954676	4.498379
-2.626960	1.718153	4.411217	3.685441	3.135012	3.453960	2.919017	1.231589	0.434839	3.340673
-3.831947	-0.097944	-0.630009	0.635630	2.067999	-0.056432	-5.599772	2.497142	-0.559358	1.327594
3.676426	-1.067115	-1.483564	2.590646	0.552907	1.344759	-2.307814	1.668946	-0.863556	-0.125848
0.852573	-1.417544	-2.421331	0.149000	0.196835	-2.242548	1.619878	-0.104384	-1.926944	-0.971943
-0.635589	-5.422918	-6.158493	-3.265097	-1.357422	-2.349330	-2.994404	-1.868334	-0.877011	-6.510381
-0.681347	-0.852123	-0.943131	-2.100337	-3.481367	0.312933	-2.261172	-0.033089	1.052254	0.422647
1.113414	1.566156	0.749871	1.611986	1.437593	0.900063	3.233062	2.126565	2.741063	2.541851
5.091408	2.004234	2.131332	-0.332920	2.543353	3.271681	0.421787	2.455843	4.323224	1.377240
-2.010253	1.083424	1.364471	-0.024252	3.207607	-1.466694	-4.103611	-1.192744	0.620448	-0.521878
-1.953056	2.203439	1.077906	-0.216405	0.428547	-2.159141	-3.400444	-5.295681	-3.121254	-4.427393
3.923311	-1.443706	-3.089644	1.846422	-2.851137	-0.943743	0.111775	-0.890856	0.701225	0.626903
2.873357	0.107601	1.372239	-2.125771	-0.179251	-2.350679	0.916332	-0.154759	0.652595	-1.599782
-1.387206	-0.063828	1.223773	-4.167285	-2.527507	-3.103833	-4.651988	-3.682478	-6.736737	-6.998240
1.017329	1.830620	-0.429023	1.002777	-0.406916	-1.625789	-2.248297	2.292097	2.315638	0.047836
2.749672	2.575355	1.036868	3.875812	1.163413	0.204471	1.351089	4.865274	2.757825	1.716051
1.293030	2.212988	2.875363	4.663712	1.731665	1.988459	4.894156	3.944162	3.865331	2.490513
-2.087291	2.352929	1.507179	1.306872	0.890630	2.179791	2.369990	0.850367	1.157060	-1.227173
-2.490686	-1.482413	0.940532	0.086480	0.884193	1.488977	-3.829325	1.070296	1.438817	-1.293903
3.040850	1.752069	4.521035	5.890627	4.010740	3.886529	3.997596	3.479254	3.622705	5.532127
5.449920	3.906983	2.262305	6.839401	3.709157	4.968456	3.793040	4.467344	4.185626	7.166620
3.396927	1.058735	1.895653	3.326887	-1.653671	4.758967	-0.955708	0.918670	1.985582	2.246080
4.476172	3.211129	3.006093	3.651871	-0.231760	3.047169	3.327336	5.472732	5.953672	5.329707
2.061755	5.291469	2.418035	6.460835	4.786674	5.445365	3.935059	3.150730	6.875797	2.235102
3.343376	1.648258	2.457190	4.194260	4.750115	2.209161	2.564446	4.337264	6.208654	1.676666
3.067233	1.226198	-0.495835	-1.167672	1.979046	2.368957	4.603884	0.392531	-3.424160	0.576398
-1.394277	-1.921312	-2.243131	-2.632482	-2.711751	-2.569646	4.548558	-5.512672	-6.488648	-2.362305
-0.877856	-3.501372	-3.630991	-1.417294	-1.644891	-0.526150	1.437656	-1.277751	-0.780616	1.501755
-1.400610	-0.977185	-1.467212	-0.111430	-1.627493	0.052942	-3.962135	3.767789	1.049331	-0.405426
-1.208643	1.996246	2.625710	1.341486	-1.634474	1.280225	-2.299528	3.127739	2.082184	0.051749
2.419738	3.520316	3.928978	5.901527	1.288249	3.129093	1.542565	3.468192	2.667436	3.614672
0.307526	-0.078981	1.224193	-2.618632	-0.521842	1.236536	-1.666168	-0.095663	-1.472723	-3.414961
-1.339487	-0.374452	1.339453	-5.529620	-1.595263	-0.080255	-7.417636	-6.330937	-8.462102	-2.178358
-3.019008	-2.464607	1.021957	-0.557463	-1.477533	0.221108	0.905748	-6.241942	-5.752814	-0.490628
-2.291447	-1.650654	0.740101	-1.943991	-0.439967	-4.624289	2.660077	-1.758092	-3.965671	-2.626079
-0.103313	-1.392705	-0.681819	-1.459531	-1.839882	-1.317660	-2.705960	-0.018601	-0.079785	-1.058321
1.249982	-1.773071	-0.093309	-1.184315	-2.818995	1.640177	-6.061070	4.230715	1.438329	2.365536
2.681828	1.890133	3.311622	0.122329	-0.815920	2.007704	1.652639	2.631741	2.189657	3.058880
1.715015	1.734593	3.213766	0.140272	-2.421773	2.224002	-2.372940	-0.396242	2.600983	0.668999
1.011830	3.722595	3.758614	2.516782	2.981631	3.527248	-1.528913	1.168749	3.121991	3.291380
0.690661	3.781622	2.749954	2.941531	2.056479	3.074722	-1.435984	3.477594	3.827464	0.180911
-0.575305	1.387156	-1.496926	-1.830711	-3.740642	1.271598	-0.649658	2.860575	1.841185	-2.146424
1.926121	1.339380	-0.312840	-0.247474	0.847856	1.638853	-1.331139	2.976171	3.395236	2.368062
-1.742174	2.465375	0.690899	1.808915	-0.597240	1.079359	0.477872	2.161161	3.221499	2.857853
-0.177003	0.191020	-0.825024	-1.297574	0.475759	1.018790	0.783773	-1.530174	-2.766844	-0.359566
-0.896080	-0.279503	0.888673	-4.293767	-1.277254	-1.541982	-1.224137	-0.536258	0.032788	-2.297111
-0.957517	0.428485	0.393975	-1.730192	-0.058691	2.818114	-1.559757	4.080890	3.315177	2.561402
2.708473	4.465062	0.366164	1.033227	2.759641	4.291949	-1.150686	2.766748	4.748303	2.803457
1.128176	-2.983393	-5.506479	-1.979537	-0.809264	-0.401508	-1.218022	-1.314806	-2.561952	-3.917664
-4.444719	1.230499	3.135430	-0.402007	1.791187	0.106114	2.484739	-1.710794	-4.913307	-0.893776
-2.335325	1.259215	0.782470	-3.379205	-1.678610	-1.183317	-0.057798	-6.340337	-4.250881	-1.690397
-2.910555	-0.630467	-0.344478	1.593646	-2.947560	-0.798432	0.048070	-2.121655	0.578409	-0.060544
-3.171522	-0.649867	-4.097332	-2.113573	0.219235	-2.571563	-1.185549	-2.239069	-0.992456	-2.458534
-3.242636	-2.401209	-1.322513	-3.335980	-1.028826	-0.558140	-4.249548	1.278300	0.678307	2.533917
-1.618710	-3.260514	-2.599140	1.409106	-1.885045	1.924105	-0.552920	0.382733	2.282281	1.581592
4.006745	1.227396	1.589467	-0.521430	1.512279	1.970541	4.847045	3.218311	3.132350	3.315375
-0.634781	-0.465899	-0.275911	-3.222902	-2.312452	1.882537	4.636855	2.596215	0.563198	2.923748
-1.146800	-2.205120	-1.801492	-0.955624	-1.932235	0.839463	4.102622	-0.201071	-2.159191	0.039097
-0.775823	-3.472988	1.477303	-2.773405	-0.055967	-1.420412	-0.113243	-6.823866	-5.853430	0.318606
-1.227557	-0.791523	0.308956	-0.567056	0.017556	-4.013718	0.565872	-4.245483	-3.316734	-2.079341
-0.596414	0.931358	2.948250	-2.626885	-2.474658	-5.273682	-5.108121	-3.997540	-3.744215	-8.685157
-0.047803	-0.599265	-0.140234	0.118403	-0.717305	-3.189333	-1.472108	-0.645448	2.799315	0.234841
-0.201831	3.171790	1.309189	-1.433498	-1.370675	0.344702	-1.697275	4.842179	3.827646	0.913641
2.295292	0.648208	2.559700	0.900011	-1.649961	1.634896	-0.447008	4.619830	0.976466	0.712030
1.081158	0.591971	-1.355814	-2.167473	-2.114553	-4.248376	-4.513391	-1.696807	-5.155232	-5.698505
-2.590140	-6.614435	-5.931970	-2.337048	-2.230841	-6.887340	-2.065009	-7.068140	-5.942758	-7.968578
0.735791	-7.558824	-7.108681	-3.033814	-0.888113	-7.379117	-2.438747	-5.139177	-4.950318	-5.287998
0.214344	-5.939610	-5.743561	0.085533	-2.653060	-4.558732	-2.201889	-2.405526	-1.666318	-1.403177
-1.432388	-1.896605	0.300878	2.508899	3.151534	0.132396	5.499982	-1.618692	-0.405863	2.584975
1.630688	2.070281	1.460923	0.181090	-0.933421	0.034646	4.337982	0.885720	2.526443	2.604247
-1.227533	-0.338764	0.104565	-3.199688	-3.622111	-2.534501	-2.074272	0.179706	-2.015404	-3.373169
-0.595457	-3.512149	-4.225908	-2.138824	-2.227221	-4.993763	-8.540865	-3.337535	-3.135006	-3.018981
-0.879090	1.341218	0.752597	-0.691409	-1.236537	1.105644	3.377321	0.987395	2.055137	4.119702
0.786264	2.963030	3.634870	1.651568	-0.144345	1.865506	5.696301	1.198396	-0.967577	4.418574
3.157599	3.346981	2.532704	2.329421	3.287072	0.563707	2.629892	0.875869	1.606754	-0.139573
3.623209	3.491165	0.668693	2.472462	3.024127	2.480635	-1.020591	2.378816	0.549930	-0.889744
1.158792	0.663178	0.424331	-0.043095	1.257136	-0.383321	-4.029633	-1.966761	-3.128345	-4.516444
-1.353459	1.531416	-1.141188	3.202665	6.250915	2.262229	2.445481	-1.625857	-1.518370	-0.565380
-1.073748	-1.417624	2.316334	1.276159	6.039780	1.209175	3.780365	-1.125269	-0.070441	1.654746
-0.796079	0.734458	0.714991	-0.187098	1.677046	2.575110	-1.049367	2.148910	4.021047	3.211829
2.673843	2.921859	0.182882	0.621711	-1.055372	0.905326	-2.777003	3.676884	5.080698	2.220966
0.257215	0.323580	-0.728395	-1.090798	0.214342	1.665619	-0.775429	1.511661	2.012417	-0.137347
-1.964569	-5.075480	-3.699043	-1.008505	-0.817097	-1.466418	-1.812336	-4.774253	-1.600989	-3.349710
-0.493712	-3.752619	-0.281963	0.359205	-0.175975	-1.424386	6.715388	-4.386850	-3.251516	0.785772
3.211281	2.594165	2.361146	2.421450	1.801524	-0.811889	4.793852	2.370777	-0.124257	0.271500
0.062506	-0.972828	5.232382	-1.104751	2.236912	0.976671	0.593064	-0.274364	-2.495305	1.229770
0.240458	2.768405	1.692246	-0.996982	2.811305	3.015395	0.550131	0.871535	4.984047	3.853384
2.001334	-0.594632	-3.020361	-0.751526	2.108316	2.916880	-1.822140	3.757782	3.288004	3.062539
2.461329	-0.423838	-3.199440	-0.264065	-1.167544	1.829930	0.117756	2.241784	3.432774	0.639535
-0.693262	0.043292	-1.403188	-0.772783	0.501438	1.219344	-0.389078	3.509050	1.231462	-1.156127
0.310756	-1.018240	-0.214305	-1.221364	-1.841027	-1.319674	1.010561	-2.721913	-3.630323	-0.327849
-0.174420	-2.794230	-3.068890	-2.586293	-1.912827	-5.285421	-1.237026	-4.257298	-5.746978	-5.019928
-2.285795	-5.952375	-4.423142	-1.759155	-3.904552	-4.230295	-4.542339	-3.041198	-0.086294	-0.981466
-2.251074	0.462328	0.122540	1.735263	-0.040793	-1.128092	-2.237679	2.723792	3.418932	3.120038
0.469437	-1.670218	-0.843343	0.381376	-2.956242	-1.032806	4.155250	0.568578	-2.522593	-0.741114
-1.820765	-2.683509	-2.402990	-4.274306	-2.279190	-1.012034	4.608046	-1.972536	-1.369665	-1.227723
-1.882385	0.356157	-1.548901	-0.730570	-1.867029	-0.829969	-2.437799	-0.802744	-0.514680	-3.174887
-0.633628	-1.782618	-0.707676	-1.735807	-0.962354	0.681794	-5.626590	-5.697146	-5.441334	-1.628405
-0.725199	-1.598432	-2.000114	0.063393	-0.424759	-0.449740	2.518665	-1.062637	-0.437225	0.067624
0.383396	1.226618	-0.598417	-0.471162	2.922661	2.229337	1.368155	2.915383	2.498250	1.272501
0.278855	1.140431	0.435515	-1.128065	-1.391391	-0.292570	0.422271	-0.382386	-0.773806	-3.246873
3.661270	0.548608	4.750180	0.338190	-0.685610	-0.012254	-1.420600	1.517155	-2.968394	-0.082496
0.755439	-1.538850	-0.320222	-2.878792	-1.097895	-6.084909	-0.944372	-5.236496	-4.769614	-3.282967
-1.612744	-0.393344	-1.927595	0.249292	-1.774344	-3.286226	2.127843	-3.184842	-2.291764	-1.653685
-2.856384	3.408425	2.807359	5.726146	0.827944	-0.472800	3.789828	2.246512	2.693952	0.154752
0.194015	3.349955	4.430538	5.627869	5.155569	2.872177	3.504166	5.411062	6.321334	4.034346
-0.701751	3.538544	6.945136	3.691763	2.721229	3.855812	2.339541	4.204999	3.351277	4.074498
0.506313	3.274889	4.492251	4.940426	0.582924	3.374213	0.345634	5.554716	4.863280	1.706610
0.650903	2.832686	1.485878	4.313456	1.227051	2.802486	3.120225	4.276404	5.067937	2.392084
-0.524484	2.951931	3.567211	4.988151	1.144606	0.737540	2.838895	2.825253	4.443043	3.329623
-0.605453	2.373320	2.767945	4.260605	4.060287	0.937981	6.365422	1.810250	3.068792	1.825028
-0.238407	3.647748	4.785175	2.243515	0.824790	1.127417	5.889386	2.762984	2.021879	1.464002
-0.862450	0.645007	0.864593	-3.327027	0.188708	-0.889145	1.120364	4.549241	0.532595	1.382447
-1.486784	-6.427607	-7.402106	-3.037428	-1.459763	-2.543197	-7.119365	-1.535896	-5.132066	-6.695833
0.469388	-6.621902	-5.210030	-2.569694	-3.397529	-1.690132	-2.969825	-5.842040	-0.873613	-2.246135
-1.556038	1.201716	-1.174286	-1.018835	-1.687397	1.112758	0.130262	3.745891	4.174745	2.617243
1.724037	6.341837	3.374719	0.946740	0.271626	3.261981	-1.957826	7.942880	6.270799	1.514506
-1.489890	1.913256	0.965677	2.618521	2.801332	4.330444	0.486386	2.268608	2.093339	1.128158
-1.216620	-1.540137	-3.437321	0.936697	0.773915	-1.590845	0.600376	0.118457	-3.323344	-2.826498
-0.656955	-0.273150	-0.378781	3.192859	5.998065	-0.543078	1.287022	-0.484894	-1.810461	0.763644
-0.403795	0.411008	0.939487	-1.948206	-0.003825	-1.104348	-1.857199	-1.353965	-2.870822	-3.942011
-0.309143	4.791830	5.279777	-1.351609	2.247736	-1.034746	1.114691	-2.876675	-2.451339	-0.024859
0.934103	1.476706	2.911481	-3.417761	0.091838	-4.012864	0.420670	-3.617347	-1.991021	-3.873393
0.626540	-1.054872	-4.917810	-1.012576	-3.475426	-4.567094	-5.040582	-5.213701	-3.698879	-4.785607
-1.512529	-7.386412	-7.600002	-1.848863	-1.088767	-3.339427	-1.377285	-4.282059	-3.527724	-3.628794
-0.416005	-2.872523	-1.095303	-3.263636	-1.112193	-6.200456	0.762240	-2.704641	-2.699767	-4.201048
-1.093087	1.873989	3.824981	-1.448506	-3.774413	-2.618971	-4.643224	-1.836270	-1.924817	-2.379360
0.156627	-1.552385	-3.267357	0.586015	-0.432337	-2.358364	-1.072796	0.471634	-2.972185	-0.722123
2.137037	-1.164350	-2.749822	-1.383983	-0.739174	0.924276	1.376808	0.868051	0.114620	-0.641327
0.267147	-3.159515	-1.909421	0.001089	3.328668	-2.163144	-3.884327	-2.629841	-4.587511	2.199736
-1.254142	-2.360983	-2.696757	1.037420	4.918179	4.860486	-0.381616	-3.301661	0.443213	3.627375
-1.751828	-2.186260	-2.222034	-0.138899	-0.351749	0.819577	-1.038072	-0.598328	0.883684	3.478301
-1.082606	-0.514951	-1.791357	-3.709978	-3.751424	0.549937	-2.302408	-2.447761	-2.066606	-1.041975
-1.566675	0.666742	-0.338628	2.846076	0.782845	2.470278	-0.944432	-1.174877	2.647038	1.933957
-0.875229	-1.318684	0.192452	0.333755	2.577950	1.301309	1.238844	2.147808	0.846409	-1.143290
-0.893265	0.120869	1.588081	-2.142147	-2.606016	1.711742	1.658115	0.322177	3.325101	1.423394
2.265520	-0.383399	1.719960	-1.497738	-1.452060	2.497086	3.784873	3.168715	1.960812	2.480523
-0.459867	3.417713	1.722988	-1.235921	-0.497489	2.494353	-1.391987	1.471311	3.620536	0.844210
-2.063322	0.101606	0.448769	-0.522000	-0.818910	1.696955	-5.895866	3.157352	3.827073	2.264767
-0.105440	3.556084	2.595703	0.896021	-3.312929	1.640902	-1.351168	1.818526	-0.631079	1.456210
6.014486	2.808051	4.177096	3.580242	4.007649	3.371507	1.964108	2.784825	1.640480	1.607051
-0.198840	-2.207189	-2.990848	-1.811939	0.912819	-1.425618	-0.933838	-2.070058	-3.337751	-4.257393
1.720890	-0.105228	0.649476	1.559379	-2.631825	-2.181662	-2.722201	-1.062331	-1.770567	0.993791
1.249583	-2.562758	-3.610425	-0.793002	0.086314	-3.144011	0.625222	-0.772397	-0.879867	-3.149581
1.443944	-7.233871	-6.759743	-3.621879	-1.314969	-6.042554	-3.478263	-4.258759	-4.662347	-4.755893
-1.153618	-5.521255	-4.646970	-3.565849	-3.283976	-0.337378	-3.012348	-6.799120	-4.569200	-0.559130
-0.627596	-4.957899	-3.175996	-3.011806	-1.439910	-2.318770	-1.844326	-4.210678	-3.358621	-0.225774
-1.938082	0.641511	0.793990	-2.775044	-2.076074	-0.872517	-0.736385	-1.831330	1.120498	-1.932510
-0.841568	4.043888	3.843899	2.380945	0.931530	1.755095	3.513986	3.530726	5.243867	3.374578
-0.469946	2.870550	1.589143	1.839070	5.232501	3.976577	0.634200	3.304197	4.552995	2.619008
-3.059606	-2.381988	-2.233765	-3.760959	-1.619262	-0.894056	-6.682230	-4.191710	-4.126407	-5.388503
1.234361	-4.497206	-0.489909	-2.778331	-5.844160	-5.354891	-4.815487	-5.511186	-6.191627	-6.669038
1.187363	-1.820885	-1.325775	0.312665	1.387807	-3.129815	0.288043	-1.776618	-0.283850	0.637619
-0.402788	-3.812605	-5.276948	-3.325256	-2.909360	-2.897515	-1.811720	-1.796095	-3.018463	-3.109214
-1.258285	-3.994243	-5.280911	-1.337880	-1.983961	-4.603177	-5.187360	-4.103902	-3.620950	0.619179
-0.818115	1.262023	2.216554	3.211508	1.214005	1.953312	0.254644	-0.498623	1.732105	3.486517
0.608831	4.245718	3.071363	4.453024	3.897939	1.497865	2.968012	1.985361	2.363821	0.773915
0.285465	1.628066	4.368536	3.152286	3.163644	4.760596	4.078964	3.386768	3.468114	3.050691
0.281797	1.083694	0.260991	-3.517288	-0.870980	2.679217	4.653923	-1.140179	-1.297095	0.145361
-0.159561	-0.778272	-0.297953	-2.627379	-3.371928	2.231942	2.793111	-4.152959	-5.189387	0.526942
-0.846696	-3.792505	-3.854077	-3.703068	-0.106800	-0.251918	0.125551	-4.283046	-4.924040	0.868251
0.518701	-1.447975	-3.388160	0.993266	-0.288892	0.413352	-1.276235	-1.753016	-1.805733	-0.291797
0.969146	2.839045	3.513818	4.492045	-0.344000	1.815762	2.042978	2.963059	2.538256	1.058214
1.823849	0.754387	2.952576	3.136389	3.293976	2.686526	1.783213	1.792706	2.515650	3.702600
2.440724	-0.502421	-1.779964	-1.667279	1.168842	1.236655	-2.600704	0.246457	-0.931927	1.713076
-1.697816	-5.366549	-0.015284	-4.190536	-1.495799	-0.758239	-2.994651	-4.780559	-5.038052	2.567858
-2.015757	-1.627364	-1.905662	-1.194360	0.251055	0.004055	-1.103202	-3.361310	-3.443600	1.652458
2.065815	2.854264	2.458422	0.277974	-0.404391	0.553548	1.778666	-0.686663	-0.096647	1.348293
-0.664887	0.304966	0.594187	-1.452412	-1.056935	0.876851	-0.793022	0.560316	2.657432	0.293374
-2.009048	0.940673	1.586952	0.065907	3.800827	1.619375	-0.718443	0.012061	2.008062	1.578716
-0.341752	-4.354184	-5.936962	-3.077045	0.243799	-1.993371	-1.081672	-3.950991	-4.680531	-2.557668
-2.693486	0.161627	-1.390739	-0.770445	-1.362217	-2.407378	3.026413	-0.172706	3.846577	-0.946967
-2.135133	4.789837	4.051341	3.811733	0.561583	1.129665	3.150236	2.767854	3.081313	1.098331
0.107022	5.062876	4.766894	4.775610	1.832201	2.813766	4.280918	3.444525	4.169000	3.303638
-1.031605	2.682674	2.744138	4.667213	0.890541	1.099932	6.792781	1.539746	2.627065	2.341764
-0.112599	3.421260	2.432288	4.299864	2.202704	-0.712527	6.076546	-0.702546	3.814231	1.085419
-1.269341	0.655166	-0.414841	-2.674914	1.601893	1.576394	-3.979066	1.407188	3.378924	0.401713
-0.973017	1.062317	1.982966	-1.325898	-3.693189	1.537604	-6.465337	4.998985	1.434967	-0.968145
-1.900809	1.910243	2.153720	-0.116764	0.373957	-0.960692	-0.024548	1.467384	-3.125016	-3.802547
0.299301	-2.094430	-2.328164	-1.493592	-1.162565	-2.727288	-0.949781	-1.065978	-3.624902	-2.049485
0.438630	-2.937776	-2.729778	-0.676859	-3.789856	-2.533678	-0.668820	-3.462061	-3.320668	-4.698252
3.586994	0.777630	1.152289	2.061355	1.047284	0.388842	1.772151	1.620172	2.342807	1.468958
3.224314	-1.186688	-1.881755	-1.624628	-1.209242	-1.875424	-0.677754	0.101658	-1.483056	0.557752
-0.017795	1.686493	2.122997	3.978009	-0.342438	1.800728	1.676478	1.141335	3.820464	-0.066366
-1.134413	1.609093	2.638850	-0.331913	-1.150402	-0.443398	0.867459	2.634139	0.629187	-1.459890
-2.438822	2.882032	-0.743191	-2.330478	-0.577437	-4.410802	-3.798901	-0.654995	-2.540370	-6.627017
-0.129904	3.115331	2.447276	3.097233	0.391255	0.371720	6.317308	1.650470	2.149311	2.583356
5.282561	3.499904	3.038752	4.289936	2.517873	3.655368	2.864895	4.107468	6.179747	5.389632
4.304490	3.736669	3.500237	4.178545	1.016013	2.493443	-2.802836	5.303832	5.897154	2.798513
-0.715197	2.869139	-1.219172	0.330975	2.229171	1.611846	-0.391878	0.609395	-1.881556	2.374400
0.302719	4.541726	2.925621	4.791139	4.107645	3.936175	0.969473	2.606390	3.262432	2.815395
1.393557	1.728241	0.164810	3.771949	2.919528	2.246030	0.795918	2.077546	2.010929	0.865896
-1.559965	-3.161707	-0.803012	-4.313083	-1.821684	-1.465492	-2.810443	-2.163007	-3.574855	0.344305
-1.038527	-6.014312	-1.662355	-2.678948	-1.946497	-1.549492	-1.339509	-3.290540	-1.358509	0.930719
-2.159710	-0.889469	-0.949330	2.412062	-2.146118	1.133427	5.522617	1.005274	0.713273	2.562237
3.551805	0.471827	1.445351	1.360257	1.617847	1.554360	0.081630	3.019660	2.697699	1.334856
1.506936	3.208575	1.527372	1.406741	1.139590	-2.346795	2.370726	0.376743	-0.566127	-0.736426
-1.778097	4.115176	5.036016	-0.516379	-0.210297	0.183756	4.683097	2.402646	4.642299	-0.565113
-3.028577	1.517526	-0.671735	-1.990901	-0.486423	1.234807	-2.613966	3.321191	0.574879	0.717591
-0.588184	-4.548480	-6.135702	-2.308820	-1.255397	-1.279246	-4.398673	-1.805103	-3.072485	-3.388919
-2.204600	0.940053	1.540593	1.413463	0.341371	1.042690	0.865565	-1.036916	3.452604	1.746653
-1.204307	2.230514	1.463424	-2.615649	0.025170	0.499208	3.746534	5.333167	5.482045	0.513401
4.812912	2.978194	2.455467	1.584441	-1.367010	1.571001	-0.304981	4.489062	1.611635	2.127017
5.282576	2.341979	1.000893	1.712931	1.451719	1.812960	5.600103	1.854984	-0.235932	0.344497
2.046101	-2.290946	-0.467929	-0.262781	-1.201856	0.237277	-0.798531	-3.481457	-2.288763	-1.196467
-1.682995	0.648303	-1.105229	0.969899	-1.665945	-3.094456	-8.206003	-0.818249	-1.183865	-4.630383
4.068904	3.406306	3.764557	0.559865	-0.119263	-0.287649	2.061466	1.051116	1.988152	1.359441
6.806614	4.250743	1.189696	2.754512	1.553978	1.256188	5.714254	2.119945	1.768176	1.217697
4.487451	2.956490	-0.140751	1.390031	2.137963	1.571645	-2.513563	2.812244	2.618297	-0.677223
0.766231	-2.921876	-3.133722	-1.404088	0.314779	-0.727988	-2.937510	-1.749684	-3.328101	-3.225930
-1.961332	-5.821384	-3.605757	-0.572155	-1.933190	-2.269123	3.593285	-7.030236	-8.699832	0.032268
-0.280123	-1.148061	1.319301	0.231020	-1.116457	-1.656671	2.375696	-5.143112	-4.987412	1.187861
-1.986828	-1.750038	-0.765992	-0.540977	-2.512239	1.018457	-2.058108	0.473386	-1.894660	1.370039
-2.977934	-5.239347	-6.286981	-1.957858	-2.096250	-2.082553	-6.686856	-0.569743	-3.851093	-1.132909
-0.826228	-3.757821	-4.364112	-0.850838	-0.440006	-0.157111	-1.170280	-2.698105	-3.443232	1.667607
-0.632598	-2.607295	-2.224334	-1.364932	-0.116423	-0.631931	1.239686	-1.684305	-2.994698	-1.606925
-1.109632	-5.003008	-4.944896	-1.965656	-2.266017	-2.191726	-4.019290	-1.572450	-1.066613	-2.665514
-2.023419	-0.042697	-2.878848	-3.699926	-0.721904	-0.810308	-3.649644	1.149050	3.447400	-0.111774
-0.867350	0.012197	-1.230243	-0.114661	0.036200	-0.068092	-0.736013	2.515286	2.132316	-0.219714
1.676287	0.163934	-1.447635	1.424422	-0.195821	0.647711	-1.090733	-0.346654	1.767811	1.389653
-0.054600	-1.356429	-0.245676	-1.559196	-1.459184	-0.391815	-1.708042	0.408316	0.486159	2.469915
0.341197	-3.223536	-2.186322	-3.187035	-1.491904	0.760317	-1.559780	-1.429016	-1.299567	-1.225839
-1.323713	-1.776732	-0.814830	-2.293314	-1.577898	-0.348406	1.310815	1.329333	-1.426693	-1.081421
-0.625625	-3.266563	1.031944	0.539245	-1.234983	-3.363699	2.115001	-1.420354	-2.265049	1.069556
3.645969	3.688525	2.285642	2.168921	-1.353872	1.388925	2.406337	0.994906	1.418638	-0.089620
3.189373	1.277582	-0.030695	-0.122906	-1.247683	-2.619349	-3.197018	-0.952105	0.175139	-2.974160
-3.134607	-1.897639	-3.462526	0.846542	-0.264531	-1.740935	-3.423408	-1.758208	0.284225	-0.935477
-2.917667	2.683712	3.707190	0.538042	2.878670	4.623054	3.831325	3.450676	3.795565	3.744216
0.414896	1.758084	-0.033008	-0.159028	1.774704	1.458204	0.736037	4.096127	1.674030	-0.479492
1.551684	2.968728	2.118121	2.560111	1.390658	1.780000	-2.793817	2.741622	1.972190	2.621287
0.569700	0.069792	-0.568186	1.409635	4.220717	0.005629	0.811819	-1.697162	1.838914	-0.290759
-1.490255	0.746425	-0.302589	1.890222	4.413167	0.532278	-0.947000	-2.684650	-1.815127	-1.256744
-0.972882	1.541375	0.991851	1.629051	2.091795	1.704933	-0.402419	-0.476064	-1.646265	1.254323
-0.201280	-0.121111	0.964973	4.272597	4.142590	2.528381	2.790015	-0.829431	2.265172	-1.277672
-1.923450	-2.819284	-2.796986	-2.869561	-1.572261	-1.406791	-1.412243	-2.734475	-2.055748	-3.155040
-1.068295	-2.874896	1.751314	-4.779244	-2.358370	-2.707296	-3.771139	-3.522622	-1.599653	-0.863492
-0.889616	2.860800	4.549012	-2.908476	-2.514547	-2.217646	4.751181	1.663202	0.785027	1.028359
0.398983	3.702852	5.410346	2.560423	-0.323202	1.925446	6.048170	2.109670	0.800662	1.411903
