X1	X2	X3	X4	X5	X6	X7	X8	X9	X10
-0.932678	-6.359895	-6.985159	-3.939129	-3.438770	-6.691823	-2.833632	-3.212148	-4.228755	-2.866382
2.654181	-0.040615	3.633368	2.142445	2.678058	3.873741	2.729639	1.159616	0.662549	1.138780
-0.454683	3.590340	2.829351	5.217574	2.528041	2.883801	3.067650	4.152483	5.285334	2.285683
-0.194266	1.760478	3.748999	1.441471	-0.878323	0.453645	-1.121007	1.476948	1.374596	-4.348188
-1.646163	1.026909	-0.726278	-1.993549	-0.454334	-5.901135	-1.846638	-3.294294	-4.198873	-3.668150
0.384233	0.974643	-1.057670	-2.007870	-1.907791	0.073952	-2.429152	-2.415050	-1.613778	-0.792119
1.022627	1.380290	4.233634	-1.222780	-3.147895	0.833997	1.112945	0.716873	1.278973	2.191789
-0.065277	3.743659	3.629743	-0.552264	1.338557	0.930891	0.739044	-0.981732	-0.471026	0.401361
0.132726	1.199662	-3.401730	1.409491	4.412064	1.244028	0.873838	-1.423476	-2.352183	0.860880
-0.360159	-0.019791	-0.471876	0.215800	4.775628	4.077599	0.680617	-0.911967	0.233197	2.822034
2.193773	2.793409	1.751918	2.874276	3.270853	3.370499	0.757272	0.999585	0.925305	4.403809
3.595226	1.982275	2.153161	2.334230	2.754339	2.456621	1.359496	1.809667	4.696434	0.191592
2.424504	1.608915	2.015167	3.607576	3.710490	2.914260	0.997779	0.727368	5.068077	2.857169
-1.329089	-0.118560	1.429545	4.575226	3.225209	0.848809	1.267611	-2.284323	0.016924	0.807130
-1.974850	0.790161	0.392307	2.637090	0.354499	-0.233237	0.555683	1.547678	0.611970	2.651462
-0.351374	-1.784613	-5.036335	-3.840619	-1.384838	-1.314881	-2.324015	-0.132441	-0.557596	1.330355
-0.228759	-4.361871	-0.036070	-2.120492	-1.371896	2.742072	-2.604693	3.086706	0.640019	1.866496
-1.178201	1.746895	0.700513	5.967281	1.768227	3.405218	2.806039	1.334502	6.266806	0.705977
-2.318699	2.743595	1.707624	-0.352289	-1.744363	2.712454	4.899570	-0.281868	2.329555	1.584387
0.532952	0.166539	1.032176	-4.263295	-3.601364	-3.964523	1.677190	-3.882019	-5.952041	-1.900483
3.163953	-2.057367	0.500978	-0.557227	-3.086370	0.311784	0.943488	0.201431	-4.572194	0.992157
1.385806	-1.884612	-4.665458	-3.959779	-0.549277	-4.110426	-0.096447	-3.273535	-1.243011	-3.292400
-2.548186	-5.754190	-3.517222	-5.395443	-2.487680	-7.249856	-2.064725	-0.437434	-2.432403	-0.213863
-2.505222	-3.809693	-3.827405	-4.141212	-3.820674	-1.208906	-0.096859	-1.170084	-3.437380	-0.774640
-2.649001	-0.496514	0.727805	-1.847480	-1.226154	-0.036277	-4.641958	3.415296	2.426248	-3.828737
-0.533620	0.738454	-0.930783	-2.322643	-0.458316	-2.407370	-3.461535	-0.178811	0.665871	-4.444361
0.113220	-5.302284	-4.483260	-1.971095	-5.268552	-4.648384	-2.791400	-3.664725	-4.525620	-1.930319
-2.895077	-2.737522	-1.054116	-4.339733	-3.172059	-2.388719	-4.111465	2.943036	-1.868937	-1.183717
-0.976313	-1.350556	-4.380442	-3.482752	-1.441431	-0.158274	-3.723841	3.158952	-0.665490	-2.210959
-2.202985	-3.061079	-0.473629	0.408450	2.395539	-2.829947	1.523062	-1.751294	-1.467089	1.012649
-0.094593	2.420310	3.155530	0.319476	-1.858544	2.292063	2.238832	-2.729123	-1.696145	0.810504
-1.685237	0.564717	1.050445	-2.990072	-3.215774	-1.582840	0.440459	-2.184454	-0.134668	-5.424100
0.044684	-4.824156	-11.129177	-4.600493	-2.536945	-7.647155	-3.725868	-4.048205	-3.085469	-6.382564
-2.384530	-1.122506	2.536072	0.384514	0.777350	0.201924	-0.339159	5.100806	-0.791957	0.644807
-1.350478	4.182169	1.612900	5.752951	4.670416	4.552899	3.609276	4.449158	4.898356	3.679513
1.473441	2.583669	2.859513	4.923016	3.802562	3.468975	2.732626	4.289835	3.320761	3.148150
3.740926	0.802498	2.640318	2.482010	1.942593	3.572758	1.876083	1.465018	2.468148	3.868917
5.406979	1.965354	3.534423	1.413432	-2.276784	0.370853	-2.241062	-0.404211	-0.850892	-0.792686
5.048999	2.884039	3.481632	5.326581	2.143939	3.756966	2.027082	0.975332	3.791130	0.564140
1.075288	0.688153	1.225354	0.518956	-2.023830	2.523004	3.081306	1.999929	2.196205	1.363196
-1.868855	-1.587706	1.280293	-0.380644	4.507715	-2.209326	1.326804	-2.658236	-2.234875	2.563183
0.266572	1.211163	0.218556	2.506877	1.944182	1.161884	1.808368	1.407922	0.324982	-0.545099
-0.128730	0.133657	-0.941453	-0.161280	-0.976720	-1.202256	-2.085708	2.966987	2.014165	-2.377747
2.721739	0.259477	0.143672	2.821981	-1.047782	1.852660	1.605071	0.205045	0.498569	4.962741
2.151281	4.405919	2.473737	3.193058	1.898902	3.903945	2.739398	0.424382	1.093186	5.126468
-3.187102	2.536581	0.391047	4.625049	0.287144	2.212707	1.698370	-0.954215	1.689008	0.726337
-0.252010	2.533463	1.923606	2.118552	1.105650	0.200057	0.415183	2.600841	2.021229	-0.557846
1.369960	3.794562	2.146820	4.056264	2.275132	1.812907	0.736534	1.224740	2.066744	1.762123
2.258410	3.293075	1.525592	3.573384	3.692199	4.271569	1.481121	1.477770	2.144647	-0.286852
-0.504058	-2.522301	-6.579571	-1.990992	-3.630840	-4.049246	-3.129157	-4.028778	-2.049066	-8.902464
-1.828241	-4.021967	-3.006966	-7.450564	-5.304874	-10.653422	-3.176901	-1.385514	-7.244300	-4.441907
-1.305036	-5.675626	-3.850788	-3.369735	-2.900691	-5.786748	-4.974209	-0.928645	-5.203759	-2.233973
-2.466939	-5.188281	-4.264232	-2.430707	-0.409182	-1.311309	-1.164880	0.304220	-0.728544	0.377645
-2.173248	0.095066	1.356607	1.335419	2.420665	2.839109	1.252189	0.023877	1.687942	3.848954
1.273643	3.043612	1.697433	5.146441	3.400663	3.550423	0.301900	2.037918	0.807598	6.330865
-0.177464	1.401356	0.429250	-1.658740	-0.623078	0.637347	0.829259	-1.849059	2.318623	-3.622114
-1.778462	-0.736305	-1.319036	-6.500626	-4.263844	-4.318303	-3.873429	-4.176358	-2.285383	-6.560074
-1.684248	0.468428	2.483280	-3.333217	-2.661023	1.230391	-0.462856	-1.365983	-5.559919	1.877098
3.384786	4.910954	4.806302	0.725787	-0.930601	2.000245	-1.905916	4.603765	3.892316	0.556510
2.823944	4.097770	1.678336	-1.911612	-2.620366	0.783176	-1.701800	1.179287	4.604826	-0.261425
-1.377167	2.408276	3.187687	-0.038815	0.375397	0.298503	-0.697897	-3.398519	-0.150387	2.474705
-2.863941	-1.129028	1.802060	2.869580	1.191702	1.848744	0.389703	-1.587550	1.664281	-1.135187
-1.538570	-3.308343	-8.165738	-1.507224	-2.355537	-1.805984	-0.441588	-3.616605	-2.074665	-3.892390
-0.004246	-6.877468	-7.635303	-6.170725	-4.202005	-7.381761	-3.291356	-1.289781	-6.370819	-3.797089
-0.477363	-5.759902	-3.623529	-3.101520	-2.725986	-6.466368	-3.219587	-4.488573	-3.083075	-3.816470
-2.265110	-3.041746	-1.871208	-1.326306	-0.574866	-3.674186	-1.129366	-2.508777	-3.022726	-1.899319
-1.946280	0.548804	1.680865	2.160121	2.378672	1.806604	0.985023	-0.570388	1.057836	0.023178
1.741436	2.002549	2.679596	1.846165	6.020144	1.832622	2.243397	1.274301	1.194720	1.716538
-1.297851	0.348692	2.425993	-0.401467	1.095465	-2.008312	-0.230825	-1.535102	-2.168465	-1.761026
-0.906731	-1.416464	-1.352337	0.631229	-1.048848	-0.011079	0.315576	2.419510	-0.592709	3.357304
-0.142195	-2.841114	0.185113	-3.375340	-4.340078	0.822941	0.721921	2.575645	-1.432300	4.038743
-1.226332	-3.534655	-6.486551	-1.925068	-4.167407	0.463668	-3.187270	-4.518587	-0.965528	-3.171592
0.056871	-0.076282	0.823081	-0.879448	-1.113120	0.132722	-2.050974	-3.224875	-4.122180	-0.233984
-0.437477	3.480711	5.284816	-0.054772	5.378001	0.457922	-1.790969	-0.521011	2.449157	0.561484
-3.014462	-0.335470	2.277361	1.580269	0.013774	-1.101312	2.804868	-1.677782	-0.001404	-2.037971
2.772527	1.711583	2.119925	-2.143617	-1.397984	-0.465561	-3.880336	0.069722	-2.523949	0.075068
1.655504	1.267175	1.814517	-0.774021	-4.879156	-1.916006	-4.425559	-2.627786	-2.489763	-3.843181
-1.165521	1.301316	5.154545	-2.175934	-0.589024	0.949473	1.590626	-2.807994	-2.590031	1.629399
-1.738032	1.115914	1.462818	3.870755	2.859729	3.959593	4.371445	1.301711	3.341262	2.460327
0.507283	-0.014122	-1.679055	4.695656	2.593421	1.456972	0.815825	0.687342	2.629833	-2.182280
-1.087962	-1.330383	-1.125865	-1.424120	-1.204131	-3.640771	1.516192	1.977412	0.356997	-2.976603
-1.168754	-2.919258	-5.060003	-5.414962	-2.630910	-5.516218	-2.598025	-2.436266	-4.662829	-0.423627
0.901322	-1.977435	-0.506260	1.252241	2.950901	1.282345	-2.565199	1.137123	-1.292228	2.050969
5.008080	2.062195	-0.012626	3.786500	2.317819	4.435437	1.175598	3.900392	2.581417	2.938000
-0.290465	-0.741454	-2.964893	-0.927872	-1.470339	0.311373	-0.504907	-1.119846	1.314524	3.254285
0.149699	0.040729	-1.840251	2.645037	-2.103958	-0.851132	-1.425584	-1.670976	-1.577291	-0.304460
-0.116210	-2.120643	-3.750990	-3.481162	-2.837921	0.540737	-1.711607	-3.735985	-3.064509	-3.098617
-2.407180	-5.351457	-6.497502	-2.930256	-1.655013	1.118093	0.011453	-2.333559	-4.249914	-1.601069
-2.109796	-5.168498	-1.733076	0.207667	0.149481	0.993350	-2.133677	-2.313685	-2.884287	1.603999
-1.149642	1.467846	1.718494	4.884719	2.327477	3.827320	2.036131	2.380851	3.349689	6.053004
3.756995	1.993191	3.143420	4.315612	2.109587	3.991115	2.707904	4.144063	7.060431	3.791862
1.200332	-0.409850	-3.456091	-0.784041	3.720426	0.564846	-0.871333	1.344562	1.021456	-4.873613
1.435080	-1.237561	0.544770	-3.118529	0.248006	-0.046078	-2.839053	4.807561	-4.232119	-2.600906
4.257957	3.027372	4.856411	1.064760	3.325041	3.659154	-0.415931	6.832072	5.259422	2.939199
4.095675	4.308465	2.677040	1.144837	0.179941	3.751050	-1.761543	5.685708	6.256596	-2.367287
2.387848	1.557333	0.344465	-0.506087	0.507518	3.378516	-0.652266	0.007280	3.268419	2.145951
-1.433609	-2.431108	-1.164107	0.749199	2.185482	2.590960	0.173924	-0.609103	-3.061794	4.634224
-2.326482	-0.361844	-4.362868	-2.552695	-1.824657	-0.417712	-1.054354	1.013272	-1.795229	-0.413255
0.252941	-1.462059	1.520587	-2.376859	-3.026791	0.935204	1.271522	1.764913	1.872829	4.312524
0.945173	1.248562	4.461165	5.289215	0.672588	2.557613	5.582970	2.017430	3.371694	5.192072
-0.795672	1.330935	0.915572	-0.653662	-1.684713	-0.237783	1.933909	-0.746269	-2.546621	-6.101201
-1.784683	1.463375	0.246613	-4.550883	-2.056387	-7.491281	-3.358046	0.820926	-3.536904	-9.102088
-2.204946	-1.301404	-1.089607	-1.536942	0.006971	-2.073181	1.977421	-2.267679	-1.773842	0.572821
-1.444752	-0.377586	0.279516	-0.389230	2.442265	-0.449681	2.388423	-4.660477	0.684775	-1.377168
-1.454888	-2.424059	-2.016615	-2.799743	-1.974401	-2.661683	0.667372	-1.985661	-4.635243	-3.310249
-1.963644	-2.381706	-1.391595	-2.643575	0.469476	-1.435687	-1.861822	-3.266326	-2.371385	1.866484
-0.632110	-0.715116	0.771076	-2.303022	-2.437403	0.181604	0.329950	0.963233	4.388856	0.192935
-1.284675	-1.815674	-0.732697	-0.930580	1.699563	0.460687	0.487294	-1.371978	-0.911410	0.849408
-0.770232	-1.898568	-2.708215	-1.627346	-0.518126	0.721059	1.073917	-0.186357	-4.366277	2.055606
0.985628	-0.278385	4.489024	-1.083419	-0.426472	0.634515	2.267620	0.352800	-1.228139	1.776530
1.297515	2.410787	4.179521	6.342802	1.885726	1.054250	4.885606	-0.044204	2.824111	3.386982
0.583034	1.006658	-1.476926	1.609117	-0.395838	1.646458	0.011975	-1.253468	0.924577	-1.739639
4.845992	-0.354259	-0.808117	-0.174475	-0.560665	0.173132	0.371724	1.626011	2.847663	-3.530434
3.391496	3.059044	2.442047	2.374925	1.648039	-0.092335	-1.438950	3.485032	2.288472	-1.472205
2.659551	3.305979	2.353263	4.156713	3.594270	1.953950	4.058547	3.176896	3.335206	2.635646
0.898963	6.732454	6.878430	6.549886	4.497922	-0.218923	4.714109	-0.830496	3.675268	2.821816
-1.173867	4.700677	3.515544	4.154840	3.444987	1.565139	3.340426	-0.000345	2.613558	2.667599
-1.999332	1.523956	1.624402	3.710069	5.458260	3.764627	3.873787	0.255446	5.732977	5.656391
-2.303532	-1.333300	-2.372601	2.045267	0.668832	1.223729	1.792281	-2.243722	-1.439176	-4.505515
-2.022864	-4.584087	-4.440168	-4.505274	-1.667506	-6.792163	1.609293	-3.254351	-5.534902	-1.924526
0.890874	0.000904	0.288796	-3.889260	-2.692762	0.438441	0.605708	2.913555	-2.135803	2.932352
5.088781	0.042176	-0.576514	2.744399	0.596155	4.377029	-0.796491	3.266794	3.119119	3.482109
3.055458	3.053735	2.665896	2.888194	4.077334	1.366291	1.048579	3.583065	3.659263	4.109237
5.410904	4.938884	3.073721	5.089715	1.722866	3.288516	3.819597	3.624862	3.499723	6.801927
4.407817	5.392129	3.388355	4.961452	2.032140	3.871794	2.717143	2.747184	5.909597	2.313767
1.304295	1.707171	-0.482709	-0.421006	1.309846	0.297312	-0.578505	-4.321073	1.322382	0.952347
-4.019365	0.131413	0.624325	-2.505172	-0.639427	-2.196041	0.513332	-5.279413	-6.032829	1.422156
-3.795167	-0.063342	-1.078751	-2.628756	-2.042290	-4.223275	-1.387071	-0.616040	-2.796638	-6.674918
0.203985	-3.175594	-1.799042	-1.159471	-4.183554	-4.058601	-3.038239	-2.985757	0.331950	-4.173587
-2.476514	-5.234940	-4.930755	-3.479131	-3.317529	-2.194131	-3.660995	-1.541469	-0.485072	2.121536
-1.027569	-3.967982	-3.511296	-2.078847	-2.701827	-3.708076	-1.653466	-2.172778	-4.754606	-3.556861
2.962411	-0.917817	1.972330	0.203767	-1.131057	2.544954	1.906124	3.515010	2.932940	1.696108
1.081222	-3.345947	-3.857084	-3.272203	-2.076431	0.874248	-0.576253	-2.026208	0.477163	3.045330
-3.101446	-3.628172	-5.172842	-3.451768	-3.558157	-1.100404	-4.413122	1.982064	-3.730243	-1.709709
-1.856299	0.482407	1.414350	1.915158	2.412154	-0.614213	-1.239710	1.264723	-1.372483	-2.746023
1.575452	0.235789	-0.817414	1.063361	1.135293	0.370711	-0.578943	-1.579235	-1.208461	-0.399524
1.414199	-2.948128	-5.957336	-0.116270	-4.137949	-1.325540	-2.240846	-1.095214	-2.019083	-4.404328
-3.966169	-0.131444	1.056979	-4.839949	-1.375480	-6.687877	-3.784645	-4.064916	-6.471253	-4.574148
-1.524662	1.826937	2.081427	-0.529786	-0.069207	1.174092	-1.873065	0.365554	-1.089774	0.461902
0.164408	6.247214	2.558805	3.832805	2.482062	1.524658	2.088470	3.116095	3.488448	1.293509
0.584032	2.927485	0.201513	-0.535686	-0.510680	0.537812	-1.188465	-1.581697	0.364211	-3.145540
2.699995	-0.917752	-1.474754	-0.628269	-0.545537	0.531847	-1.698291	0.427676	-0.923289	0.289240
4.204587	0.543000	3.678406	3.057645	1.844484	2.967755	3.766370	1.447211	3.560645	2.165536
5.161694	0.640039	0.601890	3.586647	1.144080	3.869528	2.801896	2.753306	0.554711	0.648637
-0.632798	1.805963	1.360900	-0.237572	-2.833353	-0.522540	-1.703232	-4.980140	-3.658794	-6.875071
-3.735501	1.715368	0.085037	-0.740918	2.566282	-3.267856	3.198469	-0.216229	-0.955772	2.098299
2.214271	2.407853	3.579303	3.499401	4.328784	5.598475	4.165881	3.358136	4.460777	4.305737
3.713003	1.423216	2.633299	0.367278	2.322250	2.065445	2.677688	3.256955	3.801251	1.378231
-0.371519	0.357754	0.782330	-1.884490	2.686181	2.160049	1.482477	3.148027	3.036250	3.168370
-2.185910	1.611864	4.166099	-0.620009	2.409376	2.109482	-0.762065	3.981551	0.972873	-1.992157
-1.147084	-0.874854	-1.915588	-3.139981	-2.450262	-3.462661	-4.786248	0.317125	0.438721	-1.299161
-0.759457	-3.356605	-8.088427	-4.281408	-3.107533	-4.306984	-3.692582	-2.156050	-1.977905	2.496150
1.746856	-0.981488	-1.106410	1.218808	-2.947832	3.246607	-0.230775	-0.628975	-0.947405	3.601966
2.303941	0.462193	-2.027531	-1.998933	-2.296058	4.714409	-1.610331	-2.617050	-2.991077	2.028679
-0.461218	-5.336363	-3.256282	-3.742329	-2.158506	-0.154282	-3.018155	-2.774775	-5.455220	1.641380
-2.126137	-6.267058	-6.897054	-3.819879	-4.183470	-3.542170	-3.113649	-4.052550	-4.271230	1.901162
-1.956131	-5.217193	0.696261	-3.910380	-2.702046	-4.857459	-2.714213	-1.759576	-3.392407	-5.320583
-2.025314	-2.549870	-3.257626	-2.314127	-4.330927	-2.448852	-2.577446	-1.065452	1.179052	-4.268061
-2.390603	-0.566090	-2.080706	-3.761515	-1.788407	-4.166952	-0.539945	-2.639578	-2.672749	-2.892778
-1.705112	0.757445	1.795233	-0.484939	-3.497979	-5.140362	-0.672606	-1.833753	-5.059908	-0.720840
-2.295256	2.399034	1.438901	-3.536792	-4.482834	-4.012086	-3.214621	1.014823	-2.541821	-1.230052
-1.225850	-0.036424	0.293210	-1.869865	-3.485365	-2.682626	-5.322282	-3.367250	-2.362286	-3.972018
0.393992	2.038869	0.284572	4.166550	4.010436	1.626215	1.960719	0.412029	2.050101	2.680057
3.404056	2.067512	1.122800	4.909763	3.746379	2.982834	1.187994	1.862160	4.298443	2.033269
5.617626	0.383804	-1.155594	-1.447616	-1.192128	1.597228	0.051356	3.351142	5.373044	-1.551784
2.541691	0.765444	1.704102	-0.671276	-0.453475	0.002295	-1.245681	3.294477	5.398307	-1.258405
1.254635	0.116530	2.962902	4.063295	2.747447	5.202131	1.784697	1.318065	3.839035	1.719502
3.520447	1.978261	3.305319	3.461110	4.001448	3.447835	1.960908	3.240905	2.683431	2.003037
2.338314	3.812035	1.154365	2.780681	2.781037	1.863502	-1.195932	4.572498	2.165898	-2.310303
-2.741277	0.977551	-1.834648	0.858722	4.663323	3.952431	0.773297	2.061943	2.303939	1.993981
-2.553537	-0.884294	-1.190906	1.393847	1.379916	3.680717	-1.056488	-2.050560	-1.242143	0.770888
-2.031578	2.135100	-0.326797	-2.193031	-0.191275	0.736059	-1.065365	-5.105311	-2.461946	-5.042683
-1.556210	0.648129	-0.212110	-1.749497	0.817259	-6.369047	-0.761114	-2.714010	-3.492768	-0.642632
-0.942244	1.028492	4.125968	1.976964	3.131527	1.434695	-0.200214	0.304741	1.000192	1.501341
-0.692589	2.035086	3.211947	2.083366	4.145537	2.082683	-1.266243	1.889241	2.179337	1.761834
-0.004155	3.956107	3.001737	1.250724	3.057397	1.179912	-0.316079	0.667491	-0.464534	-1.537751
-0.453651	2.879854	0.651750	-4.597048	-0.554085	-2.228920	-0.571001	3.580288	2.538381	-2.287315
0.545615	-2.187078	-5.140006	-3.065635	-0.241402	1.640782	-3.842587	3.327231	4.929681	2.039944
2.740537	2.049107	-0.024323	0.046778	0.478053	3.583115	-0.714014	3.218319	3.799168	-0.124976
3.026806	-1.497893	-2.771692	-0.743597	-1.417814	-1.948726	-1.113162	-0.234950	-0.447861	-1.049172
-0.838284	-4.099784	-4.201307	-1.877144	-4.092298	-5.175644	1.263792	-5.045478	-2.168607	-2.464545
-2.093139	-3.221271	-0.311661	-1.865952	-1.533993	-4.304644	2.462068	-4.810567	-4.884070	0.630205
-0.240564	-5.393657	-2.077150	-3.560907	-4.718296	-2.259029	1.297485	-2.956418	-4.515553	-0.119819
-2.348164	-2.151650	-0.558269	-0.128197	-1.385203	-0.524405	-1.921235	-4.114135	-2.282858	-3.074719
-2.220742	0.912046	0.865684	-0.667111	-2.885310	1.223724	-2.243276	1.881380	1.077611	-0.561193
-2.170104	3.342823	2.604111	3.521562	2.540684	3.399653	1.475581	4.505126	4.478852	4.506559
-0.064351	2.055377	-0.320886	2.961932	3.389180	3.414879	1.808652	5.860998	5.686059	3.142938
-0.356387	0.459299	2.375492	2.558708	4.611181	2.295895	2.016754	1.798994	1.505630	2.819044
0.425987	1.853382	1.930044	3.694099	2.409485	3.391998	3.487500	-1.520889	-0.627042	4.709576
-1.441331	-2.390081	0.834067	-1.569288	-3.893208	-4.574518	0.021703	-4.256054	-3.596561	-4.476863
-1.013742	1.631202	3.741456	3.827353	2.152801	-0.096857	1.496576	-0.126204	-1.111233	0.101524
-0.997047	3.974122	4.927609	5.926929	2.351209	0.504875	3.724228	3.881656	2.742236	1.725440
-2.967045	2.070870	2.805917	1.041044	0.796914	-0.289426	0.891368	3.126125	0.872739	-2.599218
1.915262	-1.102263	-0.656025	-2.391199	-1.914088	-2.308365	-0.758296	-0.289002	-0.094230	0.013952
-0.046824	-4.500785	-4.607227	-2.292697	-2.635801	-2.027448	3.611541	-2.972128	-3.785379	0.432848
-0.869402	-3.228907	-1.220498	-0.350248	2.813370	-3.711579	2.746685	-3.868357	-5.608814	0.007571
-1.592072	0.970861	5.003451	1.230948	2.492419	2.945537	0.593236	-0.245092	2.471155	1.173520
0.676069	-2.104491	3.551309	0.011690	0.628541	-0.370104	0.292897	-3.512038	-0.141278	-1.316705
-2.827378	1.374426	2.207662	-2.381622	-0.860371	-4.077208	2.603567	-4.077398	-4.822723	-1.057706
2.201089	2.597603	2.098697	1.827508	1.136676	2.593421	1.631544	2.511825	0.840913	-1.903783
1.541272	-0.681272	-3.783500	-0.543123	-1.797226	0.345478	1.995523	1.099826	0.979120	-0.523536
0.224274	-0.079210	2.271854	-0.215620	0.590816	-0.496640	1.293801	-1.184499	-1.066209	1.677634
-1.232804	3.003178	4.227343	4.262713	1.657291	1.088061	-0.011531	2.309848	0.631715	1.138825
-1.422159	2.193181	1.830450	3.759567	-0.213807	0.506477	1.426721	3.313761	2.745984	-0.208462
-0.629588	-1.878312	-8.610344	-3.500663	-2.930888	-3.122895	-0.084455	-1.988763	-0.903511	-0.871028
-1.216489	-2.486613	-0.668156	-2.553686	-1.336563	0.464840	0.153833	1.327773	4.628921	1.789025
3.064840	2.886067	3.614893	0.654089	1.220860	0.803479	0.465370	1.962865	3.929670	2.406498
1.990203	1.446116	3.080685	2.697252	0.569971	1.003418	2.795845	0.157308	1.475428	-0.077811
-0.181099	0.916925	0.782898	-1.614106	-1.090740	-3.605146	-1.652959	2.533700	-2.651714	-4.423301
-1.352064	1.541781	0.161612	0.557503	3.070717	0.269383	0.613845	2.347737	2.461834	0.891928
-0.004190	3.756274	3.469007	4.950568	2.880332	2.945903	4.280339	-1.044486	3.108764	3.728574
1.123326	1.726193	-0.377138	3.107777	-0.520206	4.182111	3.652207	-3.068371	-1.293233	3.751040
-0.722415	-5.158673	-10.427846	-2.926583	-3.697705	-2.208496	-4.199471	-5.453722	-5.552665	-7.098476
2.568487	-1.454633	1.259064	-1.023724	-2.965276	-4.188620	-4.448411	-0.531543	-2.741040	-3.364573
5.483636	0.475802	3.084370	1.100040	1.748771	3.495137	-0.178934	1.013863	-1.275167	0.285550
1.722030	-1.662777	-3.381850	1.480098	2.046627	-1.068827	-0.944058	-3.876807	-0.421052	2.710395
-2.252328	-2.658581	-2.568514	0.688835	1.689784	1.604285	1.187396	-2.877757	-2.769204	2.995662
-2.807540	-5.362116	-3.689645	-2.708863	-1.436669	-3.406527	-2.017791	-0.715290	-3.822730	-6.532647
-1.004604	1.408807	1.393238	-2.924607	-0.848138	-3.980664	-0.749439	2.563491	-0.065836	-3.537930
-0.658221	1.989880	-0.465984	-1.525813	-2.207133	-1.504428	-1.831468	3.172183	1.895071	1.804915
-0.888592	-0.048603	-1.376230	-1.883792	-1.593962	0.984481	0.130702	3.230182	-1.486314	2.803292
0.891482	-2.245350	0.947281	-4.010357	-2.812930	0.232161	0.496552	2.790686	-0.760297	0.611902
0.297100	-2.270867	-3.955069	-0.583221	-2.764046	-5.546886	-3.047336	-3.052808	-2.349384	-5.819850
-0.305840	-4.048861	-4.419096	0.774203	-1.011715	-6.396561	-2.326281	-1.965904	-2.641679	-3.073561
-1.306439	-3.538438	0.062984	-0.047295	1.759957	3.455436	-0.280001	-3.066404	-1.165986	1.453373
-0.021000	-1.465700	2.971756	2.389974	0.633164	2.645006	1.205287	-1.748410	0.225692	1.353356
4.265075	3.502445	3.765905	5.528898	3.069203	3.709250	3.379268	3.746574	3.498550	2.555193
1.376483	4.879097	2.602919	3.757967	0.105170	4.649969	3.170125	-0.727654	3.958887	-0.009310
-1.548179	0.807551	0.919586	-2.187526	-1.929240	-1.285437	-3.042755	-3.117096	-2.096100	-3.536049
-1.318015	-0.028196	-3.806106	-5.511392	-5.333528	0.739236	-3.474485	-0.497755	0.086189	0.594984
-1.609228	-2.276843	0.953233	-1.252837	0.537004	3.444188	-1.240177	0.760768	5.441551	-0.883407
0.918679	0.692407	-0.243003	1.054732	3.718954	1.677122	1.284657	2.359069	3.572787	0.517885
1.269801	1.858955	2.233076	2.084309	0.929021	1.858641	0.562809	4.226348	3.678598	2.448968
-0.140465	-1.618099	-1.898135	-2.827411	-3.711394	-3.024453	-2.909029	-1.983298	-0.726817	-5.718051
-1.096124	-3.524254	-3.466940	-2.179533	0.020509	-5.713958	-2.654365	0.207529	-4.582054	-1.524966
-2.226779	1.329592	-0.732044	0.897541	4.479632	1.760232	0.877096	-0.802672	-1.809113	3.935732
1.501764	1.452443	1.234751	2.583408	3.596376	8.472919	0.685351	3.684398	3.502710	3.656450
-0.328398	-0.982699	-3.046555	-0.251432	0.380145	-0.239393	-1.985804	0.063337	0.455518	1.405397
1.225530	-0.139929	-2.624862	-5.484181	-0.400959	-4.827900	-3.676068	-5.761856	-5.595884	1.569381
-0.270956	1.917757	-0.028668	1.975064	1.636569	2.267303	1.613557	2.172418	0.802209	5.852710
1.446540	3.770965	0.672429	0.280403	-0.155267	1.356221	0.115575	3.513259	1.427301	-0.720507
0.437714	-0.450598	-0.948167	-2.813260	-2.287662	-2.865641	-2.569912	-0.371134	-3.375700	-5.252962
-1.984738	2.024274	-1.165949	-3.380322	-3.645110	-4.323178	-4.667498	0.694338	-2.530089	-4.294846
0.590479	0.133388	-1.803211	-1.884478	-0.684604	0.740716	-2.943579	2.771576	4.391943	0.078751
0.524363	-1.651246	1.403054	3.051277	1.315861	2.028746	1.216254	3.194580	6.086803	3.389436
-2.127889	-1.066621	-2.223844	-0.497049	-0.305106	-0.303280	0.316310	0.691349	0.717300	-5.708782
-0.411082	-3.245626	-4.690196	-5.665551	-4.879098	-6.088756	-1.805403	1.309885	-2.789656	-4.656193
3.056782	-1.328752	1.422210	-1.097319	0.885394	-0.596877	-1.983372	0.301188	-1.031057	1.204409
1.029301	0.385812	3.760385	-0.571845	-2.486622	-0.393433	-2.985386	-1.894941	1.363410	0.971935
-1.362828	-2.938623	-2.504158	-2.606519	-4.083638	0.682581	-3.298032	-2.887500	-2.115146	-1.999909
-1.909907	-4.135446	-2.750404	-4.155431	-3.888542	-4.261226	1.448805	-5.617390	-5.809813	-0.488915
-1.935636	0.634656	3.203761	4.189930	3.708874	-0.077847	4.489140	0.262594	-0.291179	4.486226
0.782582	3.628595	1.061452	4.788875	2.558320	3.204626	2.227488	1.114351	0.983569	-0.225280
0.967747	-0.042717	-5.282815	-0.654584	0.436307	2.487301	-1.699934	-2.290116	-1.874458	3.201274
-0.486941	-1.249166	0.656076	-1.481434	1.973846	-1.676912	-0.505310	-1.665605	-3.704344	0.889595
-0.396483	3.108062	2.762144	4.547338	1.578546	1.730494	1.779879	1.195787	2.278122	-0.124310
-0.838277	2.058679	2.716205	3.072443	5.884719	2.548729	3.782350	1.099362	3.654055	2.710863
-3.439023	-0.618500	-4.490023	0.296296	0.258876	0.796101	-0.472979	-2.975076	-0.182232	1.149420
-1.678921	-3.596762	-3.995622	-3.513690	-1.350073	-5.405880	-3.380090	-3.297326	-5.923023	-1.973034
-0.733767	-2.273791	2.798128	-2.137901	-3.666215	-2.099006	-2.604963	-3.135384	-3.076305	-3.576394
-2.990759	0.709426	4.077343	0.991775	0.243559	0.994334	4.132519	0.982954	1.826638	3.392642
0.538603	5.943203	6.368044	4.947753	3.741462	1.532548	5.087474	4.101890	5.178719	3.364078
-0.261575	3.086754	1.996448	2.785645	1.167403	2.591146	4.262322	-1.283272	-1.152847	-0.409083
-0.718592	-3.044006	-1.368426	-3.350534	-1.319005	-2.802663	-1.899922	-2.409328	-2.966446	0.142760
-1.949443	-2.706863	-2.336260	-3.773573	-2.308852	-2.367569	-3.088638	-2.106475	-3.245462	-3.777390
-0.016625	-2.728204	-1.533436	-4.104057	-4.673528	-3.913362	-3.295611	3.442891	-1.547581	-5.483534
-1.150232	-2.121314	-2.289536	-1.816876	-0.836522	-2.321133	-4.760524	-0.042527	-1.648591	-2.194571
0.135739	-2.381081	-2.406543	-1.139116	-0.933723	-2.184374	-2.139462	-3.930225	-3.191176	1.636799
2.113794	-1.488091	-0.842940	0.907733	-1.124322	1.917926	1.427691	0.146000	0.961176	-0.034125
0.224037	-0.819232	0.483189	-0.140617	1.795291	4.356976	2.585048	1.972853	4.845778	3.128955
-1.578924	2.446708	3.072359	5.188344	2.488526	3.427085	4.418622	1.279637	3.210044	3.437436
-0.906586	0.686342	0.457887	2.554927	0.498691	-0.424539	4.030327	-3.628145	-0.286016	0.628816
-2.075641	0.578781	-0.436315	2.265540	3.169396	-3.115987	1.799172	-2.353890	-1.671789	1.182291
-0.148785	1.764135	1.001868	2.966093	6.199349	1.798550	2.669669	-1.264294	1.900535	1.449257
-0.327409	-0.204184	-3.371352	0.456394	0.873758	0.536480	-0.528574	-3.337154	-1.516734	1.741210
-2.347608	-4.300568	-8.392962	-4.857451	-4.688969	-1.143990	-4.793648	-4.269067	-5.266786	2.927745
1.892424	-1.457506	-0.446753	-2.305234	-4.441725	1.450549	-3.006747	-0.631231	-2.636812	-2.120645
5.565495	-0.441391	-0.607812	1.189951	-0.008103	-0.566195	-0.537064	1.686657	0.140095	-1.143965
1.708111	2.715685	4.030268	4.243409	2.453403	1.119383	2.722904	5.114300	2.248743	2.111179
-0.666422	3.231030	6.331097	3.584645	4.424800	2.277791	3.404062	4.406900	4.416738	5.691678
2.117805	1.702049	-4.124120	-0.635737	-0.148207	3.337935	-0.398889	2.477358	2.632584	-4.465174
1.730896	1.535850	5.830426	-0.359735	-0.148713	0.863621	0.101353	4.676177	7.073588	-0.243986
-0.690640	3.790436	4.572739	3.944355	1.375886	2.421155	2.773288	5.896058	4.717652	2.016536
-2.061298	2.640613	2.270923	3.096535	-0.383904	2.590043	4.543615	2.851602	5.367979	2.757882
-1.306470	-2.145916	-5.293717	-4.380194	-1.278981	-2.378312	-0.027968	-2.703089	-1.169030	-4.526557
0.056550	0.310151	1.945321	0.129968	-1.813241	-4.187804	-0.914164	0.389185	-1.690674	2.036612
0.568169	1.671818	2.450238	5.858723	0.664618	1.862570	4.614522	1.296525	0.675947	0.736278
-0.551308	1.992785	0.564335	4.619468	4.061600	0.357315	3.316786	0.130231	1.804131	1.594834
1.294226	0.456153	3.212413	1.639605	1.371305	2.817333	2.774422	1.082604	0.627777	2.655469
1.674078	-0.578077	-0.127231	-2.162870	-2.368364	0.892328	2.743424	-0.881355	1.470181	-1.408825
-0.151546	-1.478507	-0.258397	-3.631556	-2.285108	-7.321699	-2.904717	-3.366248	-4.760861	-8.949658
0.099258	2.317664	1.123612	-0.320757	2.513876	-0.959744	-1.714908	0.572625	-1.234854	0.287862
-1.787402	1.362733	2.456192	0.503625	-2.350213	1.695993	-2.580858	-0.142135	4.103296	-0.851574
-0.193422	0.723097	3.267640	-3.844312	-3.021176	-1.550987	-4.481775	5.816271	1.388683	-2.769075
2.518204	3.803455	3.009252	1.642228	-0.036013	2.584619	2.298830	3.208142	4.290800	1.402950
2.038182	-0.493598	0.834022	-1.608756	-0.898325	2.325310	-1.134451	-1.328421	2.717337	-0.576706
2.637517	1.730535	0.581845	-0.812069	1.332287	-1.699914	0.350169	1.310279	-1.893913	-1.338152
3.395813	1.160750	-1.710686	0.501087	4.125721	0.579049	0.587083	-3.567356	-1.693660	1.075306
-0.831624	-0.302358	3.372324	-0.405892	4.266674	1.366496	1.307478	-2.598528	-3.374216	-0.603341
-0.530990	1.412707	0.116568	-0.645708	0.002345	-1.586971	0.333746	-2.339237	1.301311	-0.012398
-1.704179	-0.670562	-2.899761	1.050735	-1.279169	-1.495755	-0.142526	-0.836883	1.383909	-0.519471
-1.367688	-2.848768	-6.534670	-1.340165	-1.268972	2.107743	-1.933745	-4.606667	-1.654935	-1.427667
-0.722311	-4.702319	-3.822465	-1.844412	-0.911566	-0.938777	-2.172724	-1.411388	-1.867131	-3.525790
2.535355	-0.954419	0.087744	0.822594	2.180744	-0.297617	0.261730	-0.341447	-0.419692	-0.667644
0.245816	1.373426	0.800953	4.111848	2.547556	1.467722	2.408208	1.090558	1.804069	0.290167
-1.025525	2.354909	0.457153	4.528551	1.172565	3.367737	3.079499	2.050827	4.230940	1.473739
-1.015964	-0.425475	-1.713963	-2.784800	-1.908732	2.487427	-1.537303	-0.292638	2.346208	2.170871
-1.323696	-1.666431	-0.933600	-6.945606	-3.042740	-5.937711	-1.447505	-2.953437	-4.444139	-5.105039
-0.121717	-1.404866	3.388934	-2.597868	-1.212464	-2.861978	2.622785	-3.421168	-4.571115	1.245409
-2.174623	2.542515	2.912033	3.679416	4.024292	5.355525	3.387461	3.568372	2.286468	2.818813
-1.493710	2.710506	-0.744509	0.734543	-0.927276	2.617694	-3.515181	0.769385	0.348498	1.578075
-2.865774	3.663503	4.234304	-3.265984	-0.538474	1.666328	-3.654846	4.821874	1.125063	6.136797
-0.959411	3.763401	1.592866	3.783736	2.012894	2.663026	1.114363	4.284944	3.279050	4.193280
-0.974417	-1.092406	-2.216427	3.437604	0.718823	3.767184	0.625843	-3.374503	-0.219952	4.086429
-2.440687	-5.808921	-6.463580	-3.614278	-1.121592	-1.383897	-2.141507	-2.507462	-3.756654	-5.371454
-1.884718	-1.922349	0.658505	-4.009807	-3.142856	-5.388421	-4.146388	-3.079027	-2.419066	-4.353763
-1.636205	-1.680292	0.431525	-0.261979	1.466827	-2.483087	-0.925499	-3.774593	-2.063699	-0.961993
-2.338344	-5.431955	-5.319223	-2.656292	-0.404849	-3.564699	-2.936439	-2.813954	-5.976763	-2.415837
1.952768	0.947261	2.576261	0.487459	2.600010	0.755845	0.493195	0.488396	0.208435	1.669913
3.704637	1.259252	3.221674	3.128278	3.863502	1.336342	0.218705	2.612966	0.227885	2.418963
3.160567	2.992918	-1.320782	2.186170	1.746020	0.401792	-0.504604	2.298162	-0.408719	-0.642777
2.445262	-1.264944	-3.512509	-1.364959	-1.684940	0.589694	-2.181026	-0.195107	3.734614	-2.122198
1.128425	-2.780035	-2.299304	-2.196305	-3.744283	-1.059851	-3.257555	-1.807632	1.495380	-1.806890
-0.156437	-4.009655	-6.199267	-4.253260	-3.717413	-3.479644	-2.503784	-5.277204	-6.343927	-4.659241
-2.632521	-5.757305	-4.566895	-2.386320	-3.856835	-3.084984	-5.115305	-1.278314	-4.866211	-4.415140
-1.439322	-1.777784	0.194515	-3.697977	-2.970453	-0.753071	-2.883809	4.139950	0.728123	-2.497075
-0.399735	1.892909	1.048767	-0.088526	-1.239271	-1.645304	0.989813	-1.870104	-1.572127	-0.769134
2.891743	2.670574	2.859063	2.500541	3.670307	2.914818	1.817973	3.569838	1.557837	3.552398
3.426818	3.596213	2.171308	4.286931	4.998676	3.031995	0.374280	2.994285	1.961414	2.202233
1.559994	0.659228	-0.413393	2.555650	2.909432	0.876231	-0.031354	1.558650	3.618003	-1.707814
-2.066924	-2.304680	-5.523334	-2.796895	-1.251826	-2.241875	-1.675415	-2.690255	-0.754695	-2.218229
0.487669	-0.571808	3.225490	3.382103	1.411596	2.209980	2.170007	2.102282	3.595121	1.713504
0.477076	0.295347	0.236085	1.081450	-1.266605	1.065699	1.235528	-4.215626	-0.585646	-1.307801
-2.271196	-2.280713	-5.267044	-5.134146	-2.801131	-4.358718	-3.437541	-5.812766	-8.873695	-4.048028
-2.790643	-1.293385	-2.458688	-3.807780	-4.339885	-2.312467	0.539414	3.057774	-2.748422	3.256239
0.611638	-1.194866	2.351158	-0.830145	-0.742370	-0.634747	3.802208	-1.575292	-0.851921	1.715016
-1.810246	1.452249	4.757301	3.264164	1.142310	1.060845	4.843254	0.571349	-0.667889	4.099018
-1.929793	2.076061	0.065947	3.914053	3.943355	1.682013	3.063167	3.435309	4.272280	2.942261
-1.936796	3.727075	3.641405	2.431126	0.132062	2.344658	-0.136841	3.224101	1.939593	-1.021840
-0.058152	2.134794	2.605580	-0.123811	-0.042371	-2.325017	-0.760654	-2.264260	1.832056	-3.429767
2.505744	0.615820	1.552980	1.747545	1.255054	0.354690	1.325640	2.269237	4.876076	1.268893
5.787895	-0.207342	0.236310	4.248998	0.575836	3.657283	-0.801545	1.391204	2.150163	2.430057
2.684808	-0.552590	-1.330222	0.347851	0.652673	0.704663	-1.229797	-2.182545	-0.787677	-1.185161
3.932584	0.880680	2.464189	-0.209794	0.172165	-2.080566	1.698598	0.538500	-0.831135	0.032654
3.492429	1.964069	2.223150	2.483165	2.049009	1.844997	4.505251	0.346353	-1.189000	3.697216
1.429847	0.718281	0.713865	3.590729	3.249406	3.371654	3.317273	-1.163277	-0.659465	-2.647961
1.295741	-2.027383	-3.178659	0.678399	-1.057546	0.631208	2.359576	-0.527478	-3.243619	-0.398464
0.847015	-2.969720	-0.870719	-4.693727	-4.209046	-2.762540	0.980969	-2.973941	-4.719353	-0.527480
-3.153827	-1.281729	1.212189	-1.435748	-0.956895	-1.580089	0.608061	1.734346	-1.927156	1.429004
-1.942881	1.221292	0.909371	4.274433	1.285506	1.931963	-0.626139	4.500289	4.651281	2.432297
-3.543045	2.584443	2.760928	3.383014	0.269757	1.376315	0.791178	0.936299	4.070170	0.321412
-1.797015	0.481824	3.191264	0.869291	1.802959	3.034870	3.003216	-0.515317	2.437419	2.598258
-0.115788	3.430236	1.167180	2.010960	5.519112	2.330325	1.628482	3.804248	1.410640	0.265945
-2.490561	2.946378	-0.460722	0.362817	1.436515	0.419082	-1.878719	2.803701	0.868243	-1.669321
-2.038530	-0.259550	-2.366441	-0.912143	-2.165131	-6.131960	-2.032883	-2.476654	-0.975063	-3.419630
-1.620494	2.139150	1.578022	1.332171	-0.278225	0.675896	1.493891	-0.938810	0.286534	1.313524
0.060050	1.066977	2.119968	1.165854	1.166031	-1.081350	-0.262293	2.272636	-1.628559	-1.765154
-0.211395	2.537628	0.013195	2.216798	1.935340	1.737999	-0.195037	-1.437012	1.488370	1.638541
1.159272	-2.349400	-6.400398	-1.125905	-0.978100	-1.859560	-2.184840	-4.126653	-3.021470	1.943613
1.891055	-3.717009	-2.331413	-5.247566	-3.551487	-2.797231	-2.648204	0.264016	-4.957272	-1.271535
0.881154	1.998896	2.967045	3.184406	2.047578	1.288784	1.144268	3.381296	1.593975	1.308698
1.669872	0.046512	0.601075	2.532700	-1.183005	0.323480	0.522773	0.405986	2.485178	2.055714
-0.698289	0.842735	-1.180229	-2.294294	-4.714336	-0.209449	0.649704	1.738785	-1.650254	0.953312
-1.824730	0.678159	2.569529	-5.406788	-3.756515	-1.811708	-1.621443	0.557493	-2.657814	-4.403908
-2.246347	-0.722920	-0.064756	-3.221295	-2.763642	-3.447502	-2.565577	-2.798494	-1.930594	-3.468750
1.874360	2.040091	3.918111	1.772873	-0.819519	3.596960	1.666696	3.452720	3.211612	5.268885
4.286791	3.818486	4.859222	5.768502	3.399455	3.800473	3.397265	4.019233	6.210110	3.033391
1.667948	0.718060	-0.745829	1.054878	0.935177	1.424328	1.690521	-0.029662	1.689106	0.905965
2.936330	-0.488894	0.555751	-0.752712	-1.598453	2.568417	2.047952	1.089030	1.866707	3.224701
1.652139	-2.544584	0.866455	-3.176683	-2.739338	3.199232	0.399547	3.148003	3.096716	3.555291
2.753575	1.078785	2.683576	-2.037550	-2.150978	3.691162	-1.159807	1.374750	2.337139	3.123828
3.524237	0.354403	-1.948396	-0.783328	-2.079677	-0.840701	-0.559223	-2.412137	-3.137022	1.552304
-2.589975	-3.255136	-2.165867	-1.857132	-0.837437	-4.429169	-1.215817	-0.940168	-4.333061	0.231710
-3.250062	1.294960	2.686952	-0.111477	1.863838	-0.835652	4.249398	2.088450	2.156923	1.911236
-2.110223	-2.524916	-3.320045	-2.828479	-0.837054	-0.848260	-1.291695	-0.927293	-0.233366	-3.682728
-1.029861	-0.648273	-1.516868	0.317846	2.748681	1.251893	-0.817512	0.590391	0.287673	0.343305
-2.120975	-0.629419	3.098374	1.895283	4.069741	0.163098	0.529032	-0.631506	0.176042	2.519726
-3.523468	-0.344562	-0.292426	-1.465184	-0.030880	-1.128160	0.896118	-2.585398	-1.696757	-4.070679
-3.569741	-6.562609	-10.693879	-2.749171	-4.406487	-8.129891	-1.129271	-3.138694	-6.817125	-6.484223
-2.728895	-4.405769	-0.708092	0.241207	2.479513	0.879190	-0.648452	-1.266808	-2.942561	0.628382
-0.833233	-1.507050	-0.194874	-1.503665	0.556116	1.937472	-1.853543	-0.167751	-0.923265	-0.879079
0.660744	0.812141	0.761866	3.293898	2.383114	3.553841	0.628237	1.605863	2.128063	0.027682
3.629532	0.856196	1.808421	0.742380	1.264800	1.168584	0.929170	2.902923	4.295521	2.128350
4.787429	2.324207	2.050283	1.175568	-0.832533	1.328088	-1.204061	4.506214	5.001308	1.315010
2.674432	4.474867	1.527744	1.350646	-0.895193	1.028540	-1.295875	2.896725	2.900222	0.677849
3.053739	1.704868	-0.175704	0.279502	-0.485890	3.179126	3.089410	-1.336960	2.756562	4.834152
-2.681755	-0.898096	-1.147367	1.125722	5.794269	1.365632	3.524876	-5.066352	-3.701075	2.070404
-1.562553	0.116267	0.320447	2.393892	2.592674	-0.216653	0.160506	-1.866065	-2.302091	-3.759109
-5.299058	-2.591748	-3.960467	-2.812399	-1.263585	-1.770443	-2.400717	1.700686	3.078110	-2.911202
-1.367875	-0.909049	0.776485	0.417035	0.393683	1.584649	-0.451210	2.274590	2.743325	3.115012
1.601892	1.757759	3.497397	2.934985	1.825466	2.643611	1.224110	1.712232	4.223951	5.341418
5.152539	2.473970	2.310764	1.036140	3.157454	4.520631	3.248028	5.232400	3.304985	4.869903
2.715361	1.840779	0.803782	1.290588	-0.439563	-1.205204	1.701829	1.659280	-0.050878	-6.697447
-0.295347	-1.248020	-6.331555	-3.196479	-2.196697	-9.203504	-1.958603	-8.621740	-7.522741	-3.061944
-2.202290	-0.398031	-0.617148	0.679930	3.652540	1.876019	-1.271279	1.314728	4.458390	0.023098
1.562327	3.555341	1.850897	3.681007	5.479338	3.861055	2.228785	2.592870	4.026813	4.412567
1.305899	0.475492	-3.668621	1.869044	0.454984	0.505293	-0.730021	-1.789425	-2.980577	-2.776449
-0.814681	-7.529683	-10.143005	-5.803565	-3.119434	-9.464876	-5.491110	-6.043469	-7.578586	-6.697460
0.552983	-4.236886	0.067443	-1.861725	-1.085626	-3.196560	-1.993991	0.759927	-1.512816	-0.617977
4.893884	1.227480	1.398122	2.812457	-1.161905	2.114730	1.973025	-0.311147	1.758126	3.207589
1.557617	2.002110	3.876530	0.768279	-0.431582	-0.094811	3.989030	-0.208104	-2.542664	1.208929
-0.074125	3.808403	2.537068	-3.351064	-0.976369	-3.152792	1.187316	-3.159752	-4.465790	-3.702267
-3.783448	-0.881544	3.299134	-0.700873	-1.374177	-8.145319	-1.254123	-0.092302	-3.710058	-4.334205
-1.317558	1.631167	-0.842271	0.128449	0.072882	-1.882098	-2.355393	-2.776863	-0.670072	-3.228094
-1.273361	-1.025466	-1.161247	0.973202	1.213599	-0.487134	-0.762798	-3.200244	-0.642236	0.681658
0.899435	-0.428544	2.236208	-0.358715	0.181162	1.005669	-0.795242	-1.893753	-1.001456	0.464947
4.669826	-0.164768	1.837095	0.235400	0.807462	4.533606	-0.230328	0.971902	2.849065	0.541266
1.107504	-0.138140	-0.479086	-3.598351	-2.196811	1.958376	-3.112156	0.524513	1.576420	-2.687790
-1.637738	2.467140	0.859969	-2.356367	-2.312467	-2.486124	-2.613426	1.293473	3.537107	-2.075826
-2.333705	-0.038528	-5.152339	-1.803744	-4.062413	2.539605	-0.831938	2.546975	2.022220	1.019956
-0.796103	-4.540145	-4.999007	-4.099077	-1.866659	0.553161	-3.853490	-1.950486	0.801356	2.355752
1.219759	0.167389	1.200266	2.098139	2.114290	2.117045	-0.334179	2.821584	2.877209	3.680860
-0.886922	1.801973	3.020085	3.652909	3.580826	3.685659	2.589200	-0.110320	3.240776	2.788977
-0.059155	-0.200490	3.177552	-1.505760	-1.289457	0.634103	1.021052	-1.732004	0.302154	2.096404
2.449156	-1.450902	-1.009631	-2.185961	-1.090364	-2.974320	1.074883	3.499230	-2.602263	-2.548462
2.165204	1.184839	2.247141	-0.675985	-2.442799	-0.358507	-3.171300	4.725377	2.311523	0.486781
0.312583	-0.471668	-0.785129	1.020376	1.746233	0.730147	-1.250388	0.499333	-0.613492	0.369032
-0.745612	-0.512519	-0.526938	-0.185267	-0.789268	0.339845	0.391827	0.574497	-3.041912	-2.953208
-2.602287	-2.464016	-2.221582	-3.621705	-5.342707	-5.350208	-2.780044	0.811166	0.187261	-5.998536
-0.833047	-1.685457	0.557342	-1.118327	-2.459582	-6.864704	-3.262390	0.454739	-1.373477	-3.507452
0.482003	-0.549540	3.017338	-2.301121	-0.112094	-0.684137	-1.679899	-1.063488	-2.050629	-0.418253
-1.751243	-2.131164	1.423010	-2.273575	-0.543843	-1.231601	-2.530859	-2.519913	-3.599996	-3.256035
-1.318488	-1.785429	-1.034539	0.068625	2.284675	-2.864487	-0.988256	-2.991138	-0.038283	-1.184598
-0.462138	3.212169	-1.542006	0.384690	-1.786439	-1.243187	-1.021076	0.540137	1.595410	-2.743036
-2.541396	1.225129	-0.469485	-3.299064	-2.157679	-1.049791	-3.724203	-2.785988	-1.016020	2.985053
-1.953467	0.358253	0.247024	3.739175	0.885659	3.891209	1.467277	-2.283811	1.560124	2.683174
-0.638254	3.024143	4.371828	5.385624	2.927281	0.581925	4.252282	0.685268	2.018043	5.143630
0.912940	4.320401	0.428127	5.189796	4.161494	2.806768	4.284927	1.093751	2.445533	4.102025
5.386011	-0.040072	-0.263273	0.220908	-0.548093	-0.861253	2.361229	4.153840	2.381695	-0.590437
1.824357	2.476625	3.593229	1.147776	-2.003972	1.662975	3.495208	3.340038	2.082526	2.619649
0.684175	0.140395	5.177038	0.636114	-3.403932	2.924964	2.081580	1.539546	2.721327	0.872388
-0.648138	-0.739962	-2.273645	-5.104460	-2.019363	-0.539873	-3.217235	0.347569	4.085297	3.371083
-2.791582	-1.976444	-2.720815	-1.975930	-3.946652	-0.331923	-3.340820	-0.616991	-0.693164	-2.692462
-2.879860	2.957851	3.226728	3.847920	1.958014	-0.604074	4.863545	-2.124430	-0.828956	3.546858
-1.312572	2.381324	-0.209812	0.094107	-1.166552	0.768288	4.295580	-0.006742	-2.332179	1.324347
-2.795520	-1.378223	-3.369032	-5.650151	-4.035134	3.163177	-0.103497	3.081676	0.497368	-0.846691
-1.086404	-1.538589	0.694569	-2.949040	-3.033818	1.899808	-0.395966	-3.596970	-3.778613	-1.390752
-1.564125	-4.301072	-5.432906	-2.866241	-4.971086	-0.822105	-2.082308	-5.840076	-5.103422	-1.671734
-2.010582	-5.428472	-7.176956	-2.963238	-2.968422	-3.524548	-2.396903	-1.256235	-3.521557	-2.720232
-1.938374	-3.659487	-1.907878	0.858885	1.736992	1.521494	-0.900732	-2.637142	-2.207015	1.715757
-0.197502	0.836585	-0.346171	1.997945	4.772676	1.978636	0.976424	0.448911	0.560105	4.879334
0.161436	-0.494355	0.135666	3.368257	4.632647	2.219194	1.053984	0.976630	-2.017495	0.180503
4.740942	2.599694	0.920536	4.246838	3.914726	1.524082	1.925967	0.743222	1.429590	0.397766
3.534316	-1.416768	-0.902961	-0.825597	-1.650766	-2.411783	1.657991	-3.636705	-0.377937	-2.871677
-0.813938	-1.741238	1.244678	-0.418634	-0.759910	-4.980887	-1.755025	-0.890943	-2.283173	-0.578423
0.807482	1.468584	2.519551	4.144643	-0.609582	1.251787	-1.115164	3.533016	2.233786	-0.609972
2.051477	2.638700	-1.584038	-0.913652	-0.361463	-0.988647	-2.016609	-1.878219	-1.433554	-4.318724
0.715052	-2.973090	-1.513789	-2.359505	-3.348530	-5.604373	-1.423243	0.466061	-1.232090	-2.925978
2.421710	1.554615	3.470799	2.867497	0.894239	1.874026	-0.493449	2.343166	6.808085	0.848664
2.089953	-0.230683	2.893126	0.822666	-1.236033	1.187065	3.836988	1.708405	4.400377	0.617502
-1.318514	-0.039185	2.453093	1.953714	3.328276	2.027358	3.215082	-0.488311	2.001992	1.356934
0.118814	1.056612	-1.917798	1.450254	-0.252111	-1.045977	-0.123751	-0.684071	-1.707964	1.818357
-1.095360	2.292808	0.609152	1.087395	-0.159473	0.943274	-0.463197	0.688436	-1.748183	1.870570
0.493169	3.323103	4.654644	5.498448	2.774515	1.315727	3.712555	3.563220	3.453443	2.424468
2.358807	3.554799	2.657780	-0.023879	2.399474	3.377198	2.644618	2.114196	2.477423	0.660449
-0.422342	-2.804904	-7.154841	-1.392277	1.002525	-4.266799	0.152603	-2.924527	-4.148436	-4.916393
-0.329471	-2.342104	-0.372617	-0.733637	4.082192	-1.096348	-2.113478	0.777966	1.126977	0.830137
2.794324	2.317998	1.040251	5.341545	5.741596	7.659566	0.390483	3.444988	3.830672	2.233536
3.722850	1.199004	0.735565	4.575977	4.115757	3.829458	0.947696	1.099953	2.576758	1.794595
0.515213	3.807215	4.260926	-0.029536	5.458396	2.653043	2.952968	1.687373	0.891847	4.090009
-3.285979	0.174131	2.687634	-0.751692	0.027335	-0.212865	3.789606	-3.137335	-2.379948	0.497171
-1.632022	0.633353	2.000590	2.202215	2.616591	1.838350	6.284716	-1.099157	-5.165617	2.173072
-0.798006	-1.479117	-1.751405	2.503085	1.314684	0.333301	1.275304	-0.254178	-0.754646	-1.657595
-0.756026	-3.466780	-6.354449	-1.550180	-2.426967	-5.758096	-3.511427	-2.525282	-1.035722	-7.290938
-1.618773	-0.694533	-0.460042	-2.402979	-2.399346	-6.162729	-3.582474	-4.121852	-4.077329	-3.839569
-1.171440	-3.339377	-3.470282	-1.421814	0.574465	-3.211582	-0.300734	-3.685572	-1.203955	-0.928495
-1.678719	-6.537410	-2.224667	-2.487285	-2.228318	-4.035541	0.156394	-2.617024	-4.782183	-3.279328
-1.666001	0.470669	2.296304	-2.565496	-3.704082	-3.466494	1.828909	-0.754691	-3.719397	-1.377378
-2.247779	2.287961	0.887232	-1.873050	3.308589	2.356374	0.763111	1.025045	3.292720	2.542843
0.330458	0.152567	0.571821	1.185948	2.182507	3.875676	0.962899	4.162303	4.599184	1.352424
-0.179682	0.773088	-4.232229	-2.525506	-3.730216	1.563026	-1.503731	1.087101	2.002015	-2.290647
-2.474691	-5.756073	-3.434214	-2.440220	-2.285369	-1.542164	-1.805882	-5.094340	-5.949570	0.797416
-1.746357	-1.246216	0.319068	-1.687900	-3.311842	0.606420	-5.861859	-0.451202	1.915849	1.628901
-0.820872	1.754561	2.032220	-1.656256	-0.406927	1.560790	-2.074768	5.729736	3.960692	0.105294
2.580474	2.414859	2.560345	1.628205	1.533285	4.284660	-1.382814	6.040795	1.948680	1.347781
4.959193	2.557880	5.047246	1.682872	-0.300201	2.616142	-1.241106	3.973195	1.992835	3.030448
2.513995	2.285027	1.628327	0.302234	-0.046979	2.907249	-0.425252	4.732558	3.089378	-1.854619
1.086690	1.099801	-2.295408	-2.671321	-3.149945	0.358492	-2.373760	-0.471194	-2.699968	-1.453036
-2.219909	1.525904	-0.390055	0.650996	0.564003	-1.449816	1.865658	-4.504039	-4.594879	1.919881
-0.077991	1.629538	4.313589	5.994671	5.107668	5.196038	4.150494	1.138445	4.109269	3.586218
0.097155	2.611107	1.111231	0.777891	1.574649	3.057965	4.803534	1.710381	1.919300	2.036759
-2.375857	-3.704088	-3.870625	-5.460160	-4.031554	-3.703223	2.218068	-0.572908	2.669141	-4.491813
-2.262915	-1.955144	-3.266774	0.835204	-1.570842	-4.947115	-2.284719	-4.473598	-0.062784	-4.120115
-1.219007	-0.528157	-0.203110	-0.345234	1.928480	-1.846097	-0.630939	-1.461765	0.530854	1.387137
-0.604017	0.357875	-1.261528	-1.001389	0.778208	0.718540	-1.428206	2.482014	3.394680	-1.755174
-0.753333	-2.384044	-2.886419	-3.870578	-2.040663	-0.269092	-1.736136	1.650164	-0.797676	-2.026266
4.068459	1.154788	1.994721	1.143881	0.525060	1.716519	-0.244444	4.892510	4.180913	1.003944
5.563475	1.969177	4.687900	3.521471	1.644970	1.259884	-1.921845	2.492676	3.051678	0.344639
3.125729	-1.772175	-3.547874	-0.780926	-1.041543	1.033513	-0.264855	-2.386713	-0.425353	0.341101
3.901038	-1.164462	-1.199594	2.254471	0.724511	3.840819	-0.343092	1.831770	-0.525249	2.985411
3.218117	-0.913082	-1.670151	-2.673257	0.042422	2.968910	-1.844773	-0.258252	0.290622	-0.786448
-0.390918	-1.894828	2.546263	-0.646229	-1.042123	-4.812600	0.994786	-3.570252	-3.309811	-1.031095
-2.453549	-1.226297	3.101157	-2.137963	-5.203937	-4.520603	1.858566	-2.083404	-4.634814	-5.477749
-0.603459	3.385617	3.902041	2.966321	3.000967	-0.671988	0.910350	2.285917	4.621944	1.755672
-1.998430	3.188719	0.135124	0.682004	-2.454927	1.278256	1.453819	0.597538	3.525597	-2.179950
0.051157	1.874315	-0.824983	-3.707934	-2.191934	-6.195661	-3.930545	-4.197016	-5.787022	-2.993635
-1.782780	1.522910	3.306931	2.772088	3.233430	-1.081330	0.331139	-0.802518	-4.641280	2.352499
-1.111820	4.028211	4.640676	6.240351	4.436146	3.755061	4.699654	2.169458	3.746658	3.714132
-1.761345	-0.881276	-4.689935	1.323735	0.795597	3.763821	1.419879	-1.081063	1.221226	2.409745
-2.485633	-6.846244	-6.930691	-5.561079	-3.076436	-5.061242	-3.776103	-4.503052	-7.868440	2.259620
