X1	X2	X3	X4	X5	X6	X7	X8	X9	X10
-2.886397	-1.425299	-1.100646	0.028815	-0.728911	-3.332233	-1.145769	-4.858867	-2.131730	-1.961167
-2.404953	0.858870	2.617380	-0.033055	0.328320	0.752764	3.006588	-1.886489	2.115098	3.080136
2.917136	-0.391983	-1.017754	-2.783796	-2.982875	-0.131069	2.762443	1.334310	-2.534305	-1.988356
4.217480	2.400151	-1.913334	-0.148592	-0.028989	1.264188	-0.588177	1.473720	1.115987	3.150079
3.181786	1.431586	1.451455	1.380169	-1.059815	0.594254	-0.391649	0.728329	3.227601	2.888560
-1.342540	-0.498168	-0.509575	3.854300	1.203951	0.950647	0.750351	-0.519976	1.898460	-1.595892
2.018408	-0.217399	0.760390	3.980514	1.809015	0.690582	0.760848	-0.638105	0.882388	2.508239
2.661735	-0.697096	1.535464	2.255419	0.684678	1.708573	1.004964	0.726430	1.813110	1.652471
-0.245654	-1.112448	-1.425940	1.700525	0.992643	2.011836	-1.449281	0.197816	-1.462154	-0.566780
-3.290857	-2.312844	-2.570609	-4.581160	-2.785788	-1.240520	-3.253464	-0.557458	-3.213183	-4.206701
0.498728	4.773927	4.737170	0.852770	-0.004916	0.399816	-0.565167	0.886897	2.227245	-2.425480
-0.922695	2.727474	2.336909	1.756720	-3.078242	-1.664346	1.120230	2.548767	-1.578354	0.707096
-1.966728	-0.026492	0.529621	-6.412704	-3.386868	-4.953099	-0.187254	-0.835458	-2.776059	-4.014663
-1.825270	2.414038	2.261818	-3.745201	-2.341697	-4.842436	-3.298703	-0.285490	-1.329256	-2.961850
-2.365822	0.617074	2.043612	-4.312368	-1.939033	-4.312155	-3.248901	-2.847843	-3.875228	-1.719156
-1.419186	2.150326	2.255115	-0.257305	1.096618	1.111850	2.553469	-0.996227	0.186639	3.000025
-0.096364	-1.939398	-1.350064	-0.206313	1.867450	-0.800020	-0.400080	-0.548455	-2.178640	-0.633204
-0.274361	-1.639990	-1.199412	-0.938293	0.637656	-3.843366	1.919066	0.431862	-3.756455	-4.412137
1.928520	0.573159	-1.558919	-2.706948	-0.480773	-2.526288	-1.871581	3.574611	2.270408	-1.875073
-1.423427	0.970057	-0.122175	2.387417	4.511355	1.848312	0.946291	3.799381	3.660657	2.311589
-3.289608	-3.957889	-4.670671	-0.720703	1.742927	0.263030	-1.767707	-1.668541	-0.496298	-2.315152
-0.084628	-11.142971	-9.392598	-4.423414	-3.375065	-0.491840	-3.255567	-2.437767	-9.266850	-1.718597
-1.691497	-5.559584	-3.035846	-3.829123	-1.717537	-0.181904	-2.142579	-3.683708	-5.422491	-0.341748
-1.279821	-2.710419	-3.404407	1.077262	-2.066099	2.938130	-1.385236	-1.439577	-1.381615	0.921091
-2.069210	0.039727	-2.266973	-0.261270	-2.736867	1.004353	-1.506031	0.401115	0.720581	-0.290886
-0.055172	1.157062	0.350263	3.061472	0.673244	-0.916645	0.540641	-1.162844	1.585503	-1.573083
3.729982	2.013290	1.948008	0.793276	-1.378981	-2.179775	-0.073614	2.285734	3.049151	-0.912909
3.448341	3.269817	2.792969	3.781130	1.796241	5.498549	2.270608	3.427438	4.833928	6.443829
3.488496	3.197447	-0.092748	2.643822	4.121092	2.874714	0.072508	3.664356	5.990435	2.296922
4.295034	0.619383	2.451762	4.667037	3.257954	3.298805	2.249290	2.798476	3.485771	3.353260
2.565143	0.623830	0.690805	1.027162	0.139808	1.122306	-0.973645	2.635787	1.512834	2.055833
1.303912	-0.676308	0.436985	-0.636419	1.146234	1.080001	2.661404	-0.078422	-0.505977	-1.669270
-1.586972	-0.228529	-2.252193	-0.211721	4.090713	-0.640428	1.297136	-1.182762	-0.290166	-0.378862
0.227878	-0.453631	1.561475	1.571140	2.628523	1.394200	-0.990751	-0.498444	1.952763	1.452945
-0.100551	0.441590	0.515190	2.282346	3.682843	1.538167	3.824944	1.340020	1.529606	3.005738
-2.070871	3.426235	4.584157	2.444480	2.263752	-0.706848	2.464316	-1.561879	-1.139143	1.366202
-0.356297	1.456405	4.713777	1.369526	1.342426	0.151335	0.876662	0.081648	0.881810	-0.078176
-1.383841	5.169604	1.231353	2.840265	-2.175457	1.926495	-2.271120	-0.392809	1.417057	0.886988
-2.577717	2.070430	5.391086	5.029079	1.100480	4.135309	1.142265	0.714339	3.359591	3.404481
-0.158038	1.622485	2.103576	3.073650	1.324814	4.273557	3.359812	0.809884	0.386404	3.188886
0.079684	-2.756729	-1.055075	0.469859	1.073920	0.007814	1.006915	-1.751786	-2.059513	1.334789
-1.504365	-4.750914	-8.667068	-7.217212	-3.259924	-2.776241	-1.988931	-2.515578	-3.716869	-5.738427
-0.582998	-0.277870	-0.099702	-4.679581	-3.411542	-4.401533	-2.595533	-0.376303	-2.043175	-2.908977
2.385374	0.109005	-1.283479	-2.050867	-1.808760	1.277816	-1.794197	-0.793068	-0.548040	1.839224
-0.201663	-2.341692	-3.956999	-0.285889	1.470300	3.871983	-0.933431	0.262817	2.147925	2.482358
-1.914519	1.231940	3.157636	0.493836	2.124612	2.624643	1.499159	-0.135254	1.312708	-0.378088
1.436094	2.317900	3.805525	2.068389	3.541754	1.828073	1.023265	-1.454391	2.106499	2.592870
0.859466	2.166986	3.171264	0.892853	4.994101	2.046749	2.892079	1.293599	2.403486	3.078316
3.437585	3.844198	5.518253	1.704611	1.393828	2.729649	2.780692	1.882810	5.046656	2.218836
3.044142	1.920635	1.165788	1.767346	-0.593686	-0.337552	-0.121503	1.382235	0.307399	-0.402385
3.385328	-1.786306	-2.764933	-0.104559	-2.190566	2.578824	0.345786	0.089266	0.243102	-0.822162
3.568234	-0.334526	0.517185	0.573479	-0.978334	3.754754	2.469850	2.102998	1.710952	4.107093
-2.011747	-0.384326	-1.169960	-3.664053	-2.668913	-0.295684	0.530080	-1.745274	-0.990663	-0.225035
0.852777	-3.322708	-2.765672	-2.619171	-3.116626	1.242487	-0.456431	2.324544	1.745745	-2.746557
3.208599	-1.187173	-1.702656	0.646710	-2.025595	0.984946	-1.744993	0.807848	4.189764	0.709313
-0.193586	-6.534423	-4.301214	0.314977	-0.914040	-3.338628	-1.269813	-1.408068	-3.537418	-0.641135
-1.989184	-2.970260	-4.780252	-4.542783	0.856218	-7.154355	-1.887300	0.487892	-3.962415	-5.631313
-1.008898	2.969614	-0.645375	-3.350481	2.438258	-0.297856	1.818438	1.531426	-0.182538	-0.763231
-0.232733	-0.790703	-1.667486	2.673269	4.243960	1.040350	1.275693	-1.512970	-1.965599	-0.313499
-0.963390	-2.580611	-4.254290	2.829759	4.307906	-2.163156	-0.288143	-3.278499	0.357790	-2.040924
-2.634673	-5.376714	-2.263493	-0.211622	-0.692723	-4.116191	-2.103777	-3.206964	-1.272282	0.090883
-1.738583	1.966189	2.685000	4.116417	2.918155	3.420726	0.831782	0.748634	0.546672	0.649217
-3.263019	2.059295	2.119785	3.090868	-0.505878	0.802179	0.987328	-0.790508	2.806742	1.602870
0.631118	2.633502	4.449757	-4.890876	-2.966936	-2.110348	3.363054	-2.761589	-2.500483	-1.009563
0.586830	-0.338090	1.689109	-2.197823	-1.718637	-0.374070	0.807452	1.147288	-0.975915	-0.149487
-0.692682	1.239816	1.023338	4.599724	2.700305	0.544099	1.624117	3.282424	3.361236	0.820993
-1.401215	4.492421	6.637037	6.984557	3.261975	2.539744	2.725441	0.512618	4.302961	0.447373
-2.502466	1.828023	5.196802	0.557774	0.232161	1.452553	1.679119	2.439170	2.168247	3.010652
-1.287630	0.639420	-2.374474	-6.699928	-3.578451	0.783314	-1.058555	1.816582	1.714687	-1.238373
-0.778304	1.763413	2.274505	2.683748	3.889628	1.020215	-1.223288	3.347755	2.438670	-1.300403
-1.756481	4.135400	3.134234	4.042001	5.185587	1.903346	2.548917	3.645688	4.061687	1.511062
-2.885756	0.740581	-0.195793	0.549630	0.243814	-0.653603	-2.801447	1.033585	-3.576071	3.740521
-0.070923	-1.417244	-4.132981	-7.045764	-3.806099	-3.322640	-2.934483	2.072147	-1.012912	-2.214725
-1.233274	-0.272876	-0.262935	-4.203082	-1.916562	0.099025	-0.369098	2.851677	-0.041847	-2.473073
-1.194803	0.674985	2.171539	1.781379	-1.857882	-0.003215	-1.466195	2.327476	2.714018	-0.053322
-1.875200	1.903038	0.483437	-2.016280	-0.269267	-0.074567	-3.512579	-0.252653	2.030674	-4.932870
0.505842	2.374685	-0.078746	-2.178655	-1.898524	-0.270037	-4.267854	-1.010607	1.359914	-1.566712
-3.463768	5.582626	4.795584	-0.228942	-1.678559	-1.485330	2.334477	-1.605082	-1.536572	1.880755
0.083378	2.712360	3.501123	-0.115639	-2.646077	-1.779652	2.184209	-4.383276	-5.110390	1.446336
0.095091	-1.986112	-1.110834	-2.003440	-0.392783	-0.955007	-0.363762	-5.926685	-5.395248	-0.161166
-0.338921	-8.508289	-7.066392	-2.282440	-2.232081	-0.960598	-2.617138	-2.192005	-3.163753	-4.305945
-0.408848	-6.032770	-6.198655	-3.003934	-2.290275	1.571771	-2.320624	-2.253034	-3.252113	-1.852396
-1.005480	-0.701756	-0.801728	-3.805615	-3.418567	0.790296	-2.417423	-2.545968	-5.360635	-0.727012
-0.763308	0.031656	1.485085	-3.205479	-1.084760	0.619777	-3.110439	-1.755002	1.383774	-0.048290
-2.284722	0.769166	2.279378	-2.728917	-3.950957	0.716510	1.843925	0.618766	0.871707	2.526878
-0.134712	-4.759225	-0.653352	-2.414624	-4.053959	-2.346406	0.599064	-4.155060	-1.230043	0.604098
-0.935168	-10.108715	-8.280509	-2.961293	-0.423967	-3.997873	-2.163824	-5.516776	-7.617385	-0.048825
-3.067182	-2.227805	-3.558298	0.095684	1.334818	-3.329091	-1.157143	-4.506579	-4.528725	-2.249485
1.361856	-1.184891	-1.155523	-2.235986	-1.340904	-3.591562	-0.209798	-2.791465	-3.404770	-3.061575
0.843555	-2.553475	-3.971187	1.469403	-1.609836	-1.316487	0.140008	1.498068	4.495472	-3.461891
0.662023	-0.501853	0.555704	-3.016741	-0.436375	-1.031166	-0.019231	2.418924	3.422193	-0.381325
1.116369	-2.868626	-4.388353	-1.999911	1.187177	0.008300	-0.129917	1.151205	1.691285	0.647126
-1.092900	-0.432591	-0.107561	-2.121000	-0.318880	-3.051290	-2.703157	0.859615	-1.420760	-4.697032
-1.363176	1.487252	-2.449125	-1.069503	0.618055	0.878064	-1.476855	0.450854	2.419249	1.131606
4.719348	2.212304	3.527752	5.529589	2.923882	2.669060	2.155083	3.957226	5.539606	3.655044
6.212378	5.782566	4.104966	6.407480	5.533600	4.300398	0.713353	4.964631	2.053499	1.103985
3.184420	4.677440	1.234412	4.744577	4.511210	3.797176	1.757647	5.686772	6.162321	0.286332
-0.588821	0.144725	0.968388	0.542184	2.475612	-0.464908	2.507760	3.708649	2.002962	0.549889
0.099660	2.974823	1.477590	3.226408	1.365404	-0.019754	3.686185	0.552262	0.231212	2.616456
0.330168	2.741734	3.043414	5.243252	1.258587	1.373734	3.872115	-0.673187	4.369460	0.756237
1.686605	1.639758	2.151857	3.281220	0.846559	-1.838845	3.833542	-0.345400	2.088698	0.754530
6.024874	1.720196	0.390914	1.456216	0.148319	2.154805	0.536660	4.108923	1.268414	3.603337
4.454778	0.613747	2.087882	4.677243	1.210265	3.945781	2.393059	3.547081	5.433796	2.027755
3.363118	2.533412	2.344459	5.943003	-0.293204	4.335079	2.597931	3.849573	4.533834	0.963985
-1.554105	1.506490	-1.699961	-0.193302	0.079209	1.005595	0.365967	0.643795	-2.786585	-0.691277
-1.043691	-3.655719	-0.026681	-4.574871	-2.473299	-4.138976	-2.731942	-4.345355	-6.478673	-0.937433
1.080860	2.121783	4.904696	5.320197	4.284468	2.585761	1.472894	0.046321	2.314359	4.066711
-0.481253	3.400796	3.291266	3.987201	3.602907	3.790599	4.382965	0.317918	-0.197504	3.503253
3.989968	-0.243482	-2.505974	1.651141	1.457812	2.604233	0.308860	0.120332	0.696826	1.789485
-0.920180	0.166747	-0.405229	-3.576784	-4.137220	1.012354	0.307170	2.804359	0.444735	3.657102
-1.733498	0.439683	3.217498	-3.345977	-1.053897	0.305155	1.741982	3.470193	1.788609	4.551696
-0.012690	1.565121	1.185503	-2.154341	0.194476	2.107828	0.422486	3.889128	3.296735	2.269260
-0.234760	-3.888938	-0.988618	0.070423	-2.698008	-2.053336	-1.939731	-1.515242	-4.592103	0.351385
-1.800112	-1.199700	-3.288568	-3.267991	-1.129556	-0.632248	-2.809780	-4.056724	-5.743618	2.616261
0.712949	3.468834	-0.129452	0.943213	1.654422	2.295384	-0.850273	0.601275	0.716373	0.607078
0.195019	2.054359	0.389128	2.152331	0.968319	1.072948	1.207778	1.487746	2.137457	-0.313874
-1.265408	0.121173	-0.953534	0.952058	-0.295775	0.375333	1.256459	1.057181	1.835518	-2.679508
0.520463	-2.209129	-2.585941	-0.662414	-1.139169	1.113427	0.575260	-0.305129	-0.452760	0.852865
-1.858774	-3.212651	-2.279296	-2.328989	-2.534775	2.999617	-1.416534	1.851306	1.724608	1.381332
-1.015025	-2.807398	-4.338105	-2.779676	-0.936104	-2.143408	-3.125634	-0.859023	0.792706	1.302080
-1.281196	-2.341674	-1.307870	-1.752480	0.937634	-4.081163	-1.273253	-5.105528	-3.716680	-0.588705
0.174708	0.679114	0.494104	1.560591	3.050026	-0.933662	1.007196	-2.548319	-0.811868	0.890963
-1.474920	0.454562	1.398313	-1.620671	-0.900440	-0.674118	-1.133799	-1.975407	-2.996572	0.647470
-1.067285	-0.474536	3.033454	-3.167374	-1.929878	0.992254	-2.962151	-2.102505	-0.802808	0.185601
-1.836994	-0.722887	2.922822	-0.498526	1.129700	1.419939	-2.056371	-1.182925	-0.127291	0.414441
-2.737551	1.526203	-0.152687	4.507464	3.824680	2.725322	1.266428	1.315221	2.605063	1.513475
-1.517062	-2.973572	-4.774777	1.823290	-1.871352	-1.086412	-2.338665	1.023719	-2.212861	-3.209813
-1.100833	-5.033820	-2.590151	-6.843059	-3.645311	-6.732780	-2.660262	-5.214344	-6.931378	-9.132737
-0.630767	-1.410548	-2.522214	-2.077390	1.136990	-3.606095	-1.854273	-3.493981	-4.079503	-5.029014
-0.018569	-4.908263	-4.279769	0.755788	0.920136	-3.191575	0.064190	-3.721608	-3.134250	-4.643459
-0.257843	2.431228	0.807579	3.521568	2.636213	1.749965	-0.043983	1.112962	5.029067	-0.206886
-1.324092	3.128116	3.541228	3.453441	5.354006	3.445209	2.120898	3.273715	5.603634	0.392988
2.244982	3.767193	1.108973	-1.558601	0.369300	-1.179558	-2.201075	-1.778265	-2.104763	0.068850
2.848075	-0.838549	1.044510	-0.705266	-2.776319	-0.540053	-1.587012	-0.449894	-1.046736	-1.538817
-2.392313	-1.903218	-0.589764	-0.573260	-2.577666	-1.528190	-0.279822	-0.960285	-1.851699	-0.516725
-2.605984	1.811278	0.990747	-0.083791	4.306347	-0.049985	4.301788	3.137745	1.664937	2.069310
-0.827738	-0.396370	-0.482160	-0.103666	-0.707496	-1.301252	2.169912	-0.890919	-3.932641	-2.720024
0.811626	0.148930	-1.575688	-4.745290	-3.180608	-4.260607	-1.950059	0.642008	-3.020243	-3.381041
-2.196991	2.827069	0.235359	-1.315371	-0.360801	-1.128864	-0.247029	3.629208	0.329219	-3.928454
-2.186587	1.198838	0.179778	0.378788	0.855112	0.061165	-1.391004	3.386568	4.601236	1.965726
3.125441	2.849329	2.111965	-0.020320	-0.735781	-0.042736	-2.713089	0.074270	-0.260903	0.542886
4.091795	-0.462567	-0.233980	0.874402	-1.456292	1.730723	-0.573988	2.920799	1.872094	1.250916
-2.238919	0.102743	2.903737	1.493449	-0.837932	-1.050573	-0.394004	-2.488960	-1.412182	-0.617694
-2.894696	0.675350	2.267415	-2.051482	-2.806711	-4.607033	-4.451940	-0.326624	-0.697139	-4.321555
-2.019232	-1.441354	-4.049448	-3.697394	-1.388137	3.241130	-1.623297	1.203493	4.104016	2.031224
3.145182	-1.779577	-4.479155	-1.715788	-1.279220	-0.099394	-1.746577	0.791975	2.411775	-1.402764
3.144151	1.195473	1.976391	2.629533	-0.689968	2.826686	-1.581181	2.476906	-0.136867	1.660173
0.260985	3.220389	5.208990	3.480469	-2.049587	4.503662	3.022392	3.699073	1.321285	1.498928
-2.132007	-1.208635	1.903939	-2.254280	-2.978684	-0.494075	2.807243	-2.275940	-3.671475	1.118494
0.361983	1.637793	-2.185963	-5.883715	-3.143562	-0.583433	0.070773	-1.211447	-1.140651	3.035467
0.860867	3.478467	1.599083	0.754466	-1.034727	0.152083	-1.508816	0.873439	-0.332047	-0.668758
-1.723246	-1.694719	-2.548025	-2.595936	-1.945680	-5.700832	-2.296320	-1.406897	-2.679364	-5.844986
-4.553242	1.363931	-0.914087	-0.405519	2.664576	2.125017	-3.412137	3.969033	2.605994	2.186382
-0.822410	-0.686790	0.037097	2.174222	3.723240	-0.889374	2.600038	-0.864484	-1.644674	2.850542
0.637763	-3.507685	-1.203174	-2.238411	-2.144286	-2.381107	3.102910	-4.561959	-6.084769	-0.031807
-0.893910	-4.918958	-4.158099	-2.972314	-3.669900	-3.038284	1.228485	-4.004905	-6.391092	0.795634
-0.916415	-4.994112	-5.961579	-2.559881	-2.025501	-0.031705	-0.939133	-3.700232	-3.566041	3.410466
2.127164	-0.829050	-2.520912	0.378694	0.292116	0.784530	-0.499735	-1.180350	-0.837016	1.481989
5.084040	2.044726	4.537802	3.680516	-0.060444	1.516223	-0.514814	1.741531	1.445485	1.227304
3.352529	2.592316	1.965264	2.846393	0.174827	1.827076	2.401736	1.829603	3.847564	-0.550786
-1.203954	2.103318	0.730278	3.226332	0.369136	-0.504308	1.697825	1.348058	1.571525	1.675722
3.745708	1.662533	2.851843	4.347242	2.976391	2.287077	-0.276138	2.273289	1.715771	-1.428769
3.192629	-1.821237	-3.827936	2.003831	-1.214496	1.037636	-1.282045	2.262288	0.477007	0.429346
-3.778572	-6.391592	-6.328058	-5.779990	-4.281314	-0.913425	-2.715285	-0.765348	1.141937	-1.828429
-0.555081	-0.468627	2.307581	-0.961112	-0.583850	-0.880398	2.088753	-2.637724	-0.843832	0.267812
1.170620	2.722159	4.026485	4.740777	2.936810	3.769525	2.919979	1.066956	3.095705	1.254475
-2.195052	1.977873	4.027257	4.129187	1.899181	1.205355	1.440403	-0.085309	2.318657	0.887867
-0.332682	1.262819	1.943601	4.815232	4.350879	2.345101	2.749139	0.226677	2.173930	0.731796
-0.659353	-0.084197	0.594222	3.226523	2.852422	0.559775	0.990299	-0.899583	1.679533	-1.102032
0.291253	0.792032	0.445626	-2.688826	1.397129	-2.738410	-1.609007	-2.902491	-1.105725	-3.431206
0.050750	0.219914	0.231818	-4.143100	-3.649781	-5.652142	-3.076964	-3.887344	-4.577834	-5.104820
-0.214644	-0.063242	0.562403	-1.790887	0.282913	-4.598606	-2.059259	-2.620039	-1.648484	-1.059662
0.002885	0.154874	-1.014311	3.926230	3.294734	0.858312	0.008621	1.881028	2.287836	3.737576
1.370655	-1.831528	1.780081	1.282566	2.428303	1.687529	0.404790	-0.134537	-0.008562	2.239705
-1.797621	2.815862	4.646287	0.801737	-0.356956	0.664860	0.279362	1.350871	3.138834	0.133235
-1.334527	-1.477342	-1.107886	-1.070940	-2.859417	2.921522	0.267850	1.793361	4.253236	0.982478
-1.629549	-3.107628	-4.986930	-3.962048	-4.255456	0.368033	-3.512429	1.009440	1.320658	1.797243
-1.303273	1.812117	2.737964	-4.393570	-2.565446	-4.005589	-1.831562	-1.954080	-3.815186	-2.410756
0.492814	-0.009291	-0.076198	-0.811088	-0.276162	-3.149525	-0.337034	-1.636090	-3.673381	-3.776209
-0.967374	-2.696939	0.242195	5.008718	0.412226	0.708144	3.106771	-0.280777	1.019287	-0.621903
0.289974	-4.684411	-4.551048	0.487565	-1.735157	-1.257262	-0.783132	-0.773828	-0.883066	-1.351926
-0.551829	-4.382889	-5.053519	-4.350727	-0.253580	-4.194425	0.075671	-2.014029	-2.128123	-1.927467
-0.176373	-2.163159	-3.693807	-4.648838	-2.843715	-5.372223	-1.873803	-4.100465	-2.464669	-5.634313
0.468552	1.262298	0.799797	-3.583549	-3.267033	-3.316337	-2.304639	-3.038219	-5.552985	-0.871552
-1.690943	-2.066601	-3.434496	-3.130339	-3.992305	-6.043346	-1.899421	-1.786675	-3.123056	-2.386271
-1.821651	-5.141138	-5.659877	-3.301989	-5.084001	-4.666030	-2.594235	-2.091215	-2.074662	-4.971657
-1.019262	-2.567494	-1.377635	-2.359176	-3.172191	-1.456368	0.861736	-3.756719	-1.364286	0.760500
5.628329	-0.664251	1.751540	0.088419	0.052854	1.187959	2.329507	-0.403969	-2.633010	1.744614
1.160931	3.127709	3.159160	2.168817	3.463164	2.185472	-1.226207	1.467957	1.881686	0.125396
-0.125852	-2.946494	0.773034	0.727739	1.694468	3.051990	-2.133390	-1.565022	-0.733679	1.214059
3.940485	1.809059	-2.043326	0.058906	-0.746104	1.564733	-0.409527	3.401117	1.073714	-0.726286
3.523545	3.139386	1.308589	2.486940	-0.254124	1.153320	1.384797	2.177496	0.211383	0.312971
3.636333	0.949306	2.315192	0.899160	1.393737	3.458069	-0.189503	2.952537	3.820250	3.955644
5.473051	1.320538	4.175691	5.318688	4.251806	6.200099	-0.474213	4.919662	4.015132	3.734841
-1.826802	0.209300	-2.209003	2.105644	1.661411	2.058626	-0.185718	0.664195	0.932551	1.360273
-3.577023	2.267011	0.660821	-3.498452	2.346879	0.999468	-0.832703	-3.097540	-5.852775	1.742751
-0.815214	2.680388	-0.315228	-2.357580	0.261434	1.134640	0.800044	-3.563421	-2.769427	-0.259617
0.214424	-0.431353	-0.833840	-2.045021	0.114902	0.506957	-1.070362	-3.582123	-3.045985	1.261880
0.134289	0.197007	-1.138106	-1.081155	4.155408	0.820034	4.216991	-3.688424	-1.571529	1.673648
-1.383722	0.072583	0.802783	2.443537	4.324673	2.726883	3.467517	-2.938801	0.607658	1.642197
2.701186	-0.561310	-1.465263	0.198171	-2.147880	0.774117	2.700428	-1.243630	1.780396	2.636534
1.939710	-1.547257	0.385462	0.959665	-0.050531	-0.113453	-0.615665	0.034912	1.124502	-2.966635
4.582844	2.915357	-1.629133	2.942137	1.906341	-0.363316	-1.159349	1.026147	0.475894	-1.687802
6.649081	4.391244	2.944760	5.765001	2.706952	2.932236	1.847787	4.391695	4.447790	2.198636
1.947014	4.532617	2.355146	4.909773	0.541220	2.344410	2.621852	3.101180	4.122106	4.133887
-1.966465	2.557587	-0.121367	1.882866	-0.972540	-0.880785	0.591857	-0.790980	-0.488842	-1.614847
-1.409264	2.693664	1.256725	-4.861006	-3.961114	-1.780545	-1.240588	2.468137	-2.379338	-2.134261
-1.323793	-1.880542	0.446528	-3.925631	-3.745891	-1.586666	-4.226375	3.309648	-0.621068	-1.817652
-1.061361	-5.537724	-5.583255	-3.838297	-1.008058	-4.210045	-3.885695	0.772472	-2.356618	-4.220718
-2.757279	-0.603773	-1.289518	0.479503	2.559093	-0.383579	-1.089241	0.008527	3.021526	-1.383257
-0.875258	0.740116	0.305241	1.599580	5.034669	1.663531	-0.209306	0.112928	3.984176	1.478231
-1.819710	0.682248	2.304624	3.184941	4.917076	1.778085	1.956118	1.577790	1.883943	0.684348
0.732253	2.928027	4.572733	3.783292	1.047818	1.857482	0.737235	1.307628	3.498838	2.779593
1.389518	3.971855	4.435669	3.459638	-1.437803	3.942517	3.028852	3.893854	4.559371	1.354165
-1.596029	-0.405466	-1.980068	1.185982	-1.438885	0.222487	-1.451328	-1.186921	-1.913050	-4.772637
-0.464199	-2.038036	-0.074778	-6.454273	-3.517830	-6.890613	-0.469301	-2.599885	-5.898917	-2.244016
-0.118509	2.715443	6.121837	-0.085628	2.214659	0.668109	5.685838	-0.336231	0.325876	4.850826
0.193029	2.165470	2.553476	0.042318	1.880678	1.365347	4.039789	1.600750	-0.257065	4.588986
-2.023500	-0.992758	1.878937	-0.066838	5.139120	4.194791	3.382856	0.597363	-0.680835	3.091960
-0.925812	0.576753	1.196215	5.903601	2.228178	3.617634	3.160240	0.915815	2.255968	0.475044
-1.751121	3.847299	4.219408	6.097428	3.726542	0.744963	1.817941	2.747408	2.623248	1.136533
3.055758	2.469572	1.436210	2.591838	0.911701	2.973469	0.441960	3.271744	0.675904	-0.228278
4.389009	1.624365	-1.502584	0.302223	-1.072159	0.006238	-1.833005	3.229524	-1.116462	0.151305
-1.776383	-0.300231	0.277120	3.206672	4.820350	1.604460	0.745746	-0.900152	0.328948	3.845378
-2.727133	0.360574	-2.060684	1.736475	2.480012	1.414220	-0.282890	-0.310386	0.876232	-0.043167
1.297142	-4.877831	-7.011502	-4.737780	-2.788192	-2.041195	-3.337014	-1.433781	-2.805413	1.329164
0.039127	-1.692356	-2.191543	-5.703408	-2.606778	0.130700	-2.169330	1.346257	0.848108	1.365366
2.477608	-3.025216	-3.856415	-2.902424	-3.193767	-2.411107	-2.633841	-1.031877	-1.012310	-5.034169
4.001769	-2.632822	1.303675	0.713956	-1.823480	-1.594733	-1.620351	1.197210	0.797427	-2.209348
-2.213607	4.010011	3.539217	4.270215	2.694862	1.570809	0.791535	1.884209	3.221311	0.711123
1.925668	0.750968	-0.046798	4.410232	5.176335	1.928702	3.678712	0.799911	2.102834	3.208637
1.593277	-1.822865	-2.885979	-0.690812	0.316816	0.108733	-1.125226	0.026906	0.141287	2.066787
-1.148095	-3.337605	-3.925435	-4.010938	1.189580	-0.774014	-1.101684	1.751681	-0.091840	-5.122634
1.635739	3.646932	2.794522	4.161632	4.153301	3.332647	1.553832	3.261223	3.560642	1.779767
-0.449436	2.208231	3.082883	6.304873	3.065453	1.670302	1.275914	0.600020	2.128421	2.131284
-0.082734	-2.034827	-2.896161	1.003063	-0.875390	-2.030764	-0.589045	-0.842144	-0.002715	-2.179389
-1.849969	2.438642	-0.205922	2.356376	-0.082656	1.164936	1.104849	-0.371185	2.854020	-1.759658
-0.594154	-0.275180	-0.016010	1.325086	-3.403073	0.053488	-2.331014	0.517583	2.668813	-0.390329
-1.272902	-3.780709	-3.316234	-5.611732	0.528633	-5.171719	-0.889841	-2.205860	-4.125951	-3.512608
-0.951527	0.607535	-0.266905	-0.845807	0.930632	-0.204798	-0.614140	1.940971	2.188413	-0.451499
-1.025340	3.128837	2.550667	4.755836	0.129097	1.377440	1.688380	1.692857	3.911090	2.724392
0.307046	1.680078	4.340472	2.907968	0.460900	0.767384	3.017411	-1.752622	-2.455636	1.942461
-2.201580	-5.754458	-4.557598	-4.216038	-2.342488	-2.147375	0.919743	-4.227984	-5.207081	0.296705
0.125869	-0.281388	-3.136654	-3.898011	-1.245693	-3.551746	-3.321633	-0.022848	1.180039	-3.717380
0.294883	1.586071	3.780397	4.676221	3.581757	0.593362	2.631274	2.438666	1.775806	2.087903
-1.994149	2.821902	2.208345	4.463330	0.057934	1.879644	3.160955	1.858537	1.591704	0.805751
0.321162	1.387591	2.378483	2.547589	-0.557487	2.810993	0.105301	2.279645	2.782815	-0.331638
-0.825094	-0.121979	0.593504	0.698168	-1.719132	2.387404	-1.063399	0.517271	3.213523	-2.135664
-0.494427	0.264379	2.133499	-3.331659	-2.255027	-5.180728	-3.381453	-2.302007	-5.268990	-5.050930
0.680453	-1.371951	-1.340436	-2.980220	-2.585596	-6.565305	-3.439871	-5.730108	-6.978841	-4.718235
-0.919362	-4.081882	-4.253507	-2.031042	-4.404963	-4.872330	-0.017662	-3.778152	-3.756546	-1.663480
-1.438182	2.347174	-0.021721	-2.759950	-3.664650	-5.144903	-2.660836	-3.326060	-4.158124	-1.310464
-0.196816	0.553004	-0.153380	-3.256870	-3.253379	-6.218524	-2.222003	-1.860952	-4.431891	-3.195286
0.656728	-1.383603	-1.656889	0.992073	3.242329	-0.761193	-0.863770	-1.002946	0.981637	-0.380545
-0.850458	4.587242	2.423649	-0.158844	3.826653	0.239292	1.208152	3.405937	1.809944	1.037062
-0.849183	2.939930	0.865431	2.234554	5.687277	3.098134	1.279854	2.121380	2.226813	2.283336
-1.895254	-1.018049	0.469358	-0.395754	0.899082	0.147037	1.957428	-0.273437	1.806329	0.806980
1.181021	-2.466403	-1.839574	-3.638490	-4.236449	-1.568095	1.596465	-0.777231	0.813076	-1.289102
1.449835	-1.362238	-2.008862	-1.511174	-1.790530	-0.447356	0.566356	-1.063319	0.049340	-1.601508
-1.289220	-1.438661	-0.407407	-0.172024	-3.750074	-3.228740	2.110792	-3.214320	-2.342994	0.518668
0.114250	-3.441978	-2.829207	-3.022859	-1.392996	-2.942341	-0.554733	-3.696948	-3.777939	-0.849471
3.479237	1.744107	0.417440	-1.038496	-1.316105	0.613250	-2.026030	0.445080	-0.441609	2.813079
-0.000366	1.253990	1.661138	2.300650	0.066288	2.777340	2.284595	2.947249	4.746882	4.806424
-1.872865	0.749268	3.534289	2.790064	-0.908125	3.633038	4.250035	2.590445	4.762424	1.189968
1.975633	1.258839	-0.291400	-2.256966	-0.942753	0.589154	-0.832119	3.944654	1.001003	-0.242484
0.158922	-3.057298	-3.620925	-3.664153	-1.592300	0.248195	-0.603074	0.986464	-1.950191	-2.446826
1.780295	-2.160643	-0.060980	-1.472607	-4.072172	0.785074	-0.952936	-1.977139	-4.915968	0.598747
-0.105554	-5.463897	-4.988958	-1.254637	-1.995572	1.332399	-2.616412	-3.727166	-1.608240	-0.212259
0.081269	-1.777257	-0.297153	-0.255152	3.789697	2.612081	-1.515709	-0.026627	1.469785	1.730561
0.456256	2.410977	3.246845	2.544743	3.730935	3.649131	2.576267	-0.029732	-0.822102	3.657713
-1.610596	-2.165691	1.537142	-2.108259	-2.273459	0.686958	1.753410	-3.491191	-2.494209	1.948602
0.578504	-1.760859	-2.065551	-4.205761	-3.958382	0.896174	2.399714	0.229889	0.966856	1.137233
0.695751	2.201078	3.343275	2.512633	-0.444534	2.981989	2.382374	3.172199	4.500687	3.721313
0.939340	1.824723	1.826228	-0.040978	-2.595109	-1.744988	1.800485	0.433933	0.372177	1.308846
-0.780937	-2.592118	-6.219679	-3.933695	-2.973704	-2.454345	-1.294359	-1.602315	-4.407879	-0.966663
-1.469183	-2.339940	-1.605238	-3.433717	-3.173113	-3.604774	-2.381962	0.563850	-2.464887	-5.263409
0.963794	-0.852738	-1.755036	-2.117542	-2.452529	-2.893864	-3.062228	1.457424	-2.118050	-2.507186
-1.856210	-4.844104	-5.939563	-2.909869	-1.503045	-2.076308	-2.271563	0.612203	-0.986973	0.356009
0.700998	-4.229233	-3.369508	-0.919892	2.234847	-1.038896	-2.336271	-3.320614	-4.449058	-2.304820
-0.794487	2.409181	2.922341	0.528292	5.209958	6.026579	1.245746	-0.351030	1.746593	2.095432
0.017131	1.114547	1.425095	2.061588	4.784296	4.816925	1.853383	0.834755	0.884176	2.261068
-0.597554	-0.281229	1.618266	2.331705	5.094473	0.387449	-0.307964	-0.640560	-0.897008	-1.791308
-1.092347	0.124061	0.825565	1.773548	4.225699	3.888557	0.424002	2.240527	4.037139	3.851606
-0.346253	-0.012477	2.205403	2.336325	2.811588	4.074053	2.092278	0.859517	3.574118	4.073012
0.005225	1.107066	4.080392	2.242945	2.255850	4.100844	2.816262	-0.266887	3.508529	1.837914
0.595981	2.298097	-0.013958	0.509017	1.953200	1.069533	-1.998751	0.889718	2.818273	-0.565488
-0.481088	0.820322	-1.493836	1.453951	3.393050	0.863124	0.209739	0.197536	1.851252	0.015108
-0.125485	0.461350	-1.241331	3.054258	-1.513485	-1.765381	-2.922173	0.213173	2.005268	-1.802597
-1.291115	-0.493113	-1.496233	-2.992254	-3.332791	-2.607181	-3.605188	-2.662766	-3.568675	-1.738902
-1.753480	2.650541	-0.931134	-4.156171	-3.952355	1.829826	-2.976809	-3.986674	-4.579176	-0.810107
1.817417	0.615317	-2.097123	-1.524884	-2.132560	-1.212459	-3.690637	1.906356	0.138871	2.578887
-1.577525	-0.000176	1.001108	-2.531680	-2.198193	-0.622938	-1.574275	0.122934	-1.748630	-2.816820
0.452891	3.696467	1.548267	-1.847548	-3.281738	-2.272112	-2.113625	-2.853834	-2.357975	-2.146930
-2.547436	2.888751	1.672261	-1.245176	-0.989780	-0.034083	0.710512	-1.436735	3.473042	2.070257
0.098193	4.224284	3.366298	3.784949	4.113895	-0.275753	0.995933	3.055639	4.002627	1.280437
-0.724922	1.619870	2.115583	6.454537	3.876104	0.805474	0.819438	1.349801	3.168787	1.059009
-0.647780	1.818114	1.767923	4.097402	0.109261	1.264394	2.119223	1.224362	0.636728	0.723970
3.540619	1.047721	1.279523	3.843255	-1.203918	3.425502	2.488188	-0.533965	0.507657	-1.114284
-0.899023	-2.197405	-1.801514	1.300808	1.475380	1.345693	-0.472069	-0.258667	1.757083	1.265844
-0.371804	1.531441	1.166916	3.449174	0.941671	0.925161	4.139250	0.607371	-0.011187	1.175351
2.315979	2.607463	4.087615	-1.427237	-0.852030	-2.618401	0.944245	-1.678836	-1.326743	-2.002069
-0.289471	-1.897737	-1.370513	-4.045713	-4.041310	-5.306099	-0.482588	-3.118774	-3.266077	-1.926919
-0.628149	-2.996156	-0.409968	-4.125041	-2.973954	-5.839341	-1.820248	-2.451826	-5.482080	-6.496905
-0.456451	3.513510	3.919450	-2.053712	0.525052	-2.032634	-0.306438	1.637524	-2.532141	-1.954933
-2.037070	-0.613438	1.669342	-2.216315	-1.298680	0.194112	-0.882459	0.875894	-0.472651	-0.728206
-0.231000	-1.755896	-1.263294	-2.913737	-1.393335	-0.914909	-0.989112	0.728201	-5.410099	-3.993432
-0.435335	-6.415965	-7.273060	-2.599671	-5.313902	-2.165407	-1.396799	-3.021037	-4.597574	-4.331717
-0.291265	-2.546541	-0.679157	-1.054204	-0.448668	-1.709590	-0.017721	-2.836102	-4.171066	-1.614466
-0.375982	1.505877	3.807412	2.820973	3.038480	3.174733	3.889020	-2.438773	0.277637	3.630213
-0.734877	-1.390912	2.005141	-3.135331	-1.070849	-0.852148	3.413823	-4.662732	-2.561354	0.614514
-2.940339	3.255195	2.729528	-5.285107	-3.752342	-3.507641	2.393486	-1.773860	-3.493727	-0.457069
-1.041457	0.209298	2.440066	1.933155	-2.694388	-2.251355	-1.968092	1.201865	1.475230	-2.417744
0.061082	1.057097	1.136651	4.351664	1.430721	1.994201	1.233088	2.766963	2.720029	5.059581
0.262290	-0.906707	-0.610724	3.492128	3.905197	5.186318	0.062324	1.887054	3.871983	5.556201
-0.521220	-3.872014	-2.935865	-3.428345	0.752747	3.023387	-2.740484	0.828258	-0.117998	3.408506
2.352067	0.020776	-2.143081	0.144154	-0.301619	3.562302	-2.060339	0.324098	3.531201	5.675791
-2.441534	0.665464	1.606823	7.169032	2.116707	2.921953	0.398758	1.776194	3.971090	4.825448
0.506693	0.882350	-0.124763	5.306897	2.361632	-1.221768	0.720207	-0.949834	0.559083	-2.226431
0.674463	-2.898967	-1.528746	-0.795443	2.987864	-1.099966	1.802705	-1.012363	-4.456608	-0.499753
-1.139205	2.846215	1.905265	-0.417382	1.315508	-0.417250	1.883353	-3.669472	-2.166371	0.450875
0.716606	1.697295	2.551661	-1.477411	-3.254628	2.507875	-0.372151	-0.917541	2.434307	1.805546
-1.069786	0.864073	-2.741567	0.888376	4.429861	3.107703	0.555491	0.586951	2.338938	3.720352
-0.459462	1.613051	1.732171	2.436085	3.888279	5.101928	0.744680	4.645525	4.018133	2.210186
-1.053904	4.280929	5.168767	1.398425	4.230631	2.970846	0.214814	4.321402	3.739504	-0.165558
-0.954290	0.348208	0.109812	1.838401	1.979722	-1.037547	2.867593	1.929902	0.514364	-0.357087
-0.590801	-4.902913	-3.014705	1.013321	1.128954	-1.270456	-1.927683	-2.607456	-1.140177	0.123493
2.262083	-1.888330	-0.724493	-1.188009	1.290531	1.119918	-0.049116	-0.075451	0.573692	5.470674
0.515083	3.332156	0.760540	-0.814282	-1.034445	0.051171	0.639596	3.353735	0.470283	-1.034848
-1.478979	-0.697753	-1.202016	-0.623091	1.279328	0.224902	-2.455449	2.655221	2.796106	-3.557780
-0.523784	-1.095655	-3.498070	0.041170	-0.446749	-2.354389	-2.522851	2.717425	-0.427330	-3.193327
-1.171009	-5.113648	-7.284630	-2.397591	-3.191674	-7.068604	-3.740207	-0.842535	-4.489914	-5.054795
1.121867	-5.761630	-4.325205	-0.653769	0.121953	-4.697242	-2.696620	-3.289342	-2.906737	-3.450588
-1.680034	-1.890300	-0.946903	-0.845556	0.496632	-0.874801	0.893114	-1.925980	0.682310	-0.966611
-0.640893	-0.307554	0.373569	-0.075246	0.142063	0.614619	1.110594	-2.867733	0.026435	2.487531
-1.810188	-0.121290	-1.157397	0.021868	-0.244255	-3.765678	-0.666179	-0.864585	-1.074854	-0.621665
-0.012197	-2.308905	1.105493	-4.818506	-2.692724	-6.895790	-3.387602	-2.082223	-3.355850	-8.197804
1.623600	3.338403	5.264231	-3.022462	-1.114845	-2.839814	-4.371275	2.211966	0.251855	-2.766987
-0.180078	0.994238	0.796712	-1.392493	-0.586221	-0.641646	-3.207495	2.916197	2.979467	-0.805420
-0.439011	-0.791496	-3.246469	-0.007492	-0.537654	-0.430180	-1.254160	2.753180	2.056491	-2.669203
-0.535378	0.295703	1.980982	-2.947052	0.259053	-1.189912	-2.068668	2.323527	0.860234	-0.820339
-1.367462	-1.385360	-0.088539	-1.291566	-1.068203	-2.894035	2.635884	-1.740553	-3.679001	-1.623530
-0.851644	3.815917	0.943165	4.826173	4.618873	3.144655	1.325000	0.145451	2.508592	2.569122
-0.564907	0.388039	2.242690	0.981972	-1.259323	1.565666	1.463382	2.210946	0.038514	1.731617
-1.127034	0.844209	1.415134	-2.428262	-1.805895	2.969205	3.617535	1.054541	-0.294030	2.101053
-0.163708	-1.058268	-2.063006	-2.223922	-2.622649	0.120279	0.308662	-0.258859	-2.366737	-0.491870
0.851384	-4.150790	-3.100430	-2.419302	-3.600790	-1.381005	-1.407233	0.065551	0.783892	-1.448052
2.574059	4.404649	2.815661	1.406204	0.727777	1.261262	1.564756	2.091478	2.953461	1.300408
2.894628	2.793851	2.364767	2.881304	-0.397955	4.476986	3.265733	4.913123	5.993969	3.853109
5.100605	0.864320	0.417588	4.391104	4.807207	2.930978	3.892204	4.005390	2.856717	4.074554
3.977701	1.698160	1.869125	1.956509	2.349556	2.375744	1.390774	0.433681	1.785904	1.512942
3.261627	1.335574	1.744981	0.812526	-2.071013	0.168294	0.265949	1.090495	0.643430	-0.913624
-2.669608	-4.400633	-5.387042	-2.067240	-0.427911	-5.285765	-1.175464	-2.867167	-3.556608	-4.209842
-1.167896	-0.110360	-1.499442	2.284116	0.229256	0.931276	0.692941	-2.440206	-0.902811	-1.083211
0.627071	1.426598	2.048586	-0.854401	-1.499220	-3.475074	-0.463929	0.672675	0.210818	-1.921629
-1.013701	0.521542	-1.045554	-4.702585	-2.070849	-3.703607	-3.048166	-1.259028	-1.378225	-5.730792
3.230793	4.858877	1.793342	0.673866	1.353460	2.046784	-0.260863	0.321182	0.555758	-0.130398
3.687657	4.860303	2.040980	3.055157	3.579899	4.125508	0.959388	1.257600	2.365563	4.903556
-1.410106	2.962224	0.787065	1.912492	0.469457	-0.691428	0.975096	-0.643281	-1.633716	0.679372
-0.717394	-2.738659	-4.896496	-2.598928	-2.865976	-0.388517	-1.810731	-6.088667	-4.808983	-2.449145
-1.069707	-5.263045	-4.835396	-4.411298	0.407191	-2.284851	-1.633484	-1.795666	-0.760843	-2.194892
-3.411045	1.907869	0.391771	3.807181	5.083946	1.610077	-0.899453	4.400113	4.924897	2.834434
1.992191	-2.651017	0.050814	0.370313	-0.778422	0.882972	-1.458528	2.596760	0.965833	-0.717464
3.609999	-1.914903	-0.385661	0.962898	0.228576	3.694040	0.964199	1.514165	-0.257843	2.224219
5.124474	2.489313	1.503556	4.643936	1.833329	2.251686	2.333340	2.639218	1.669363	-0.616914
1.644012	0.510830	-0.875026	4.335526	0.238024	2.733017	-0.459696	0.258805	-1.096956	3.542741
3.536908	0.169549	-0.974200	2.389268	0.510550	0.727335	1.470703	0.835015	1.113992	2.307588
-0.814044	-2.484633	-3.391855	-2.675039	-0.029005	0.233545	-1.822953	-0.847266	-3.624700	0.120430
0.368748	1.230186	2.144817	3.408302	0.656545	-2.361249	0.299348	-1.595153	0.163760	-1.496229
-1.376823	0.494902	2.129425	3.014288	-1.529212	-2.068746	-1.464383	1.158441	1.651864	-1.023085
-0.172766	-2.093084	-2.851919	-3.832983	-2.568889	-2.693942	-3.787534	2.025299	-1.970296	-2.410934
2.707610	-2.003476	-2.350307	-2.177017	-2.177698	-0.259436	-0.373893	-0.763695	-1.528528	-0.232073
1.377694	1.269725	2.660071	3.155684	2.071946	2.585573	-0.411649	-2.160157	-0.332242	1.168602
-2.560525	0.911117	1.445225	2.760414	0.922230	2.750586	3.465110	-0.819704	4.425454	1.122994
-1.113656	-0.605005	-0.227334	0.955166	-1.224559	1.950203	4.691098	1.720346	3.236452	2.403106
-0.451212	1.205759	-0.310698	-5.071665	-1.924034	0.653422	3.006325	0.469174	-2.369958	3.463443
-2.571205	2.013904	5.190343	-2.098786	2.104390	0.237844	-0.726795	-1.758738	0.037214	2.359206
0.268452	0.912026	3.176600	1.211995	1.107600	-0.164933	-2.598450	-1.178509	1.396961	1.189099
2.379848	1.569323	-0.095618	1.082771	-0.824117	0.744888	-0.471027	1.945942	-1.627228	-2.209475
-1.056431	-2.801111	-2.316302	-0.476866	-4.210976	-2.823196	-2.548515	-3.453007	-3.351761	-5.556914
1.376501	2.597122	3.250457	1.834774	0.271011	2.241913	5.431800	2.582526	0.134852	3.790184
0.430133	-0.530184	-0.733331	-0.048817	1.741430	3.528912	2.440428	1.025019	0.722500	3.152123
-0.885351	-2.071832	-3.716959	-0.000749	1.482568	-0.369805	-1.154516	1.489551	-1.798024	-1.290095
-2.242862	0.297172	-0.768918	-1.525632	1.101812	-0.345441	-2.642822	3.258203	2.072169	-2.010969
-1.167313	-3.003776	-3.442599	-1.778877	-1.898551	-4.424101	-1.730978	-0.614249	-2.407130	-3.597597
0.859781	-2.864781	1.216406	-1.722393	-0.802433	-0.853490	-2.278571	0.018276	-4.367631	-3.920877
3.665307	-0.136047	0.208502	1.293108	-0.735747	1.431086	-0.784992	1.835954	0.308257	0.790892
-0.820146	-2.225379	-2.075702	-0.699084	1.347397	0.982422	-1.649027	-0.329235	-0.624077	-1.069188
-2.208291	4.981117	6.781900	0.625620	4.411385	2.058312	-0.590268	1.865287	3.625460	2.094983
0.743159	5.188737	4.888914	2.379407	4.772208	2.368948	0.240697	4.505798	3.496155	2.422807
-1.922207	1.819477	-0.249355	0.237568	1.642655	3.302726	-0.266122	0.880476	0.510702	1.179785
-0.235502	-2.864470	-4.673000	1.419090	-1.280085	-3.332462	-0.952917	-2.467101	-2.165112	-1.249584
-0.184135	-1.970306	0.188782	2.500663	-1.501820	-3.644822	-2.345677	-3.179055	-1.386293	-2.406499
-0.797719	2.782062	3.165096	-0.368926	-0.321961	-3.091061	0.653405	-4.407607	-2.528554	-1.108359
-0.759463	3.071230	4.178045	6.213313	2.186286	3.522814	2.184737	0.799921	3.032898	3.173836
-1.752376	3.194795	2.569533	4.478768	0.632412	2.890897	1.615928	3.138408	4.633353	2.881184
-0.781970	-2.938449	-3.200137	1.056829	-0.600191	1.013579	-2.504716	0.865633	2.074502	-2.837714
-0.968651	-5.300605	-2.111865	-5.919416	-2.157327	-3.445546	1.181211	-0.817626	-0.163066	-3.866259
-1.254428	-1.904678	0.974852	-2.344678	-1.680404	-3.666684	3.367914	-4.839789	-8.646458	-0.864851
-2.677410	-4.720470	-4.774886	-2.350966	-1.871726	-2.150842	0.008798	-4.360576	-4.575684	-1.373592
-1.637704	-2.979287	-6.657177	-4.417690	-2.033998	1.273372	-1.093032	0.179391	3.737446	-0.538282
-0.263316	1.803370	1.356377	-2.548662	-1.983422	-0.580447	-0.650573	-1.063106	3.509624	-1.640624
-0.259652	3.561696	4.801776	-2.134090	-3.020803	-1.075407	1.262376	0.109313	2.317241	1.285982
0.660382	0.937290	1.229019	1.746216	0.062359	-0.885714	2.908319	0.391229	1.375089	1.080334
-2.536520	-2.157553	-2.174897	1.227246	1.042561	-2.819974	2.195455	-3.816577	-2.101442	1.505730
-0.852462	0.620466	-0.196774	-1.897806	-0.432696	-2.330793	1.190186	-3.950322	-4.963059	-4.381432
-0.612049	3.543944	3.094385	-3.951451	-2.310913	0.377723	3.938809	1.798174	-0.531572	0.839946
1.771016	2.543280	3.248276	0.954504	-0.874188	0.799367	1.033724	0.890297	0.306012	2.824662
3.889830	-0.707128	-1.523405	-1.165448	0.653980	0.957436	2.170727	-1.637672	-2.656115	2.845012
5.157689	0.799017	-1.206263	1.567085	-0.955906	3.234122	3.288216	3.501952	3.507439	1.600295
5.683892	3.369915	3.399198	3.247595	0.148856	1.895520	-1.567014	3.395653	2.841667	3.879408
4.937235	2.014465	3.115370	3.291777	0.943171	0.837027	-0.325568	3.730217	0.701960	0.000246
-1.312883	1.737066	0.652648	2.847924	-0.328158	0.211935	0.465748	3.267730	2.615613	-0.874692
-2.759863	-2.058083	-0.124375	-2.590969	-1.615124	-2.084358	-0.826374	0.891077	-0.707682	-3.620710
-0.255207	-5.485182	-2.179707	-4.495910	-3.065622	-5.352158	-5.389840	-2.416553	-3.565532	-5.606412
-0.928215	-0.774931	-2.266756	-2.644502	-1.383947	0.612830	-1.796461	0.752426	2.724158	-2.408901
-1.307289	0.971469	3.604771	-0.967151	-2.384691	0.240103	0.436254	1.077304	2.811280	2.654419
0.820572	-0.288580	1.494364	-2.169663	-1.755747	0.874656	4.128495	-0.180029	0.783331	3.636443
-2.211033	0.343820	0.014214	-2.881641	-4.119407	0.576485	3.772151	3.326915	2.714403	3.008867
1.156096	-1.215128	-1.542989	0.682711	-0.344564	2.191486	-1.501892	2.957428	3.032093	1.225988
0.286559	-3.482625	-2.754454	-0.410514	0.848691	0.704254	-1.130146	-1.909698	-1.587405	0.601101
-0.210345	-1.546370	2.760307	-0.333717	-0.019933	-0.250914	2.080275	-3.920671	-3.414794	2.684700
-1.714215	2.532338	2.556583	2.846696	-2.355228	-1.338121	4.112957	-4.392698	-2.413479	1.238382
-0.773251	1.753501	-0.946736	2.913121	-1.930584	-0.072673	2.822283	-2.426284	-0.760763	0.511640
-1.943552	-4.720681	-6.328662	1.506855	1.118107	-2.371873	-0.710162	-4.708635	-3.370548	-3.559929
-1.901620	-2.703406	-0.673007	0.875195	4.017656	3.809976	-0.295495	-2.224054	1.412661	-2.004131
-0.802354	0.264027	1.031816	-1.177765	-0.778330	-1.916132	-1.060835	-1.579746	-1.637136	-2.516472
1.657846	-1.521480	0.290894	-1.160229	-2.619040	-0.925699	-0.894598	-1.601713	-0.859741	-1.269957
-1.771121	-5.317028	-5.934384	-0.803699	-0.526865	1.779969	0.258995	-1.059956	-1.104756	1.134309
-0.369955	1.058987	3.318067	-0.502380	1.646803	-0.122231	1.769225	1.773224	-2.284281	1.065319
0.997144	-2.253135	-1.632266	-0.766678	0.410973	-1.617204	2.942873	-1.108273	-3.387916	0.136367
4.553574	3.640607	1.600004	-1.355495	0.764353	1.836545	0.035217	-2.868747	-5.194262	1.807748
3.157934	2.148515	2.677763	4.320362	4.194852	3.319711	0.184836	1.241804	3.742384	3.547855
-0.293276	0.258990	3.554996	0.779489	1.644677	1.451490	-2.359291	1.918284	3.688421	0.664483
-3.277060	4.792732	4.711390	1.507980	3.543036	-1.295924	-0.060986	-0.379705	2.161953	-0.093875
-1.479618	3.653843	4.603929	3.858429	1.112934	0.777664	-0.971372	-0.378259	0.496881	-0.759627
-0.360753	0.256223	-0.597500	-0.122870	-2.576122	0.458347	-1.985472	-3.008171	-2.531491	-2.278277
-0.040967	-4.552426	-8.780413	-6.861023	-2.265027	-1.058081	-3.479809	-4.100436	-5.651761	-4.515932
-0.083764	-0.483806	-1.416024	-1.575538	-2.793376	-5.591026	-2.782206	-2.217348	-2.150823	-3.545900
-1.359147	0.019285	1.572852	-1.677022	2.594335	-2.438694	-0.841387	3.177002	1.038927	-3.655787
-1.299019	2.959147	2.722500	2.459216	3.715909	4.020006	-1.719576	4.418221	1.559093	-0.853300
0.578415	2.208378	0.368605	-0.148532	5.993848	1.255867	0.755403	1.033720	1.710382	1.491555
-1.878150	2.142579	-0.243049	0.526324	-0.098647	-2.744018	1.285425	-3.771293	-1.459800	-1.467230
0.299182	0.831649	1.835624	-3.605925	-1.516875	-0.257559	-1.680434	-4.818806	-5.315447	2.496240
3.296806	2.076687	-2.248392	-0.652191	-3.145237	1.497936	-0.634197	0.378592	-2.344151	3.307156
4.232614	1.111591	0.785988	2.392316	-0.436434	1.808458	-1.424790	-0.187487	0.816495	3.684613
3.106102	0.533959	0.326750	3.631083	2.695930	1.374997	6.005862	1.901870	0.199200	1.723603
-0.002938	-2.711310	-2.875323	2.568897	1.405253	0.044542	-0.658964	-0.951223	-0.585828	-3.976981
-3.447512	-3.677220	-3.713544	-2.053554	0.224228	-4.992417	-1.554693	-2.693052	-4.845479	-1.856845
-1.028130	-1.095272	-2.897630	-0.585585	3.328851	0.084009	0.853351	-4.363503	-1.009844	-1.224797
-0.783798	1.401229	2.267806	6.607189	5.070214	0.872608	2.044244	0.388140	3.711387	0.366658
1.503374	3.497781	2.199948	4.292352	4.843508	2.577867	1.056961	2.424893	2.206725	1.056613
5.785378	0.716179	1.771781	2.599288	4.049424	1.873575	3.786180	2.493972	1.098780	2.203360
4.958103	1.567318	3.700392	3.593580	-1.934749	-1.230383	0.477976	3.599594	1.206763	-0.095507
-2.977860	-0.897806	-3.076535	-0.442791	-2.867623	-0.477120	-3.129474	0.939377	1.383387	-0.135594
-0.970622	0.668701	-3.382514	-2.438944	-0.580312	0.605449	-3.190392	0.767138	2.276362	-1.614308
-1.404993	2.016033	0.721241	-2.180398	-0.218329	1.074011	-4.047601	1.916296	1.261002	-1.398654
0.080215	-3.258515	-2.201684	-3.481874	-1.620490	2.997649	-2.373523	-1.108831	2.602317	1.499960
-1.933611	-1.381851	-3.269303	-2.933593	-0.977312	0.377447	-3.141681	0.229376	2.324721	2.732229
-0.304581	-0.514981	-0.020130	-1.451277	-1.812714	-0.679910	-1.642496	1.683836	3.629326	1.675847
-1.110910	1.272986	0.296522	-0.408549	0.311386	-1.600741	3.731212	2.288769	1.775946	-0.989692
-0.368810	2.165042	0.611239	-1.354132	-3.151033	-0.247161	3.417622	-0.373506	2.132393	0.518506
-1.759195	-4.721021	-4.467491	-1.449251	-2.025791	-4.837689	-0.417387	-3.671269	-5.385620	-1.789064
-0.154778	-4.410312	-3.496983	-0.148330	-1.992613	-5.433944	-2.373033	-3.249001	-4.749879	-5.356508
-1.532975	-2.700341	-4.214148	-2.125996	-3.160320	-3.227645	-2.041137	-2.211980	-2.605672	-3.393931
-1.405000	-2.420019	-2.953000	-3.705074	-3.320339	-2.774010	0.065883	-2.759488	1.955715	-1.893538
-2.049767	-1.543054	0.806050	-2.014492	-1.233393	-0.171059	-2.252591	0.539096	1.757094	-1.580534
-2.726693	1.691541	0.256188	-1.563177	-3.681110	0.362586	-2.188376	3.983091	2.413480	-1.177825
-0.405693	0.979455	-1.452597	-2.031357	-2.563917	2.145005	-2.389489	3.566817	-0.056916	-1.128315
-2.179283	-2.311224	0.776782	-2.385262	-2.073442	1.980078	-0.676448	0.699895	-3.940181	-0.136308
-0.331980	0.278192	2.023714	-2.866119	-2.772214	-3.002818	-2.502468	-2.158757	-3.439202	-3.875309
-2.262101	1.643590	2.961388	-1.527859	3.010737	-1.579304	1.662036	1.880981	-2.394067	0.485378
0.511138	1.777156	3.887391	0.706988	0.562882	3.157696	2.944049	1.021027	2.132236	4.778149
4.329920	1.702079	2.735812	1.603091	0.774890	3.170061	-0.434444	1.797801	3.679219	3.913899
4.251525	4.914142	0.790440	4.584721	2.622429	2.911567	0.466145	2.732621	3.297094	2.672225
0.831338	0.121732	6.405264	2.883644	-0.171833	1.221090	0.201901	1.638405	2.427270	2.164923
-3.378760	-2.780166	-3.804527	-3.901469	-4.163827	-0.119793	-0.429587	-1.580731	0.231060	3.218989
-3.001988	1.156933	1.173756	-4.288751	-0.980987	-1.945906	-0.596032	-0.692568	-1.123126	0.624820
1.374837	1.247514	0.226001	-0.262734	1.811955	-5.197575	1.390254	-3.001190	-3.731379	-4.713387
4.585796	2.360560	2.769098	3.464351	4.338467	0.343277	1.158262	1.994519	3.315210	0.331864
4.955569	1.149355	3.469136	3.739670	0.652215	3.136624	0.435080	4.293775	5.546651	2.788571
-2.148361	-3.498918	-2.568696	-0.893608	-3.111734	0.456241	-1.302001	0.831391	-1.060047	-3.053571
-1.817114	0.060526	2.212392	-1.392515	0.517286	-2.523098	3.067409	1.189284	-1.582378	1.265336
0.117692	3.444669	3.818688	2.477016	4.097644	1.632081	-0.326799	2.736866	1.603467	2.176590
-2.492464	-1.515907	-0.716419	-0.288347	0.132906	-0.629346	-0.374633	-0.718950	-0.907605	0.321987
-1.937900	-8.671919	-11.988840	-4.057337	-3.842661	-4.108308	-1.500100	-3.954051	-6.135989	-0.181476
-0.352436	-2.411785	-6.044585	-2.928284	-2.146788	-4.279529	-2.560909	-3.663927	-4.210579	-4.256401
-1.001591	-1.982923	-2.134967	-0.702522	-2.661508	-5.865536	-0.083367	-5.748165	-3.112269	-2.897191
-1.179185	-0.362051	1.152704	-2.800081	-3.279053	-1.674456	0.611020	-1.305456	-2.612356	-1.159448
-2.179536	1.439112	3.062515	-3.330994	-2.516653	2.632184	1.580146	2.491108	2.304766	2.382324
0.194035	0.316547	-2.206445	-1.104090	-3.870338	1.120457	-0.715195	-0.713862	1.386899	-2.625978
-0.438091	-2.897664	-6.133988	-0.862401	0.299261	0.702437	-1.459010	0.707539	1.771445	-1.198354
-0.453334	0.162560	-1.270827	0.637743	2.931114	-0.128804	0.686698	-3.383381	-1.058592	-1.441610
-0.511513	2.316099	1.748326	1.307912	4.125695	1.558308	-0.527377	2.245085	3.913888	1.561253
-1.020347	0.645735	-1.153842	3.795376	2.692974	2.667845	0.282761	1.572940	2.576386	2.565232
3.837844	0.610548	0.775855	3.971507	3.047524	-0.248520	0.181306	-0.170510	-0.529797	1.200924
-1.783060	0.285519	2.816705	2.829275	4.485420	0.786585	0.369256	0.548137	1.656238	0.891026
-0.282977	-0.145473	1.549792	-1.950847	0.957537	-2.895166	-1.992094	-1.455815	-5.071709	-3.619666
4.565873	3.810954	3.026802	3.735214	1.218550	3.450800	0.898953	2.341934	2.356559	1.613047
3.944170	0.471581	1.822622	3.953730	0.563035	3.910554	1.957593	1.450487	1.552542	1.954059
0.184297	1.548286	3.033734	0.310776	-1.003028	3.352270	4.321523	-2.010258	-2.739765	1.701069
