X1	X2	X3	X4	X5	X6	X7	X8	X9	X10
-1.218892	-2.974639	-4.172686	-4.234514	-3.005422	-5.769269	-3.460351	-3.551193	-3.719291	-3.400984
-0.963037	-0.237661	-1.025177	-2.690792	-2.287987	-3.823629	-4.062444	-1.030718	0.982358	-2.409142
-0.716902	3.124064	3.766857	4.468430	3.197983	1.283885	2.793005	-0.770735	0.115471	0.807897
0.068923	3.308146	3.583413	4.084943	1.499870	1.851545	3.017680	-0.496763	1.839735	1.183020
2.605943	1.339294	2.686987	0.059937	-2.571341	-0.646277	-0.389632	2.027882	-1.417564	-0.145888
4.766865	-1.059284	-3.883527	-0.499199	-0.520968	1.392993	-0.920148	2.296481	0.939862	1.624663
-1.513804	-2.735481	-3.396033	-2.669475	-1.314629	-0.751674	-0.037280	-0.376180	0.310799	0.548961
-4.116158	-3.359491	-3.161838	-2.684701	-1.700440	-2.259701	-3.470242	-0.960119	1.409135	-1.203106
6.294609	0.649794	-3.830247	3.061214	4.800980	-0.916416	-0.350750	2.854650	2.001162	1.778653
-0.795398	-1.949122	-0.526870	0.274759	-2.285086	0.067257	0.915185	-0.685388	-2.773433	-0.110570
-2.543874	1.322166	2.014988	4.336625	5.101643	2.180892	1.518449	0.048953	0.494043	3.072114
-1.558215	3.150762	3.618917	2.718403	2.071048	2.820867	1.742428	-0.011939	-1.192820	-0.557200
-0.529616	-10.196131	-3.714591	-3.814217	-5.515488	-3.364744	-1.564689	-2.665076	-4.376029	-5.063520
-1.645173	-2.635409	-1.740444	-5.190544	-4.321585	-0.719962	-2.939016	-2.904271	-3.768290	-1.697952
-1.432084	-0.150670	0.917746	-2.810886	-2.244260	1.620288	-2.598064	-0.969734	2.778590	3.704998
-0.541745	-2.889814	-1.780229	-3.500352	-3.183333	2.127986	-2.221344	-1.536275	1.422007	2.086526
-1.132554	1.424162	0.949320	-1.546251	5.878077	3.062209	1.096130	1.530297	2.322256	0.911628
0.030492	2.704357	1.572682	5.225111	4.202753	2.422038	3.036749	3.224273	4.016234	2.576800
-1.254106	1.911571	1.730445	4.864624	0.336176	1.226050	4.575702	0.938447	1.137238	0.501340
-2.034547	-1.030997	-0.338002	-2.027717	-11.036573	-2.687673	3.256177	0.726512	-1.180432	0.720845
0.392871	-0.321447	-0.921571	-3.743821	3.960787	-2.392852	0.407764	1.688563	-0.934779	-2.559887
1.107147	1.329718	1.878826	2.797606	2.562539	1.873297	-0.137646	-0.108206	4.222199	2.045344
-0.898118	2.337996	0.621577	4.468358	1.118765	2.658653	2.175936	-0.010099	1.752801	2.671837
-0.146324	-0.654417	-0.260933	0.115128	-2.431653	1.002600	0.417001	-1.531617	-1.423070	1.169791
-2.296773	1.695878	0.820886	1.551312	6.170968	-1.208880	0.158240	3.246436	0.130788	-0.340892
1.542935	1.732576	-0.952482	0.880104	2.725610	1.729397	-0.818957	-0.827841	0.793478	-1.388812
3.625398	0.117772	-0.433149	-0.273401	-1.354244	1.634415	-0.055597	3.217753	0.252805	-0.976768
1.138414	-1.514037	2.358171	-2.334507	-1.974110	-2.235841	-2.198891	-0.316883	-1.056128	-2.064359
6.718481	4.522943	1.076365	-1.345518	0.432196	-0.231386	-2.891146	0.048853	0.747886	-2.046482
4.305995	5.275606	2.879718	4.289063	5.620257	3.994065	3.683330	2.755264	1.903752	1.550965
-2.346444	5.073748	5.065517	4.712832	5.521259	1.919999	1.774728	2.356351	2.708076	2.756984
-1.919943	-3.102738	-0.687153	-0.920013	2.746786	0.045701	0.136542	1.218120	-1.694232	-1.521823
-1.508503	-0.915459	-3.306605	0.402626	2.827624	-2.077139	0.262863	0.572974	2.478633	-1.890352
-0.032929	1.395180	3.761647	3.399448	-2.003541	-1.090236	4.604084	-0.123081	-0.294220	0.371199
1.696275	-1.528329	0.762088	-0.824651	-4.255422	1.058800	3.035497	-0.001539	-2.489581	2.203134
-0.734996	-5.520293	-0.838695	-3.884069	-0.683234	-1.081643	0.886696	-2.933794	-5.773242	-2.111645
2.298153	-2.716420	-1.517016	-1.720707	0.251713	-0.446477	-0.801727	-1.416138	-0.450292	-0.631133
-0.058584	-0.965917	-0.005089	0.186233	-1.014995	1.076089	-1.626978	1.021136	-0.425822	-2.457429
-1.484311	-2.003291	0.122672	-2.546446	-4.356069	-1.971656	-4.468265	-2.091362	-3.314021	-3.728328
-2.753434	-0.997552	-2.775847	-4.417544	-0.371819	-5.823522	-2.231894	-3.493325	-4.846179	-3.889727
-0.172959	1.259994	-1.838658	-4.016661	0.634044	-2.883217	-1.630472	-0.567942	0.249116	-2.753024
-0.193993	3.336337	3.150524	3.768306	4.250611	1.857448	0.704994	-1.054103	0.772574	1.746486
-0.904243	1.853769	4.141587	2.098558	0.004071	1.054766	0.545098	-1.761500	0.587207	0.964803
4.807887	4.825181	0.310617	0.016997	-0.378282	2.254228	0.426033	0.183880	1.423925	-1.353767
-1.787012	2.278066	-0.339697	-0.090773	-1.956558	-1.847575	-3.112707	-0.438853	-2.582559	-1.902624
-1.266646	3.863313	1.842430	1.526350	-0.156063	-4.318850	-0.850729	-3.921288	-2.905335	-2.955665
-2.010623	2.912914	3.342187	1.257869	3.176095	0.886396	-0.588239	-1.529614	0.299709	1.143212
-0.714750	-0.480539	0.086862	-1.113012	-4.390490	3.037654	-3.089645	0.875681	-1.271816	3.123209
-0.588234	-0.465357	-1.799558	-2.071090	-3.199323	0.699017	-0.577852	1.936108	2.082400	1.730728
0.569118	-3.866149	-2.969084	-2.648561	-1.686710	1.563779	-0.548368	-0.028622	-0.250731	2.246969
-1.450103	-4.069423	-1.381828	-2.678821	-0.975655	1.114532	-2.672900	-2.771697	-2.537299	1.917634
1.508796	2.480810	-0.071801	2.580934	3.118138	0.963470	2.636247	-0.746006	1.612207	-0.309177
4.166006	2.592842	1.437386	2.792208	1.581566	2.141786	0.780166	1.764762	0.390095	1.893836
2.576321	-4.619438	-2.138978	0.452105	-0.307475	1.191772	0.868348	-1.714482	-0.667425	-0.083327
-0.926367	2.088461	-2.802603	0.825231	-0.415187	-0.986977	-1.889811	0.086473	1.934656	-0.897066
4.220032	4.282529	2.776999	4.970188	3.559528	3.366131	3.789779	2.378736	3.446948	-0.695384
2.569211	1.319855	1.633018	3.585981	5.004269	1.363391	1.514313	4.122218	5.154356	2.358219
-0.483638	2.331830	1.354245	1.380615	0.004834	0.118594	0.138984	1.823328	-0.305810	0.514842
-0.790623	-0.796456	0.365369	-3.104706	-8.256176	-1.966165	5.046483	-2.021024	-3.512445	-1.233219
-1.350953	-1.954114	0.351081	-0.236580	1.897136	-2.700393	3.011304	-2.834132	0.229258	2.401333
0.534765	-4.808756	-1.719430	0.486399	-2.818727	-1.111398	2.175039	-2.010586	-4.113495	2.981397
-2.172178	0.556010	0.620528	-4.701767	-3.399167	-3.266686	2.871780	-2.387280	-2.377802	1.849467
3.986009	5.789370	1.244245	-1.313275	2.029419	0.400335	1.339521	4.442693	6.322944	1.471141
3.030120	2.885015	2.857111	1.751279	1.046631	2.603458	-0.899847	4.725339	3.280144	0.786613
-2.625356	-2.343068	3.842718	-4.000903	-4.992229	2.970975	-0.803432	1.751261	2.766302	-1.784921
-1.773225	-0.768791	-1.966445	-4.146219	-3.856460	0.425879	-0.321741	1.225465	0.602519	2.191433
0.228204	2.834936	0.744914	-1.325468	3.313341	-1.345639	1.359718	1.371053	-0.627205	-0.473930
1.529423	2.442198	-0.349615	0.886053	5.565475	-1.487486	-0.273563	1.635928	-0.630970	-1.464917
-3.575077	0.497683	-0.461841	3.169244	3.848044	-1.148572	1.713407	0.011891	-0.328476	-1.518335
0.066197	-0.851522	-0.250373	0.977704	-6.553948	-1.641205	-3.324380	-4.222057	0.125674	-0.350289
4.607436	0.136470	-1.794022	4.545234	0.623300	1.947307	0.924169	1.161482	1.575478	0.718011
-1.243468	-2.307556	0.418204	-0.211267	-0.724409	0.443952	0.331844	3.412308	3.273432	-0.891841
-3.934624	-6.732914	-4.978606	-5.954502	-2.962972	0.053123	-1.916962	-0.813483	-2.085868	-2.696853
-0.257639	0.672082	-0.762760	0.986729	2.916714	-1.287090	1.231841	0.420607	-2.029429	-0.374635
-0.364321	-2.626785	-0.384470	-0.200179	2.453250	-0.098299	-0.320754	-1.419029	-0.662855	1.370006
-0.408778	2.756170	0.889054	4.265472	2.290941	3.832387	1.454744	3.252304	0.825845	2.360559
-0.231120	-2.993670	-0.726398	-1.635624	-4.100113	-1.799444	-1.981674	2.019199	-0.919337	-2.845583
-1.638054	-7.656121	-4.108837	-2.310870	1.602093	-0.865201	-3.374817	-2.163251	-2.253109	0.158268
-0.935587	2.473999	-0.877775	0.427926	4.141459	-0.148197	-1.436093	-0.010757	2.837218	0.879604
-1.982929	-1.660628	-1.464021	0.436558	-2.129411	0.240156	-3.581810	-1.222928	-0.353065	-3.779087
-1.312287	0.873079	0.107411	-1.671280	-5.255016	-5.253552	0.765122	-2.962576	-5.054971	-3.781313
-2.872070	0.544801	-0.765691	-2.919099	-3.466654	-4.849935	-0.994906	-2.895514	0.600088	-1.764086
-0.719686	3.419018	2.297262	3.177695	2.633777	4.586396	1.722798	0.664547	3.620000	1.327084
-1.115642	4.265209	2.460757	3.355490	6.972677	2.823726	1.688326	4.301690	1.747351	3.724986
2.415252	5.358254	3.252580	1.739875	5.370748	2.055345	2.846267	3.454400	2.214426	0.322509
-0.590911	5.305331	1.393217	2.601341	2.431292	1.207538	1.778814	3.170561	4.648911	0.320843
-0.902239	-2.753584	-0.036144	-1.840527	-5.133193	0.952592	-1.102142	2.481056	-0.241011	0.714376
3.521858	-6.988612	-4.668919	-1.810041	-1.558206	-0.260107	0.725890	0.371466	-1.175755	1.706999
-1.862826	-4.995678	-3.874522	0.141786	-3.104347	-3.793371	-3.509999	-4.192427	-2.019838	-4.195101
3.743098	3.794494	-0.334669	5.232137	2.310383	0.065984	-0.773017	3.881755	4.381423	1.406767
3.649325	5.488180	4.325826	3.595200	0.959484	1.478746	2.994026	4.649293	0.800610	0.871191
2.903744	1.957553	2.309746	1.708356	-2.553247	3.179401	1.161823	2.625664	3.193704	-0.326639
0.592447	1.242889	2.433975	0.036290	-1.368312	3.295333	-1.128836	2.051347	1.183089	1.379266
-3.904273	-3.159140	-0.956403	-0.921717	-1.181012	1.603430	-1.940559	-1.665180	-0.473755	0.948298
-2.019025	3.576339	2.717894	2.903719	3.123750	1.322677	-1.271154	3.667858	1.754553	0.159944
0.467182	3.392699	2.204550	4.663478	0.785170	-0.581539	1.537171	1.266439	2.150095	-0.410903
4.865140	4.657113	3.733946	-1.360958	-0.589655	1.590468	-1.166994	2.091338	0.781851	1.979746
4.292041	6.589350	4.174465	2.302991	4.878470	3.343984	-0.692656	-0.360070	0.400402	3.573782
-1.023823	0.248385	3.222989	2.860605	6.257141	2.724795	1.807677	-1.287708	0.873929	2.865596
-1.561462	-2.550414	-1.467400	0.690563	2.081754	0.306188	-0.347904	-0.100802	-1.318487	-2.820719
-1.530383	-1.862975	-3.743721	-2.831554	-10.737199	-4.130549	-2.183306	-4.314477	-5.123265	-2.010572
0.627506	-3.753426	0.327409	-3.726668	-5.257122	-5.605630	-0.041838	-3.039657	-1.973423	-2.182171
2.172796	2.445701	0.767269	1.018800	4.707379	0.361534	0.661894	0.327932	2.336018	-0.259823
2.866180	1.032878	1.748243	0.204429	1.706895	0.710429	0.379282	1.282766	-2.177858	-2.324834
-1.355252	-1.603524	-0.135189	0.799398	2.832721	0.735745	1.377418	-0.496280	-0.964569	0.300290
-0.368806	-4.325135	-0.906045	-0.460714	-3.739552	-2.985530	1.172195	-4.218530	-2.386934	-0.119358
-0.609691	-4.422085	-2.679743	-3.804728	-3.456532	-4.996606	-1.759594	-1.901808	-1.797870	-4.680182
-0.754315	-2.007702	-4.337002	-2.166566	-1.848227	-5.455494	-3.759155	-1.472237	-1.295493	-4.387287
-3.494285	-1.912715	-3.965738	0.135751	5.046255	-0.909904	-1.311896	-0.508242	-3.376718	-2.829277
-1.168108	4.675448	1.413229	-0.197196	5.396503	0.488757	3.524778	2.541057	2.420137	0.314844
-2.014993	6.021158	4.118184	0.886673	4.839308	2.069078	4.045059	1.776637	0.500858	2.998175
-1.217345	-0.306311	2.717009	0.712537	4.357762	3.223053	1.613043	-1.825422	-1.989668	2.312611
0.448628	-10.021787	-3.848211	-0.620023	-2.568047	0.410274	-0.141676	-1.134242	-2.681857	3.277353
-1.449382	5.486105	-1.074993	-3.581724	-7.571929	-0.068365	-4.103705	1.698359	0.388380	-2.955401
-0.989079	0.640240	1.093749	-2.213786	-0.725894	-4.423270	-2.511147	2.127562	0.478929	-1.610552
0.240929	-7.785108	-3.747600	-2.525225	-0.221053	-1.791245	-1.220308	-0.468551	-2.090320	-5.054699
-2.480064	-5.772061	-2.370553	-3.273059	-3.594116	-4.114095	-3.662793	-1.044697	-3.687878	-0.117741
-2.697862	-1.373041	-0.864223	0.727398	1.666305	0.403776	-0.586004	-1.915791	1.462444	1.062723
-1.024972	-2.571472	-4.354923	-0.580169	-2.649302	-1.859833	-2.924847	-2.349247	-4.003462	-3.185304
3.263902	2.760929	0.007236	-2.696076	-0.152846	-1.963925	-1.172224	-0.173280	-0.998404	-1.064921
1.858354	4.284241	1.689545	-1.166133	-1.164040	-0.203600	1.737762	-2.396001	-2.502791	-0.910123
-0.618918	-1.126854	0.321895	-5.105955	-1.880795	-2.000958	2.007607	-3.135023	-1.911528	-1.252907
-1.903520	0.236929	-0.438224	-4.052350	-1.495821	-0.337999	3.133711	-0.033754	-0.837722	2.487632
-1.654755	1.649875	0.269981	1.484170	3.249769	0.468879	2.424770	-1.281104	0.038722	1.451500
2.382075	1.475769	1.119005	3.755097	5.061465	1.825678	4.383285	-2.380882	2.140301	1.857901
1.014766	1.855901	4.644143	5.005323	2.225456	3.550002	4.137154	0.024008	3.313210	3.939141
-0.673383	-6.715941	-2.116210	0.838842	-6.595570	-2.034945	0.040876	-3.722742	-1.129953	-1.094971
0.505726	-2.951065	-5.064356	-3.598552	-3.298723	-3.496359	-2.480547	-1.041434	-2.591489	-5.041930
0.541592	-1.470878	-1.304996	-1.875862	1.821487	-1.864633	-1.309716	-2.949473	2.161100	-2.779327
-1.791986	-0.260687	-0.106132	-0.725291	0.437649	0.391839	-0.937228	-2.028661	-0.722787	-0.459655
-0.928008	-4.217994	-1.983762	-2.447242	0.011652	0.582064	-2.642083	-2.522797	-2.596548	-1.467304
2.645827	4.911897	2.631316	4.745686	3.111689	3.524850	2.907221	0.502217	2.463118	4.695834
-0.882881	1.816987	1.381204	2.407693	1.222748	0.444306	1.850589	-0.718416	1.134012	1.599968
1.558870	1.214377	-2.674793	1.553980	6.618121	2.623442	0.613922	3.044505	3.985437	1.570409
4.366583	2.693269	2.458730	3.833751	4.863399	-0.190733	3.110825	4.182183	5.135395	1.865466
0.188260	-2.480832	0.351480	1.146610	-5.605127	1.191292	0.552303	0.984324	-0.062809	1.636850
-4.150295	-5.619520	-3.274535	-1.361339	-2.655163	-1.234271	0.673159	-1.521569	-3.896771	-0.779130
-0.023880	-5.353286	-5.139809	-2.979788	-0.843219	-1.505310	-4.879300	-3.031588	-1.625786	-3.511461
-1.975288	-0.213421	-2.288029	-2.565831	-0.282700	1.745687	-1.950269	1.329872	2.888051	0.626567
0.569384	3.483886	2.624413	1.722441	5.114686	3.021332	2.674259	0.414319	2.153047	2.623765
0.676143	-2.678553	-0.280571	0.537338	-1.553566	2.245240	-0.106209	0.714363	1.248307	-0.582056
-1.466706	-8.713922	-6.490467	-4.104332	-4.945363	-2.320575	-2.833566	-1.344590	-4.051761	0.670716
-0.437854	1.640594	-1.431565	0.191443	1.884891	0.453200	-2.339404	1.211373	0.110249	1.372493
0.148305	-1.433289	-1.249648	-2.017725	-3.998108	0.207881	-2.814315	1.547559	-0.810953	1.712786
-2.657722	-8.595451	-4.685403	-2.848923	-5.623265	-0.335518	-2.880890	-3.166618	-2.135461	2.546306
-0.160524	-3.604172	-3.484814	-3.065238	-2.388184	-1.176881	-3.175219	-1.130850	-1.409265	-3.458134
0.178607	3.157468	0.738934	-4.125857	-3.103266	-3.754592	-3.273894	5.910677	0.735343	-6.462623
-1.076120	1.318392	0.760358	-1.231664	-2.877414	-1.281937	-1.454304	1.807375	-0.624027	-3.103450
-0.828393	-5.119078	0.305974	-3.957045	-1.871729	-6.737298	-3.173440	-2.364045	-4.590165	-4.908702
-1.631203	-3.903815	-3.617899	-1.748483	-1.232514	-5.922860	-4.688391	-3.141068	-3.064762	-5.280269
-2.312938	3.123504	-0.982845	-3.888263	-1.949067	-1.695306	0.070354	3.382717	0.048792	-2.074539
-0.728886	-1.879393	0.234155	-2.133769	-1.238589	1.599281	1.360406	0.344024	-1.187292	1.447299
0.198665	-6.778880	-1.781582	-2.141182	-2.142979	-1.142085	-1.637424	-3.044033	-3.405403	-2.592044
-0.549672	2.135672	1.569163	-0.679888	1.066066	-2.463085	-0.690325	-1.416941	0.979770	-0.244056
-0.306284	2.064390	2.377009	3.966433	3.747846	0.324696	0.211415	-1.272885	0.192839	4.619373
1.791142	1.553104	-1.333227	1.717798	0.760265	0.413975	1.320206	-1.054052	0.417114	1.960454
4.139220	5.157943	1.582574	3.302024	2.817026	4.084869	-0.855638	5.073472	4.803908	4.659296
-2.982035	6.108537	3.691930	2.915828	2.081534	2.667394	1.766392	5.459801	4.944632	2.688111
-1.600809	-0.069882	4.547260	-0.372770	-0.460606	0.090965	3.821409	4.020549	1.139099	1.716409
2.271613	-1.899586	2.130282	1.350547	5.726610	0.315700	2.196525	-0.204269	0.002922	-0.215900
-0.101754	2.133357	2.682814	3.483197	6.643289	2.412215	3.438451	-3.171740	-0.910387	-0.047308
-1.917194	-2.746021	-0.785027	0.645397	-1.770861	0.945225	-0.446703	-3.321250	-2.513315	-0.281204
0.235608	1.633609	1.326378	0.576466	1.451865	-0.132054	-1.734624	-1.786684	-2.751549	-2.158278
-2.179332	2.232879	1.663444	5.432021	7.121977	2.804294	2.179198	-1.399530	2.361524	1.946577
-3.229198	2.690019	3.301090	5.008280	2.895583	2.615984	2.061275	0.250927	3.071518	1.243772
3.394326	-1.850539	-1.622168	-1.165540	-9.232508	0.019831	-0.432584	2.063101	0.818347	-2.476685
0.095957	-3.679766	-1.285815	-4.205720	-8.245986	-3.754348	-1.051267	-3.390496	-3.620176	-2.314285
-1.089391	-0.477530	-0.083533	-4.001545	-0.606439	-2.497941	1.953035	-2.482349	-1.473536	0.635380
-1.233999	3.324298	0.732792	1.489004	0.311242	2.057769	3.115732	2.289055	2.021879	1.725119
5.918547	4.236647	0.194576	4.257142	2.958071	4.277395	0.852133	2.887728	2.266186	3.407640
1.138665	3.688046	5.567534	-0.328612	-2.276741	2.115552	-0.856051	1.567984	1.839698	1.913850
-3.042931	2.524825	5.012381	-1.303943	-0.066482	1.725754	-0.826413	0.249236	0.206529	-0.503441
0.611677	0.688411	-0.339470	-1.381034	-0.981237	-1.005886	3.173757	0.906696	-1.358705	0.750975
-0.671496	-1.663467	0.850096	2.955932	3.410408	-1.342853	4.834166	-0.536724	-0.622091	0.193304
2.419266	3.325416	2.356092	4.112170	1.569367	1.248866	4.737722	-0.546110	0.127888	4.084254
2.623578	-1.496012	0.095731	1.308896	-5.645446	0.109383	0.745533	-1.131951	-1.667256	0.608935
-1.969344	-0.193725	-1.264972	4.035027	2.424986	2.676012	2.205206	-0.165134	0.152994	0.408353
-2.620586	-3.062299	-1.312007	-0.500322	-0.825122	1.816565	-0.812552	-4.449949	-2.479048	1.577815
-1.231033	0.138192	-3.136259	-4.014434	-6.120253	2.729555	-3.831435	-1.482184	-4.264567	0.249031
2.068229	-2.110129	-3.378316	-3.761995	-2.309192	1.064494	-2.629237	-1.181226	-3.180848	0.209307
4.824015	0.316761	1.251833	2.206411	1.329180	1.014894	0.066547	1.079535	0.246822	-0.939149
0.771538	-0.275315	-1.731499	0.648000	0.399679	-2.480434	0.654223	0.716809	1.660460	-0.763729
1.047211	4.190064	0.604799	1.985587	2.593223	0.023423	-2.980103	3.604808	3.255578	0.071175
2.240746	-0.535181	0.045041	-0.112412	-3.196371	-0.221024	-0.338228	-1.046658	-1.866908	-2.213730
-1.512044	-3.631829	-1.658863	-3.890182	-3.960983	-3.038966	-0.941847	-1.959879	-2.953786	-0.794335
0.244453	-3.330361	-2.490102	-3.268407	3.309004	-2.624690	1.112445	-2.674245	-1.948240	-1.571633
-1.224453	-2.201259	-0.026662	1.994128	2.427808	-1.108487	-0.354050	-1.633247	0.288542	-1.042317
3.752949	1.723197	-1.519033	0.887337	-1.231951	0.791353	-1.363128	1.969325	1.694173	1.893823
4.264769	1.889622	-1.685103	2.442938	-2.353056	2.449841	-1.301685	2.362779	2.430166	0.432893
-1.177484	-1.577967	-0.473760	-0.037956	-0.739988	0.429586	-0.219819	3.257924	3.883034	-2.505297
-2.880301	2.985045	0.471407	-4.977928	-2.969227	-3.287804	0.883373	1.778869	-1.205811	-2.351641
-1.298974	2.087575	0.689610	-2.879463	-2.513657	-2.311319	2.696093	1.196720	-1.667459	-1.357731
0.220605	-2.433266	-0.976140	-4.777446	-1.581757	-5.495452	2.840944	-2.268515	-6.021598	-3.007158
-2.045459	-0.189562	-0.369630	0.103138	5.665890	-2.448093	0.961627	-1.476229	-0.489318	-1.555814
-0.429260	-0.677302	-1.199550	1.674605	4.586601	-2.058437	-1.456356	-2.062516	-0.355909	-1.065992
-2.064091	-1.345275	-1.922987	1.783470	5.796496	1.385825	-1.539904	-0.878770	1.064138	-0.492385
-1.848850	-0.171869	-0.407229	-2.313352	-1.415510	1.133099	-1.086714	0.002316	2.353132	0.078916
-0.173632	-2.716775	-3.880766	-3.949547	-10.644597	-2.405209	-2.069287	-1.131056	0.938380	1.107318
0.084165	1.712118	0.426215	-4.119999	-2.269051	-3.071893	0.699678	-2.451079	-2.332410	-1.705672
0.419744	2.282516	0.830625	-0.213194	0.305946	0.024851	0.836583	1.166549	2.455668	1.029053
-2.191694	2.821728	3.628575	2.162183	5.407409	2.639728	-0.639274	2.719531	3.522320	1.168500
-0.300550	4.093461	0.412477	5.268745	5.513254	2.511042	0.805309	-0.685429	3.041151	1.588676
-1.415524	-2.397381	0.226642	1.674206	-2.828106	0.915997	-0.783368	-3.085330	0.716464	1.246787
-2.208116	-5.234591	-2.360519	-0.732620	1.865145	0.274594	-0.891107	-2.753971	-1.179537	-0.830162
2.323370	0.396034	0.850905	1.300680	4.184420	1.916635	-1.499008	0.278749	1.107750	4.532236
3.662232	3.223198	2.309323	-0.731782	0.815631	3.233623	0.157728	5.267529	2.597528	0.627185
3.778667	2.217502	0.104546	0.289906	-1.890411	3.115857	-1.406001	5.000970	2.455695	-0.464409
3.560868	1.094449	-2.387616	1.160155	-1.585693	0.598936	-3.064395	4.505368	0.549953	-0.299343
2.863032	-1.575961	-1.202155	1.773377	5.010995	0.972461	-0.094756	2.095123	1.202701	-1.358213
3.069351	1.730471	0.930039	2.208781	4.570361	2.519430	0.638712	1.848131	2.465936	2.477385
3.245719	1.165345	1.017673	0.092377	-6.139685	2.545638	0.709208	1.404588	5.012856	-0.138748
-1.315072	0.816157	2.763356	-1.522227	3.457563	1.220885	-0.034072	2.097590	0.044957	0.081792
-2.016132	0.009206	0.427594	3.043676	6.364113	2.599464	-0.287230	-0.288169	-0.587565	-0.301396
-2.679469	-1.750014	-1.971206	0.278495	2.463969	2.905371	-0.948772	-2.844294	-0.338814	-0.013909
-0.986793	-2.552908	0.072061	-2.595766	-9.498063	-3.879499	-0.485700	0.108109	-1.623898	-3.040349
4.079685	1.832519	1.578399	-2.372102	-4.177980	-3.975454	-1.060919	0.300531	-0.712123	-3.058316
0.217052	3.749560	3.126013	-0.092108	4.994220	1.658199	-0.890536	-0.845435	1.367504	-1.072511
-3.022603	4.278506	2.306106	1.549717	6.649739	0.773952	2.548246	-0.154498	-0.095024	2.765763
-0.926092	4.291849	3.510980	5.322875	3.701177	3.954895	3.492419	1.651434	0.397782	3.007003
1.774470	0.681178	2.488335	-0.673934	-7.232266	0.873619	2.389678	3.602048	-0.187985	3.067005
4.136971	0.793584	2.122272	1.774489	0.372607	-0.567086	3.091914	1.754137	-0.524836	3.196565
-1.750606	-5.704246	-0.870810	0.885743	-2.846307	-0.301433	-1.025078	-3.689913	-2.978680	-0.214723
2.235526	-0.808825	-5.364213	-1.256576	-0.679411	-0.793034	-2.308309	0.538288	0.699771	3.242234
2.330151	2.790334	1.659059	1.144926	0.100689	3.215599	1.185615	0.775727	1.948506	2.385730
-2.874746	1.737716	2.875903	-0.626056	5.241788	1.944052	-2.363417	-2.401609	-0.775785	2.741457
-2.164583	0.936507	1.077313	2.923870	2.109377	1.079711	1.197187	-0.962031	1.854585	3.924205
3.166526	2.676089	2.922383	2.579895	1.484249	2.146061	3.917116	1.043845	0.585605	3.081766
0.557863	-2.533554	0.411604	0.399510	0.387994	-1.396213	2.878259	-0.757993	-3.274437	-0.923470
-3.914189	-0.285539	-0.324232	2.344602	-1.386997	0.240973	1.877505	-2.642259	-0.766154	0.535884
1.702154	1.244314	-0.158035	4.984860	-0.997437	0.547402	1.051143	-0.692668	-0.573856	1.947218
-0.243225	-5.542913	-1.055515	-0.407331	-1.251437	-1.715741	2.082961	-4.867434	-3.072056	-1.913580
-2.337044	0.341759	0.118914	2.822613	4.581590	-0.662375	1.313547	-0.283271	1.241634	-0.209324
-1.925119	2.757911	5.239139	5.064077	1.438630	0.230885	2.253386	-0.583895	-2.029996	-2.084727
1.065033	-3.937879	1.130847	-2.134157	-10.335231	-2.735681	-2.163732	-3.601519	-3.421959	-2.594804
0.050395	3.327169	-1.145779	-1.786808	-0.362010	-0.580089	0.475176	3.051843	-0.049165	0.127332
3.710750	-0.722168	1.011646	-0.087796	0.034278	1.473743	2.371499	2.085375	1.489476	-1.618035
-0.731717	2.376788	0.028704	0.772359	3.362617	0.255097	-0.926277	0.613564	4.559053	2.201979
3.279878	2.254015	2.989377	2.772035	1.303488	3.535655	0.637031	1.969797	3.405859	2.320259
-0.712981	-6.145710	-2.143454	-1.912792	-4.210525	2.007999	-2.495188	1.085760	-0.184717	0.511089
-1.473409	1.814392	-0.651709	-6.208544	-1.492441	-4.076588	-2.731651	1.640939	-4.392682	-2.470547
0.899680	0.216096	-0.758408	-1.625444	-0.404379	-4.431824	-0.531672	-0.173576	-0.985943	-3.916667
4.310171	4.083981	2.100628	1.338481	0.874742	0.377375	0.405835	1.147101	1.475993	1.282714
0.512952	3.543623	2.364178	3.028307	5.744704	1.975892	1.030155	1.435459	-0.343479	-0.055321
-2.333191	2.003502	-0.948982	3.000509	3.282286	0.295911	0.416174	1.246388	1.883236	0.517311
-2.824268	-1.489406	-0.285673	2.586860	-0.316431	-1.287985	0.415377	-0.365922	1.455035	-0.552906
-0.947192	2.532678	1.857983	3.943634	3.646033	0.595390	0.337851	-1.229080	2.336715	0.159511
-0.922072	0.870533	-0.278039	2.713006	1.091860	-0.517279	2.258181	2.912305	3.209374	-0.220853
0.388881	0.000138	-2.591161	-2.026551	-3.544071	-1.005006	1.192754	-2.073273	-1.170989	-4.326815
0.943059	-2.972826	-1.282606	-3.760864	-0.849279	-1.803204	-1.747543	-0.612122	-0.664172	-0.665489
-0.836744	2.522021	0.282502	0.044843	6.104617	-0.096185	-0.712823	3.187054	0.937025	3.875308
-1.851637	0.415661	0.020141	1.273943	5.944198	0.327538	1.179201	1.022550	-0.283294	1.776764
-2.159225	-4.922424	-1.083212	3.140312	5.246646	1.137556	0.754919	-2.291737	-0.421427	-2.916838
0.005187	-2.402149	-2.286279	-0.386075	-2.883858	-0.462943	-1.912381	-2.475210	-4.437867	-2.651709
-1.109604	-3.173231	1.531317	-3.281143	-7.073630	-2.891966	-2.055909	-4.911970	-6.693410	-1.300062
-0.000200	-0.390383	1.593355	-0.826714	2.781712	-1.679122	-2.130176	-2.812315	0.367253	-0.183610
-1.175505	-0.613519	0.614213	-1.529810	-1.422047	1.703181	-3.530590	0.792154	1.963829	1.227336
0.975083	1.978950	2.561272	-0.264054	-1.526724	3.390538	-1.674759	0.307740	2.319228	2.569365
-1.113537	0.695613	-0.720487	0.205835	1.135367	1.817245	0.722208	1.632847	2.905459	-0.559232
-1.223663	2.004762	2.230615	0.194938	-1.104289	0.480295	-0.497894	1.662680	-0.028866	1.160737
0.428108	4.182287	1.293562	-2.916365	-3.899604	-0.443813	-2.051472	1.938845	-0.450034	1.379062
-2.137121	-2.395316	-0.413563	-0.156389	-0.622591	-2.001981	-1.941130	0.265949	-2.579334	-1.692963
-1.931145	-0.202652	-2.326278	-3.483450	-2.092960	-1.863011	-3.283473	-2.933500	-4.619450	0.939057
-2.092859	-5.182725	-3.809695	-1.709963	-3.960324	-2.383003	-3.943104	-3.839592	-3.191968	1.802115
-1.568655	4.597364	1.342671	-1.857539	0.527010	0.083744	0.977776	-1.574517	2.533927	1.705608
-1.475927	0.270015	-0.455793	-2.380290	-2.689467	0.773832	-0.688936	-0.859262	-0.150549	0.078933
0.110135	-6.947571	-3.182798	-1.888026	1.393837	-2.717737	-1.325538	-1.443316	-3.671279	-3.125114
-1.152461	-0.746591	-2.260453	-1.056155	4.941817	-1.088759	0.019868	-2.557164	-0.154546	-1.570931
-0.181104	-0.495539	-3.248769	1.426218	0.383867	-2.160930	-0.739714	-1.535492	-2.191233	-3.786721
-0.398683	-1.799810	-2.725451	-3.933214	-11.231717	-1.708344	0.302018	-0.948184	-4.229122	-3.024683
0.129312	0.217004	0.580793	-0.781952	0.041962	-0.934896	-0.361133	-0.862325	1.269905	-0.223213
4.936795	0.228412	1.831460	2.312001	2.635402	2.114921	1.993437	0.910803	2.152166	0.725589
4.444178	0.574425	-1.977955	0.581046	-1.249797	1.993214	0.068135	-0.448382	-0.852722	2.117027
-2.471125	-4.501546	-2.293054	-3.976316	-4.983835	-2.942110	-2.985635	-2.223163	-4.306339	-3.243394
0.837098	-4.690186	-4.147637	-1.759082	-2.251511	-3.417142	-0.373664	-1.780420	-1.092569	-3.068869
-0.562336	0.183917	-2.309904	-0.164147	1.618578	-1.796073	-1.319645	-1.241535	-0.147894	-2.904092
1.678385	2.086880	1.929647	3.062596	4.213034	-0.676995	2.059230	1.468712	0.447202	0.151243
-1.036224	2.221920	4.098119	3.815954	5.386863	1.812501	3.102471	1.533440	3.346238	1.073043
0.356153	2.001253	3.192916	2.505736	4.547868	3.467325	4.133287	2.371970	2.496427	2.842317
4.325731	-2.764100	-1.064355	-0.941746	-4.073243	0.863787	0.196090	-0.670979	0.126486	-1.374426
-0.342176	-4.880422	-2.593290	-0.823182	-5.450263	0.379996	0.034290	-0.946387	1.558529	1.990421
-4.356153	-4.170692	-0.927079	-2.483359	-0.781286	-0.600538	0.323499	-0.823936	1.173269	-1.133431
-2.785485	-4.527390	-2.050613	-4.351961	-3.039403	-1.465807	-3.539670	0.641995	1.463818	-2.023973
-0.891958	-2.195695	-3.653484	-2.415175	-2.145805	-1.778000	-2.331807	0.057024	2.679487	-2.887795
-2.514557	-1.701785	0.611619	-2.389183	-0.322382	0.768792	3.943904	0.008569	1.213687	0.270315
-1.783769	0.713161	2.649408	-2.989670	-2.345324	-1.025824	3.423574	0.674747	2.726327	1.393766
0.085021	-1.077337	2.496396	-0.504518	-2.541121	2.552662	-1.515983	0.555977	-0.201587	0.459769
-0.057776	-3.372756	-1.765705	-1.578207	-3.311862	-1.451143	-2.101953	-1.459327	-0.408549	-1.850965
-2.635648	-1.960475	-5.598582	-3.166720	-1.249635	-1.776431	-2.511823	-1.474250	3.733947	-2.690626
1.485319	-1.717074	-1.399219	-1.877737	-1.880630	-1.353497	-1.776779	-0.868676	-0.926299	0.259898
-1.262067	0.492968	-1.856703	1.681262	5.280066	1.824567	0.107793	0.431207	3.420617	1.353715
-0.878094	2.556770	0.385181	2.651196	2.356364	1.154066	0.567905	2.355211	2.567592	0.312337
3.073646	4.438052	0.732748	1.072786	0.602577	2.578503	-1.440427	5.663146	2.163725	2.540674
4.753563	1.123630	0.172214	2.686651	1.087814	3.821583	1.967808	2.541822	0.843011	2.326834
2.972063	4.144323	0.486494	2.037511	6.646389	0.644908	2.091023	1.950047	0.569245	2.297727
3.850352	2.659647	1.958604	1.826785	2.956013	2.322681	1.959332	0.743526	1.354219	-0.796439
2.915137	-0.912784	-0.386542	1.060194	-4.864605	-1.764697	0.774347	-0.415135	-1.812277	-2.404556
-3.358379	2.569543	1.963373	2.756555	1.559048	-0.694227	-1.372022	-2.454133	-1.226354	-1.757716
2.042508	5.500141	3.362662	1.898388	3.152482	0.789391	1.046938	-0.295066	-0.429226	2.262186
0.135999	3.648121	0.479540	-1.657491	-3.151294	-0.187145	-0.882064	0.865565	-0.848607	3.969457
-1.365803	0.087091	-1.589879	-4.403864	-5.020270	-1.425639	0.729584	2.316960	0.939986	-1.053298
-1.712400	2.797158	0.368820	5.118885	5.598062	2.638207	2.384990	1.661914	3.838834	2.489526
-1.409491	0.718428	2.416648	3.733371	2.189911	1.208987	0.915663	-1.472078	0.842617	1.536730
-0.449581	2.159306	3.283118	-1.303591	-0.755116	3.703196	-0.435888	1.538078	1.902413	0.236120
-0.771371	1.045092	1.552543	-3.832689	-1.166312	-0.943673	-3.833458	1.278173	0.829698	-2.358106
1.553033	2.571687	-2.247869	-1.866710	-0.051971	-3.191729	-2.953439	2.079597	0.603248	-2.634744
4.525026	3.707390	0.476995	3.580357	2.166512	-0.114079	-0.608526	3.578539	3.486437	-0.183796
-1.278799	0.630196	0.789342	-1.658379	3.982042	0.168467	0.071686	3.195885	-0.347365	2.040037
4.579051	4.005600	2.643680	3.003492	3.375823	1.951999	2.348901	3.857819	3.389215	2.016353
4.194067	2.579094	2.103418	6.286076	0.737057	2.921605	1.291020	4.892726	2.019946	4.391950
2.834439	1.263269	1.047961	3.974079	0.968147	4.089375	4.539047	1.034687	0.983996	2.078822
-0.554443	-3.999386	-1.697487	0.899007	-1.217906	1.565595	0.144982	-0.916616	-0.942966	-0.147835
3.376610	-1.869685	-3.561820	-1.413439	-2.508203	-1.530047	-1.082475	-1.476704	-1.854574	0.084374
2.430086	-0.788342	0.226363	1.714045	4.785758	1.061334	0.684575	1.318000	0.041139	3.241941
2.071772	3.004526	2.218365	3.270657	4.807774	3.403426	0.774131	-0.477526	-0.447262	2.637358
-1.892746	3.566800	0.210586	1.992299	-0.155157	3.174913	-0.197511	-3.462005	0.549188	0.550217
-2.340881	2.428062	-0.516875	2.400366	-6.519837	-0.961619	-1.858654	-1.247763	-0.305946	-2.769691
-2.325847	-1.907810	-2.285119	-4.730443	-4.347070	-1.010184	-2.831604	3.453574	-0.564899	-1.375476
1.030940	-2.811040	-2.094148	-2.863035	0.163341	-2.455199	-4.079465	1.362681	-3.907807	-3.085750
-2.301535	-1.134450	1.056633	-1.765216	-2.169610	-5.852278	-2.569144	-2.684369	-5.097304	-5.236824
0.052814	-1.982366	1.514418	-2.801092	-2.912729	-1.627236	-0.097949	-2.102605	0.503373	-0.445311
-0.957531	0.267086	-1.378096	-2.723772	0.742479	4.519011	3.015112	1.900748	1.905091	3.786277
0.222017	-1.483321	0.044781	2.715834	0.889608	0.105750	2.602831	-0.442440	1.797215	3.490727
1.057040	-1.072815	-1.879557	2.599815	1.032249	-0.588134	0.582296	0.656104	-0.899889	1.458324
0.601924	0.119477	1.237080	-0.499040	2.525296	-1.970657	2.405599	-2.677948	-0.384053	0.019854
-0.774147	1.655424	1.444082	3.766356	6.020042	0.010370	3.288928	-1.113823	1.024591	-0.516197
-0.048588	-0.028402	3.059939	2.378189	1.130477	-2.800967	0.669870	-1.862849	-0.388588	-0.291444
-2.375614	2.595169	0.506240	-3.796455	-8.019606	-2.954682	-2.335486	-0.469152	-0.401120	-3.188103
-1.984140	4.617208	1.109772	4.200110	5.472885	1.382415	3.236246	4.612143	1.535468	0.421611
-2.589078	4.542686	4.056323	5.222367	2.937440	0.570013	1.325354	3.995808	0.716948	-0.221116
-1.677643	2.281874	3.587979	0.434300	3.302952	-0.572599	3.667222	3.773921	1.054695	-0.084701
-0.222848	-0.168557	2.507826	-0.446706	2.932111	-0.514530	1.509538	-0.092842	0.868485	0.817941
-0.349804	-7.045236	-1.862750	-1.397070	-4.658290	-4.782088	-1.940513	-5.226604	-5.262603	-4.554604
-1.753622	-4.561389	-3.373163	-4.298209	-2.893860	-3.450681	-1.878847	-2.554085	-1.451391	-4.434252
-0.428213	2.232957	1.589672	2.663961	0.988093	0.475186	1.660722	-0.665906	1.006804	2.644383
2.974214	-1.415123	2.246539	1.523322	-0.838238	-1.480393	0.066779	-2.420084	-2.317334	-0.300414
2.902849	-0.757554	-0.415677	0.157856	-0.727961	-1.159222	1.015109	-0.287437	-0.894420	1.062744
-0.694413	3.238641	1.938510	-0.648755	-0.423583	0.139498	0.387597	-0.772379	-1.672267	2.470443
-2.441481	1.394041	0.730684	-3.954226	-1.450110	-1.164537	2.887428	-4.433423	-1.470283	1.579370
0.863441	-7.035175	-0.237070	-2.886276	-5.531148	-0.456125	2.386387	-4.315682	-3.315977	0.132413
0.929448	-4.476425	-1.909667	-0.423821	-3.544003	1.313735	0.329360	-2.026965	-3.479354	-0.509338
-3.241463	-0.684625	-3.503221	-1.517377	4.379921	2.260144	-1.120268	-1.616779	-3.453419	0.373203
-2.126594	-2.149692	-0.470047	1.384240	5.558120	-0.385194	-1.114911	-3.775732	-1.904871	2.092429
-1.803746	-1.974337	-3.181057	-1.228885	-4.714311	-0.941973	-3.245181	0.309174	-2.327910	0.587128
0.860581	0.917127	-1.295866	2.075735	-0.263672	0.049913	0.265907	1.500637	2.165868	-0.305807
-0.055511	0.622793	0.632714	3.546284	3.910233	2.167371	1.151742	0.027956	1.520569	0.209017
-1.937021	-9.036048	-3.108029	-1.321850	-2.939297	-0.954790	-2.042588	-3.838066	-5.206800	-3.584108
-0.412943	-0.130700	-2.510905	-4.715378	-5.080661	-3.858961	-3.531794	-3.213026	-4.747929	-5.202586
-0.001975	0.806835	-0.214726	-2.505413	-1.678260	-6.640129	-5.435187	-4.587216	-4.098706	-2.712524
2.627391	3.164356	1.563699	3.274135	5.404908	2.900417	-0.606776	1.592372	1.993184	1.543376
-0.988340	-0.332736	2.716261	2.452758	5.803244	2.725691	0.741029	1.820147	0.382458	-1.011189
-0.413158	-8.539936	-3.601848	-0.667953	-3.228347	0.889407	-3.135579	-2.895378	-2.450368	1.807679
-0.180456	-2.378839	-4.061734	-4.754805	-9.702262	-0.375720	-4.082507	1.760510	-0.446772	-3.083719
-1.190123	-0.221236	-0.496003	-2.864205	-1.060798	-0.769973	-3.085961	3.579728	1.369067	-0.919585
-2.428649	2.174684	4.370440	-0.445957	0.013853	1.004966	2.957953	3.417794	1.662173	2.176084
-1.823223	0.052032	3.237292	-0.536465	-1.275405	-0.201887	4.469532	2.729126	0.957371	0.434290
-0.026631	-5.235077	-2.992451	-2.759833	-2.391164	-1.815013	-1.279428	-1.882955	-4.803513	-2.466162
-0.579462	-1.354026	-5.273090	-0.498861	3.702384	-3.108792	-1.957929	-4.044127	-1.327650	-1.905569
-0.983001	-0.421097	-1.570524	0.715449	5.205447	-1.410104	0.552329	-2.003465	-1.276611	0.917375
-1.039535	1.024830	1.987946	0.518698	0.300533	-2.154829	-1.596954	-1.357644	-0.823665	-1.972622
-2.768049	-0.001223	2.990222	-1.651612	-10.830346	-2.614446	-2.538077	-1.893339	-0.910582	-3.559254
-0.489727	-4.029733	-3.893992	-1.648279	-1.560182	2.083765	-2.230737	-3.646521	-0.924328	1.083288
-2.308556	-0.997574	-3.881792	0.848102	0.041537	-1.067374	-2.297432	-1.948464	-0.077071	-2.249885
0.929482	1.177280	-1.160173	-3.190765	-2.577177	0.023659	-2.150255	1.248564	-0.241876	-5.088565
0.732402	-1.390044	-0.880730	-1.972674	-2.992513	-2.799816	-2.484503	-0.047810	0.192691	-1.540739
-1.238581	-3.020416	-0.425854	-2.666219	-0.356359	-0.821776	-0.027066	-2.396254	0.754865	-1.488796
-1.566049	-0.821907	-1.071837	-2.169491	0.448398	-0.796601	-0.324138	-1.693437	2.747780	0.057578
4.486111	2.188214	2.113829	3.346518	2.873671	3.911831	1.908690	0.376771	3.038872	2.678096
4.083917	1.646179	0.907255	3.115717	0.246072	0.866340	2.412929	2.300002	0.421576	2.646471
3.254183	0.827120	1.113353	0.973516	1.902816	1.723547	0.899990	2.156388	-0.390172	0.024820
2.700125	4.223369	4.207733	4.984728	7.580815	3.695573	4.363085	1.046059	4.236261	2.279458
-1.485342	2.753360	1.182809	1.661062	3.498883	1.379036	2.626927	3.278248	5.266110	2.007300
-2.567304	0.003825	-3.486806	-2.444369	-1.941167	0.100356	0.362829	2.194683	0.327011	-0.580936
1.295954	-3.820402	-3.854598	-1.629551	-1.969421	-0.255849	-4.255892	2.387397	-2.018506	-2.458635
1.180643	-2.216388	-2.282652	-1.970673	1.963433	-2.180061	-1.324322	-3.187083	-2.418705	-3.299877
2.591778	2.564600	0.326947	2.624780	6.711609	2.656637	1.676756	-0.747325	-0.436957	2.465653
-1.402630	-2.502106	-0.459286	-0.323879	-1.598980	1.051961	3.393160	-3.762304	-2.933929	1.791276
2.579230	-0.362473	-0.172334	2.298764	5.896977	0.344726	0.915707	-1.828190	0.680208	0.492508
-1.679130	-0.679771	0.543918	0.274225	3.188292	3.624047	1.573015	0.502241	2.546383	1.943168
-2.781302	2.357831	1.281589	2.225717	-0.313122	2.510137	-0.440396	0.570315	4.065023	1.209276
-1.914176	-4.031736	-1.559906	2.721354	-2.277254	0.802709	-0.909206	-0.089244	-2.291544	-0.437451
0.912956	1.746055	-3.199350	-4.406448	-1.621196	-1.291325	-1.241996	3.400985	-3.506995	0.629207
-1.599900	4.641833	1.066175	-3.133477	-2.652235	-0.702656	-3.434745	1.487025	-1.992405	1.858569
4.850663	4.581824	-0.440615	-0.885216	3.427535	1.206527	-2.994133	1.119695	0.129049	1.507254
4.362249	0.930953	3.137697	3.803847	3.384025	3.027933	1.217163	1.189712	3.875286	-0.468720
5.653763	2.054644	-0.332072	2.734826	0.560742	2.155268	-0.294138	3.062394	3.291825	0.206366
3.815808	2.840419	1.318295	4.563435	1.440192	1.892339	1.802686	0.569255	3.397886	1.443532
4.214386	1.377099	3.748413	2.621086	2.806182	1.882452	2.985957	3.486409	2.921683	1.048994
-1.387203	-3.187397	-0.752002	-2.169609	-4.766483	0.143411	-0.095703	2.238567	2.040131	-0.821727
-1.765057	1.441049	0.623967	-6.683138	-4.455799	-0.775681	0.955025	2.700539	0.089342	-1.555915
-0.970879	1.770152	0.148133	-2.237989	-2.091563	0.077479	-3.005836	2.958732	-1.226371	-1.432751
-0.778771	3.257127	1.130111	-2.344253	-1.437473	1.386392	-3.916065	2.704154	2.234499	-0.954018
-3.036434	-0.280315	1.364515	-3.859420	-3.544226	0.627658	-3.576342	-0.062390	0.939162	0.104401
-0.897074	-0.795863	-1.366942	-2.161880	-2.659624	-2.979722	-0.384047	-2.528999	-1.657776	-1.857976
-0.537396	0.722692	-2.313648	-1.736825	-0.576567	-2.594450	-0.772859	0.103729	-1.473812	-1.526434
-0.956304	2.666857	0.471510	1.912651	1.217444	-1.069829	-0.077558	3.799694	1.656759	0.318043
0.385893	1.659736	3.092441	4.609155	2.570505	0.699239	2.844673	-0.068206	3.031337	1.659373
4.596189	4.737033	5.603457	4.808192	5.239412	3.584850	4.167155	3.629224	3.978223	3.176869
1.258275	3.559349	3.592867	6.881267	2.911260	1.858999	3.363904	2.599381	3.264015	3.672647
-4.251859	-1.779116	-2.587521	-1.011316	-8.406857	0.676881	-1.260163	1.857156	-0.093490	-1.982579
-2.460122	-3.196465	-4.535400	-5.460155	-6.471047	-1.189210	-2.157028	-2.106058	-5.126397	-2.459595
-0.108324	-2.069701	-3.541063	-3.701149	-0.622917	-2.500781	-2.942276	-0.188472	-1.657010	-3.351488
-0.999578	0.278670	-0.421403	-0.111597	4.071122	-1.820038	-2.787493	-5.010495	-1.361937	0.961957
-1.058696	1.942341	0.933684	2.157100	2.374061	0.619710	0.629636	1.820259	2.135814	1.635050
3.849511	3.178103	0.743402	1.942741	2.326387	-1.398343	1.844424	4.046278	2.832033	0.596405
3.602529	3.727847	2.563553	3.777623	5.003188	2.579392	3.655583	2.315246	2.126611	2.899933
-0.615855	0.695160	1.174241	4.414841	0.644751	2.969808	2.894324	4.316747	2.395935	3.579544
-3.693756	-0.356771	-0.803335	-2.336008	-2.952440	1.354496	3.609957	0.782266	1.066793	0.181650
-0.077187	-0.621659	2.818227	-3.721331	0.446701	-1.622155	3.283392	-4.663316	-4.483528	-0.212439
-2.161563	1.169180	3.637426	1.426666	3.533358	0.454946	1.085736	-3.974516	0.369557	0.658085
2.310200	5.461329	2.741559	0.852375	3.086612	2.800389	2.244197	2.735545	4.813433	2.708433
2.487489	1.583370	1.696725	0.539586	-3.461853	1.596464	0.520780	4.670548	3.390884	2.786212
0.621288	-6.519715	-1.916379	0.621591	1.605443	-0.613739	-0.793210	-1.644627	-0.619405	-2.007969
-2.511419	-7.864046	-4.099459	-2.080522	-1.284019	-5.564731	-1.145969	-4.267001	-7.655253	-5.562903
0.172152	-3.467044	-3.878818	-3.518564	-2.860260	-4.737321	-3.443594	-3.841896	-2.082676	-3.417583
0.168288	2.465472	0.200138	4.662052	4.460500	0.385280	1.493214	-1.503832	1.375907	0.698497
-0.549228	1.719478	1.464202	1.502313	5.950140	-1.496339	0.926758	0.460666	0.504178	-1.005957
-1.907911	1.209552	0.781067	4.127406	1.469538	-1.272387	2.882735	-1.304221	0.557918	-0.800438
0.616923	3.136973	0.021125	-0.543285	-1.727029	-1.836975	-0.141657	-1.916617	-0.863593	0.219257
3.698361	3.418415	1.151669	0.082425	-0.701684	2.234988	-2.906821	3.718155	0.692628	-1.396168
1.036986	-0.611143	-0.799912	-1.073581	-2.480848	-0.287309	-0.847561	2.251474	-0.455641	-0.708507
-3.901215	-7.230426	-2.334925	-1.255218	1.226253	1.076224	0.820416	-2.929082	-5.684818	-0.166958
-2.327257	-0.986159	-1.259383	2.246195	6.112397	0.409679	-1.792695	-5.166637	0.012177	1.485583
-0.604354	-3.359664	0.807906	0.766241	-0.267940	-1.800954	-2.049505	-1.772811	-2.013576	2.435216
-1.242119	0.291335	-0.024469	0.265303	-0.564982	1.962315	1.000180	-1.291828	0.715503	3.473045
-1.105565	2.267012	-0.225320	1.908861	2.864848	3.563978	2.348348	-0.206207	3.206996	4.773470
-1.116605	0.245645	1.981441	3.837896	0.003725	0.094527	3.119787	-0.858671	0.191582	-0.076208
0.780948	0.192409	2.836203	1.176789	-0.767274	-0.986948	-1.450314	-0.401640	-0.552758	-2.863088
4.864983	4.017482	3.011155	3.971622	7.472329	1.518646	2.194331	2.672566	4.678656	2.112828
4.233389	2.583840	3.358583	3.160174	3.653809	0.685601	3.267607	0.878726	0.038307	-0.783358
-1.852445	-5.281039	2.815476	-3.079074	-13.304856	-1.642992	3.024498	-4.511079	-5.224224	-3.404250
-0.900729	-0.661277	-0.673978	-4.902642	0.434612	-2.336738	0.283989	-0.335468	-2.053857	0.359452
3.985427	2.265403	0.727207	2.774552	5.269691	0.557355	2.018960	0.642141	0.666491	2.911744
-1.699285	-4.545518	-2.317679	-0.789713	-4.408040	0.127279	-1.177405	-1.482369	0.870402	0.169625
-2.187274	-0.069063	-3.397450	-5.095556	-12.656501	1.514830	-3.248128	3.778182	1.391459	1.284791
-0.394347	0.894151	-0.924717	-4.652795	-0.610313	-0.366200	2.149373	3.239180	-1.160454	1.938437
-0.206710	4.091202	2.043907	-2.828850	1.557905	0.977283	1.944075	2.289508	0.156844	3.230860
0.297829	-0.226827	0.407512	1.392161	-0.080664	0.375875	1.058357	0.380151	-2.390261	0.851355
0.730566	0.457446	-3.491515	-4.928179	-2.914738	-4.217730	-0.865404	-1.804406	1.119415	-2.834984
-0.631704	1.936004	0.702917	1.547412	1.472568	0.717962	-0.447131	1.959322	2.133856	-0.030763
-2.550385	0.089831	0.393595	4.864018	1.867238	0.988747	2.017750	1.427822	3.105047	1.336112
-2.303681	2.048212	1.458310	2.560021	2.845558	0.828921	1.836316	1.273982	4.228376	0.635934
-1.442092	-3.037568	-0.033148	-1.045893	-4.391883	-1.146321	0.133140	-0.583311	2.176827	0.682795
-1.890321	-4.907422	-3.057689	-4.894939	-2.134998	0.474018	-1.462804	-2.148669	-2.008913	-1.144211
-0.460469	-1.716964	-2.824120	-1.380731	-0.268996	0.987534	-1.882941	-3.254902	0.053545	-1.280795
-0.781535	-1.379003	-1.117251	-2.408383	-1.012385	0.911522	2.484500	-2.213221	-2.050713	0.100236
-1.391619	-6.131653	-0.888789	-2.826505	-3.431573	0.699382	-0.108208	-3.178536	-4.640897	2.390172
0.009081	0.922479	-0.073540	-4.949811	-3.149464	0.626708	-1.731093	-0.202455	-2.772920	1.873203
-1.289232	-1.817317	-0.078312	-1.404709	-1.532662	1.871699	-1.904783	-1.604788	0.347809	1.243819
-1.564254	-4.081250	-3.787009	-4.007208	-2.511268	2.789053	-1.202908	-1.349642	0.975880	0.437209
-0.208983	0.510274	2.484864	1.953982	-0.279384	1.103267	0.065905	2.614974	1.916283	1.966363
-2.234511	1.326349	2.249902	-0.707243	-2.631607	-0.545361	-0.690776	2.649355	-0.216391	-0.350532
-3.085534	-2.674230	-2.417897	-3.751191	-3.306234	-2.234131	-4.540578	2.178694	-2.470049	-3.268088
3.855556	2.021432	-3.303736	1.117735	-2.242259	-1.492847	-1.518932	3.413085	-1.449701	1.837383
5.207965	0.487432	-0.416317	0.264833	0.061626	0.694792	-0.513166	1.109322	-0.283552	1.083469
-2.028897	-4.072032	-4.021239	0.564699	-0.650671	-3.117315	-0.886112	-3.066100	-1.518809	-0.664844
-2.388721	1.072838	0.327297	3.359435	3.130062	-0.796270	2.321002	-2.544985	-1.424080	0.104931
0.915602	3.656041	-0.486608	2.488441	2.423739	2.298629	1.453246	-0.828137	0.277632	4.303880
1.319685	0.922179	-0.013651	2.914120	-0.697524	1.577479	0.785691	-0.036360	0.769022	0.564488
-2.968462	0.149951	-2.575229	-0.746024	-3.809710	-0.803017	-1.637994	0.708042	1.876784	2.918143
-0.505725	0.704660	1.010062	-4.639285	-1.978599	1.960639	-1.358336	-2.090434	-0.607885	-0.008472
2.463008	0.025209	3.515527	-2.151855	-1.888569	-1.279750	-2.394665	-1.489589	-1.334288	-5.334471
2.308752	2.630601	1.016171	0.291973	2.194204	-3.179684	0.355990	-0.423627	0.747173	-0.738668
-2.050878	-4.577160	-0.632898	1.265310	-2.827852	-2.101262	-1.821399	-4.204350	-3.358306	-2.672180
-1.244467	-1.184969	-3.879272	-6.013232	-2.567611	-2.323581	-2.859459	0.255141	-2.344024	-3.081621
-0.580497	3.470580	1.696457	2.072160	0.295359	-3.225041	-0.244419	0.936344	1.020416	-1.706208
2.053647	0.604193	1.689099	2.609301	1.906791	-0.962838	0.738496	1.204358	2.607714	-2.319755
3.655584	3.247077	0.349865	1.322908	5.587720	1.771830	1.224758	4.538681	3.815871	1.328421
-0.550568	5.347240	1.699667	1.382599	1.905983	2.871466	-0.199359	1.763713	-1.297112	1.214405
-0.829089	-2.069011	-1.581783	-0.836006	0.547118	-0.268626	-0.616380	0.394052	0.656465	0.358782
3.442941	2.906733	3.241729	3.501213	4.469368	1.273056	0.457571	1.044900	-0.814196	-1.740666
-2.635458	-1.226818	1.644518	1.279180	1.671375	-1.174983	0.149669	-3.359846	-2.989092	-0.328453
-1.095465	-3.204155	1.723998	-3.764681	-3.515316	-3.379638	-2.218109	-4.856286	-2.959921	-4.611195
-2.069558	-2.816369	1.883686	-2.349345	-0.890356	-5.603404	-2.644986	-4.710118	-4.208179	-3.220407
-0.356615	-0.670648	0.866398	-2.640384	-1.639098	-0.822578	-3.672884	-1.542145	0.480839	0.384095
-1.496913	-0.934182	-0.604846	-1.708969	3.146210	1.866549	-1.125824	0.020835	3.844835	3.865996
5.335971	1.998040	0.245870	3.445330	2.888520	5.618180	0.224974	4.038922	4.265217	3.885980
3.582462	3.390230	2.626767	2.110844	-2.678612	6.033323	-0.491310	4.553816	3.932188	3.759235
1.906382	-0.062901	1.337765	-1.562994	-5.215431	1.058585	1.924006	3.485116	-3.440444	-1.493957
-3.334042	-8.825541	-5.744416	-3.720849	2.652921	-3.479527	-1.286897	-3.452176	-3.713874	-3.641707
-2.693386	0.556122	-0.790854	0.679114	5.810602	-2.182406	-3.059336	-2.322460	-0.262394	-2.465432
-0.982524	-2.826499	-2.989928	1.596632	5.441375	0.759658	-0.728226	-4.248137	-3.489897	-0.796643
-0.149231	-3.832093	-3.162614	-0.754057	-2.952199	-3.018527	-0.474683	-1.593705	-1.680675	-3.053454
3.701520	3.628254	1.941611	3.629387	2.039244	0.485348	1.902179	-1.563464	2.060782	0.765922
4.354754	2.983253	2.703069	6.000502	5.933367	1.635692	4.034347	3.546286	1.409281	2.307973
-1.870500	0.875717	1.437485	3.465531	3.819038	2.936917	1.226008	2.005545	0.790533	1.643886
-0.463117	2.853660	2.208984	3.691917	5.348823	3.582232	1.501250	1.423515	3.035847	2.623951
2.303731	-0.418408	1.568890	0.208602	-3.027310	2.070048	0.562264	1.858195	1.134933	1.240856
-2.785429	3.025327	3.388229	-1.765570	1.421508	0.122878	0.928039	2.733686	3.821004	2.289391
0.929831	1.889578	3.248826	2.545348	0.220546	2.049932	1.527366	1.755088	0.707569	1.025945
3.230138	0.661955	-0.594094	1.842000	1.715275	0.765425	0.062739	0.474101	1.113141	0.585010
4.365720	2.832072	2.739595	5.235234	6.058165	2.391468	1.850649	1.294426	3.716431	3.336677
0.306204	1.952040	3.000920	0.792396	-1.832211	1.197976	1.129091	1.669063	2.579753	1.165836
-4.098781	-1.094429	-2.183393	-0.004765	-3.264482	-1.579539	0.668160	-3.729487	-2.591482	-0.124918
0.928891	-3.179623	-4.506919	-1.618801	1.058324	-1.223362	-2.044549	-2.705626	-1.501359	-3.333995
-0.620951	-6.966231	-4.673131	-2.828062	-3.437920	-3.969477	-4.414638	-2.973952	-3.437965	-4.675800
-3.796079	-1.320242	-4.391602	-4.636299	-5.607640	-3.826470	-3.425111	-3.567465	-3.971287	-5.346639
-2.344066	-1.970246	-2.201108	-3.628162	-4.422265	-2.088225	-0.332469	-1.457166	-1.111309	-0.315918
-0.943885	1.461669	0.416978	-3.746102	-3.158422	-2.613427	2.005987	-0.951155	-2.284618	0.550759
2.321792	3.340912	0.594382	0.225434	-1.049838	0.905442	3.555257	4.729469	2.218501	2.458887
-2.850709	0.555394	1.516629	-0.050704	-1.725639	2.922498	3.146742	3.653905	2.226965	2.754062
