X1	X2	X3	X4	X5	X6	X7	X8	X9	X10
-1.251098	-4.491426	-3.662034	-3.518945	-2.368921	-3.798898	-0.989946	-4.256446	-3.759030	-2.418318
-1.194538	-3.764841	-3.754616	-2.073701	-1.983900	-1.885555	-1.705535	-2.250735	0.104834	1.134474
-0.227822	-2.271239	-1.605588	1.348888	-1.455502	1.643062	-0.594232	1.743571	-0.591586	-1.536992
0.012743	2.634365	-1.429082	-0.781515	1.617133	-4.328968	0.788166	-1.547943	-3.363110	-2.725429
-1.980551	1.497354	0.418669	-2.434145	-0.470735	-4.314367	0.010759	-4.946591	-5.554657	-3.502352
0.202291	-1.362490	-3.159870	-3.164538	-2.793646	-3.995258	-0.888349	-3.547889	-3.665848	-4.122375
-1.065938	-0.827886	-0.411833	-1.437230	-2.060339	-1.027963	0.201542	2.420948	1.336696	-2.784615
3.474258	3.618247	-0.198257	2.060146	-1.511651	5.059194	-1.329066	5.038005	5.290155	3.508314
5.257474	2.461090	2.358424	4.338854	0.694180	6.019990	0.361827	5.454468	4.607507	2.692295
4.346908	1.007120	-0.588930	2.081560	0.747016	3.434301	2.124922	4.751419	1.568030	2.928210
-1.735344	-3.617884	-2.138955	-1.320671	-2.022278	-4.503399	-0.484982	-4.688756	-3.776598	0.196243
-1.771784	-2.434543	-1.222689	-3.664771	-1.471137	-5.310633	-3.263586	0.969026	-1.704200	-4.895624
-1.259913	1.892318	1.458827	4.469127	0.877004	1.002373	2.932511	0.851450	4.041504	-2.010509
0.409369	-0.507925	-1.200844	2.506790	5.227914	1.424392	1.478606	0.078000	1.694989	2.294569
-0.656639	-3.477796	-0.535943	-1.749314	1.922959	-4.454999	-2.479003	-4.103142	-4.071268	-2.882708
-0.668037	-2.272420	1.550489	-5.160615	-0.072991	-3.939028	-2.050916	-3.998192	-6.455788	-2.649859
0.729979	1.160377	1.715213	-1.925845	-1.354866	1.819380	-0.843438	0.243135	1.030003	-0.298904
5.639108	4.485669	6.028387	6.083267	2.612805	4.527998	3.210030	5.943521	6.762684	3.022438
0.670954	3.438128	5.165770	2.423293	1.675896	2.122899	1.213783	3.517450	3.131031	3.810046
-3.053680	-1.838974	-0.574080	-4.554496	-3.269319	-4.063442	-3.108281	-4.849194	-3.851281	0.448902
1.184109	-5.938463	-6.054004	-3.982927	-2.911466	-5.628853	-2.484466	-3.914830	-7.045574	-6.087616
1.790827	-1.107068	-0.233443	3.408174	1.839133	2.623041	-1.161577	1.762927	1.902928	2.180172
-3.028723	0.865481	1.365860	3.705582	3.856656	2.087212	2.410382	-2.086939	0.471901	3.509847
-1.030935	1.616557	2.382364	4.422272	1.778381	2.217134	2.299206	-1.052247	1.786723	0.689686
1.149998	2.404629	2.629627	5.350220	2.731891	4.176280	2.770989	2.608788	4.486068	0.598070
-2.674919	0.773969	-0.147992	3.742105	3.885267	4.152424	1.834027	1.928849	4.036315	3.692077
-2.375379	0.899946	-1.535634	3.199606	5.458493	4.814340	-0.365086	-1.145080	1.002040	4.360688
-1.897874	-2.615568	-2.443240	-4.033899	-0.771046	-0.382199	-2.128357	-3.729916	-4.313381	0.509580
1.944703	-3.021905	-0.551552	-0.617927	1.572937	0.791281	-1.645292	-4.266975	-3.330471	1.481433
-2.301539	2.266607	3.841492	3.616402	4.437529	4.611355	1.864804	4.063226	2.447848	4.702927
0.086508	4.422937	0.305051	0.411872	3.644621	4.786697	0.438823	3.909773	5.489753	3.286840
-0.995547	2.687656	0.895385	-1.973033	0.167101	1.431482	-1.171041	4.220448	4.130422	0.713952
1.319606	1.950335	3.784556	-3.722827	-3.059737	-1.207516	-1.966596	4.011037	2.494831	-3.226359
-0.472126	-0.053256	-0.391875	-1.317324	-2.402700	-5.782821	-1.989048	-3.095076	-5.212241	-4.622412
-0.071630	-1.772047	0.256256	-2.327237	-4.166594	-6.892158	1.297896	-7.775907	-8.625116	-3.118129
-0.394198	1.385835	3.214911	-0.983577	-2.341223	-1.478852	1.915027	0.034731	3.257584	-3.081630
-0.826519	1.792461	0.408055	-1.965755	-1.442389	2.154474	-4.194361	2.847122	2.885138	0.363765
-2.175683	2.294303	0.774551	0.896621	0.095004	2.226495	-2.432976	3.095851	3.515925	-0.037365
0.710722	-0.023667	0.471965	0.292442	-2.461043	2.024690	0.884274	6.367806	4.888423	1.111160
3.958905	1.699624	1.795864	-0.248699	-0.181331	2.660033	1.774281	4.373571	3.282313	1.990421
-1.538722	2.788249	0.583315	0.089492	-0.832758	2.436002	0.934338	0.509433	2.335874	0.791096
-2.390549	1.963083	0.003385	0.427709	0.770678	2.878276	4.072836	-0.955820	-1.209415	2.965167
-0.447163	-0.007699	0.139945	0.887949	0.606279	-0.360969	3.007868	-2.654002	-2.658173	3.071314
0.008146	0.433176	0.952564	4.739208	0.999150	1.009346	2.183826	0.253274	2.219080	0.393217
0.937589	3.062385	3.584613	5.985982	0.195395	2.557000	3.761401	3.668896	5.711726	0.415457
-0.127023	3.868105	6.699265	3.545372	0.608019	0.647870	3.199686	4.304553	3.494045	1.668714
0.318722	2.491913	2.007391	-3.748626	-1.898872	-1.084964	1.434172	1.351832	-1.260482	0.505369
-0.929366	-0.043914	-3.837132	-2.571509	-2.309073	-4.695623	0.666952	-5.740977	-6.845773	-0.059396
-3.574475	-1.879995	-0.247032	-3.201980	-0.716976	0.586472	3.072317	-2.046286	-2.492946	2.961399
0.929205	1.469847	2.883770	-0.897335	-1.978075	0.246002	4.372759	-0.012305	0.798681	1.738736
5.421085	1.956793	4.431650	1.358725	-1.052763	2.373646	1.925170	4.322154	2.577090	3.673195
-0.928524	-0.494375	0.966087	-2.240596	-3.749632	1.947585	1.235941	-0.920917	-0.604036	0.831158
-0.959912	-2.589176	-3.854241	-2.961596	-2.466674	-1.786001	-0.904935	-2.195128	1.155086	-0.643593
-1.282469	-6.450228	-4.795453	-4.966072	-1.278483	0.064668	-2.323167	-5.322090	-7.566761	-3.329177
5.039815	-2.370346	-1.754167	0.765578	-0.371651	0.851973	-3.063463	-0.002510	-3.698095	-1.929112
0.007250	2.670654	-1.001102	-0.037940	0.066630	-1.258804	-3.475331	0.748101	-0.524830	-1.055817
-2.669655	3.367857	-0.191973	-4.801025	-2.820434	-4.005283	-1.061180	2.336536	-1.270885	-1.305510
-1.884490	-0.582152	-0.907497	-3.768371	-2.394335	-3.676383	-3.036919	-2.214614	-0.188373	-4.591709
-0.643147	-2.401186	2.301611	2.620124	0.961233	0.878679	-0.272355	-1.215857	2.204987	-1.423333
-2.060017	-3.064157	-2.878462	0.270866	0.560976	-0.513918	-1.544997	-4.164601	-5.219018	1.515000
-0.775293	-2.413577	-4.654430	-1.395842	0.360801	2.123209	-1.380855	-0.631653	1.283995	-0.231927
0.561435	-2.857257	-4.545705	-1.517796	-0.088389	1.622140	-2.329236	-0.427321	3.562512	0.797666
3.393273	-0.099407	-1.490898	1.231708	0.706613	2.730759	-1.402949	0.354788	1.164018	3.086162
7.102328	2.171863	1.310979	4.202373	3.671110	3.621646	0.744596	3.548068	3.868796	4.768742
3.988907	1.222644	0.650417	3.576904	5.138506	3.823982	3.501790	4.397610	5.380034	4.043288
-2.563983	-3.034672	-1.594793	-4.117798	-2.428698	-3.449050	-1.427975	0.174610	0.434617	-2.222818
-0.421737	-4.883093	-5.904361	-3.864229	-2.493798	-7.477270	-1.572510	-4.716040	-7.887669	-6.658795
-1.535349	-5.609625	-2.037196	-0.396587	-1.349193	-2.286994	-0.797823	-2.740846	-4.985139	-1.086361
-1.626014	-3.940175	-2.053903	-0.307770	-0.673685	-0.958443	-2.072624	-2.374213	-1.627206	-2.846234
-0.892128	-0.910348	0.236109	-2.062576	1.681929	-0.037634	-0.377924	1.385152	3.206416	-4.157933
-1.905187	0.006449	0.127833	-0.481305	1.144645	-2.257686	-1.331831	-0.167257	2.520415	-1.166376
-2.819086	0.404114	-0.117637	2.357545	4.465862	1.512583	0.594642	-2.752046	-0.494623	0.788518
-1.215222	-1.943960	-0.397707	1.170973	4.362776	0.229855	-1.111412	-1.285818	-1.405010	1.559530
-0.684293	-1.320674	-1.370783	-3.603622	0.133084	-0.239190	1.998694	-3.230181	-2.305459	2.828543
-2.536196	1.717066	1.558231	-1.253441	1.900581	-1.801670	2.989450	1.556360	-0.015482	2.274338
3.398670	1.939459	0.723028	2.263515	2.147461	-0.338703	-1.800956	1.096301	1.899409	-0.307305
2.625608	2.830703	1.094803	3.753143	3.477917	4.930592	-0.102833	3.056237	4.051404	1.276697
-1.437381	2.505194	2.676852	4.181140	3.715842	3.199197	2.295506	2.152262	3.858390	3.994325
-2.509698	3.361231	-1.449931	3.897002	1.911927	1.568894	0.361550	3.706572	2.478558	0.635760
-1.298041	0.711913	0.937051	5.381525	0.171063	3.695363	4.181787	5.157663	3.993997	4.174185
3.721889	2.867138	3.424191	3.058004	3.293340	4.614988	2.154304	2.373730	5.766197	3.299480
4.334591	0.829106	0.478586	0.556533	3.001048	2.067050	0.457691	-0.472932	-0.961250	-0.819273
-0.278135	0.241716	3.216930	-2.599293	-0.200925	-1.964069	2.319735	-3.503225	-6.772455	-0.796891
2.775909	0.873468	3.544320	-0.467182	-2.014592	0.685914	2.875923	-0.992555	-2.506923	-0.642392
-0.297778	-0.681539	0.467449	-1.375741	-3.069464	-2.704419	-4.132457	-1.694524	-1.203565	-4.206095
-2.589900	-1.060504	-1.924587	-2.492977	-2.252956	-5.546086	-0.047018	-1.540236	-4.130085	-1.732316
2.684743	-2.812828	-0.559194	-0.621298	-2.499681	2.034998	-1.823672	0.368106	-0.335292	2.082326
4.947447	2.210091	0.249224	4.688885	1.871046	3.752116	1.900467	3.401999	3.258211	3.115115
4.473909	1.252253	1.429561	1.076765	0.600410	3.055951	4.379387	2.438641	3.677617	2.735535
2.678926	1.661658	1.774711	1.929132	3.969898	1.485388	3.747975	2.357529	1.008223	1.210269
-3.109505	0.428608	-1.465831	2.345076	4.057092	-0.316389	-1.597781	-3.775739	-1.641476	-0.828899
-1.925390	1.678203	0.159829	6.741886	4.488779	1.038807	2.212205	1.562937	2.672420	0.766816
0.146369	1.143346	2.789185	2.742854	1.472942	1.172061	0.821222	2.293754	1.922207	1.070499
0.445567	-2.279964	-1.965170	-1.905533	-1.832335	1.106060	-1.994944	-3.020887	-5.222215	-1.466565
-1.383501	-0.650923	-1.273942	-3.612684	-2.729866	-4.090409	-2.343904	-2.796088	-0.549146	-2.640289
-2.872939	-0.605430	1.663464	2.449091	0.934932	0.232342	0.520529	-1.335747	1.264516	-0.548486
-1.702951	0.955617	4.151039	0.641580	-1.366054	1.706601	0.642544	-1.234264	1.554671	1.424830
3.765057	1.348820	3.864479	3.578673	1.484959	1.527659	2.489130	2.125863	1.401923	2.504949
5.147380	2.317381	1.097076	5.386461	1.997457	2.074007	2.308075	1.631035	4.836575	2.395758
-1.178087	2.076104	-1.051477	-1.784367	-0.546973	1.427234	-1.460832	3.510354	1.605334	0.765848
-3.843348	0.958690	-1.866686	-6.617420	-1.872745	0.513835	-3.749499	4.107525	-2.888297	-2.630790
-0.089508	-0.742557	0.354342	-1.676407	-1.878372	-2.658398	2.051263	-0.317850	-3.398608	1.723734
-0.302774	-0.802734	2.787200	-2.125337	-2.032766	-1.665771	2.372444	-6.264766	-4.002094	-1.183186
-3.041849	-1.783936	-0.761217	-3.794318	-3.938739	-6.427486	-3.734062	-2.056719	-3.613844	-3.897259
-0.182239	-1.865962	-2.585816	-3.062158	-2.317799	-2.874449	-3.797564	3.259899	-1.066149	-2.941588
-0.448249	0.927595	-0.311904	-4.885163	-3.502158	-2.671261	-2.230670	3.203093	1.131903	-1.665279
-0.947683	0.064639	0.478515	-1.528039	-0.102524	-3.993023	-3.451184	2.884369	-0.127377	-5.098636
-0.734947	-0.858527	-2.315967	2.190608	-2.388603	-0.891634	1.499887	0.349537	0.610224	-1.961361
0.027356	-1.773396	-3.797753	-0.860825	-2.670004	-1.113394	0.479340	-5.651995	-3.720380	-1.137456
0.651521	-6.216563	-3.335849	-3.682544	-2.917230	0.129801	-2.565030	-3.062219	-6.695874	-0.985420
-0.198857	-0.367722	-3.143459	-2.334349	-3.224286	-1.799847	-2.488825	1.044276	-1.056043	1.023946
-1.061281	0.930833	-0.575687	-3.818442	-3.781674	-3.126230	-2.690547	0.459101	0.225230	-1.957654
-1.097656	0.899510	-0.215638	0.323575	-0.759597	-3.858044	-1.418796	-4.938233	-2.718337	-4.689019
3.416615	3.493714	3.113988	2.661705	-0.654054	1.749620	-1.455772	1.514686	0.542972	-0.837543
1.469629	1.580754	1.841786	-0.220452	1.216156	2.325670	-0.490873	2.090171	2.338877	2.234379
-5.245718	-2.528762	-1.369145	-3.722593	0.248134	-3.545584	-1.801397	-4.469765	-5.158504	-3.309746
-2.041228	-1.342326	-2.445606	1.111888	-1.044314	-0.925230	1.212560	0.635291	2.252450	-1.449610
1.283394	3.305571	2.511504	0.729394	0.585714	0.533544	2.411402	2.022256	5.052958	0.538694
-0.345652	0.585937	1.539983	-4.565568	-0.796573	-3.417048	4.516837	-4.616357	-2.059958	-0.794721
-2.147270	-1.844716	-0.079467	-1.913790	0.583831	0.417607	5.658370	-5.731033	-8.177379	2.377454
4.874639	-0.215279	1.945857	3.963437	4.243436	2.026726	2.370510	0.447546	1.772018	2.375332
5.572272	1.020658	1.983257	5.723221	2.662551	3.728425	1.877567	3.103195	2.954152	1.688127
-1.029671	2.010606	-0.276664	2.719976	2.258387	1.034621	0.534950	0.292630	3.366046	2.329853
-3.372892	-2.859723	-3.767302	-3.944789	0.422558	-0.016967	-2.220328	-2.333031	1.378820	-0.044676
-0.571993	-4.006718	-2.920050	-4.930259	-0.716623	-1.609221	-3.300555	-2.978772	-5.265305	0.516958
-1.097274	-0.029367	1.123496	2.061180	-1.513143	-1.635921	-0.683018	-1.300276	-1.824707	0.582872
1.933664	0.724942	-0.370956	2.759942	3.395416	2.312153	0.661497	0.645975	3.854833	-1.434717
-1.096680	1.177322	0.980302	3.356943	2.885169	1.083923	0.930607	1.030997	1.788835	-0.341291
-1.542705	-2.571115	-3.763122	-0.613199	0.173933	-3.461291	-0.145872	-3.338392	-3.379981	-1.296328
-1.436013	-4.905256	-3.542319	-4.512468	-1.911873	-2.764866	-2.068824	-1.730176	-1.425196	-3.431911
3.950398	-2.294487	-2.093678	-0.167545	0.248769	1.272318	-1.976631	2.541562	2.350608	-0.610118
3.580827	3.132304	2.583412	1.789189	-0.033920	1.692084	0.577725	5.332237	5.886447	0.979171
-0.318026	-0.582168	-0.816939	-1.970447	-2.312722	2.340254	-3.992936	1.000766	2.411438	1.812479
-2.568461	-1.255092	-4.969917	-3.312133	-2.805817	2.180551	-4.159795	-2.085738	0.314197	2.739226
0.527224	2.003147	-0.586709	2.594250	-1.180482	2.791796	-0.842632	0.427742	3.986638	3.775235
-1.705071	-1.394138	-2.918003	-0.886676	0.407901	-0.459489	-2.140027	-1.391182	2.337873	-0.505873
-0.900947	-0.946334	-1.740582	-4.573791	-0.873045	-0.285383	-3.123860	1.801104	3.105315	-2.666176
2.466399	0.154971	-0.050134	0.038826	-1.491699	1.735337	-1.805210	2.919511	0.309674	0.671249
0.943365	2.409792	0.663658	2.648095	0.467358	1.818690	0.875344	0.864051	3.203860	1.370823
-2.546747	-1.639261	-3.269690	-0.808864	-3.272652	-3.092803	-0.125179	-2.908867	-1.436020	-0.526932
-0.955236	0.675126	0.801036	-2.692829	0.290292	-1.471124	-0.029158	1.805268	-2.260060	-0.854994
-1.245502	2.550764	4.810054	6.282318	2.769809	2.053548	2.069627	2.667563	1.981046	1.213757
-0.157046	0.467065	1.505880	-1.782601	-0.180480	0.452829	-0.697005	2.852424	-0.030400	0.210141
-0.395866	-1.168160	-2.977868	-5.492369	-3.188058	-4.181163	-5.122534	2.596958	-1.999296	-3.219421
-2.341762	-0.938102	-1.436275	-4.547866	-3.980604	-3.502612	-1.897743	2.363367	-1.157442	-4.521810
-0.875235	-4.251549	-2.503723	-2.673375	-1.449602	-3.776704	-1.190613	-5.052044	-3.678240	-3.746309
-0.486584	1.811508	0.562405	1.484721	1.077765	-0.254824	0.285971	-2.053775	-0.674793	-2.333598
-1.496310	3.509776	3.601526	5.313139	4.209414	2.882640	5.984627	3.146775	5.904194	2.878238
5.440386	3.600764	2.687356	4.430195	3.373059	0.564300	4.639968	1.345504	2.868914	2.460815
5.347905	3.446179	0.960111	1.311201	-0.025185	3.461666	2.175708	4.279308	0.925759	1.670747
4.098345	3.927728	1.487409	3.646172	2.966394	3.172947	-0.763440	5.025584	6.086218	1.928849
0.530506	4.042717	2.909964	0.749120	2.983009	4.406551	-0.576165	5.200525	4.825581	1.164532
-4.448315	3.807249	4.635792	5.788956	5.137469	0.872583	1.546343	5.289923	4.635534	0.868807
-0.597019	3.629229	4.561108	4.107589	2.708285	3.007449	3.593791	-0.294129	3.985061	1.963984
-0.419707	-1.280640	0.261027	-0.584371	-0.361537	0.583251	4.802787	-4.384743	-5.490553	-0.038828
5.266818	-0.953656	-0.251538	1.601881	0.872612	-1.125907	1.848035	2.249369	-2.655425	-0.422124
5.182954	0.333882	0.860625	2.540352	-0.422365	2.357973	1.740940	3.687594	3.116024	0.834403
0.337598	1.744275	0.907830	1.744646	1.019837	1.777493	1.522603	1.156517	1.694974	-0.270544
-4.010753	0.086320	0.983788	0.006966	0.971020	-0.724352	-0.415977	2.055821	0.479304	-0.395562
-2.579702	-4.159882	-3.862790	-1.335786	-1.280915	0.376535	-0.586700	-3.697210	-4.605909	-1.848250
-1.868453	-0.060635	1.485505	2.361588	2.644831	2.678150	1.721530	-3.431896	-2.878090	0.557490
-0.951209	1.304757	-0.822117	2.711089	3.974157	1.696586	1.382207	1.484444	1.760235	2.879355
-0.847174	1.260189	0.204251	-1.560588	1.158958	0.603134	0.235324	1.929389	3.443242	2.235844
-1.805054	1.430356	0.208517	-1.636746	0.554831	0.175986	3.845073	2.600015	0.418802	1.138848
0.718948	-2.556149	-0.408013	0.825808	-1.187032	0.995532	4.655042	-3.281300	-1.484611	2.761962
-1.618874	2.761566	2.157466	4.150068	0.047261	3.849659	-0.209581	2.486521	3.521472	3.580076
-0.552424	2.269893	2.894858	0.414924	-0.221998	-0.022245	2.908891	2.936651	3.970124	1.940881
-0.706009	2.085823	3.823665	0.347766	3.130080	-0.451894	3.582740	-3.370834	-1.880487	1.231663
-1.281334	2.152143	1.833890	1.535883	3.958582	1.281296	-1.718850	-3.993962	-5.513689	2.281211
0.146095	-1.549355	-2.427366	-1.089037	1.389896	1.642411	-2.138999	-0.849658	-1.086414	-0.590992
0.175972	-5.427786	-3.088005	-1.032510	-0.676792	-1.767067	-1.126127	-2.465050	-0.923092	-1.020061
0.687490	-4.251262	-2.035226	-1.744149	-2.295700	-0.568056	0.550443	-0.267066	-2.934454	1.070686
-0.990858	-0.900996	-1.836234	0.203727	-2.287744	0.308626	1.688188	0.255267	0.410169	2.095130
-0.621277	-1.082404	-0.939630	0.723403	1.731559	2.155559	0.175584	-0.345780	2.183545	3.564151
2.595725	0.096799	-1.074020	-0.859942	0.946389	1.128524	3.128705	0.342465	-1.341556	4.405428
6.002540	2.105197	0.085990	1.593675	1.749226	5.137999	1.526923	4.385473	1.875036	4.089337
-1.618937	-0.261426	-0.612806	-2.494869	-0.387751	2.965163	-3.001890	3.309619	2.445390	3.091555
-1.543215	-2.175689	-2.549115	-1.331394	-1.683864	-4.630404	-3.810862	-3.610928	0.299376	-1.767142
0.290998	1.055891	1.640453	2.385277	1.216365	-1.647026	0.453178	-0.696293	-1.664136	-1.850079
2.717997	2.653896	-0.032310	3.955321	-1.066389	2.072376	0.108698	2.168095	1.544026	-0.432184
2.777372	1.763306	1.067384	3.134116	0.478952	2.529579	-0.519830	2.276312	3.527233	-1.607483
-2.898983	-3.201297	-1.048975	-1.147464	-1.426838	-4.313540	2.096661	-3.287870	-2.532342	-1.115704
-0.631276	-1.607035	-0.397399	-5.212043	-1.777785	-6.342904	0.025540	-4.676175	-6.706426	-1.550574
0.530086	0.780874	-1.187202	-2.552746	-2.533413	-5.314735	-0.791624	-4.363428	-4.511447	-2.754723
-1.630105	0.618808	1.561004	-0.924698	-2.678448	-3.987958	1.721838	-2.260352	-3.834128	-1.803680
-0.678155	2.942846	3.817603	-0.140227	4.269982	0.342606	4.137995	-0.021170	-1.238294	-0.521873
-0.946073	1.420968	3.104182	2.108444	1.542052	1.043234	4.162816	3.562297	1.453131	0.275968
4.295935	2.536053	3.184424	-0.274213	0.819934	1.133902	-2.593630	3.724727	1.645524	0.121513
0.638563	0.324178	1.306214	1.457876	1.070903	0.450789	-1.964472	0.230502	1.328364	-0.403667
-4.567498	-1.681677	-0.940664	2.439086	0.353331	0.824773	2.674461	2.503902	4.648232	0.561899
-1.949951	-2.770434	-1.432828	-1.950311	-2.453509	1.515730	-3.156060	-1.811489	-1.245194	-0.965318
0.166695	-1.974915	-3.611394	-5.722139	-3.139742	-0.549459	-4.818662	-1.235588	-5.848630	-3.129348
-1.806365	0.344259	1.729720	-2.032025	-5.385596	-6.673917	-3.336172	-4.277309	-5.951995	-5.397217
-0.257037	2.434167	4.458997	-1.758593	-2.366396	-6.849963	-0.882115	-2.633266	-2.038103	-5.163356
-0.767325	-0.170113	-0.379981	-1.079770	1.942332	-2.848619	-1.674716	-2.900172	-0.424371	-0.986189
-2.368535	1.524899	2.594768	-0.283480	-0.300037	0.598297	-2.022896	-1.149937	-2.003311	2.196155
0.324929	2.657680	2.679926	0.179354	1.650571	1.919065	-0.861577	0.594629	0.098363	2.015551
2.396663	1.254411	3.369575	-2.141792	-1.831367	1.063266	-1.980680	-0.489283	0.047941	0.429674
2.293962	0.724270	-1.015902	2.441558	1.733425	2.419483	-0.812023	0.265620	3.159912	2.321299
3.522924	-0.461962	-0.607823	3.310082	1.595223	2.756997	0.379078	3.525632	4.750066	3.032204
4.062646	1.374395	-0.200306	1.066460	0.504306	1.307293	0.512507	-0.709651	5.217996	0.624266
-2.106575	-1.921778	-2.615067	-1.805131	-0.797748	-1.237547	-2.755649	-2.795433	-3.059905	-2.147636
-1.379141	-4.245701	-1.979124	-0.688509	-0.999660	-4.062737	-4.170302	-5.270117	-9.529443	-3.687722
0.492946	-4.701793	-3.710494	1.122005	0.682651	0.358808	-0.743861	-1.975503	1.953076	-0.395811
-1.114314	-1.663871	-3.616191	-0.534906	-1.292735	-2.997128	-2.802836	-4.001992	-2.246949	-3.979020
-1.501822	-2.839054	-0.539132	-1.712659	-0.062336	-1.969456	-2.179632	-4.827383	-5.470624	-3.392466
-0.680877	1.923742	1.664467	2.446429	4.303031	4.963109	-0.877854	1.141227	1.764252	3.646636
-1.659780	3.875499	3.093193	5.644143	3.419451	4.546655	2.442896	5.839739	5.503977	1.537073
-0.920930	3.826702	2.235831	2.666669	0.890808	1.730672	0.983415	3.235159	6.394851	2.701132
-1.738824	1.844635	2.075968	1.479794	1.196988	2.513749	0.818606	-2.916109	0.139476	0.296602
-1.411161	-4.705117	-3.054909	-3.773294	-2.094421	-3.159425	-1.635630	-6.434561	-9.013047	-5.693227
-0.316939	-2.823569	-1.134612	-3.739905	-1.863131	-0.905759	0.587411	-1.331789	-1.927115	-1.918962
-0.531354	-0.493234	0.166148	-0.167849	-1.154453	1.964738	-1.563364	1.892513	3.285376	-0.494610
-0.648903	-0.593526	-2.889741	-1.906834	-2.432195	-0.268640	-2.548049	2.830153	0.378431	-0.981576
3.272419	1.594644	0.619813	0.427233	0.213435	3.008398	1.231965	5.947639	7.344854	2.286334
-0.756685	2.379463	0.632599	-0.658354	0.679329	3.949646	-1.466811	4.412178	6.068151	1.691220
0.167590	1.985120	-0.069690	-1.823699	-0.663718	1.307100	-1.745266	0.646980	-6.133571	1.049979
-1.980650	-0.689195	-2.483861	-1.367705	-0.972511	2.590553	-0.004786	0.582953	0.968495	3.178113
-2.718999	-3.177493	-2.818323	-0.867374	-1.707351	-1.233399	3.078742	-0.687292	0.246258	2.790622
-0.943151	2.428319	1.713121	1.453893	-0.441742	0.095242	-1.678267	4.097653	2.353825	-0.044590
-2.649999	0.130832	-1.496236	-2.891502	-1.043783	-2.495127	-2.946395	-0.310801	-1.061595	-4.087419
-0.187837	-0.173062	-1.887498	-1.119058	-1.172275	-5.105809	-2.147425	-4.614746	-6.820892	-4.281560
-0.497658	2.463730	2.495133	0.655629	0.862786	1.228897	-2.843840	-2.576571	-1.853455	-0.009707
0.027347	-0.634097	-2.248147	-1.193736	-2.253199	1.215388	-2.249519	-1.971267	-1.423275	-0.557250
-0.314015	-6.967549	-5.664438	-2.266447	-0.628024	-4.000634	-2.046544	-3.371825	-4.445840	-2.272481
-1.038035	-4.921231	-4.396743	-2.313997	-3.991884	-5.165868	-2.446094	-3.942936	-3.517440	-6.946290
-2.246506	-5.209746	-3.500561	-2.663376	-2.056173	-5.137712	-4.151848	-1.404889	-4.488862	-5.195265
2.335782	-3.949197	-3.376191	-1.240676	-1.483582	-1.984664	-0.497985	-0.251278	-1.965794	-2.202095
2.456138	-0.073787	3.033668	1.330916	-0.750603	0.913280	1.443917	0.047008	1.200576	0.445034
4.436270	-1.591418	1.344018	-1.120088	0.033875	0.382025	3.372680	1.115975	0.883161	0.567835
4.126088	-1.762089	-1.992638	0.951226	-1.768238	0.211774	0.478425	-0.241469	0.484673	0.651025
-1.599199	-3.159201	0.412504	1.158572	-0.598829	-2.716666	-2.372825	-0.373517	0.001626	-5.070182
-3.342782	-1.370952	-2.005452	-1.100333	0.330915	-0.444989	2.687552	1.543239	1.565134	-0.936669
-1.108152	0.894057	2.004199	-0.791572	-0.166092	1.172412	4.171477	3.948604	4.258910	1.631382
4.223202	4.060330	2.996063	1.564374	-0.948135	1.841645	1.197874	4.295783	-0.410133	1.449387
-0.908411	3.709571	0.870645	-2.577177	-0.988899	-0.555881	2.992762	0.583182	-1.806380	0.879466
-1.676582	-0.319418	0.534953	-4.098204	-0.434466	-2.897256	1.695765	-0.355395	-2.338717	-1.800663
-0.923602	-0.827532	1.355494	-1.937486	-4.266820	-3.284872	3.510202	-6.794544	-5.010030	-1.181680
0.624540	1.287234	1.132976	0.795200	-1.217043	-0.505417	1.010994	1.446739	4.454395	2.318834
-0.821349	4.091988	3.013406	4.137176	1.956885	1.971919	2.221261	4.892655	4.300872	3.243098
0.690042	3.889835	4.358494	4.950266	5.244681	4.098750	4.681623	5.246009	4.422316	5.111134
-2.023779	5.044382	1.885449	2.630696	2.975467	0.861887	1.869199	3.337500	3.560340	1.481862
-3.360902	0.175639	-1.045920	-6.710010	-3.259239	-3.051456	2.659208	-2.854070	-2.300440	-0.945298
-0.278519	-4.266686	-1.495603	-1.604726	-1.505015	-4.712367	1.808167	-6.164500	-8.096811	-0.954225
0.272278	-1.502483	0.209711	1.771674	4.664459	0.096670	3.680193	-0.985391	-0.246158	3.339201
0.906899	-1.576942	1.340932	-2.634882	1.394104	-0.696931	0.763904	-2.016443	-2.042868	1.867802
-1.076050	-1.410951	-3.540229	-2.705967	-0.647958	-2.787755	-2.326685	-0.668757	-1.848026	-1.097603
1.899741	1.101000	-0.169361	-1.813454	-0.294107	3.818913	-0.992159	6.781965	5.313181	1.570006
2.297580	3.039124	4.137847	3.307985	0.972678	3.108890	-0.500802	3.777722	5.437967	2.839851
4.944172	3.939034	3.348307	2.136980	0.514820	2.763192	0.218398	2.657610	0.350345	1.107851
1.135327	-1.197855	-3.064671	-3.000343	-0.902061	-0.352666	-3.900745	-1.877372	-3.363772	-1.719076
0.493450	-6.416631	-2.345373	-1.292755	-1.480344	-3.656165	-0.695618	-4.824427	-2.944969	-3.975808
3.533850	-1.318979	0.319612	1.870373	-1.939308	1.165710	0.194190	1.745640	1.222664	0.564771
3.211931	0.110718	0.643595	0.479369	-0.328633	3.940578	-0.721009	3.803227	4.463142	1.548581
-1.626898	2.952574	1.431389	3.612660	0.688001	2.884354	1.597494	4.260929	5.921675	0.135539
-3.714032	0.112907	-0.679994	1.462775	0.304814	1.373158	0.238010	-3.214158	0.605977	2.957263
-2.079766	-1.797667	-0.161243	-0.778559	-1.070074	-4.179796	-1.636952	-4.548937	-3.573542	-0.712332
3.622908	-1.493331	-0.008145	2.936485	-0.292047	-2.240288	-0.359783	0.106787	-2.306870	-4.143428
4.038893	-0.523767	0.690012	0.709733	3.563015	0.818898	0.786323	1.900609	3.538003	-1.126011
-2.646805	-1.718257	-0.477160	-2.739788	-1.035872	-1.834422	-2.237424	-2.669074	-5.202611	-4.306366
-2.429680	-2.922982	-1.894851	-4.540653	-2.958390	-8.454029	-3.756720	-4.827367	-7.505402	-3.675079
-2.005628	-1.617223	-3.701647	-4.261238	-1.907624	0.037891	-3.455456	-3.175074	-3.578762	0.709462
-0.982244	-1.370462	-2.346737	-1.342318	-1.866159	-0.943543	-2.306628	-3.888099	-1.988081	0.389371
-1.694025	-2.349179	-0.653310	2.611030	-0.611581	-0.407818	0.228069	-1.020147	2.303151	-0.226141
0.175535	-0.740053	-3.049355	0.957128	-1.595477	-2.423417	-0.495559	-0.341320	1.136141	-3.175164
2.472340	-1.337366	0.636940	1.528197	0.923167	1.796675	2.662091	-0.424722	-2.823603	0.061012
2.826692	-0.012998	0.694585	0.776057	0.989661	1.402973	1.634223	0.342242	2.664628	-0.226104
-3.233203	-0.536527	-3.779608	-0.044371	3.722816	-0.426111	-0.452459	-1.487328	0.457339	0.574896
-2.063644	-0.650735	-1.957230	2.540929	1.078041	2.777539	-0.519153	0.988763	1.742638	4.062820
-0.258825	-0.230500	3.043631	3.472776	5.483046	1.452434	-1.016956	2.352915	3.725031	2.159374
1.909555	1.821597	4.501884	1.891285	3.484638	1.003087	-0.669466	-0.652776	0.584022	0.673663
-1.030599	2.897177	2.429839	0.772571	2.324624	-0.208591	-1.139681	-2.116209	-1.685682	-1.277309
-3.251586	0.544059	-0.090495	4.403048	0.540309	1.977412	-0.064601	-0.157986	1.671423	0.778463
-1.157502	-0.218235	0.674492	1.055627	0.416598	1.681604	3.230177	0.243193	1.334641	0.465881
-1.755244	-5.215488	-4.016792	-5.667780	-3.737404	-3.261703	-1.256748	-6.323572	-8.108524	-0.873254
-2.613211	-5.673378	-3.315837	-1.366064	-1.349795	0.881597	-1.813875	-0.337679	-0.583070	-2.263139
1.720001	2.671913	2.746464	4.840584	-0.639773	2.426614	2.524795	4.691472	7.271108	2.064325
3.145994	1.941904	-1.103381	0.215471	1.091464	1.722854	1.251063	2.971984	1.701710	0.910438
-2.021631	-1.559685	-0.736063	-1.317597	1.389916	-3.277477	-0.489074	-5.227440	-5.715860	-1.353902
-0.969370	0.107362	1.731323	1.463784	1.715883	-0.207273	-0.709315	-3.038798	-0.795602	1.616903
0.053677	1.104764	1.864585	-2.146983	-0.327436	3.233371	2.209237	-0.312185	1.751286	0.634851
4.501313	0.310739	-1.498870	-1.487695	-2.066544	2.196958	-3.662719	3.671403	1.684905	2.433138
2.213239	3.549703	-0.318337	1.492648	-0.175942	1.668591	-0.949885	2.395073	0.886955	2.477059
1.437157	-0.109427	-0.393909	0.168845	0.091966	-1.913326	0.218035	0.023529	-0.591864	1.993611
4.849268	1.022964	0.530318	3.013095	1.235478	1.707907	0.927039	4.098478	2.397548	0.269188
4.525673	3.731591	3.398350	4.393595	1.729288	3.186891	2.473124	6.492828	5.818390	2.446683
3.972175	6.414970	5.519491	5.365040	1.984894	3.461726	3.278786	3.687186	4.144261	2.883791
-3.995027	4.630513	1.994645	0.654226	0.912489	0.975013	-0.914679	0.274462	2.988262	-2.188694
-3.027732	2.090634	1.151217	2.068145	0.490269	0.740948	2.362325	2.179665	3.693389	1.916919
-0.227439	-2.611755	-1.576492	-2.278908	-0.268070	1.469232	4.643492	-1.367897	-1.128757	1.314723
-0.171346	-1.960841	0.334122	0.538356	1.091865	2.229861	-0.857181	-3.109611	-4.420379	1.041011
-0.442355	2.896086	3.098362	5.233430	3.300369	2.572231	4.632499	0.817033	6.918722	2.990276
-2.628365	0.254236	2.673430	2.827803	3.666337	1.994641	3.315427	0.091447	2.706743	2.459908
-3.035175	2.094618	2.207127	-0.565936	0.733364	-1.960916	-0.247004	-3.058657	-5.110316	-0.676700
-1.380687	-0.202958	-1.903145	-2.603198	-2.417557	-6.798242	-3.191100	-3.782767	-7.727558	-4.509056
-1.272899	-2.432385	-1.156886	0.669903	1.042471	0.280756	-0.468967	-4.853468	-0.359485	-0.585669
-2.071814	-3.698457	0.255705	-2.534944	-2.374257	-2.537526	3.285986	-4.778447	-2.370199	-1.841946
4.902269	-0.611766	-1.228672	2.503045	-0.921147	4.927705	3.920253	1.745810	0.817799	1.982403
1.433348	3.279093	2.860683	4.589958	2.099898	1.083044	0.404126	3.285917	4.835006	3.155973
-4.384077	0.108923	-0.034531	3.139479	2.796574	-1.126016	-0.632804	-2.398310	0.995121	0.906354
-2.195409	-0.519271	0.152285	-0.089007	1.910777	-0.097981	1.569156	-2.803756	-5.209859	0.598839
-1.366148	0.912914	-1.633870	-3.448914	-1.963494	-5.331758	-1.044005	-4.248605	-5.645033	-4.375079
-0.945397	0.828879	-1.578699	-4.101260	-3.945743	-5.977954	-3.886793	-2.204042	-3.299205	-4.642506
3.879743	1.720026	0.602897	-0.600259	-2.036471	0.347124	-1.624620	5.204350	2.559624	1.184051
-1.537831	0.111056	-0.858384	-1.433629	-0.489980	-0.027931	-3.304695	2.616986	2.589154	-0.850714
2.144878	-0.516232	-3.030947	-2.738484	-0.426569	0.772974	-2.209226	0.213384	-1.607916	-0.266206
0.870070	-1.010038	-1.893692	-2.845242	-2.094739	1.174131	-4.334424	-2.954342	-2.418887	-1.773432
-2.004861	2.005135	-1.843625	-4.305920	-3.759889	-3.543667	-1.946700	-3.127373	-2.874861	-5.540794
2.123085	0.994785	-2.149848	-2.593632	-4.276117	-5.610926	-2.765463	-2.457295	-4.038536	-4.300798
3.234102	-1.535391	0.442435	-0.537996	-2.082322	-1.583155	1.262876	2.059710	-0.710514	-1.236348
6.181388	-0.683896	1.102619	1.195473	-2.648601	0.802340	-0.364594	0.134458	0.314706	-0.007045
6.075139	2.184365	4.412000	6.028858	2.436350	3.406952	0.745318	3.477264	3.044824	4.055907
2.482852	-1.048313	0.399074	1.651844	4.334934	4.454574	2.220200	3.202244	2.613941	2.193306
1.356022	-0.102535	-2.138564	1.408614	1.684955	2.723599	0.984842	-0.335786	2.124857	0.627350
-3.433155	-0.595408	-0.553020	-3.772845	-3.176280	-1.136779	4.709332	1.409889	-0.210626	0.217440
2.151718	-2.670938	0.194202	-3.286649	-1.939666	-0.050467	2.657561	-3.764116	-3.299608	1.681473
-1.980065	-2.644132	-0.524504	2.108887	1.217502	2.078328	4.085517	-4.251387	0.937613	1.903351
-3.669609	0.482202	0.402957	4.328348	-0.279469	1.847601	3.767390	-0.828810	2.424539	1.793073
-3.489117	0.160056	-2.280921	1.560123	-1.672371	-0.121455	1.173269	-0.372772	0.883470	-1.000759
0.621206	-2.432877	-3.293843	-2.883405	-2.624899	-3.369346	-4.175856	-2.979260	-3.662290	-5.837744
-1.293347	1.882892	2.539884	-2.989646	-2.081843	-0.822877	-1.674895	2.118439	-1.885240	-3.486781
-1.778879	2.490956	3.003756	-2.318115	-3.501096	-3.050955	-3.041359	4.907936	2.507323	-3.601367
1.435904	2.022804	4.541565	1.035377	-3.661151	-1.023084	-0.871358	2.989541	2.115100	-0.086101
3.038396	0.980428	2.892106	0.516818	-2.421199	-0.372672	-1.723501	-1.770034	-1.581605	-1.641179
-2.678207	-4.795382	-3.858226	-5.294903	-2.373131	-6.428122	-2.642598	-4.496681	-7.159591	-6.160998
-1.002212	0.839663	-0.676539	-2.056997	2.216059	0.196059	-1.352859	2.509510	3.038245	-1.811757
2.818976	2.808553	2.639863	4.322724	1.902480	2.785066	1.413608	1.966046	4.045406	2.098649
2.780353	4.779779	2.639772	5.723053	3.826340	4.531894	3.754193	5.424635	6.003395	3.860622
3.239510	3.034429	3.128884	4.694477	7.156446	5.436637	4.030689	4.556182	5.153914	3.155265
-3.973856	-0.025807	-0.689208	-0.824810	4.206906	2.083191	-0.746314	1.269193	-2.767434	2.064681
-2.078052	-5.353338	-3.964811	-4.196618	0.668927	-4.913852	-2.626222	-2.392527	-5.327847	-0.708926
0.163017	-1.226077	-1.811128	0.684644	0.803914	1.658305	0.662755	4.234824	3.865578	0.329746
-1.704656	1.340467	0.234833	2.777469	3.546274	0.327055	-0.828289	3.390051	3.554343	3.170799
3.235123	0.836784	3.005167	1.393549	2.524512	0.980192	-2.355660	5.405054	-1.094649	-1.679764
-1.048151	2.273962	1.775569	-4.406022	-2.838267	-3.282488	-3.215666	2.531435	-0.714797	-1.318241
-1.471685	3.951293	3.401434	-3.972652	-4.716660	-1.966793	-3.637813	2.275794	-0.945498	-4.761532
-2.334684	1.881264	1.813555	3.662654	0.917937	2.613272	-1.301907	2.991629	5.135850	1.489966
-1.051356	-0.223332	-2.527172	2.284689	1.201626	0.623500	0.742047	0.068238	1.837947	1.022353
-0.982805	-0.744207	-1.167753	3.197647	4.967509	1.030285	1.692044	-3.951580	-0.380605	3.237328
-2.682539	-1.236270	-1.479091	2.750723	3.427487	1.027721	-1.124721	-0.369130	1.179696	1.895091
-0.594763	0.702170	-2.484192	0.381112	4.031158	1.156499	-0.018852	-0.634817	2.229251	4.185642
3.487416	-2.034898	-2.069461	-0.376191	1.845322	3.894513	0.075046	-0.563545	-3.166641	3.200778
-3.284508	-1.315880	-1.520001	0.611810	3.951776	2.496056	-0.977631	-3.989222	-2.225679	2.077496
-1.151341	0.137513	0.652982	-2.614691	2.185817	-4.715881	-0.569384	-2.975854	-4.224662	-0.095805
-1.905491	-2.786628	-1.522114	-3.600496	-2.319459	-4.320305	-1.893817	-5.931849	-3.988192	-1.398032
-1.092462	-4.325409	-2.656194	-5.465011	-2.917058	-6.333925	-1.910734	0.235984	-3.594769	-1.825087
-0.622163	-3.930839	-3.544862	-2.391440	-2.787287	-2.283448	-2.747735	-0.113964	-0.814694	1.621523
-1.154299	1.015474	0.455380	-0.168984	-0.596452	0.325815	2.472478	-0.740804	0.183232	-0.218308
-0.312178	-1.024677	-1.290473	-2.873449	-4.031264	-2.549443	3.297703	-2.255747	-4.548194	-0.677487
-0.718805	-0.769099	2.482376	0.776162	-0.790330	1.376367	3.690438	-4.007204	-1.329473	2.358079
0.280013	-0.463399	2.871225	-0.385754	-0.200263	-3.245664	-3.148616	-1.454088	-2.980808	-1.884420
0.929868	-2.175683	-0.921129	-0.912800	-0.067873	0.342956	2.970140	-0.345311	0.875798	-0.076193
4.146354	2.261543	1.689810	5.169421	3.508926	4.447515	4.694706	3.630913	4.302141	3.866550
6.575664	4.796173	2.629142	4.171805	2.473122	5.758403	1.640082	4.389470	5.963718	4.838098
3.418091	1.607202	2.640362	0.875750	1.435098	2.861211	0.829269	3.343145	2.480425	2.683140
4.331529	1.485024	1.968369	2.817452	3.913941	4.400628	1.543967	3.131624	3.133656	2.036663
-0.386931	1.584035	0.479661	4.652509	3.570533	4.850943	0.984479	-0.394808	1.770308	-0.617646
-3.071594	0.103830	-0.858463	3.136217	3.262657	-0.293554	2.713704	-0.342169	1.042274	2.449099
1.249832	1.650206	0.064293	-2.689027	-0.488903	-2.786073	-1.274454	-2.193373	-2.597252	-2.424816
-1.006861	2.405757	-0.085371	-0.722424	-0.421067	-0.426426	-1.933494	-0.150837	2.266925	-3.165705
-0.732478	1.121382	-0.816557	-2.904780	-1.590154	0.272177	-2.059514	1.724721	5.045398	-3.226183
1.521172	0.668275	0.621533	-2.451496	-0.705883	2.530826	-2.170612	3.572486	2.987060	0.383533
6.633883	4.094234	3.197198	1.622224	-0.362575	4.710510	2.069717	5.929340	4.842603	2.828128
2.745248	4.551057	3.070437	1.648177	-0.575649	2.568618	3.826073	1.806565	3.798320	3.463185
-4.798741	0.037740	0.997448	-3.523441	-3.027627	-0.002759	-0.410838	-3.409855	-6.786498	-0.756712
-2.161190	-5.965519	-5.976670	-4.013932	-3.980030	-6.546631	-2.429715	-5.700539	-9.522359	-6.167380
1.076293	-8.461622	-5.891018	-2.970801	-1.886080	-9.155907	-3.642254	-5.132403	-3.448471	-6.107435
-0.330699	-6.939672	-4.625398	-1.006851	-1.490197	-5.537498	-1.817351	-2.707265	-2.830545	-5.597795
-1.539572	-1.247570	-1.725811	1.751714	1.155896	-0.415513	-1.710203	2.967257	2.314712	1.566023
-1.549433	-1.151117	-2.963957	-1.393309	-0.305622	-2.855859	-1.594405	0.737345	-0.325712	-2.186697
-1.387389	-3.661617	-4.158239	-3.672225	-3.872273	-7.345745	-3.757653	-4.624816	-3.309726	-6.370372
-2.347746	-0.165471	-1.394558	-1.064437	-1.366979	-1.440078	-3.281745	3.544255	0.796160	-3.255619
-2.115511	1.536921	1.984785	-0.271050	1.938240	1.161633	-1.238474	2.800942	3.980135	3.103247
0.245009	3.916756	3.004388	0.439231	0.909762	3.210683	-2.148239	5.414628	3.485589	0.278910
-0.833590	2.295033	3.694350	2.800502	4.232467	2.796165	0.653867	0.096597	0.348910	0.871555
-1.181216	0.748650	2.479569	1.287359	1.415733	-3.357127	-1.103954	-4.477868	-4.059613	-0.819934
1.750026	1.509205	4.638043	0.080197	0.239341	-2.055096	-0.645796	-0.441382	-0.482390	-2.329170
-0.912869	0.680698	1.900970	1.406009	-0.628328	3.882453	-0.462156	3.387640	3.805067	2.839833
-0.635608	-2.756173	-0.237351	0.624793	-0.468895	2.566315	2.621470	-2.007018	1.000346	4.375863
-1.982094	-2.186711	-0.271724	0.059041	-1.751378	0.417689	4.195387	-6.555569	-8.994365	0.738807
2.656567	-2.379217	-0.473551	-0.808152	-1.134894	0.925473	1.359398	-0.974129	-3.228776	1.050954
0.578771	0.906207	-0.099933	0.186110	0.334939	2.059165	0.641007	5.057290	3.957401	2.490994
-1.567688	-1.823941	-1.820575	-1.467581	-2.344195	-1.139735	-1.555881	1.761575	2.394253	-0.428582
-1.221311	-0.735363	0.018321	-2.291929	-3.464514	-4.352327	-1.446563	-3.260188	-3.417730	-3.343583
-1.283805	1.083838	1.447452	4.057058	0.623968	1.775490	1.005763	0.252791	1.088939	2.930784
-2.641171	2.879159	1.382714	5.173975	0.609136	1.969019	0.905903	0.253000	2.273350	2.058812
-2.785112	0.215898	-2.293196	-1.337485	-1.475823	-0.425138	-2.420042	-0.482872	0.438590	0.166898
6.462867	1.776351	1.572819	-0.738328	-1.162023	1.443923	-0.719769	2.764165	3.698650	-0.528764
0.596466	0.536316	0.849053	0.312540	-2.158276	-0.452194	2.446527	-0.297397	1.417717	1.731524
-3.679818	2.197588	1.604702	2.886411	3.638606	2.515917	4.478846	1.699033	3.535881	3.599760
-1.914187	2.242265	2.046063	-0.727621	2.496913	3.099862	3.956791	-0.031554	0.752131	1.089845
-0.673441	-1.485158	-3.307770	-5.888464	-2.514665	-3.574453	-2.262535	-5.214863	-8.558343	-2.611822
-0.277883	-1.167285	-2.687001	1.641177	-0.662338	-2.837819	0.569969	-1.744701	-0.955450	-1.283838
-0.557211	1.739880	2.746764	3.020894	0.613587	0.118273	-0.288995	-1.678274	2.273798	0.003001
0.820873	-0.902069	2.694220	-1.087720	0.292102	-3.212370	0.129173	-4.952786	-1.599006	-3.879902
1.154670	2.853165	-0.957639	-1.147771	-1.583500	-4.750235	-0.565724	-3.343741	-4.821373	-2.902739
1.577080	-0.833525	-0.176019	-0.139767	-0.537924	-2.317414	-0.138387	1.279558	1.441791	-1.337704
-1.070096	-1.444542	-3.277025	-2.406715	-1.783077	-1.037093	0.862385	-0.452990	-0.605825	-1.646389
3.199045	2.649806	0.837336	1.055179	-1.498861	-0.243862	0.303493	3.880112	1.975373	-2.944184
0.352502	1.359815	0.669658	-4.648392	-3.255582	-3.255706	-2.429564	2.030166	0.861778	-2.363179
-1.695620	0.212178	-1.217567	-4.346734	-1.886241	-4.040914	-2.796987	4.137571	-0.517818	-5.044060
-1.345320	-1.796311	-1.136744	0.505245	-2.184442	-1.808869	-1.663276	1.852530	0.559581	-2.803717
-0.245395	1.426343	-0.225581	3.800140	-1.576185	-0.079459	3.940968	-1.319257	3.217868	0.305467
-1.050542	1.253133	1.056915	4.736545	4.184028	0.796532	2.823743	-2.466384	2.293738	-1.014694
-0.610257	-1.422349	-0.358363	1.884953	2.664298	2.265820	1.119448	-0.778348	1.057888	0.999516
-0.603535	-3.266007	-1.368823	-5.015140	-2.649076	1.691122	-0.694818	-2.545744	-4.312387	-1.008286
-1.059173	-0.894549	2.345428	-0.134142	-0.449692	-1.475948	-0.543159	-2.073865	-3.346389	-2.102880
0.075534	2.032618	3.268981	2.687245	0.000851	-0.246671	2.940624	-0.808405	1.262679	0.988551
-1.188408	-0.697312	-1.486270	0.638014	-0.723645	-2.220430	-0.953472	-2.974255	-1.280284	-1.090773
-0.119495	-1.188346	-2.845534	-4.951439	-0.531977	-0.823609	-1.925650	-4.716907	-8.114680	-2.816130
4.237181	1.682410	0.713980	5.141983	1.584958	3.291012	0.924687	2.830449	3.149892	3.184901
6.081624	1.609248	1.635565	3.894175	3.322664	5.365449	2.322336	3.778724	3.219632	0.643141
1.091941	-2.053738	-0.784387	-0.811665	-0.625055	-0.937778	-2.486307	0.505329	-1.381159	-0.323585
-3.754261	-0.412354	-3.545784	-3.578041	-0.317495	-0.359351	-3.417144	2.613876	-1.183879	2.009044
-0.000174	-1.144907	-3.064836	-2.991254	2.291049	-0.307052	-1.587681	1.548779	2.104474	-3.241447
-1.213191	0.989297	2.017950	2.192593	5.391883	1.907738	-0.138921	3.200751	3.255406	-0.316933
-1.746005	0.595752	-1.246435	-1.671601	-0.113388	1.349038	-0.037067	1.547908	-1.194981	0.852309
1.016293	-3.939647	-3.430399	-1.564537	-1.398257	1.513666	-1.042624	-3.984834	-4.177682	-0.910095
0.108810	-1.819307	0.094450	-3.700714	-3.675918	0.767742	-2.328896	-4.329760	-4.752789	-1.752520
-2.029543	-0.817732	2.930903	-1.721533	-3.437665	-4.983015	-0.787588	-4.173052	-3.916998	-4.012140
0.157341	2.567172	0.573351	2.212508	2.954109	-2.400388	0.427897	-0.752193	-0.421600	-2.042129
3.617372	1.030701	-0.340213	2.770711	0.765913	2.545143	2.471655	2.861438	2.287212	1.015938
-0.174940	1.671950	-0.518397	0.272476	1.929853	2.738597	-2.128019	1.779058	4.684848	0.889987
-5.485085	-3.159185	-1.619511	-1.870391	-2.339162	2.362392	-3.088129	1.691488	3.418916	3.077943
-1.399953	-0.966707	-1.708462	-3.039389	-3.360525	2.862746	-0.847680	-3.810951	-2.162472	1.629934
0.242165	-2.291920	1.738143	-2.757613	-4.446227	-0.303922	3.000426	-7.264439	-9.302605	2.251784
0.013182	-3.353926	-0.621706	0.665943	-2.956760	-1.985994	4.123384	-1.890952	-3.203372	3.074820
-1.061093	-3.572328	-0.417715	0.423684	-0.186014	-0.429052	0.817790	-4.544269	-1.526661	2.222165
0.491353	-2.452527	-2.574893	-2.286084	2.370718	0.509321	-1.963059	-0.328367	0.133543	-0.734654
2.449331	2.945474	1.188853	2.318946	2.851047	3.344544	4.334634	3.714179	2.372753	3.492288
0.168253	3.042675	4.160016	3.398482	0.494682	4.247833	2.837865	5.044991	4.684983	4.511414
-3.700970	2.613376	0.242389	-0.369766	-1.004969	-2.324995	0.017931	-0.164905	2.676348	0.673849
-1.846124	0.059976	-0.190737	-5.764991	-4.944395	-7.923522	0.224830	-5.815685	-4.031334	-2.595184
-0.948997	0.879277	2.675134	-1.268581	-2.721886	0.576467	3.525960	-0.227423	-2.459349	0.974839
0.065223	2.473580	4.020894	1.520173	1.777067	3.332491	1.857018	4.130906	5.605821	2.057539
2.881551	1.946586	0.791336	1.227984	4.749474	2.776463	-1.260698	2.414728	4.177594	2.672841
0.412699	-2.090503	-0.705345	-1.919236	0.070346	-2.181499	-4.178488	-2.756731	-1.722412	-3.567536
-1.812219	-4.621282	-4.597656	-5.193575	-4.400608	-2.425380	-3.456454	-5.618343	-9.143580	0.153029
-2.637689	-0.712150	-1.552601	-2.168418	-0.080476	0.802435	-3.479696	4.140317	0.754012	2.383458
-2.817597	-0.130601	-0.584687	-1.855152	-0.857949	-0.652238	-3.631715	3.802776	1.926281	1.237870
5.202372	-0.527731	0.769482	0.859339	-0.424816	0.749014	-1.640509	3.667061	2.779349	1.035284
5.328932	2.541066	2.835801	0.260871	-0.255167	1.665007	1.991720	7.387600	2.323835	1.927317
5.878899	3.212595	3.310566	1.871160	0.456110	3.154155	0.551676	2.463919	1.515660	1.915889
2.405686	3.082264	1.651672	5.727924	3.775025	3.325271	2.390559	-0.052754	1.879346	4.345314
-5.826889	-1.646422	-3.467984	0.071179	0.888589	0.516970	-0.460528	-3.250092	0.700614	1.225911
-2.684113	-4.639654	-5.288105	-3.817655	-1.929088	-1.833836	-2.951983	-0.799669	-5.781115	-1.190607
-1.562068	-2.545023	-1.123695	1.118641	-0.415594	-1.996232	-0.025702	3.621243	0.812381	-3.804924
-2.925039	-4.890922	-4.082855	-2.255615	-1.878320	-7.413107	-3.130381	-3.453929	-4.738976	-6.160127
-1.686211	-2.754239	-1.785988	-2.593701	-2.631753	-6.337948	-2.304617	-4.308960	-5.962862	-5.338303
-0.187266	-0.296967	2.458204	2.069103	-0.654084	-0.982643	1.450697	-2.238321	-1.047057	-2.967039
1.947911	-0.869293	-0.545579	0.656217	-0.493502	1.179721	0.244366	-0.779788	-0.602737	0.500675
4.419138	0.553494	-2.802038	0.740365	0.786605	3.462455	-1.048405	2.897166	2.364220	1.057751
3.360832	1.371204	1.670226	3.174167	3.846046	4.719670	2.477592	3.358765	4.367736	4.799398
-2.410792	2.010250	-0.707186	2.758447	2.458132	2.285777	3.469864	2.434136	4.285034	2.448825
-3.341015	-1.086555	-1.939173	-2.066972	-2.767226	0.049888	-1.222082	-1.891297	-1.091963	-1.119560
-0.430522	-0.970298	-3.851935	-6.044369	-2.470519	-0.035887	-4.841635	1.022690	0.768866	-0.399249
-0.882193	-0.338766	-2.960068	0.744782	1.855465	1.728662	-1.092088	2.872220	6.226243	1.498864
-0.819613	-1.461745	-0.295571	-1.120795	0.595634	-1.986555	-1.139630	-3.502582	-1.824509	-2.164116
-1.137664	-4.570620	-1.425940	-1.217178	-1.248601	-3.566430	0.722550	-5.556795	-9.816768	-0.879882
1.408972	3.719822	3.154528	4.317859	1.460969	3.610949	3.405061	3.684504	2.488786	2.421469
2.986612	4.468898	1.829337	2.493640	0.938054	1.321589	2.656916	3.317036	5.362175	1.183340
-2.893827	0.689522	-1.059108	3.050589	0.469563	2.167199	-2.172372	2.289422	2.841719	0.420035
1.088773	1.426310	-0.412001	1.853632	3.323404	3.931587	0.265009	4.821581	4.011639	0.634355
6.482029	2.249178	3.985764	3.404493	3.420487	3.221362	1.554072	4.694833	6.511054	4.488301
0.688359	2.564842	-0.151707	2.624097	0.753918	-0.358171	-1.021669	3.447196	1.972185	2.470075
-3.393221	-1.724382	-3.535907	-3.254932	-1.271293	-8.632702	-1.804698	-5.706512	-5.622651	-5.299325
5.708808	-0.662877	-0.032327	1.467532	-1.866440	2.423773	-0.749302	1.057425	0.414966	0.973300
5.378662	1.542073	0.225741	1.243513	-1.173316	4.861261	1.519336	1.766424	2.024853	3.748650
1.864758	1.094485	1.282007	-0.742664	-1.587013	3.005969	-0.254768	0.676399	0.307726	1.303022
3.736813	1.474475	0.656079	-1.042176	-2.344426	-0.984599	-1.564297	1.559064	-0.767796	-1.435787
-2.139457	1.350360	0.288170	-3.054298	-1.435649	2.555362	-0.744936	1.605733	3.480501	1.249919
-2.868134	-1.159743	-1.998811	0.791393	0.218623	0.931457	0.687534	-1.287883	1.922633	0.002536
-2.607403	-2.049317	-0.735451	-0.341978	0.048595	-3.284411	-3.135569	-2.669472	-3.878386	-3.317641
-1.308648	3.075554	1.599963	2.598510	1.886270	0.068961	0.896473	0.298876	-2.197143	-2.226817
-1.499452	-0.299913	-3.260558	-1.036818	1.040053	-0.797023	2.858678	-0.610131	-0.953424	-0.624098
-1.544801	-3.338903	-1.943199	-4.358642	-3.408954	-2.271462	1.410765	-4.691584	-7.168618	-0.690992
-2.545578	-3.265099	-1.310045	-1.030738	-0.777548	-0.895054	1.524754	-2.819677	-3.911613	0.493195
4.203131	2.279415	6.172717	4.654815	5.594671	2.180502	2.586564	6.166897	4.206200	2.092255
6.409240	2.852854	3.124705	4.328837	5.005904	2.744506	3.999515	5.380642	4.755131	3.765479
1.362565	2.201034	1.080432	-0.391450	1.962753	0.838157	4.164326	1.371861	-0.116411	1.166758
-3.465581	2.076970	1.354617	1.162772	2.580615	3.743555	1.561417	-0.870742	1.187981	2.069782
-2.302985	2.086877	3.045877	3.150523	4.062290	4.006597	1.859610	0.057933	4.718513	3.831742
0.156068	1.532068	1.127228	2.889022	-1.297024	2.124082	1.177824	3.465588	3.334991	2.469626
-0.823311	-0.238842	-1.738011	-2.533014	-4.574131	-3.356295	0.613379	0.444820	0.330921	-2.742976
-1.195208	-2.494541	0.555880	-2.731766	-0.850334	-5.174338	-1.910504	-2.879872	-3.510596	-3.193277
-2.101112	-1.780014	0.401718	0.764481	-1.572838	0.668550	-2.488605	-1.826292	0.269245	-1.129389
1.012189	-2.545450	-1.978275	0.208244	-1.944048	-0.603840	-2.382303	-2.615042	-0.319156	-1.724325
3.758706	-1.271037	-2.206981	0.707837	-0.367672	-0.187012	-0.486478	0.185570	-1.969297	1.285402
4.980950	2.703136	1.811420	2.761776	-1.528615	3.907025	2.064389	2.770938	2.287421	3.306678
3.218131	2.416881	2.158151	2.011073	0.374712	1.790663	-2.507180	2.824756	2.948297	-0.419513
-3.441240	-1.532793	0.066132	-4.170658	-4.321398	-4.248607	-1.534967	-4.402787	-4.295373	-4.343585
-2.592556	-3.625576	-0.372116	-7.835105	-4.802556	-11.128696	-3.275851	-7.719100	-8.854190	-6.022254
-0.400207	-4.911959	-1.271570	-5.186858	-4.751973	-6.668815	-3.473414	-4.432694	-3.007960	-4.622436
-0.981184	-1.122735	-2.138410	1.924095	0.011639	-0.075977	0.067663	-0.558781	-0.408788	-3.982848
-1.327881	1.343005	2.082388	-0.217037	1.230368	-1.004594	0.782100	-1.460875	-0.525181	-2.006407
-1.798289	2.193367	-0.628555	2.237855	-0.156602	-1.111181	-0.503285	1.546711	0.965855	0.317368
-0.781601	0.464456	0.630185	2.569879	2.855515	3.446247	3.078924	1.039461	2.769611	3.828459
-1.986413	-0.241521	-1.320970	1.189342	3.013603	1.828173	1.727247	1.150259	0.557077	1.780247
-0.265616	1.361940	-0.480297	-1.334750	2.934745	1.602580	-0.425400	1.095386	-0.688057	1.539312
0.397492	-0.787757	-0.247673	-2.256591	1.556724	2.486649	-2.745701	-0.066474	0.832897	2.258733
