X1	X2	X3	X4	X5	X6	X7
-0.031152	-0.146233	0.192335	-0.044835	-0.051912	-0.137113	0.043218
-0.141936	-0.118413	0.149756	0.038428	-0.093971	-0.195391	0.011445
-0.330325	-0.070704	0.072346	0.183859	-0.168163	-0.295511	-0.036616
-0.538312	-0.017689	-0.025971	0.353996	-0.256330	-0.408205	-0.074894
-0.697676	0.021776	-0.127932	0.503379	-0.335245	-0.497716	-0.075043
-0.747505	0.027802	-0.216357	0.588783	-0.380767	-0.529761	-0.016136
-0.650335	-0.016732	-0.277286	0.578942	-0.372262	-0.479288	0.107041
-0.403074	-0.122419	-0.302288	0.461755	-0.296650	-0.336553	0.279570
-0.039844	-0.290180	-0.289313	0.247288	-0.151300	-0.110108	0.467106
0.373917	-0.509237	-0.242170	-0.033912	0.054659	0.173952	0.622145
0.755145	-0.756866	-0.168726	-0.336926	0.301049	0.476332	0.694539
1.021391	-1.000126	-0.078461	-0.611413	0.559320	0.751869	0.643876
1.109792	-1.199646	0.019838	-0.811620	0.796814	0.958193	0.450857
0.992179	-1.315140	0.119821	-0.905136	0.981836	1.064099	0.124780
0.682922	-1.311898	0.218056	-0.878636	1.088946	1.055956	-0.294967
0.237637	-1.167274	0.313419	-0.739474	1.103091	0.940592	-0.744112
-0.257280	-0.876022	0.405470	-0.512961	1.022193	0.744240	-1.144680
-0.701951	-0.453394	0.492551	-0.236164	0.857313	0.507429	-1.419926
-1.003754	0.064833	0.570053	0.050304	0.630564	0.276945	-1.509880
-1.096683	0.625742	0.629785	0.310515	0.370921	0.096366	-1.384250
-0.955438	1.165801	0.660530	0.519739	0.108893	-0.002996	-1.049562
-0.601207	1.619696	0.649993	0.667780	-0.128895	-0.008565	-0.549217
-0.097697	1.930133	0.587703	0.758734	-0.324147	0.070567	0.044092
0.461408	2.056913	0.468137	0.807330	-0.469301	0.205415	0.641751
0.971046	1.983739	0.293386	0.833070	-0.567465	0.353001	1.155832
1.335427	1.721388	0.074316	0.853695	-0.629861	0.465370	1.515420
1.486471	1.306600	-0.169987	0.879597	-0.671332	0.500004	1.679259
1.396250	0.796727	-0.414759	0.910548	-0.705093	0.429246	1.642103
1.081183	0.260916	-0.633580	0.935488	-0.737962	0.246986	1.433789
0.597337	-0.230556	-0.803142	0.935294	-0.767367	-0.029039	1.111148
0.028323	-0.617076	-0.907717	0.887749	-0.780974	-0.359900	0.745004
-0.531582	-0.856613	-0.942207	0.773478	-0.759401	-0.692726	0.405001
-0.995161	-0.931267	-0.913118	0.581317	-0.681268	-0.971082	0.145647
-1.297392	-0.848511	-0.837107	0.311832	-0.529885	-1.146444	-0.003463
-1.405030	-0.638027	-0.737170	-0.021753	-0.299648	-1.188381	-0.041383
-1.319183	-0.344880	-0.637565	-0.395499	-0.000774	-1.091391	0.007006
-1.070935	-0.020480	-0.558149	-0.778860	0.339215	-0.876571	0.099284
-0.711750	0.286893	-0.509818	-1.139986	0.677896	-0.588053	0.187182
-0.301157	0.540128	-0.491764	-1.451039	0.964129	-0.284441	0.228659
0.105380	0.718420	-0.491506	-1.692070	1.147254	-0.027115	0.197740
0.465607	0.818714	-0.487558	-1.852900	1.187159	0.132314	0.089690
0.755265	0.853343	-0.454411	-1.932705	1.063432	0.162760	-0.079214
0.967747	0.844704	-0.368655	-1.937577	0.781359	0.060472	-0.277080
1.109693	0.818279	-0.214977	-1.877129	0.373307	-0.149700	-0.465460
1.194193	0.795636	0.009274	-1.761009	-0.105253	-0.418747	-0.609583
1.233697	0.789012	0.292024	-1.596543	-0.584511	-0.683160	-0.687262
1.234705	0.798603	0.607377	-1.388070	-0.992220	-0.877452	-0.694294
1.195651	0.813032	0.919482	-1.138080	-1.266767	-0.947342	-0.645090
1.108257	0.812793	1.188429	-0.849786	-1.368321	-0.860840	-0.568544
0.961828	0.775680	1.377195	-0.530113	-1.286211	-0.614828	-0.500162
0.749007	0.682900	1.458240	-0.192125	-1.040556	-0.236081	-0.472512
0.471153	0.524338	1.418330	0.144239	-0.677952	0.223843	-0.506449
0.141727	0.301754	1.260869	0.453555	-0.261995	0.698333	-0.605134
-0.213501	0.029176	1.005257	0.708587	0.139473	1.118461	-0.752376
-0.559675	-0.269621	0.683489	0.885430	0.467519	1.425787	-0.915708
-0.858782	-0.565901	0.334824	0.969057	0.683195	1.582884	-1.053455
-1.076865	-0.831845	-0.000609	0.957762	0.773919	1.579280	-1.124022
-1.190883	-1.046242	-0.287758	0.865208	0.754009	1.431965	-1.095348
-1.193338	-1.198539	-0.501472	0.719316	0.659345	1.180195	-0.952287
-1.093712	-1.290448	-0.629200	0.557710	0.537367	0.876298	-0.700273
-0.916295	-1.334638	-0.671558	0.420608	0.434737	0.574040	-0.364551
-0.695067	-1.350966	-0.640730	0.342379	0.385654	0.317554	0.014783
-0.466736	-1.361078	-0.557394	0.343736	0.403251	0.132734	0.390540
-0.263889	-1.382699	-0.446774	0.426417	0.476293	0.023183	0.717294
-0.109688	-1.424940	-0.334561	0.571671	0.571900	-0.028835	0.959247
-0.015192	-1.485719	-0.243440	0.743319	0.643523	-0.056680	1.095475
0.020168	-1.551916	-0.190241	0.894988	0.642629	-0.100392	1.121526
0.005448	-1.602150	-0.184278	0.980206	0.531127	-0.196393	1.047513
-0.046333	-1.611601	-0.226461	0.963312	0.291822	-0.368423	0.893378
-0.122721	-1.557693	-0.309245	0.828723	-0.065654	-0.621277	0.682919
-0.215014	-1.425390	-0.417299	0.586537	-0.504934	-0.939036	0.438204
-0.319013	-1.210909	-0.528729	0.272834	-0.969006	-1.287688	0.175820
-0.433447	-0.923011	-0.617053	-0.055613	-1.391216	-1.621720	-0.094191
-0.556442	-0.581747	-0.653871	-0.331562	-1.708641	-1.892989	-0.366617
-0.681607	-0.214901	-0.612350	-0.490477	-1.874940	-2.060019	-0.637472
-0.795208	0.146879	-0.471298	-0.484111	-1.869911	-2.095709	-0.899688
-0.875750	0.475208	-0.219449	-0.291740	-1.703367	-1.992026	-1.139754
-0.896872	0.748178	0.140609	0.073580	-1.412814	-1.760688	-1.336527
-0.833210	0.952801	0.589828	0.564925	-1.055154	-1.430152	-1.462972
-0.668059	1.085345	1.092044	1.108259	-0.694411	-1.039685	-1.490662
-0.401090	1.149680	1.596109	1.614623	-0.388158	-0.631887	-1.396199
-0.053677	1.154326	2.040838	1.995713	-0.175738	-0.245430	-1.167971
0.330105	1.109177	2.362660	2.179916	-0.070745	0.090634	-0.811382
0.687832	1.022759	2.504919	2.125528	-0.059426	0.359830	-0.351252
0.948499	0.900964	2.427389	1.828824	-0.105339	0.558498	0.169841
1.046163	0.747374	2.114557	1.325085	-0.158961	0.693361	0.697022
0.934896	0.565133	1.580631	0.682548	-0.170109	0.777492	1.171733
0.601831	0.359615	0.870361	-0.009707	-0.100248	0.825892	1.541621
0.075127	0.140975	0.054862	-0.657552	0.068034	0.851650	1.769769
-0.575613	-0.074396	-0.777173	-1.178362	0.326709	0.863791	1.841150
-1.247322	-0.264244	-1.531697	-1.515057	0.643816	0.866704	1.765012
-1.819054	-0.402888	-2.123009	-1.645155	0.970578	0.861420	1.572440
-2.172758	-0.465418	-2.486647	-1.583019	1.252369	0.847735	1.309748
-2.215277	-0.432825	-2.589179	-1.375217	1.441025	0.826502	1.028910
-1.897415	-0.296832	-2.433126	-1.089928	1.505661	0.801231	0.777243
-1.226068	-0.063255	-2.056016	-0.802539	1.439606	0.778440	0.588406
-0.266542	0.247133	-1.523801	-0.580494	1.261926	0.766598	0.476581
0.865578	0.600714	-0.919781	-0.470126	1.013297	0.773969	0.435066
2.021988	0.955801	-0.331045	-0.488215	0.747108	0.806096	0.439356
3.045604	1.269365	0.165087	-0.619669	0.517972	0.863588	0.453847
3.796222	1.504217	0.512244	-0.821671	0.370248	0.940998	0.440707
4.173504	1.635212	0.681888	-1.033407	0.328888	1.027216	0.368750
4.132684	1.653114	0.674977	-1.189269	0.394783	1.107405	0.220514
3.690425	1.565223	0.518446	-1.232960	0.545358	1.165940	-0.003919
2.919934	1.392746	0.257580	-1.129621	0.740059	1.189707	-0.286982
1.936546	1.165467	-0.053918	-0.873716	0.929572	1.170872	-0.597317
0.876967	0.915047	-0.363925	-0.491083	1.066295	1.108258	-0.896062
-0.123762	0.668557	-0.630157	-0.034858	1.114043	1.007054	-1.144154
-0.953103	0.443734	-0.825089	0.423969	1.054756	0.876921	-1.309145
-1.536081	0.247169	-0.937008	0.809519	0.890965	0.728861	-1.370127
-1.842149	0.075636	-0.967605	1.055074	0.643780	0.571899	-1.320000
-1.883560	-0.079743	-0.927106	1.115506	0.347120	0.410412	-1.165081
-1.706505	-0.227828	-0.828595	0.975875	0.039717	0.243070	-0.922511
-1.377627	-0.371921	-0.683144	0.654498	-0.243151	0.063643	-0.616625
-0.969391	-0.506015	-0.497036	0.200122	-0.476386	-0.136232	-0.275083
-0.547300	-0.614160	-0.271746	-0.316446	-0.648755	-0.363138	0.074067
-0.161578	-0.673443	-0.006471	-0.814464	-0.763219	-0.617782	0.404276
0.155999	-0.660116	0.297738	-1.217036	-0.833874	-0.891977	0.691202
0.390216	-0.557483	0.633493	-1.464046	-0.880681	-1.167596	0.912845
0.537347	-0.363610	0.983935	-1.521836	-0.923522	-1.418215	1.049956
0.598960	-0.096569	1.322000	-1.388014	-0.976777	-1.613292	1.087122
0.577070	0.204447	1.612802	-1.090672	-1.045952	-1.724076	1.015065
0.471986	0.483206	1.818915	-0.682137	-1.126740	-1.730079	0.833697
0.283751	0.675416	1.907542	-0.228723	-1.206598	-1.624471	0.555273
0.016244	0.721163	1.858006	0.201746	-1.268137	-1.417090	0.206470
-0.317555	0.578404	1.667776	0.552112	-1.293235	-1.133965	-0.171850
-0.691351	0.234516	1.355487	0.785621	-1.266999	-0.813429	-0.527952
-1.064249	-0.286852	0.959853	0.891344	-1.180387	-0.499220	-0.805780
-1.383875	-0.925666	0.534412	0.884541	-1.031464	-0.232124	-0.954145
-1.593847	-1.592793	0.138971	0.801868	-0.824831	-0.041911	-0.936913
-1.644410	-2.183869	-0.170889	0.692526	-0.570304	0.058561	-0.742116
-1.504042	-2.597387	-0.353895	0.607219	-0.281036	0.075716	-0.387772
-1.169070	-2.753598	-0.390906	0.587054	0.027970	0.033237	0.077503
-0.668727	-2.610500	-0.288761	0.654675	0.340537	-0.033781	0.579874
-0.063750	-2.173522	-0.079160	0.809277	0.639350	-0.087425	1.031443
0.561900	-1.496608	0.187081	1.026523	0.905539	-0.096341	1.345483
1.115020	-0.674288	0.449429	1.263305	1.118669	-0.043713	1.452908
1.510202	0.174136	0.648852	1.466445	1.257582	0.068087	1.316770
1.686435	0.925307	0.738528	1.583406	1.302797	0.217434	0.941648
1.619605	1.473492	0.692038	1.573000	1.240145	0.368055	0.375384
1.327984	1.748981	0.507459	1.413882	1.065169	0.477578	-0.297530
0.869119	1.729638	0.206599	1.109140	0.787306	0.507944	-0.970086
0.328658	1.443311	-0.170189	0.686022	0.432228	0.435452	-1.532118
-0.196939	0.960789	-0.572587	0.191147	0.041406	0.258016	-1.890882
-0.619918	0.380774	-0.950240	-0.318118	-0.331941	-0.002169	-1.988981
-0.879082	-0.189891	-1.262152	-0.783974	-0.630399	-0.301459	-1.815667
-0.951689	-0.656760	-1.483431	-1.158318	-0.802389	-0.582755	-1.409170
-0.857083	-0.954785	-1.608370	-1.410482	-0.812949	-0.786844	-0.849312
-0.650894	-1.058561	-1.649183	-1.531207	-0.652707	-0.865081	-0.241741
-0.411196	-0.983854	-1.631026	-1.532112	-0.343102	-0.790339	0.302910
-0.219584	-0.780497	-1.584500	-1.440988	0.064216	-0.563961	0.690934
-0.141585	-0.518510	-1.537347	-1.294200	0.494171	-0.217003	0.863572
-0.210629	-0.270636	-1.507246	-1.127948	0.860715	0.194630	0.807824
-0.419384	-0.095314	-1.497234	-0.970447	1.082852	0.600354	0.557418
-0.720530	-0.023737	-1.494704	-0.836819	1.101244	0.928167	0.184104
-1.036879	-0.053748	-1.474265	-0.727654	0.891895	1.118543	-0.218918
-1.278659	-0.151724	-1.403711	-0.631586	0.473748	1.135887	-0.557689
-1.364123	-0.261814	-1.251873	-0.530889	-0.091756	0.975347	-0.757699
-1.239024	-0.320229	-0.996841	-0.408773	-0.709817	0.663578	-0.779292
-0.890340	-0.271331	-0.632596	-0.256184	-1.268774	0.253382	-0.624789
-0.351282	-0.081840	-0.172968	-0.076424	-1.660991	-0.186448	-0.336046
0.303667	0.250009	0.348167	0.113781	-1.804089	-0.584097	0.016958
0.972734	0.692272	0.880520	0.287263	-1.658262	-0.877560	0.353663
1.546856	1.184543	1.364257	0.412804	-1.235856	-1.025037	0.602539
1.931405	1.649320	1.739011	0.463428	-0.601043	-1.010742	0.718058
2.064879	2.007054	1.953554	0.424551	0.140855	-0.845393	0.691232
1.930813	2.191613	1.974406	0.299875	0.862318	-0.561631	0.551121
1.560174	2.162924	1.792090	0.113159	1.437477	-0.205783	0.357050
1.024218	1.914302	1.423860	-0.094885	1.766050	0.171974	0.183359
0.419296	1.473242	0.912452	-0.274160	1.792530	0.526873	0.100277
-0.152765	0.895775	0.321066	-0.375940	1.516809	0.826231	0.155450
-0.604451	0.255935	-0.274893	-0.364355	0.993987	1.052392	0.360635
-0.878315	-0.367284	-0.797979	-0.225952	0.323369	1.201915	0.686703
-0.955427	-0.902712	-1.179396	0.025081	-0.370940	1.281602	1.068400
-0.855275	-1.297136	-1.368614	0.347590	-0.964124	1.302848	1.417957
-0.627415	-1.521068	-1.340584	0.680310	-1.354297	1.276250	1.644536
-0.337526	-1.569706	-1.099345	0.953916	-1.481059	1.207809	1.675186
-0.051090	-1.459609	-0.677503	1.105706	-1.335367	1.097839	1.472375
0.181034	-1.222495	-0.131567	1.093935	-0.958874	0.942611	1.044166
0.332308	-0.898085	0.466297	0.908504	-0.433324	0.738278	0.444471
0.403106	-0.527630	1.038809	0.575444	0.137466	0.485451	-0.236905
0.416292	-0.149388	1.515074	0.153732	0.649164	0.193071	-0.892179
0.407337	0.203528	1.840973	-0.275129	1.017127	-0.119742	-1.417711
0.411656	0.503338	1.987032	-0.622998	1.191393	-0.425021	-1.735357
0.452738	0.726805	1.952293	-0.813212	1.163383	-0.690097	-1.808278
0.534234	0.854629	1.763517	-0.797126	0.963517	-0.883983	-1.647677
0.637916	0.872078	1.469688	-0.565443	0.650742	-0.984388	-1.309025
0.728137	0.771178	1.132838	-0.151624	0.296851	-0.983629	-0.878652
0.761546	0.554160	0.816573	0.373459	-0.030669	-0.891842	-0.453651
0.699561	0.237109	0.574396	0.915032	-0.283202	-0.736330	-0.119965
0.520237	-0.147693	0.440070	1.373188	-0.439883	-0.557146	0.066638
0.226501	-0.552205	0.421721	1.663283	-0.509083	-0.399452	0.092113
-0.151603	-0.916810	0.501054	1.733555	-0.522617	-0.304318	-0.014219
-0.561451	-1.178265	0.637745	1.576126	-0.524526	-0.299996	-0.188476
-0.938240	-1.280559	0.778485	1.229090	-0.557394	-0.395712	-0.349166
-1.218943	-1.186586	0.868686	0.768906	-0.649746	-0.579232	-0.418472
-1.356440	-0.888171	0.864720	0.294672	-0.807651	-0.819052	-0.342849
-1.330506	-0.411810	0.744031	-0.092453	-1.012435	-1.070660	-0.107957
-1.152946	0.181786	0.510873	-0.310532	-1.224941	-1.285453	0.255485
-0.865458	0.805135	0.196403	-0.314103	-1.395095	-1.420423	0.676652
-0.530672	1.357689	-0.147230	-0.103982	-1.474329	-1.446493	1.059253
-0.218477	1.743553	-0.457651	0.272640	-1.427670	-1.353500	1.302796
0.009459	1.889903	-0.675892	0.731790	-1.242464	-1.150997	1.325649
0.113053	1.762275	-0.759900	1.169878	-0.931708	-0.864783	1.084699
0.082154	1.373324	-0.695061	1.484938	-0.531134	-0.530060	0.587154
-0.062139	0.782746	-0.499227	1.597294	-0.090924	-0.183074	-0.108414
-0.273513	0.087858	-0.220885	1.465378	0.335850	0.146595	-0.902051
-0.492220	-0.593720	0.069494	1.093482	0.705111	0.441495	-1.671464
-0.659893	-1.146117	0.293404	0.529951	0.990928	0.697927	-2.295950
-0.733606	-1.477588	0.380835	-0.143658	1.189912	0.923560	-2.680120
-0.695977	-1.538696	0.285886	-0.829742	1.319464	1.131862	-2.772209
-0.558656	-1.332305	-0.001852	-1.434436	1.410690	1.334840	-2.573023
-0.358506	-0.913196	-0.452893	-1.885645	1.497707	1.536137	-2.133740
-0.147351	-0.377122	-1.001580	-2.145419	1.606199	1.726554	-1.543143
0.022152	0.158664	-1.557564	-2.214374	1.744243	1.883353	-0.907285
0.111058	0.579422	-2.022906	-2.127354	1.897890	1.973934	-0.326124
0.105238	0.796575	-2.311472	-1.941851	2.032973	1.963121	0.127571
0.020399	0.766037	-2.366548	-1.722116	2.102613	1.822568	0.422343
-0.100612	0.497345	-2.172987	-1.522821	2.059123	1.539945	0.572306
-0.197859	0.051585	-1.761248	-1.376210	1.867041	1.125629	0.630597
-0.209171	-0.471434	-1.202199	-1.285700	1.514361	0.614920	0.673742
-0.086790	-0.954187	-0.593615	-1.227297	1.018840	0.064849	0.780630
0.188685	-1.286176	-0.041044	-1.158342	0.427554	-0.454167	1.011023
0.600176	-1.387234	0.363029	-1.031387	-0.190446	-0.870433	1.388469
1.094359	-1.224501	0.557510	-0.809544	-0.757149	-1.124480	1.891665
1.590459	-0.819569	0.524538	-0.479643	-1.201299	-1.181105	2.456290
1.995922	-0.244326	0.292373	-0.059676	-1.473387	-1.037368	2.986907
2.225755	0.393539	-0.071274	0.401501	-1.556328	-0.724758	3.376471
2.221239	0.972281	-0.474114	0.832375	-1.469263	-0.304711	3.529096
1.963719	1.380500	-0.819191	1.153332	-1.263340	0.141704	3.381188
1.480366	1.539152	-1.025644	1.294320	-1.010355	0.528092	2.916291
0.840324	1.416680	-1.045751	1.211671	-0.786505	0.778440	2.170605
0.141968	1.034381	-0.874828	0.900190	-0.654959	0.840824	1.227819
-0.506262	0.461103	-0.551661	0.397462	-0.651214	0.696992	0.204613
-1.007119	-0.201223	-0.149604	-0.220741	-0.774525	0.365575	-0.770105
-1.293588	-0.838062	0.239828	-0.853373	-0.987619	-0.101409	-1.577905
-1.341532	-1.344270	0.527308	-1.392821	-1.224843	-0.627930	-2.130750
-1.173115	-1.643177	0.645374	-1.745570	-1.407112	-1.127488	-2.384285
-0.850638	-1.699019	0.563492	-1.850476	-1.460293	-1.518226	-2.342084
-0.461946	-1.520577	0.294932	-1.690963	-1.333140	-1.736624	-2.050589
-0.100886	-1.155878	-0.105746	-1.298344	-1.010502	-1.747707	-1.586347
0.152897	-0.679594	-0.554137	-0.745768	-0.518909	-1.549974	-1.038775
0.250516	-0.176327	-0.953820	-0.133867	0.076967	-1.174506	-0.492465
0.183007	0.276518	-1.216665	0.428873	0.686315	-0.678865	-0.012679
-0.018415	0.622642	-1.281284	0.847038	1.210115	-0.137207	0.362969
-0.291161	0.834975	-1.125609	1.056262	1.561400	0.371659	0.625631
-0.556606	0.916802	-0.771016	1.034772	1.683279	0.776096	0.789539
-0.738561	0.896449	-0.277304	0.806287	1.560910	1.021539	0.881748
-0.780520	0.817256	0.270389	0.433971	1.224983	1.077338	0.930236
-0.657964	0.725660	0.779635	0.006871	0.745774	0.939901	0.953785
-0.383048	0.660170	1.169895	-0.378129	0.219220	0.632101	0.955990
-0.000811	0.643715	1.388487	-0.635254	-0.252255	0.199494	0.924972
0.421729	0.680612	1.420308	-0.705736	-0.579788	-0.295836	0.838633
0.811167	0.758403	1.289019	-0.567923	-0.705142	-0.782928	0.673652
1.103961	0.853415	1.050045	-0.239694	-0.611249	-1.190427	0.415817
1.259784	0.938313	0.776920	0.226670	-0.324036	-1.454908	0.068634
1.268926	0.989423	0.544296	0.755906	0.094208	-1.528484	-0.342353
1.152299	0.992061	0.411368	1.264718	0.558525	-1.385166	-0.770899
0.954287	0.942726	0.409417	1.677284	0.978936	-1.025213	-1.157264
0.730515	0.847949	0.535921	1.938319	1.277920	-0.476836	-1.439641
0.533555	0.720578	0.756454	2.021356	1.404547	0.205171	-1.567446
0.400070	0.574879	1.013603	1.931178	1.342176	0.944494	-1.513228
0.342645	0.422030	1.240569	1.700463	1.108610	1.651596	-1.280411
0.347884	0.267354	1.376524	1.381792	0.749347	2.234986	-0.904832
0.381283	0.110079	1.379965	1.036953	0.325510	2.614018	-0.449459
0.397417	-0.054532	1.237403	0.725796	-0.100114	2.731292	0.006787
0.352871	-0.231386	0.965540	0.496552	-0.476153	2.562962	0.383816
0.218488	-0.421516	0.606816	0.379236	-0.771625	2.124501	0.615639
-0.011937	-0.619145	0.219519	0.382661	-0.979322	1.470556	0.662975
-0.318783	-0.810952	-0.134926	0.495130	-1.113279	0.688401	0.520421
-0.660397	-0.977984	-0.404682	0.687929	-1.201202	-0.114742	0.216790
-0.982347	-1.099832	-0.557302	0.920857	-1.274158	-0.828537	-0.191366
-1.230288	-1.160042	-0.584560	1.148283	-1.356243	-1.357836	-0.631523
-1.362950	-1.151125	-0.501739	1.325174	-1.456781	-1.639159	-1.029767
-1.362413	-1.077787	-0.341674	1.412129	-1.566803	-1.652140	-1.324837
-1.238816	-0.957144	-0.145555	1.379360	-1.660832	-1.423404	-1.478893
-1.028724	-0.815647	0.047197	1.209506	-1.703122	-1.021799	-1.482846
-0.787031	-0.683246	0.207501	0.899286	-1.657038	-0.545588	-1.355408
-0.574626	-0.586155	0.321572	0.460301	-1.495046	-0.103577	-1.136477
-0.444441	-0.540069	0.391298	-0.081288	-1.206977	0.206066	-0.876665
-0.429282	-0.545634	0.430408	-0.686168	-0.804604	0.315264	-0.625554
-0.534202	-0.587577	0.457564	-1.304597	-0.321418	0.199968	-0.421362
-0.735130	-0.637933	0.488603	-1.880668	0.192520	-0.114796	-0.284231
-0.984200	-0.662826	0.530106	-2.357786	0.679254	-0.559571	-0.214428
-1.220401	-0.631253	0.576145	-2.685126	1.083525	-1.034360	-0.195428
-1.383053	-0.523709	0.609264	-2.824207	1.362807	-1.429014	-0.200692
-1.425166	-0.338439	0.605325	-2.754670	1.494794	-1.646110	-0.202202
-1.323425	-0.093510	0.541286	-2.478059	1.480722	-1.621449	-0.178474
-1.082751	0.176047	0.403519	-2.018949	1.344121	-1.338297	-0.119925
-0.734505	0.425695	0.194562	-1.422738	1.125289	-0.831802	-0.030378
-0.328801	0.611733	-0.063820	-0.750340	0.872830	-0.183087	0.075398
0.076969	0.702230	-0.332426	-0.070389	0.634088	0.496250	0.177429
0.430772	0.685724	-0.561278	0.549785	0.446496	1.085942	0.257700
0.696656	0.575449	-0.699920	1.052942	0.331335	1.480677	0.306655
0.861139	0.407734	-0.709241	1.398952	0.291173	1.610810	0.327184
0.934019	0.234598	-0.572063	1.568976	0.311009	1.455786	0.334871
0.943336	0.112024	-0.299905	1.566060	0.362686	1.047582	0.354120
0.926325	0.086461	0.065877	1.412412	0.411523	0.463554	0.411278
0.918279	0.182758	0.459266	1.143936	0.423564	-0.189605	0.526271
0.942558	0.396440	0.800423	0.803419	0.372267	-0.797494	0.705087
1.003897	0.692443	1.010199	0.433672	0.243278	-1.260548	0.935192
1.086905	1.010931	1.025474	0.072029	0.036879	-1.512712	1.185409
1.159961	1.279165	0.812248	-0.253122	-0.232137	-1.532589	1.410578
1.183593	1.427016	0.373685	-0.523238	-0.536836	-1.344869	1.560432
1.121235	1.402663	-0.248501	-0.728519	-0.841914	-1.012016	1.590635
0.949617	1.184927	-0.979936	-0.865500	-1.108532	-0.618432	1.473686
0.666294	0.789350	-1.725543	-0.934414	-1.299023	-0.250661	1.206972
0.292355	0.266468	-2.385330	-0.937258	-1.381426	0.021746	0.815928
-0.130448	-0.307566	-2.871082	-0.877166	-1.333176	0.160741	0.351289
-0.547443	-0.846007	-3.120722	-0.759252	-1.143957	0.166527	-0.119419
-0.902101	-1.268963	-3.107682	-0.592298	-0.817514	0.075228	-0.524397
-1.147575	-1.519432	-2.843788	-0.390603	-0.372323	-0.051464	-0.801688
-1.256233	-1.574315	-2.375299	-0.174868	0.159101	-0.142289	-0.911745
-1.224917	-1.448000	-1.773165	0.028596	0.732350	-0.134104	-0.845747
-1.074771	-1.187764	-1.119710	0.190815	1.294929	0.012722	-0.627660
-0.845651	-0.862049	-0.494423	0.284896	1.791686	0.304682	-0.309488
-0.586683	-0.544428	0.038464	0.291666	2.171299	0.713387	0.039444
-0.344980	-0.296898	0.438248	0.205018	2.393350	1.181712	0.347028
-0.155429	-0.156404	0.690833	0.035269	2.434661	1.636555	0.553564
-0.033749	-0.127635	0.806487	-0.190444	2.293876	2.004760	0.624390
0.025594	-0.183676	0.813159	-0.431467	1.993191	2.228875	0.557150
0.046179	-0.274237	0.747445	-0.640368	1.576206	2.278875	0.382108
0.062204	-0.339409	0.645153	-0.771887	1.102149	2.157576	0.155251
0.108570	-0.325611	0.533685	-0.792481	0.636609	1.898393	-0.054324
0.211078	-0.199836	0.427712	-0.688204	0.240647	1.556611	-0.180133
0.379178	0.041157	0.328787	-0.469067	-0.040287	1.195967	-0.173747
0.602851	0.368951	0.228592	-0.168631	-0.185025	0.874157	-0.016662
0.854518	0.729309	0.114797	0.161529	-0.201313	0.630462	0.274097
1.095400	1.054319	-0.022134	0.461481	-0.124979	0.478432	0.647879
1.284589	1.277995	-0.183017	0.675067	-0.013342	0.404992	1.029536
1.388797	1.351584	-0.356343	0.761715	0.066210	0.376239	1.334012
1.390167	1.255020	-0.517981	0.705574	0.050315	0.347974	1.483409
1.290377	1.001775	-0.634353	0.519666	-0.105926	0.278517	1.423042
1.110000	0.636114	-0.668549	0.244097	-0.417612	0.140525	1.133207
0.883434	0.223423	-0.587964	-0.061680	-0.864063	-0.071247	0.634252
0.650587	-0.164033	-0.372171	-0.330875	-1.389931	-0.337895	-0.015997
0.447554	-0.462484	-0.019051	-0.503339	-1.913731	-0.620681	-0.732015
0.298537	-0.629571	0.451822	-0.538337	-2.342329	-0.870609	-1.415487
0.211045	-0.651879	0.999644	-0.423445	-2.588988	-1.040918	-1.972434
0.175553	-0.545497	1.566505	-0.177486	-2.591227	-1.099440	-2.329113
0.169568	-0.349774	2.084871	0.153207	-2.325185	-1.037788	-2.443807
0.165118	-0.116080	2.487048	0.504494	-1.812997	-0.875094	-2.312317
0.137409	0.105450	2.715265	0.807968	-1.121588	-0.655247	-1.966445
0.072606	0.277696	2.730660	1.005517	-0.352683	-0.438151	-1.466110
-0.027578	0.384085	2.519771	1.061530	0.374482	-0.286852	-0.887024
-0.145783	0.429944	2.097496	0.970236	0.944440	-0.253438	-0.306568
-0.253509	0.437691	1.505945	0.756399	1.266882	-0.366946	0.209212
-0.319298	0.437357	0.809312	0.469341	1.293742	-0.625952	0.615044
-0.318355	0.455272	0.085515	0.171522	1.028764	-0.997585	0.890826
-0.241320	0.504089	-0.584283	-0.075657	0.527309	-1.423242	1.040491
-0.099549	0.577218	-1.126759	-0.225710	-0.113550	-1.829901	1.086258
0.074700	0.649291	-1.486495	-0.257404	-0.772959	-2.144394	1.059918
0.233614	0.682887	-1.633566	-0.179328	-1.328685	-2.307819	0.993513
0.324000	0.639776	-1.567521	-0.027602	-1.679823	-2.286898	0.911484
0.299885	0.493841	-1.317090	0.142632	-1.765163	-2.079964	0.826019
0.134931	0.241921	-0.935618	0.270144	-1.573803	-1.716502	0.736443
-0.168516	-0.090515	-0.492776	0.301927	-1.146001	-1.250399	0.632454
-0.576117	-0.451066	-0.063857	0.205665	-0.564075	-0.748755	0.499981
-1.025129	-0.769613	0.281828	-0.022335	0.064644	-0.278397	0.328068
-1.434757	-0.973418	0.491668	-0.355589	0.629364	0.106555	0.114887
-1.721193	-1.004643	0.537707	-0.742528	1.037428	0.373840	-0.128864
-1.814593	-0.836090	0.420782	-1.117074	1.231872	0.517036	-0.379945
-1.674192	-0.481053	0.169799	-1.412170	1.201280	0.553905	-0.606296
-1.298510	0.005639	-0.163536	-1.573461	0.980368	0.519786	-0.773342
-0.728115	0.536283	-0.513886	-1.569842	0.641136	0.457890	-0.851825
-0.040217	1.007284	-0.813660	-1.398896	0.276856	0.408799	-0.824969
0.664036	1.320930	-1.004838	-1.085961	-0.018016	0.401631	-0.693509
1.277212	1.407091	-1.048917	-0.677508	-0.167453	0.448677	-0.477140
1.704554	1.239759	-0.933465	-0.230266	-0.129421	0.544556	-0.212084
1.880710	0.844284	-0.673923	0.200946	0.095995	0.669621	0.055067
1.780766	0.293188	-0.310377	0.574119	0.467152	0.796692	0.275816
1.423697	-0.308894	0.099999	0.867010	0.909932	0.899007	0.408954
0.867518	-0.848096	0.493471	1.078851	1.333267	0.957570	0.428550
0.197629	-1.226880	0.811263	1.226593	1.647743	0.965971	0.329131
-0.489294	-1.386463	1.009711	1.336897	1.783548	0.931676	0.126905
-1.102383	-1.320642	1.067317	1.436043	1.704266	0.873479	-0.143126
-1.571234	-1.077573	0.987349	1.540506	1.413615	0.816028	-0.433648
-1.855533	-0.748611	0.795583	1.650470	0.954266	0.782831	-0.693757
-1.947979	-0.446556	0.533879	1.748275	0.399127	0.789416	-0.878224
-1.870670	-0.277986	0.250991	1.802001	-0.162950	0.838724	-0.955495
-1.666354	-0.316198	-0.007373	1.773555	-0.644019	0.919508	-0.912907
-1.386890	-0.581098	-0.207127	1.629222	-0.973020	1.008477	-0.758236
-1.081754	-1.031190	-0.331266	1.350171	-1.107895	1.075508	-0.517444
-0.789201	-1.569994	-0.381207	0.940174	-1.041632	1.090847	-0.229247
-0.531549	-2.065983	-0.373891	0.428542	-0.801483	1.032433	0.062337
-0.315396	-2.381903	-0.335527	-0.132655	-0.441866	0.891839	0.315881
-0.135743	-2.407018	-0.293638	-0.676821	-0.032762	0.677128	0.499365
0.017472	-2.084865	-0.269270	-1.134783	0.353814	0.412132	0.594643
0.152557	-1.429899	-0.271442	-1.448017	0.656494	0.132165	0.598974
0.271200	-0.528819	-0.294917	-1.580264	0.834124	-0.123088	0.523480
0.366715	0.474445	-0.322156	-1.524978	0.870468	-0.317665	0.389229
0.425927	1.407132	-0.328634	-1.306965	0.773748	-0.427013	0.221865
0.434006	2.103600	-0.290399	-0.977775	0.571680	-0.443394	0.046138
0.380724	2.440925	-0.191898	-0.605741	0.303423	-0.377935	-0.118545
0.266169	2.366167	-0.032063	-0.262809	0.010594	-0.258858	-0.260721
0.103911	1.909093	0.172964	-0.010758	-0.270818	-0.126218	-0.377145
-0.079370	1.177102	0.391436	0.110299	-0.515776	-0.024269	-0.470992
-0.248292	0.333174	0.581556	0.088865	-0.712227	0.007153	-0.548631
-0.366277	-0.438553	0.700238	-0.056808	-0.859670	-0.059648	-0.615791
-0.404323	-0.972184	0.712744	-0.283499	-0.965225	-0.234685	-0.674340
-0.348980	-1.155807	0.601350	-0.532440	-1.038475	-0.508027	-0.720345
-0.207133	-0.955546	0.370777	-0.741534	-1.086554	-0.851165	-0.744003
-0.006259	-0.422663	0.048991	-0.857614	-1.111040	-1.221606	-0.731558
0.210421	0.318099	-0.316856	-0.846490	-1.107051	-1.569811	-0.668689
0.393044	1.096341	-0.668889	-0.698861	-1.064993	-1.847069	-0.544698
0.496572	1.733845	-0.949431	-0.431306	-0.974183	-2.013014	-0.356357
0.492034	2.084104	-1.112247	-0.082379	-0.827266	-2.041374	-0.110629
0.374761	2.064591	-1.131581	0.295076	-0.624195	-1.923192	0.174569
0.167563	1.674712	-1.007083	0.643583	-0.374587	-1.667086	0.471933
-0.082351	0.995311	-0.763553	0.910920	-0.097654	-1.296821	0.748421
-0.312239	0.170009	-0.445476	1.058217	0.180368	-0.846775	0.970441
-0.456926	-0.627446	-0.107577	1.065303	0.430858	-0.356282	1.109678
-0.463239	-1.232356	0.196467	0.932515	0.628324	0.136094	1.148373
-0.302626	-1.525926	0.424758	0.679212	0.755735	0.597332	1.083080
0.020837	-1.461421	0.554979	0.339777	0.808097	1.003125	0.926025
0.469158	-1.073766	0.587629	-0.042016	0.793596	1.339094	0.703786
0.976373	-0.470447	0.543973	-0.419123	0.731873	1.600065	0.453400
1.460537	0.194072	0.459432	-0.746931	0.649739	1.787759	0.216512
1.839562	0.754609	0.373906	-0.987986	0.575253	1.907689	0.032551
2.047429	1.073746	0.321416	-1.115482	0.531506	1.965791	-0.067812
0.001228	0.000568	0.000311	-0.000707	0.000290	0.001110	-0.000016
