X1	X2	X3	X4	X5	X6	X7
0.217923	-0.702245	0.803208	1.508520	-0.082279	0.358922	1.234248
0.116638	-0.636560	0.615589	1.315295	-0.193236	0.346868	1.051753
-0.052694	-0.505909	0.281002	0.960490	-0.382921	0.326662	0.720613
-0.232636	-0.313645	-0.128086	0.502190	-0.594059	0.305100	0.302349
-0.357321	-0.068840	-0.523104	0.015391	-0.757082	0.290013	-0.125093
-0.371030	0.210624	-0.818473	-0.420276	-0.805707	0.288219	-0.481503
-0.244728	0.496438	-0.949846	-0.733535	-0.692050	0.303578	-0.698967
0.013621	0.750750	-0.887574	-0.873029	-0.397900	0.335965	-0.734082
0.357995	0.930219	-0.642456	-0.815544	0.060059	0.381059	-0.575704
0.712972	0.992816	-0.262692	-0.569617	0.632260	0.431439	-0.246805
0.990433	0.906321	0.177126	-0.173965	1.244907	0.478269	0.199734
1.110524	0.656694	0.592302	0.308936	1.813377	0.513552	0.690556
1.021902	0.254315	0.905992	0.802977	2.257458	0.531916	1.144704
0.716262	-0.263700	1.064743	1.230517	2.515308	0.531730	1.487470
0.233589	-0.836245	1.048310	1.524488	2.553269	0.515035	1.662816
-0.343769	-1.386050	0.871843	1.638507	2.369856	0.486188	1.642127
-0.907037	-1.831575	0.580255	1.553423	1.993386	0.449705	1.427956
-1.343860	-2.100921	0.236450	1.279377	1.474302	0.407654	1.052280
-1.562910	-2.145118	-0.093673	0.853190	0.874200	0.357547	0.569799
-1.514803	-1.948054	-0.355782	0.331712	0.254198	0.291369	0.047845
-1.204446	-1.530893	-0.517999	-0.217615	-0.334718	0.196343	-0.445286
-0.691732	-0.949780	-0.575715	-0.727320	-0.857508	0.057463	-0.851280
-0.080268	-0.286991	-0.549603	-1.139802	-1.296166	-0.138400	-1.130280
0.503811	0.362961	-0.477658	-1.415053	-1.646452	-0.397710	-1.265480
0.938289	0.909749	-0.403577	-1.535051	-1.911820	-0.715787	-1.263411
1.131009	1.282991	-0.364446	-1.504396	-2.096485	-1.073956	-1.150239
1.039872	1.444322	-0.380921	-1.347372	-2.199981	-1.439262	-0.965076
0.682333	1.393383	-0.452152	-1.102228	-2.214879	-1.767335	-0.751854
0.132264	1.166580	-0.556633	-0.813874	-2.128274	-2.008351	-0.551281
-0.495314	0.828911	-0.658455	-0.526349	-1.926938	-2.115264	-0.394437
-1.068166	0.460561	-0.717267	-0.276384	-1.604396	-2.053016	-0.298819
-1.464453	0.140965	-0.699210	-0.088942	-1.168003	-1.806822	-0.267394
-1.598069	-0.066359	-0.586080	0.024673	-0.643709	-1.387712	-0.290270
-1.436159	-0.125255	-0.380337	0.066216	-0.076635	-0.834013	-0.348426
-1.005331	-0.032406	-0.104779	0.047819	0.473238	-0.207826	-0.418406
-0.385242	0.184040	0.202880	-0.011990	0.940012	0.413300	-0.477053
0.308740	0.472238	0.499072	-0.092599	1.263686	0.948168	-0.505309
0.949973	0.768864	0.744670	-0.175193	1.402419	1.325470	-0.490682
1.426685	1.013149	0.913746	-0.245462	1.342382	1.496377	-0.428148
1.664154	1.159609	0.998659	-0.294915	1.102695	1.443822	-0.319777
1.638313	1.186838	1.010085	-0.320757	0.733900	1.186345	-0.173463
1.378170	1.100629	0.972191	-0.324690	0.309863	0.775701	-0.001321
0.956885	0.930917	0.914242	-0.311105	-0.085657	0.288141	0.181835
0.473865	0.723475	0.861125	-0.285262	-0.375107	-0.189033	0.359704
0.032115	0.528404	0.825310	-0.251838	-0.502680	-0.573259	0.515396
-0.283951	0.388078	0.802722	-0.214186	-0.445921	-0.801792	0.632167
-0.425472	0.327292	0.773714	-0.174324	-0.220772	-0.843161	0.694359
-0.387247	0.347767	0.709135	-0.133472	0.121128	-0.702544	0.688676
-0.205667	0.428226	0.580012	-0.092867	0.502624	-0.420004	0.605962
0.052620	0.529833	0.368283	-0.054483	0.836729	-0.061689	0.443309
0.308393	0.605715	0.075640	-0.021370	1.044546	0.294187	0.206015
0.489450	0.612298	-0.272235	0.002552	1.071780	0.573801	-0.091010
0.547670	0.519847	-0.627590	0.013212	0.900333	0.723253	-0.423126
0.469542	0.319810	-0.928902	0.007484	0.552475	0.719947	-0.757474
0.278100	0.027272	-1.113909	-0.015692	0.086690	0.577205	-1.056209
0.026018	-0.321933	-1.134641	-0.054432	-0.413993	0.341241	-1.281319
-0.218227	-0.678843	-0.970816	-0.103549	-0.858785	0.080848	-1.400200
-0.387607	-0.991919	-0.638168	-0.154861	-1.167543	-0.127995	-1.391165
-0.433193	-1.218130	-0.189278	-0.198149	-1.286906	-0.219480	-1.247721
-0.336163	-1.332051	0.293949	-0.222572	-1.200962	-0.153467	-0.980667
-0.112600	-1.330940	0.715057	-0.218283	-0.934122	0.074178	-0.617446
0.190022	-1.234644	0.982256	-0.177931	-0.545812	0.428816	-0.198570
0.503607	-1.080390	1.028018	-0.097762	-0.118069	0.842698	0.228369
0.754908	-0.913652	0.824762	0.021812	0.261200	1.227997	0.616121
0.882019	-0.777155	0.392967	0.176261	0.515823	1.494670	0.925254
0.848186	-0.700587	-0.200404	0.357449	0.596237	1.569557	1.130346
0.649777	-0.693282	-0.853243	0.554482	0.488633	1.412576	1.223607
0.316794	-0.741651	-1.447286	0.754626	0.216697	1.026722	1.215247
-0.093977	-0.811949	-1.870981	0.944214	-0.164227	0.459438	1.130458
-0.511490	-0.857866	-2.041485	1.109350	-0.578954	-0.204910	1.003672
-0.865652	-0.831339	-1.921145	1.236551	-0.947742	-0.860246	0.871157
-1.101728	-0.694249	-1.524999	1.313341	-1.201767	-1.398606	0.763570
-1.190866	-0.428451	-0.917678	1.329014	-1.295606	-1.730609	0.699848
-1.134454	-0.041987	-0.200383	1.275603	-1.214431	-1.802511	0.683794
-0.961798	0.429991	0.509251	1.149120	-0.974801	-1.606366	0.703956
-0.721827	0.929821	1.100129	0.950877	-0.619343	-1.181376	0.736762
-0.471111	1.386645	1.488588	0.688657	-0.206869	-0.606183	0.752227
-0.261074	1.728624	1.632923	0.377349	0.199711	0.016221	0.720982
-0.127328	1.895657	1.538617	0.038684	0.544876	0.577809	0.621075
-0.083490	1.850191	1.253506	-0.300184	0.789269	0.985070	0.443125
-0.120593	1.584029	0.854308	-0.609296	0.914029	1.175150	0.192760
-0.211811	1.120063	0.427840	-0.859536	0.920477	1.125219	-0.110092
-0.321115	0.508663	0.051283	-1.026802	0.825814	0.853894	-0.434915
-0.413387	-0.180350	-0.223960	-1.096033	0.656317	0.414578	-0.746379
-0.463526	-0.868486	-0.381345	-1.064312	0.440184	-0.117199	-1.010980
-0.462181	-1.480089	-0.439366	-0.942338	0.201724	-0.659576	-1.203077
-0.416942	-1.952439	-0.443075	-0.753791	-0.041745	-1.139715	-1.309148
-0.348771	-2.242931	-0.449395	-0.532477	-0.279821	-1.505567	-1.329414
-0.284808	-2.332374	-0.509832	-0.317509	-0.506304	-1.731945	-1.276711
-0.249506	-2.224404	-0.654943	-0.147274	-0.715107	-1.819997	-1.172989
-0.256486	-1.941730	-0.884372	-0.053149	-0.896281	-1.791082	-1.044308
-0.303267	-1.520412	-1.164880	-0.054048	-1.033831	-1.676884	-0.915564
-0.370351	-1.003613	-1.436962	-0.152865	-1.106242	-1.508756	-0.806028
-0.425050	-0.436099	-1.628476	-0.335478	-1.089954	-1.308964	-0.726599
-0.429155	0.139713	-1.672117	-0.572609	-0.965100	-1.085970	-0.679116
-0.348812	0.685874	-1.522604	-0.824275	-0.722110	-0.834852	-0.657658
-0.164126	1.169478	-1.169530	-1.046140	-0.367357	-0.542394	-0.651237
0.123748	1.562386	-0.642663	-1.196623	0.073868	-0.195226	-0.647043
0.489939	1.840955	-0.008409	-1.243621	0.558276	0.211332	-0.633374
0.888368	1.986417	0.642026	-1.169653	1.029654	0.666457	-0.601598
1.259194	1.986292	1.210237	-0.974585	1.427464	1.140959	-0.546754
1.539707	1.836678	1.610112	-0.675548	1.697311	1.589656	-0.467055
1.676463	1.544835	1.785049	-0.304158	1.801166	1.958513	-0.362599
1.636152	1.131160	1.719010	0.098416	1.725030	2.195257	-0.234085
1.412922	0.629661	1.439201	0.487608	1.482323	2.260821	-0.082128
1.030568	0.086186	1.009717	0.821764	1.111987	2.138967	0.092444
0.539181	-0.445767	0.517786	1.067640	0.671605	1.841575	0.287303
0.006811	-0.911272	0.055628	1.204293	0.226794	1.408129	0.496705
-0.492113	-1.261413	-0.297984	1.224922	-0.160937	0.899417	0.709792
-0.889406	-1.460428	-0.492550	1.136687	-0.445254	0.386345	0.909875
-1.134298	-1.491266	-0.513840	0.958737	-0.602716	-0.063269	1.075448
-1.201163	-1.358307	-0.383709	0.719020	-0.635480	-0.397486	1.183251
-1.092478	-1.086485	-0.152025	0.450504	-0.568397	-0.589302	1.213055
-0.836617	-0.716959	0.117124	0.187333	-0.441410	-0.640237	1.153370
-0.481313	-0.300014	0.361492	-0.038610	-0.298827	-0.577687	1.006650
-0.084190	0.113411	0.535238	-0.200532	-0.178225	-0.446530	0.792582
0.297580	0.479840	0.618651	-0.278864	-0.101335	-0.297302	0.548094
0.616595	0.769397	0.620829	-0.262790	-0.069306	-0.173713	0.323357
0.841681	0.968743	0.574953	-0.151207	-0.063304	-0.102405	0.173956
0.960664	1.080356	0.527438	0.046842	-0.050420	-0.087660	0.150208
0.979253	1.118374	0.523765	0.312357	0.006477	-0.112050	0.285688
0.916689	1.102287	0.594557	0.617325	0.137365	-0.142954	0.587244
0.799345	1.049986	0.745327	0.926654	0.354794	-0.143276	1.028999
0.653936	0.972020	0.952592	1.201195	0.647491	-0.083466	1.552223
0.501800	0.868618	1.167424	1.401807	0.979438	0.048169	2.071846
0.355379	0.730259	1.325818	1.494186	1.295136	0.239702	2.489224
0.217488	0.541840	1.363619	1.453929	1.530054	0.456093	2.709150
0.083355	0.289445	1.232691	1.271005	1.624321	0.646192	2.658279
-0.055358	-0.031926	0.914522	0.952864	1.536553	0.754675	2.301298
-0.205558	-0.411779	0.428109	0.525363	1.254910	0.736429	1.651481
-0.368135	-0.820541	-0.169974	0.031016	0.802612	0.569666	0.773010
-0.534898	-1.210468	-0.793681	-0.475507	0.236495	0.264579	-0.226017
-0.687898	-1.521307	-1.342335	-0.934250	-0.361487	-0.134997	-1.209318
-0.801355	-1.690175	-1.719348	-1.288281	-0.898357	-0.557675	-2.034394
-0.846105	-1.663816	-1.851067	-1.492197	-1.287120	-0.917618	-2.577001
-0.795510	-1.410792	-1.701870	-1.519439	-1.463241	-1.132020	-2.753593
-0.631907	-0.931042	-1.282442	-1.367070	-1.397347	-1.139178	-2.537433
-0.352095	-0.260404	-0.649439	-1.057070	-1.101385	-0.913259	-1.965111
0.029233	0.531290	0.103453	-0.633772	-0.626930	-0.472178	-1.131868
0.479037	1.348718	0.861384	-0.157705	-0.055944	0.123300	-0.176334
0.948838	2.085036	1.508109	0.303273	0.514345	0.779602	0.742791
1.380658	2.638900	1.945895	0.684126	0.989322	1.387474	1.473931
1.715265	2.931522	2.111815	0.932413	1.294192	1.842989	1.898701
1.901420	2.920432	1.987570	1.016103	1.387037	2.067835	1.952070
1.904519	2.607311	1.601076	0.928110	1.265271	2.024837	1.632858
1.713206	2.038164	1.019918	0.686859	0.964239	1.725192	1.002700
1.342590	1.295691	0.338086	0.332820	0.548562	1.225949	0.173713
0.833328	0.485195	-0.341294	-0.078343	0.098020	0.618242	-0.712628
0.246530	-0.283445	-0.923849	-0.484822	-0.308912	0.008643	-1.511423
-0.344951	-0.914312	-1.339340	-0.828386	-0.610510	-0.502264	-2.100123
-0.867514	-1.341001	-1.551798	-1.063207	-0.773074	-0.839718	-2.399384
-1.258344	-1.536358	-1.562945	-1.162419	-0.795880	-0.968798	-2.385233
-1.475532	-1.514638	-1.408802	-1.121455	-0.708999	-0.899830	-2.090620
-1.505050	-1.325862	-1.150485	-0.957813	-0.564679	-0.684181	-1.596382
-1.363162	-1.043742	-0.861261	-0.707403	-0.424418	-0.401631	-1.013792
-1.093803	-0.749721	-0.612528	-0.418244	-0.344526	-0.142135	-0.462317
-0.761146	-0.516412	-0.461220	-0.142562	-0.363456	0.013802	-0.046987
-0.438589	-0.393754	-0.440793	0.071446	-0.493457	0.012125	0.160318
-0.195995	-0.400576	-0.557083	0.186991	-0.718297	-0.164214	0.132336
-0.087398	-0.523030	-0.789316	0.184110	-0.997373	-0.493009	-0.111122
-0.141364	-0.719908	-1.095666	0.062559	-1.275122	-0.919072	-0.509651
-0.355874	-0.933445	-1.421915	-0.158276	-1.493602	-1.367340	-0.975898
-0.698549	-1.103110	-1.711496	-0.442219	-1.605359	-1.759631	-1.413338
-1.112351	-1.179292	-1.914953	-0.741559	-1.583862	-2.031122	-1.734503
-1.525684	-1.133991	-1.997368	-1.003904	-1.429187	-2.143028	-1.876178
-1.865049	-0.966353	-1.942580	-1.179764	-1.167896	-2.088631	-1.809006
-2.067903	-0.702029	-1.753952	-1.229866	-0.847172	-1.891919	-1.540035
-2.093452	-0.386687	-1.451931	-1.131177	-0.524636	-1.599247	-1.108475
-1.929292	-0.075478	-1.069125	-0.880836	-0.256135	-1.266610	-0.576037
-1.592883	0.179252	-0.644194	-0.497389	-0.084109	-0.945519	-0.014244
-1.127657	0.339073	-0.215652	-0.018993	-0.029074	-0.671220	0.508557
-0.594709	0.387046	0.183313	0.501243	-0.085959	-0.455785	0.938011
-0.061842	0.330123	0.528183	1.002298	-0.225950	-0.287803	1.240579
0.407856	0.196044	0.804413	1.423728	-0.403342	-0.138439	1.405625
0.765701	0.025593	1.006676	1.714382	-0.565736	0.027816	1.443060
0.983603	-0.137827	1.136647	1.840040	-0.665388	0.240501	1.377606
1.055933	-0.258823	1.200001	1.788670	-0.669113	0.511963	1.241420
0.996992	-0.318344	1.203445	1.572296	-0.564849	0.830576	1.066822
0.835204	-0.317733	1.152563	1.225064	-0.363418	1.160190	0.880552
0.605612	-0.277585	1.050922	0.797600	-0.095371	1.446309	0.700509
0.342553	-0.231763	0.900618	0.348531	0.196269	1.627622	0.535135
0.074241	-0.217912	0.704076	-0.065446	0.465594	1.650500	0.385046
-0.179670	-0.266797	0.466598	-0.399162	0.673562	1.482889	0.245998
-0.407406	-0.392976	0.198877	-0.626429	0.795812	1.124507	0.112273
-0.601812	-0.589105	-0.081259	-0.743872	0.826833	0.610596	-0.020503
-0.755947	-0.825301	-0.348603	-0.770229	0.779775	0.008253	-0.153652
-0.859148	-1.053928	-0.572218	-0.741158	0.682092	-0.594314	-0.284969
-0.895143	-1.218840	-0.719000	-0.700411	0.568203	-1.103427	-0.409299
-0.843141	-1.267240	-0.758694	-0.689108	0.470973	-1.437429	-0.519654
-0.682006	-1.161487	-0.669653	-0.735291	0.413931	-1.542236	-0.608366
-0.396708	-0.888361	-0.444057	-0.846012	0.406180	-1.401892	-0.667867
0.014593	-0.463636	-0.091656	-1.003781	0.440889	-1.041744	-0.690958
0.534859	0.069099	0.359175	-1.168434	0.497830	-0.523738	-0.670625
1.125721	0.645264	0.863489	-1.284323	0.549116	0.065333	-0.599889
1.729674	1.190401	1.365042	-1.291640	0.566788	0.630081	-0.471946
2.277052	1.633424	1.804146	-1.139738	0.530456	1.084123	-0.281073
2.697053	1.919214	2.126939	-0.799701	0.433088	1.365356	-0.024264
2.930661	2.018138	2.294412	-0.273542	0.283603	1.446104	0.296541
2.942902	1.930575	2.289498	0.402173	0.105752	1.336275	0.672212
2.731607	1.685670	2.120800	1.159318	-0.066677	1.079257	1.084842
2.330351	1.334685	1.821888	1.907624	-0.196998	0.741568	1.507453
1.804513	0.940493	1.446044	2.548938	-0.253682	0.398818	1.905523
1.240558	0.565399	1.057165	2.993756	-0.217394	0.120813	2.240361
0.730460	0.259859	0.718285	3.176859	-0.085412	-0.041190	2.473934
0.354135	0.054221	0.479819	3.068999	0.127438	-0.062704	2.574440
0.163420	-0.044887	0.369727	2.682325	0.391667	0.051660	2.521472
0.171175	-0.053192	0.387649	2.068424	0.668982	0.271601	2.309793
0.347861	-0.002964	0.504311	1.309305	0.919930	0.549245	1.950833
0.626790	0.065729	0.666559	0.503155	1.111433	0.829933	1.471524
0.917165	0.114676	0.807341	-0.252420	1.222693	1.063185	0.910636
1.122615	0.115937	0.858896	-0.876305	1.248078	1.211789	0.313283
1.161411	0.057431	0.766674	-1.315955	1.196534	1.257205	-0.275277
0.984235	-0.055399	0.501425	-1.553395	1.087829	1.200681	-0.815320
0.585766	-0.201804	0.066868	-1.604296	0.946598	1.060308	-1.276774
0.007409	-0.351094	-0.498524	-1.510675	0.795780	0.865118	-1.641049
-0.669527	-0.469720	-1.126349	-1.329120	0.651121	0.647840	-1.900440
-1.339054	-0.528430	-1.728948	-1.117333	0.518075	0.437866	-2.055627
-1.891142	-0.507912	-2.214145	-0.921956	0.391893	0.256183	-2.112154
-2.233559	-0.401912	-2.501356	-0.770307	0.260804	0.112787	-2.077022
-2.310477	-0.217454	-2.536230	-0.667558	0.111445	0.007083	-1.956400
-2.113971	0.027605	-2.300987	-0.599640	-0.064902	-0.069403	-1.755201
-1.685950	0.308667	-1.818630	-0.540760	-0.267082	-0.128892	-1.478527
-1.110163	0.599082	-1.150138	-0.463391	-0.481290	-0.182909	-1.134541
-0.495824	0.874169	-0.385194	-0.348014	-0.681815	-0.238769	-0.737695
0.043819	1.113823	0.371977	-0.190133	-0.835414	-0.297634	-0.311165
0.413456	1.303317	1.019044	-0.002714	-0.908523	-0.354440	0.112741
0.553944	1.432591	1.471436	0.186562	-0.875784	-0.399778	0.494833
0.452938	1.494646	1.674909	0.342492	-0.727847	-0.422725	0.793959
0.145993	1.483978	1.612812	0.432149	-0.476465	-0.414289	0.973930
-0.291958	1.395828	1.306912	0.434698	-0.155338	-0.370287	1.011006
-0.762879	1.226782	0.812110	0.348601	0.183901	-0.293255	0.900255
-1.166031	0.976702	0.206113	0.194160	0.480171	-0.192798	0.659105
-1.418358	0.651436	-0.423781	0.010459	0.674398	-0.084500	0.326840
-1.470557	0.265480	-0.994423	-0.152818	0.721658	0.012388	-0.040323
-1.315701	-0.156529	-1.438762	-0.246970	0.601446	0.078059	-0.378073
-0.988917	-0.580352	-1.714191	-0.236530	0.323779	0.095447	-0.625189
-0.558354	-0.965166	-1.806221	-0.109218	-0.070571	0.053181	-0.734990
-0.109827	-1.268895	-1.727427	0.118995	-0.516023	-0.052327	-0.684614
0.271643	-1.455037	-1.512336	0.405254	-0.933505	-0.215793	-0.480139
0.519219	-1.499693	-1.209607	0.687661	-1.245076	-0.423261	-0.156216
0.597048	-1.397174	-0.873075	0.898159	-1.389062	-0.653432	0.229939
0.505959	-1.162873	-0.553312	0.977707	-1.332617	-0.880053	0.609170
0.281050	-0.832411	-0.290903	0.890388	-1.079121	-1.075058	0.913551
-0.017848	-0.456890	-0.112263	0.633125	-0.668698	-1.212232	1.089513
-0.320619	-0.094940	-0.028126	0.238648	-0.171620	-1.270901	1.108118
-0.562846	0.197061	-0.034520	-0.229333	0.324313	-1.239216	0.970411
-0.699827	0.374697	-0.115574	-0.687962	0.730000	-1.116680	0.706674
-0.715574	0.413230	-0.247360	-1.051762	0.971713	-0.915190	0.369657
-0.625206	0.311745	-0.402077	-1.250345	1.004943	-0.658542	0.023336
-0.470160	0.092824	-0.551936	-1.243537	0.822675	-0.379903	-0.270503
-0.307719	-0.202187	-0.672410	-1.030523	0.456447	-0.117657	-0.464940
-0.197137	-0.521281	-0.744640	-0.650894	-0.030037	0.090171	-0.537152
-0.185542	-0.811706	-0.756972	-0.177261	-0.553280	0.212035	-0.492247
-0.296681	-1.029485	-0.705680	0.299176	-1.026005	0.228574	-0.360934
-0.524764	-1.146774	-0.594874	0.687023	-1.373390	0.136787	-0.191605
-0.834788	-1.155550	-0.435678	0.913255	-1.546410	-0.048144	-0.038694
-1.169035	-1.067090	-0.244650	0.937932	-1.529644	-0.294201	0.050130
-1.458309	-0.907660	-0.041544	0.761957	-1.342098	-0.556866	0.045001
-1.635607	-0.711533	0.153472	0.426323	-1.031182	-0.786159	-0.059266
-1.649262	-0.513159	0.322806	0.003025	-0.661230	-0.935133	-0.242017
-1.473132	-0.340280	0.454272	-0.420315	-0.299274	-0.968379	-0.461484
-1.111760	-0.209480	0.543142	-0.758701	-0.001072	-0.868945	-0.664294
-0.599732	-0.125058	0.593088	-0.946997	0.199635	-0.642139	-0.797619
0.004425	-0.081098	0.615558	-0.952455	0.296330	-0.315500	-0.821201
0.628483	-0.065952	0.627501	-0.780054	0.308642	0.065498	-0.716583
1.198820	-0.067617	0.647840	-0.469673	0.275286	0.445112	-0.491496
1.652335	-0.078440	0.693079	-0.086100	0.242855	0.767119	-0.178579
1.946033	-0.097682	0.773052	0.295702	0.253141	0.984885	0.171333
2.062515	-0.131242	0.887671	0.606620	0.331869	1.069573	0.499639
2.010839	-0.188569	1.025478	0.797054	0.481454	1.015107	0.751840
1.822918	-0.277681	1.164532	0.845363	0.679438	0.838592	0.888161
1.546402	-0.399770	1.275691	0.759399	0.882894	0.576415	0.890685
1.235576	-0.545198	1.327804	0.571281	1.037902	0.276623	0.765509
0.942089	-0.692234	1.293867	0.326983	1.091918	-0.010637	0.539806
0.706937	-0.809461	1.157017	0.073637	1.006302	-0.242680	0.254560
0.555011	-0.861615	0.914997	-0.152209	0.766155	-0.391820	-0.044966
0.492794	-0.817792	0.582184	-0.332425	0.385376	-0.449270	-0.318801
0.509269	-0.660070	0.188552	-0.469364	-0.094351	-0.424831	-0.539582
0.579465	-0.390395	-0.224389	-0.581808	-0.610334	-0.342464	-0.696020
0.669949	-0.033713	-0.609921	-0.696028	-1.090130	-0.232977	-0.791958
0.745060	0.363981	-0.923678	-0.834484	-1.464757	-0.125742	-0.841543
0.773007	0.742719	-1.130844	-1.005351	-1.681230	-0.041229	-0.862052
0.730841	1.039712	-1.211707	-1.195877	-1.711799	0.013617	-0.866493
0.607807	1.202381	-1.164394	-1.371662	-1.558017	0.046248	-0.858083
0.406707	1.200387	-1.004355	-1.482550	-1.249115	0.075397	-0.828265
0.143315	1.033849	-0.760696	-1.473991	-0.835061	0.124821	-0.758874
-0.156017	0.735517	-0.470230	-1.301404	-0.376127	0.215555	-0.628060
-0.458055	0.366022	-0.170424	-0.944016	0.068684	0.358678	-0.418424
-0.727170	0.002650	0.107209	-0.414701	0.451917	0.550494	-0.125197
-0.930071	-0.276193	0.341960	0.237078	0.744488	0.771468	0.237908
-1.040143	-0.407696	0.526181	0.930517	0.937784	0.989429	0.636990
-1.040877	-0.358835	0.664495	1.566370	1.041092	1.166324	1.021395
-0.928025	-0.134829	0.770414	2.045231	1.075215	1.267025	1.331977
-0.710157	0.220412	0.861187	2.287394	1.064268	1.268088	1.512632
-0.407583	0.632333	0.952199	2.250093	1.027736	1.164257	1.522661
-0.049853	1.010937	1.052112	1.938164	0.974997	0.971076	1.347131
0.327934	1.270133	1.159975	1.405476	0.903529	0.722581	1.002610
0.689368	1.347181	1.264833	0.746446	0.801348	0.464606	0.536665
1.001036	1.217938	1.347843	0.078953	0.652776	0.244997	0.020713
1.236228	0.904366	1.386440	-0.478006	0.446048	0.102810	-0.462573
1.377633	0.472260	1.359559	-0.827451	0.180554	0.059238	-0.834933
1.418631	0.019293	1.252678	-0.913562	-0.128418	0.112231	-1.037982
1.363211	-0.344536	1.061722	-0.732767	-0.449029	0.236347	-1.045212
1.224606	-0.520118	0.794854	-0.334373	-0.736894	0.387935	-0.867725
1.022955	-0.441302	0.471988	0.189498	-0.943238	0.514732	-0.552397
0.782496	-0.091080	0.122054	0.722716	-1.025583	0.567716	-0.172500
0.528646	0.491835	-0.221327	1.148831	-0.958481	0.512509	0.187270
0.285407	1.217688	-0.524894	1.374793	-0.741839	0.337799	0.448412
0.073235	1.961101	-0.760561	1.349830	-0.404487	0.058691	0.555144
-0.092489	2.584364	-0.909231	1.075578	-0.001808	-0.285863	0.486248
-0.202439	2.963931	-0.963052	0.605438	0.392717	-0.640998	0.259730
-0.253917	3.014881	-0.925902	0.033329	0.700607	-0.947616	-0.070901
-0.251021	2.708238	-0.812375	-0.525778	0.853797	-1.155074	-0.427977
-0.204484	2.077558	-0.645513	-0.959502	0.809180	-1.231970	-0.726311
-0.130985	1.213356	-0.453896	-1.180972	0.559282	-1.172648	-0.891658
-0.051892	0.246361	-0.268459	-1.146376	0.136560	-0.997742	-0.877030
0.008748	-0.677030	-0.119417	-0.863627	-0.389867	-0.748750	-0.673370
0.027038	-1.422163	-0.033444	-0.390517	-0.924786	-0.477766	-0.312250
-0.017311	-1.890970	-0.031157	0.177155	-1.363010	-0.234937	0.140125
-0.137326	-2.039241	-0.124884	0.724837	-1.608202	-0.056550	0.596310
-0.335538	-1.883008	-0.316781	1.141984	-1.590688	0.043380	0.965772
-0.601866	-1.493046	-0.597501	1.343634	-1.281061	0.075845	1.173887
-0.913371	-0.978739	-0.945605	1.286630	-0.696744	0.073242	1.177905
-1.236323	-0.465008	-1.328260	0.977376	0.099643	0.080097	0.976387
-1.530619	-0.067007	-1.703421	0.469918	1.010013	0.140356	0.610254
-1.756038	0.132084	-2.023763	-0.145042	1.916672	0.284181	0.155027
-1.879458	0.095873	-2.242175	-0.757719	2.701502	0.517697	-0.294045
-1.881599	-0.160612	-2.318310	-1.259856	3.264857	0.818103	-0.640992
-1.761794	-0.576965	-2.225224	-1.564333	3.540763	1.135927	-0.808391
-1.539720	-1.062365	-1.954999	-1.620152	3.505878	1.403985	-0.752943
-1.253097	-1.515948	-1.522154	-1.420247	3.180795	1.551603	-0.474290
-0.951650	-1.848125	-0.963828	-1.001143	2.623818	1.520669	-0.015333
-0.687973	-1.998200	-0.336313	-0.434946	1.918880	1.280278	0.545929
-0.507134	-1.944950	0.291921	0.184313	1.159970	0.836164	1.111250
-0.436958	-1.708193	0.849787	0.757164	0.435327	0.232738	1.580682
-0.481245	-1.341639	1.274258	1.194927	-0.185806	-0.453142	1.871097
-0.617525	-0.919042	1.520332	1.432857	-0.661626	-1.125749	1.931035
-0.800295	-0.517148	1.568359	1.438335	-0.980337	-1.688665	1.749192
-0.969362	-0.199292	1.427355	1.213224	-1.156955	-2.063645	1.355109
-1.061981	-0.003324	1.133502	0.790722	-1.225605	-2.206378	0.812232
-1.026305	0.063809	0.743972	0.227916	-1.229404	-2.115361	0.205138
-0.833442	0.024048	0.327187	-0.404138	-1.210204	-1.832051	-0.376421
-0.485330	-0.080295	-0.048786	-1.030915	-1.200283	-1.431938	-0.853341
-0.016583	-0.199028	-0.327442	-1.583811	-1.217489	-1.008401	-1.169835
0.510567	-0.287418	-0.472636	-2.007262	-1.264358	-0.652779	-1.300797
1.017450	-0.317080	-0.473282	-2.263088	-1.330843	-0.434739	-1.252792
1.424123	-0.281874	-0.343270	-2.332108	-1.399455	-0.387432	-1.059120
1.665507	-0.197651	-0.116743	-2.213555	-1.451351	-0.500498	-0.770442
1.705043	-0.096192	0.160031	-1.922979	-1.471696	-0.722633	-0.443275
1.542786	-0.015059	0.438392	-1.489316	-1.453112	-0.973225	-0.128972
1.215995	0.013845	0.676506	-0.951595	-1.396517	-1.160594	0.134644
0.791848	-0.025881	0.846187	-0.355598	-1.309579	-1.202967	0.327533
0.353632	-0.129474	0.935983	0.249553	-1.203416	-1.047683	0.447139
-0.016760	-0.271009	0.950228	0.814898	-1.088715	-0.684327	0.504201
-0.256234	-0.409015	0.904570	1.295247	-0.972473	-0.149049	0.516138
-0.334022	-0.496467	0.819372	1.652852	-0.856294	0.481117	0.499855
-0.258069	-0.492648	0.712849	1.860781	-0.736724	1.102769	0.465915
-0.072778	-0.373994	0.595752	1.905608	-0.607472	1.606537	0.415417
0.151621	-0.141253	0.468993	1.788890	-0.462725	1.899171	0.340267
0.335947	0.178940	0.324813	1.527043	-0.300664	1.922615	0.226569
0.411465	0.538496	0.151150	1.149421	-0.125889	1.666201	0.060151
0.337456	0.877520	-0.062017	0.694736	0.050018	1.169377	-0.167276
0.112839	1.136985	-0.316114	0.206295	0.210204	0.514469	-0.453039
-0.221014	1.271551	-0.599177	-0.273180	0.336223	-0.189092	-0.780822
-0.587362	1.259710	-0.884294	-0.706331	0.412937	-0.825568	-1.121213
-0.889794	1.108790	-1.132210	-1.064699	0.433295	-1.294774	-1.435503
-1.033401	0.853742	-1.297763	-1.330506	0.401752	-1.530221	-1.681994
-0.946920	0.549859	-1.339092	-1.496486	0.335172	-1.510151	-1.823521
-0.600874	0.261104	-1.227514	-1.564038	0.260754	-1.259422	-1.834554
-0.017562	0.046497	-0.955882	-1.540275	0.211054	-0.841932	-1.706390
0.729719	-0.052331	-0.543231	-1.434848	0.217068	-0.345644	-1.449303
1.528397	-0.019763	-0.034380	-1.257284	0.300810	0.136621	-1.091215
2.247255	0.130839	0.505930	-1.015585	0.469080	0.526406	-0.673145
2.761832	0.360505	1.003433	-0.716267	0.709969	0.774911	-0.242373
2.979339	0.613406	1.387454	-0.365774	0.993184	0.871282	0.155292
2.857774	0.829120	1.604081	0.027284	1.274375	0.842376	0.482617
2.415256	0.955642	1.626701	0.449811	1.502933	0.744367	0.716136
1.727302	0.960260	1.461639	0.882698	1.631719	0.648132	0.848484
0.912557	0.836113	1.147571	1.300708	1.626831	0.621870	0.887652
0.109882	0.602988	0.748674	1.674113	1.475271	0.714633	0.853528
-0.548594	0.302478	0.342653	1.971992	1.188790	0.944277	0.772614
-0.962756	-0.011403	0.006126	2.166584	0.802914	1.292351	0.672172
-1.083071	-0.283851	-0.199928	2.237927	0.371107	1.706936	0.574960
-0.918591	-0.470662	-0.241712	2.177709	-0.044966	2.112568	0.495630
-0.532995	-0.546846	-0.118807	1.991514	-0.387155	2.425330	0.439341
-0.029681	-0.510745	0.136040	1.698851	-0.612203	2.569672	0.402616
0.470637	-0.382956	0.463583	1.330862	-0.700430	2.493693	0.376011
0.855003	-0.200472	0.789713	0.926028	-0.659827	2.179760	0.347821
1.040634	-0.007596	1.039770	0.524676	-0.524617	1.648462	0.307803
0.989985	0.154281	1.152666	0.163255	-0.348376	0.955267	0.250052
0.715718	0.255724	1.092178	-0.130569	-0.193091	0.180818	0.174433
0.274892	0.285108	0.853216	-0.341150	-0.116163	-0.583168	0.086306
-0.245835	0.250237	0.462191	-0.465949	-0.158087	-1.249329	-0.005254
-0.750333	0.175437	-0.028442	-0.514425	-0.333303	-1.748601	-0.090173
-1.153688	0.094976	-0.550136	-0.505099	-0.626113	-2.039987	-0.160306
-1.399008	0.044441	-1.030564	-0.461504	-0.992655	-2.114620	-0.211803
-1.466682	0.052038	-1.405942	-0.407871	-1.368590	-1.993781	-0.246305
-1.374560	0.131727	-1.631036	-0.365320	-1.681111	-1.721646	-0.270665
-1.169606	0.279602	-1.685167	-0.349197	-1.862900	-1.354789	-0.295300
-0.913460	0.474321	-1.573580	-0.367797	-1.865291	-0.950581	-0.331472
-0.665830	0.681192	-1.324174	-0.422458	-1.668075	-0.557227	-0.388233
-0.469793	0.859135	-0.980856	-0.508644	-1.283961	-0.207055	-0.469691
-0.342668	0.968832	-0.594941	-0.617618	-0.756824	0.085724	-0.573238
-0.274320	0.980445	-0.216449	-0.738152	-0.154149	0.322790	-0.689181
-0.233207	0.879369	0.113111	-0.857927	0.444934	0.515961	-0.801839
-0.178195	0.668979	0.365423	-0.964482	0.963503	0.679710	-0.891924
-0.072907	0.369952	0.527081	-1.045708	1.340067	0.823779	-0.939722
0.101196	0.016568	0.598488	-1.090163	1.538453	0.947875	-0.928415
0.336606	-0.349249	0.590786	-1.087427	1.552658	1.039682	-0.846924
0.598734	-0.684865	0.521660	-1.028811	1.405860	1.076692	-0.691777
0.832410	-0.953551	0.411138	-0.908432	1.144034	1.031481	-0.467662
0.974679	-1.129752	0.278193	-0.724603	0.825619	0.879074	-0.186723
0.970655	-1.202203	0.138508	-0.481249	0.509563	0.604794	0.133209
0.788681	-1.174630	0.003628	-0.188900	0.244221	0.210650	0.471013
0.430897	-1.064185	-0.118869	0.135074	0.059317	-0.281269	0.804803
-0.063535	-0.898098	-0.224498	0.467371	-0.037467	-0.829488	1.114098
-0.623656	-0.709228	-0.310817	0.780775	-0.058894	-1.377775	1.381404
-1.159534	-0.531203	-0.376488	1.047183	-0.032094	-1.863287	1.593015
-1.579902	-0.393826	-0.420714	1.241146	0.010315	-2.226419	1.739154
-1.810751	-0.319246	-0.442966	1.343342	0.039783	-2.420702	1.813684
-0.000706	-0.000455	0.000157	0.001263	-0.000022	-0.000914	0.001351
