X1	X2	X3	X4	X5	X6	X7	X8	X9	X10
-1.746747	-4.103164	-6.210701	-1.725985	-2.718041	-2.578692	-2.543311	-3.662946	-2.269496	-2.829977
-0.570755	-5.567435	-4.404153	-1.013914	-5.455029	-3.228593	-3.171036	-0.935284	-2.635392	-2.743963
-1.288965	-4.83401	-1.323783	-1.66508	-2.203534	-3.715088	0.039455	-1.406861	-2.293834	-2.958394
1.164523	-0.281887	0.853912	0.522117	0.112642	-0.739474	-0.405438	-0.960876	-2.846022	-3.695467
-1.941991	0.733533	-0.074568	0.130177	-0.004301	0.808551	2.809286	-0.155328	-1.509156	-0.120881
-0.878109	1.479152	0.913876	0.765798	0.086635	-1.402911	3.400426	-1.759616	0.116362	-0.081234
-2.10953	2.012369	-0.238354	0.28018	0.026849	-1.954258	2.650184	0.334859	-2.433666	0.727675
0.839445	1.253086	0.818043	-0.673777	-0.613559	-2.117889	0.871658	-1.1027	-0.593141	0.983049
0.999217	4.997302	2.652866	-0.586874	-0.76409	-1.321801	-1.94495	-0.150293	-2.079063	-0.308312
3.287684	1.891817	0.756116	-1.293211	-1.177846	-2.015893	-1.879241	-0.20662	-1.734132	-0.024605
2.313546	0.668133	-0.115006	-1.073189	-0.490426	-0.607862	-3.031713	-1.032278	-1.446149	-1.417728
-0.173597	-4.62455	-1.594	-2.412007	-2.945531	-1.357507	-4.895467	-2.897168	-0.562913	-3.05648
0.401555	-4.868932	-3.561065	-2.925468	-1.993563	-0.965825	-1.303002	-0.156789	-4.818325	-1.593659
-1.506198	-6.182912	-4.5317	-1.90587	-4.656022	1.636885	-4.261918	1.20496	1.446116	-0.429763
-1.413757	-0.787991	-3.447906	-2.721015	-4.234309	1.504825	-2.072015	1.521081	2.53681	-0.891691
-1.154222	0.543534	-1.823382	-1.026103	-2.051424	2.110097	-1.025491	2.605873	1.446156	-0.950542
1.550207	2.417861	-0.045027	1.997266	-1.784369	2.649704	1.200652	5.532039	1.994855	1.162788
0.16353	2.515991	2.65496	1.446491	-0.009843	4.397446	1.862016	4.409478	4.879206	3.822299
0.500247	1.636425	2.278378	3.288273	1.544453	3.152127	-0.062299	0.413491	4.28921	2.748792
-1.514843	1.226664	1.560729	-0.33609	-1.040282	-0.765653	0.760907	-0.842819	1.830167	1.95447
0.155661	3.514507	2.056313	-1.841098	-1.418349	-3.091491	1.919036	-1.113254	0.433377	-1.676565
-1.010942	0.587355	1.64143	-2.22395	2.076353	0.314015	5.409786	-1.160211	-0.76226	-0.957113
-1.877751	2.694309	2.085781	-0.873648	3.205522	3.219367	2.913659	1.283311	2.874657	1.050828
0.154333	1.820569	2.612267	0.867408	5.502358	5.143566	4.315556	1.072611	3.639227	3.92916
0.987611	1.544235	1.442987	2.137319	6.319161	5.278215	1.470076	3.753892	5.71865	2.744385
-1.807618	2.162908	2.258243	2.900984	4.71973	4.028115	1.64522	-0.605046	3.303028	4.135403
0.024946	0.726488	1.359935	3.836502	5.382165	1.313268	-1.016011	1.934997	2.79926	2.118817
-1.583196	1.081776	-0.519936	0.734973	5.530565	3.617976	-1.783217	-0.545876	-0.984954	2.460728
-1.099144	1.943872	1.779329	0.315698	5.40113	1.615441	1.110503	-0.087665	-2.129914	-0.506962
0.377001	2.859877	-0.480468	1.071375	4.05046	1.563565	0.937449	1.26933	-0.532018	-1.159953
1.706141	0.913091	2.495972	3.104005	5.399754	1.634849	2.069822	2.940311	2.205133	3.033357
3.933074	3.684214	1.690051	0.732688	4.465212	4.347496	2.460922	1.692679	2.109839	0.67287
5.555402	2.091947	1.897069	2.340923	0.812134	1.891807	0.851249	3.271235	5.332602	3.260487
3.915824	1.87729	1.381927	1.20181	0.978619	0.827883	-0.611494	2.710679	2.287321	1.40961
2.136241	-2.208556	-2.411276	0.689049	-2.113332	-2.972772	-2.284609	-2.048187	0.352996	-0.070261
-1.391946	-3.324591	-3.969639	-1.87386	-3.191321	-4.914158	-2.892195	-2.724362	-1.759971	-1.826724
-2.108939	-6.704214	-4.557661	-3.125417	-3.727647	-6.764573	-1.73015	-3.129345	-1.810281	-5.578678
-3.604736	-8.456426	-4.674442	-4.031723	-5.57891	-6.824815	-0.805075	-4.472836	-4.558933	-6.87122
-2.395437	-5.612726	-4.182482	-2.681777	-3.94871	-6.857982	-2.812468	-5.157134	-4.899426	-5.539851
-1.663242	-6.502512	-5.007579	-1.29098	-4.710449	-4.890174	-0.85153	-3.579136	-4.663861	-6.200869
0.84955	-7.208086	-5.689234	-3.327332	-1.692225	-5.974187	-2.437559	-3.833043	-4.581836	-4.202773
-1.624661	-2.967147	-0.894147	-2.447933	-4.24874	-5.68852	0.177945	-3.377054	-2.536851	-2.928661
-0.097774	-2.160093	1.431084	-1.393282	-0.930392	-2.536673	4.297583	-1.096167	-2.520506	-1.628233
-1.220889	2.256774	1.285958	-0.912581	0.616617	-0.347442	1.150655	-3.694481	-2.1185	-0.966287
-0.186407	3.828156	1.853877	4.140072	2.530888	0.152372	2.986162	-0.023895	-0.817233	-2.197823
-0.051225	1.231953	3.304339	3.309276	3.212421	1.561073	2.282305	-0.571809	1.100397	-0.586739
-1.806743	0.601765	2.888046	4.87923	2.829915	2.768261	0.970884	-0.540422	0.312089	2.039766
2.175738	2.269893	3.351198	5.243136	3.999671	1.257238	2.7271	0.474169	2.552544	2.364693
1.350019	1.224636	1.938095	4.656592	1.949588	0.983405	2.651754	-0.840837	1.516963	0.164843
1.327502	0.714996	-0.229962	1.324799	1.833767	-0.349836	-0.537254	-1.760739	2.896546	-0.138584
-1.982113	-2.015328	-2.184773	-0.992042	-3.443893	-4.044583	-3.226323	-2.662735	-1.279606	-0.443186
-2.740227	-4.120434	-1.275338	-3.406733	-1.943891	-5.016836	-4.613253	-2.479624	-2.203092	-4.336663
-0.115137	-0.840824	-3.947757	-5.583873	-3.744127	-6.224393	-2.636942	-0.726405	-3.647712	-7.263014
-1.536043	-1.838896	-3.697329	-5.207061	-6.058502	-5.790453	-4.570691	-0.282877	-1.701964	-6.912738
-2.133146	-3.922351	-4.323654	-4.828199	-3.382115	-5.778014	-2.706098	-1.66704	-3.56035	-5.615534
2.527357	-3.576388	-3.659032	-2.156286	-4.516966	-4.626575	-2.058163	-2.349893	-3.155167	-5.024201
-0.315435	-2.091606	-0.246263	-3.402521	-4.515556	-6.884734	-2.965684	-4.193133	-4.274415	-4.09984
0.93668	-3.596606	-2.477946	-0.125105	-2.761183	-3.661392	-2.744563	-3.232261	-3.641193	-4.034248
-0.353498	-1.166087	-0.874381	-2.255338	0.650951	-3.088246	-2.198496	-4.058475	-4.405401	-1.092826
-0.879769	-2.374549	-1.042268	-1.099919	3.236848	0.167005	-0.340085	-1.971974	-3.264139	0.859127
-1.83513	-1.016391	-2.387007	1.766251	4.247607	2.199362	0.037871	-1.587757	-0.322904	4.673512
-0.317682	2.289386	1.034102	3.972073	6.231328	4.673826	3.069874	-0.815624	-0.889497	5.723128
-0.554123	3.251982	4.08386	5.799647	5.466711	2.432397	3.051224	0.277427	2.654484	2.434078
-0.040353	4.286898	2.429866	6.150772	5.343257	3.943078	4.939322	0.591696	2.769538	3.94016
1.189429	3.307135	3.77602	2.737249	4.989766	2.793568	5.072868	2.806286	3.195667	2.085576
1.256124	5.309491	3.398823	6.462179	6.015937	2.71747	2.484663	2.559896	4.643772	0.740226
0.061833	2.574169	2.748575	3.87176	4.531471	1.029883	1.684808	0.109727	2.349953	3.38941
0.049056	3.023066	3.259376	1.121294	3.196469	3.600809	-1.131997	0.636581	3.15601	-0.716372
2.159196	3.124585	2.100825	0.18488	1.746729	1.404749	-2.937751	-0.047641	0.529646	2.857381
2.648152	2.572824	0.985723	-1.781682	1.020253	2.021903	-2.515453	0.414061	1.31756	2.892469
3.423326	1.326584	2.87437	-0.347991	-1.18786	3.644471	0.193397	2.195889	3.912953	2.909792
4.403018	3.779665	0.522066	1.227453	-0.309709	4.566056	0.4308	4.974343	5.058226	2.495551
5.85903	2.757067	3.33881	2.87585	-0.250894	5.127857	0.439557	5.995324	3.89108	4.617144
4.392962	3.816791	-0.537798	3.51	0.663584	2.686476	0.243168	4.278034	5.029015	2.048773
5.109116	4.598836	1.813343	3.875403	1.440626	2.231912	2.016434	5.057773	3.427433	3.521637
3.078393	3.732402	3.593833	4.493259	3.393533	2.764566	4.049656	4.492042	4.106334	2.244237
4.431893	2.804289	3.66997	5.432669	4.154104	1.315539	2.653634	3.861642	4.482719	2.566772
1.565518	2.691598	0.897956	3.552533	2.385239	-0.164568	0.853368	0.899673	2.807588	0.766142
1.858468	-0.839171	2.207589	4.45415	0.972639	-0.961656	0.189661	-0.004362	0.576143	0.514648
-1.058754	-3.403019	-1.73133	-0.196679	-1.353097	-4.380324	-4.838389	-2.377064	-1.248216	-3.612512
-2.265049	-2.048446	-2.537401	-3.996455	-3.123668	-5.356972	-7.33808	-0.056531	-3.476088	-5.745138
-3.553315	-0.975852	-3.132626	-4.830476	-4.123973	-5.955998	-4.163412	1.530537	-2.235472	-6.007628
-1.593552	0.635664	0.474997	-4.616342	-3.897314	-3.357904	-2.459484	2.998741	-1.978568	-5.186885
-0.555657	1.262001	-2.152734	-1.997155	-5.41679	-0.545288	0.868004	0.937582	0.258225	-2.362809
-1.69193	0.194659	0.231881	0.589087	-0.896601	1.505049	0.621353	1.244661	-1.013292	0.820502
-0.993469	-0.572462	-0.256758	0.153584	0.689853	3.300607	-1.352936	1.556878	1.406882	3.148045
-3.318875	-2.549462	-2.120151	0.285535	-3.711327	2.573687	1.359537	-1.500965	0.083247	3.05222
-0.800645	-4.566041	-2.699199	-0.964359	-2.055242	0.776389	-2.174227	-2.272768	1.338704	4.018627
-2.860478	-3.242699	-2.014402	-2.797998	-2.537791	-0.166287	-0.752629	-0.38133	-0.098546	3.682266
-2.051774	-0.232337	-0.52996	-2.505882	-4.208575	0.358258	0.423134	0.600449	-2.553503	-0.192565
-1.014431	0.338146	-0.543175	-1.841711	-3.404994	0.479524	1.65056	3.240671	-1.570165	3.131334
-2.013448	1.219948	0.158153	-2.681185	-1.788947	0.071512	-1.051949	2.763336	-1.528733	-0.683937
-1.533424	0.822571	-0.971075	-3.206404	-2.227934	2.648121	-0.982993	2.742644	-2.278705	-1.39578
-1.607358	-0.268087	-1.058761	-1.607567	-1.172956	-1.990149	-0.536271	2.930897	-1.33008	-0.043194
-0.599649	-0.108025	-0.337205	-1.896975	-0.296513	0.162302	1.191217	1.968096	0.253841	2.601918
-1.475695	0.170056	1.526792	-1.210328	-1.645704	2.984173	0.312771	3.83884	0.087759	2.076156
-2.382296	0.168356	-1.82007	-0.358525	-2.627629	0.206764	-0.418308	4.17443	1.490276	1.36272
-1.34915	0.859074	-0.763291	-3.657966	-3.13099	-2.234226	-2.519719	2.319867	0.610992	0.920308
-1.875257	-1.931389	-2.142974	-1.967852	-1.663585	-1.645196	-1.940463	2.817452	0.090807	-2.38828
-1.070615	0.591366	-1.969417	-2.146883	-0.512714	-1.013948	-3.624939	2.529884	0.769721	-0.187547
-1.100023	0.850538	-0.602022	-2.522758	-0.930179	1.776218	-2.666546	1.287766	-0.429363	1.547408
-2.81928	0.868028	1.71071	-2.345378	-1.487779	0.557902	-2.284384	5.107997	0.036853	0.340184
-0.750784	1.815234	2.097279	-3.921942	-2.331714	1.383402	-1.576754	4.316177	0.911871	2.494578
-2.382736	1.304157	2.700283	-3.23865	-2.208084	1.653919	2.336246	1.398707	-1.768209	1.10809
0.354666	0.895996	1.764823	-3.142203	-2.14849	3.29135	3.619916	-1.419112	-1.067487	3.000619
-1.798376	0.309851	4.174398	-3.317801	-2.975332	1.247196	3.523056	-3.643079	-1.658261	3.263263
-1.839561	0.317221	3.425705	-2.300144	-3.41291	1.409556	2.748466	-3.749496	-3.490032	2.303921
-0.39919	-1.272495	3.117746	-3.405831	-2.920324	0.929929	1.473147	-4.884661	-6.452499	0.742792
-0.75326	-2.378596	1.632018	-2.679563	-2.555974	1.932813	-1.281502	-5.432673	-3.301061	0.314275
0.24683	-1.492183	-0.593079	-1.37684	-3.583261	3.170708	-4.06868	-3.602633	-8.006719	0.567467
-1.61392	-1.463958	-3.364846	-2.519063	-1.394485	0.729113	-3.042086	-2.42144	-2.988371	-0.372833
0.168192	-1.37862	-3.267483	-1.40993	-0.391347	2.161027	-1.381822	-3.628894	-1.562718	0.488975
-0.320434	-2.44447	-1.485993	2.817756	1.294454	2.654048	2.563514	-3.239394	-2.210159	0.156788
-1.672896	-1.965108	-1.081376	1.101598	0.024516	-0.907424	2.077022	-2.085541	-2.994093	0.601004
-2.797494	-0.739935	-0.289433	1.442793	1.430041	1.843609	2.524901	-3.217733	0.743179	1.297723
-1.503027	-0.143453	-0.237164	3.626143	-0.554974	2.249146	1.093753	-2.845572	-1.795742	0.397542
-0.927193	0.705539	1.780728	3.152046	2.172772	0.996785	2.281376	-2.959757	0.304144	1.634161
0.121009	0.265141	-0.162557	1.973703	0.751878	2.930126	2.93267	-2.201787	-0.930763	0.432876
-0.850522	-1.93635	0.264379	0.151913	-1.609256	2.027767	1.657037	-3.463462	-1.777662	4.732186
-0.842483	-3.530433	-1.851863	-2.954224	-1.940831	-1.467894	-2.444024	-3.392484	-1.258954	-0.10831
-1.574075	-3.39891	0.849013	-2.964209	-1.090747	-1.104958	-0.703414	-4.70525	-2.748837	-0.392314
-1.971095	0.08992	0.289808	-0.55754	0.607595	-0.186526	1.604569	-4.963562	-2.202313	0.294972
-0.916045	2.386555	4.08422	2.16238	4.631995	1.642599	2.116823	-0.680419	1.40472	3.305645
-1.621921	2.998194	4.449448	4.502852	7.007451	4.973217	3.206749	0.691178	2.14686	2.832004
-1.141724	5.501637	4.46499	6.224075	5.253564	4.936325	5.293946	1.42903	3.290909	6.650948
0.647746	2.822684	4.197045	5.330549	6.790233	3.852223	5.490315	3.125536	5.727966	6.344373
1.452892	1.959932	2.939213	5.530173	5.091757	4.726507	2.982455	3.008496	5.483731	4.010178
2.694013	1.421481	3.027891	4.058048	5.779434	2.956976	2.227466	0.085211	3.838005	2.425161
1.10521	2.785531	1.395378	5.386172	3.667866	2.530129	4.723348	-0.300721	3.108187	2.366819
1.220484	2.74928	5.052074	3.616246	4.62675	2.481164	1.4436	-1.220699	2.579276	2.961551
0.230436	2.156227	1.250476	2.477268	4.827186	0.473178	-0.068377	1.224877	0.304574	-0.151345
0.966966	1.636673	0.444583	1.935938	4.443774	2.71157	-0.710184	3.095606	0.566179	-0.065672
-0.970525	0.001115	0.658094	2.068256	3.648712	1.512938	-3.314321	3.503087	1.217192	3.049467
-0.710837	1.155152	0.238207	-1.655979	2.855899	0.64318	-1.380989	3.258721	1.279613	3.425371
0.622631	1.300785	-2.489079	-1.585468	0.880535	-0.687607	-0.983588	1.233307	0.24114	1.524238
-0.52042	-2.528989	-4.808766	-2.79621	-2.448381	-2.179325	-2.706118	-0.551255	-1.378925	-1.387136
-0.43569	-6.96757	-4.420855	-5.276508	-4.205351	-4.725675	-3.422679	-3.133866	-2.450384	-4.243351
-1.860478	-1.68576	-3.011047	-2.40756	-4.792875	-7.12316	-1.191573	-4.387426	-2.058737	-5.897112
-2.694685	-3.289259	0.635255	-1.886469	-4.519854	-1.930982	-2.0417	-3.657936	-0.570284	-2.29102
-0.660909	-0.562568	1.140551	-4.635135	-2.750289	0.248557	-2.330859	-2.092596	1.711375	-0.155977
-3.37945	0.945711	3.489838	-2.366658	0.543019	1.364954	-1.355552	-1.591208	2.465939	-0.846686
0.254192	0.947977	1.869516	-1.944239	3.566468	2.083107	-0.20138	-0.403771	3.071307	1.21235
-1.041383	1.54293	1.769482	0.96932	2.350657	-0.020987	0.134558	0.215914	1.724879	0.78933
-0.420073	2.145067	0.715734	1.06412	4.658586	1.702271	1.762861	-0.266853	2.084055	2.752549
0.47292	1.347189	-0.245328	4.41756	4.204553	3.337378	1.178128	1.427025	2.647635	1.865207
3.671898	4.653393	1.358193	7.275338	4.407758	2.812231	4.290758	4.378049	1.184516	2.288
4.740961	3.010779	2.941197	5.134454	2.353398	3.116728	4.152351	4.162218	2.5278	3.537526
2.192709	2.826745	4.09478	5.086707	4.346573	2.708166	2.509906	5.719531	3.580984	2.353282
3.307341	4.46009	1.340842	2.209496	2.043881	0.123543	1.076922	2.974587	1.24027	2.290565
2.124259	2.735513	0.62618	0.71432	-0.448879	-2.681344	-2.085201	2.103486	0.641955	-0.715227
1.944862	1.026913	-1.127606	-0.777822	-0.977908	-0.360297	0.144836	1.171426	2.208139	-1.342597
2.756351	-0.811012	-0.468319	-0.69643	-1.598708	0.47238	-3.255068	-1.043994	-0.941179	-1.934348
0.514725	-0.155363	0.985639	-3.074106	-4.207179	1.081786	-3.360314	2.095625	-1.017399	-0.987281
-0.727416	2.000159	1.618067	-3.545251	-4.328424	-0.423183	-1.881703	2.452383	-0.699523	-1.132101
-2.298571	-0.198847	-0.009237	-5.402866	-3.035344	2.134671	-5.212035	2.196878	-1.28705	-0.68361
-2.50164	0.804616	2.208925	-3.465251	-3.44534	0.895145	-2.440811	1.33841	-1.603683	0.70479
-3.545925	-0.274552	-0.367649	-2.671309	-2.978713	0.773336	-2.399033	1.769476	-1.007022	-1.257505
-2.910124	-0.410552	-2.648861	-3.868239	-3.773166	-0.799359	-3.314001	-1.941424	-0.337468	-1.068996
-1.051538	-0.019586	-2.669111	0.074156	0.426701	1.862058	0.580883	1.460909	-0.167523	-0.432388
2.831232	0.250144	-0.355603	3.718776	2.815086	2.997384	0.909519	1.761974	2.648014	3.310518
3.105588	3.307637	3.156661	4.75242	4.241387	2.053515	3.169706	2.354868	4.893441	3.007818
5.120427	3.824493	2.808281	5.731987	5.449703	4.57045	5.683442	0.852692	1.676556	2.923209
4.470751	3.123408	2.653854	6.738974	3.727832	3.009185	5.187827	1.883043	3.431959	0.943989
2.615559	2.480883	1.700279	4.121682	5.521773	2.859916	4.46606	3.30042	3.207749	0.238155
5.27485	1.734415	0.524152	4.418109	4.418923	1.302942	1.757538	2.098722	0.962024	0.608504
3.225024	4.654503	1.772473	2.647753	3.235182	0.662159	-0.490138	4.341947	2.146282	1.455433
3.153481	0.826146	4.25954	0.391113	2.804247	2.573965	-0.02567	2.001794	2.052724	2.05794
1.386421	0.028642	4.43055	0.496188	3.601818	2.614155	-0.84856	0.852462	1.742247	1.91532
-0.177658	-0.90751	0.405902	0.227478	2.402691	0.210928	-0.615107	-0.515152	0.409251	0.709072
1.216044	-1.475613	0.838193	-1.687021	0.036166	0.29928	0.327185	0.201551	0.533633	0.226093
2.630427	-0.923767	0.264523	0.845291	1.267641	-0.216391	0.688416	-0.48443	-0.128308	-1.901721
3.395891	-0.438873	-1.930012	0.195114	-0.779886	0.01611	0.373385	-0.346496	-0.135472	0.726427
3.326334	0.610165	-1.951313	0.493544	-1.841217	-1.548419	-2.053409	-1.771251	-2.410261	-0.320564
0.170856	-1.174252	-0.439282	-0.522919	-0.201254	-1.96018	-3.650369	2.545206	-2.693777	-0.549099
-0.498344	-3.315727	-0.94592	-2.031576	-1.647198	-1.414377	-0.431795	2.863871	1.061478	-0.42468
-1.158366	-0.010861	1.327569	-0.911329	-0.363051	-1.061514	3.454812	3.809844	0.098304	1.02749
0.970789	4.194745	2.715484	1.35702	2.407985	1.651307	6.56475	5.269122	1.619098	1.755309
2.91212	3.124488	2.900824	2.970671	2.586108	3.401083	6.016217	2.939503	1.95456	2.979472
5.243027	0.652867	2.714786	2.225521	3.182816	2.170711	6.034112	1.747887	2.281587	5.483878
2.219208	0.26558	0.608968	1.70187	3.227907	1.825087	3.711533	1.05807	2.990078	2.888023
1.781463	0.680727	1.846768	-0.994085	0.93968	2.398808	1.60538	2.907052	2.212832	0.616005
-0.833309	1.600605	1.538485	-0.459745	-2.760767	-0.420428	1.336451	3.67013	1.864046	1.91862
-2.23771	1.255213	0.482516	-3.728911	-3.661537	1.441975	2.375243	3.896702	3.528519	-0.409634
-0.675339	4.551949	2.198159	-3.542885	-4.10423	3.807915	2.604057	5.235167	5.830649	0.39344
1.646302	4.060111	2.289613	1.829932	-0.35595	4.107687	3.735789	5.174122	6.163935	3.782339
3.831812	4.096899	2.523475	2.793438	1.190602	3.72369	1.175639	6.194765	4.272475	3.93926
5.76969	3.258709	3.091644	3.549631	3.465724	4.955319	0.406304	3.450394	2.578467	3.8747
1.963135	2.512942	1.395518	1.39421	2.261514	2.010672	-1.468216	2.936708	1.237309	4.528057
2.285846	-1.229606	1.128694	-0.121726	1.98537	-0.214854	-0.933623	1.234504	0.6409	2.076527
0.622122	-3.695935	-3.830929	-1.17878	-1.574709	-4.960262	-2.797619	-3.60782	-0.811363	-2.275793
-0.574039	-8.185247	-4.504554	-1.926753	-0.502127	-1.357556	-2.239106	-3.424166	-2.693881	-3.928504
-0.300436	-5.132744	-2.850981	-1.835946	-1.915884	1.088162	0.454915	-1.287636	-4.078156	-3.00831
2.617128	-0.000128	-2.203913	1.468739	0.079318	2.319089	-0.372257	-0.145432	-0.27179	-0.852514
4.515352	0.7881	-0.136853	1.134	0.636876	6.096621	1.332074	1.677743	0.998115	1.627782
4.239135	2.781139	0.853899	1.612736	1.568388	4.363355	2.265909	4.891087	3.590058	3.665675
4.246376	0.182786	0.92784	3.833145	-0.030247	5.77499	0.440644	5.151599	3.492735	3.620761
3.909074	1.51044	1.816969	0.835225	-1.079332	3.670621	-1.050221	4.387676	2.714046	4.41044
2.162326	0.0562	0.243583	1.357776	-1.800868	1.624145	-1.368388	3.229915	2.987589	1.043507
-1.603567	-0.569036	-1.721919	-2.974506	-1.704658	-2.06244	-3.342559	1.179314	5.433761	-2.40014
-2.096507	-4.018171	-2.855239	-1.29782	-5.027202	-2.532237	-3.648736	-0.983328	0.79546	-2.914604
-3.834696	-5.659904	-5.034979	-2.62457	-4.456404	-6.504649	-2.767821	-3.090914	-0.478714	-6.873587
-3.939135	-6.361239	-6.208942	-3.600857	-3.455566	-8.233079	-2.959015	-5.476247	-3.806366	-6.988692
0.150074	-7.531076	-6.823927	-3.576481	-4.900688	-6.36113	-2.98822	-5.790228	-2.626096	-3.913921
-0.624669	-6.371518	-6.895638	-2.967846	-3.641073	-7.191305	-0.505037	-3.634261	-6.538706	-6.761477
-0.471067	-4.087265	-5.739477	-0.342052	-2.023423	-5.871706	-1.840869	-2.091647	-4.981999	-4.324363
-0.02182	-0.38452	-2.240344	-0.666601	-2.93024	-3.112636	0.265083	0.800512	-1.322177	-4.82478
1.46327	1.971616	0.535958	0.265505	-1.581726	-0.574399	-0.598984	4.139312	0.789159	-2.409632
0.402301	1.909942	-1.118072	0.601165	-0.641882	0.169304	0.19823	1.485353	0.668106	-1.990421
0.045672	0.051455	-1.427236	0.049077	-0.18181	-0.014831	0.485223	1.83643	-1.101437	-0.98745
0.069682	-1.194445	-3.056537	-1.20466	-0.957713	-1.426906	-0.659908	-2.231557	-3.321873	-0.35502
-1.932671	-3.31696	-1.347874	-4.414249	-1.204791	-1.899224	-1.929364	-1.387312	-2.325304	-0.482435
-2.845489	-1.288592	-3.252951	-3.18319	-1.683948	-5.147287	-2.264346	0.438263	-2.043731	-1.651395
-2.269973	-0.855042	2.498031	-1.407285	-0.623984	-2.861798	-1.946657	-1.008234	-3.659757	-5.190305
1.650376	-0.941812	2.071871	-1.959635	-0.919302	-2.675059	-0.564598	-1.297605	-0.148284	-3.772266
4.808756	-0.167603	-0.019433	0.686757	0.194497	-1.286574	-1.419872	-1.684253	-1.458414	-1.80338
1.457965	-2.489317	-1.996783	1.99119	1.805012	0.957956	1.129821	-3.20898	0.846151	-1.01085
-1.033199	-1.185655	-0.51098	2.570164	2.030739	-1.596072	2.410179	-1.246789	-0.652491	0.439723
-1.423135	-0.264919	-0.211226	4.771175	3.728278	1.516439	2.568999	-1.464781	-1.402942	-0.895164
-2.933147	1.911291	-0.293422	4.877524	4.447027	3.795088	4.143981	-0.35126	1.189497	2.601587
-1.615636	1.013471	0.94073	4.409908	3.481985	1.755172	5.439821	-1.184928	-1.005878	4.593574
-2.226904	0.735322	2.934329	2.170826	1.887649	3.144088	4.34142	-2.773586	0.056532	2.965195
-3.094451	0.624941	1.344374	-0.429224	0.046519	-2.336365	2.494874	-4.739938	-0.811574	1.384748
-1.01198	-1.589172	-0.454238	-0.978942	-1.665709	-1.91439	-1.621217	-3.480485	-4.2465	0.424831
-0.378792	2.234081	-1.334807	-2.39313	-3.902934	-8.360389	-4.135655	-4.53693	-3.950647	-4.264558
-1.605589	-1.961102	-2.189434	-2.96739	-3.790959	-10.934964	-5.678343	-5.568275	-4.154716	-6.712521
-1.523272	0.059578	-1.448622	-5.188823	-3.214884	-7.237617	-7.191881	-1.496423	-3.94991	-9.50946
-2.197043	-1.198979	-1.979272	-2.23813	-4.828613	-5.62235	-2.333271	-0.072076	-0.282431	-8.223975
-2.173503	-0.752676	-2.305584	-0.384512	-3.171245	-1.512765	-1.505815	-0.213735	1.745419	-3.39947
-0.561655	0.544886	-2.85416	-3.292771	-3.898682	-0.767064	-2.017515	-0.469404	2.261839	-2.840846
-2.008899	2.382607	-1.241302	-0.348408	-1.587426	-1.022749	0.854629	1.808715	3.318126	-0.295604
-0.162837	1.727185	3.411791	2.032776	1.479821	1.450078	3.646914	2.301321	2.942879	2.428753
1.600129	3.639518	3.529715	3.465279	4.92186	4.538416	6.075839	4.014311	4.123696	3.017625
2.694698	4.412706	1.899571	5.416601	4.725488	3.606063	6.074202	2.963283	6.247774	4.99411
1.645569	2.531247	4.180457	3.380141	5.541204	2.832816	6.167103	2.410735	5.198613	4.349705
1.155739	-0.50126	2.918471	2.851797	6.699607	2.408976	1.841038	-0.344336	2.625811	2.716711
-0.184493	-1.121915	-0.293086	1.341468	3.503395	-0.903961	0.162308	-2.912132	-0.665536	0.286425
-1.414028	-4.665721	-3.114916	1.217754	2.966369	-5.622196	-4.331189	-2.977354	-1.320327	-0.873154
-0.644068	-3.042977	-1.68342	0.099952	2.010726	-3.95143	-1.482755	-1.234905	-2.334165	-5.041928
0.967886	0.989014	0.761201	2.394663	2.924766	1.595136	3.579509	1.058314	-1.977651	-2.799197
4.624632	3.784853	1.774445	3.596686	2.612987	2.821	3.589001	2.371899	3.401412	0.694538
3.944669	3.564137	-0.145986	5.642218	3.342489	3.25046	3.806421	3.21245	1.487524	1.460474
5.497996	2.113166	0.925904	2.953561	2.613171	3.178116	3.808466	4.004764	3.139282	1.894712
2.57881	1.484439	3.171016	1.641012	2.192631	1.649567	3.927237	6.461439	3.246186	2.114849
1.516811	1.148356	1.869248	2.283971	-0.395731	2.120111	4.57993	2.480174	3.580333	0.565985
-1.047203	-0.049586	0.817401	-0.617562	-2.867915	-2.301953	2.124646	0.268766	0.053721	0.450519
-4.827833	-2.110486	-0.518627	-3.22159	-5.195423	-1.804126	-0.732016	-1.942987	-1.557349	1.05165
-1.928481	-5.489646	-3.275537	-2.543011	-1.336355	-2.085109	-1.779059	-4.545885	-4.156381	2.556077
-1.924747	-2.570065	-1.728729	-4.343927	-3.080512	-1.596902	-5.553183	-1.782532	-5.746275	0.3459
0.901466	2.872554	-0.139004	-1.595338	-2.282295	-1.241007	1.414511	-1.158729	-0.629232	-0.283184
-0.955642	2.906911	2.196639	-1.260346	-0.487803	1.650376	3.218822	3.661323	0.702545	-0.110473
0.972627	4.736706	4.049997	0.06415	-1.254839	2.236145	3.143049	2.273422	3.324656	0.978131
1.014773	4.052138	1.022671	-0.658751	0.734299	2.561901	-1.514109	2.008666	3.648399	2.017127
1.510193	3.206806	0.24326	-0.942649	-1.335991	0.286942	-1.907753	-0.167047	4.937873	0.367215
-0.191313	2.259909	-0.643937	-2.853545	-1.234209	-0.695731	-4.947285	-0.335218	0.256377	-0.133505
-1.686347	0.914847	-2.453919	-3.352039	-1.988055	-2.19422	-3.596204	-0.203548	1.36761	-3.202335
-3.473709	1.85412	-2.951287	-3.750532	-5.198829	-3.617825	-4.001811	3.49176	1.28217	-5.024874
-1.482201	-1.052673	-1.702041	-3.830723	-3.271532	-4.028246	-1.316108	-0.431994	-0.356443	-7.082423
-1.051224	-2.588133	-1.064182	-3.488614	-3.264364	-3.163283	-0.810495	-0.047112	-2.899931	-5.093882
-0.047179	-1.963359	-1.234911	-2.277403	-3.757025	-4.498337	-0.912172	-2.564596	-3.713494	-5.740751
-1.596366	-1.954454	-2.281026	-1.523092	-2.728016	-4.660108	-1.525041	-1.696846	-3.029034	-3.047131
-1.864588	-1.607716	-2.315429	-4.62708	-1.886935	-4.982596	-0.701902	-4.950765	-2.529251	-6.129322
-0.741144	-3.892746	-5.224619	-2.109567	-3.870983	-5.061802	-0.232455	-5.777353	-4.272946	-4.552124
0.589364	-3.104845	-4.885597	-3.088454	-4.485761	-4.391724	-2.077902	-4.469212	-5.059021	-4.459837
-1.152864	-1.848613	-2.443062	-2.092741	-2.611468	-3.114264	-1.877742	0.349658	-1.598875	-2.270161
-1.25153	-2.712649	-1.897815	-3.091126	-3.371403	-5.06702	-3.545876	-1.149446	-1.773211	-5.172995
-1.476235	-1.692156	-3.384756	-1.719011	-2.915267	-4.196093	-5.627604	-1.664323	-1.455827	-4.607341
-2.503978	-3.570231	-4.470385	-2.489394	-3.070659	-0.813783	-2.471127	1.069624	-4.195126	-2.070697
-2.591762	-1.380777	-2.242901	-1.777477	-2.908279	-0.591789	-2.553345	2.233096	-3.575707	1.290836
-0.195386	1.202508	-2.171805	-2.957157	-4.436226	0.074689	-3.705358	3.28779	0.246228	3.398559
0.391448	0.935423	-1.750796	-4.310836	-4.281001	-0.064048	-2.587867	2.609006	1.42468	4.932072
-2.716059	0.196068	-0.769574	-4.968813	-1.981303	0.430499	-1.124171	2.954144	0.020347	1.230775
-0.476609	-0.218157	-1.150739	-2.452787	-0.84713	-0.944167	-2.628871	0.403801	-0.24157	1.28707
0.506197	-2.178352	-3.05659	-1.114858	1.270517	-3.831848	-1.592967	-2.733321	-0.044973	-0.945945
-1.77444	-2.968317	-3.498628	-1.806325	-1.666262	-0.113742	-3.790958	-4.782425	-3.874361	-2.043568
0.316779	-5.634052	-3.124652	-1.365988	-1.628564	1.325552	-1.974446	-4.961911	-4.763834	1.595902
-0.481447	-2.156857	-0.717562	-4.170746	-2.71079	1.800933	-3.345729	-5.70128	-4.780394	2.176464
0.794681	-2.056331	1.946443	-3.824499	-3.237838	3.275504	-2.246807	-5.400731	-4.81904	3.51632
0.406165	-0.972875	2.996163	-2.527646	-5.004409	2.359465	-3.686882	-5.622566	-5.283072	4.06597
-1.263398	-0.313988	4.241999	-2.406185	-2.010701	3.216517	-0.407951	-1.354886	-4.566991	1.554915
-0.636908	0.59223	2.274152	-2.042717	-2.595112	1.31166	-1.667216	-1.00249	-2.684696	2.085056
-1.648364	0.584079	0.398921	-0.084641	1.612157	2.281597	-0.070575	-0.432779	-1.093887	2.521694
-0.458266	1.66456	0.763307	-0.091655	3.717908	-1.048273	-1.997428	-0.886053	-1.170766	1.775529
-1.077016	0.710473	0.613512	0.461841	0.620542	0.711753	-1.252976	-1.854014	-0.00703	0.803662
0.010787	-1.270982	-1.619865	-1.167452	-1.014839	-0.916325	-0.488817	-1.74206	0.015319	1.133194
-2.439958	-0.454904	-1.066322	0.676368	-0.185336	-2.344805	-0.956651	-1.833892	1.243282	-0.059873
-1.84835	0.179507	0.46724	1.542101	0.130354	1.081813	0.766123	-2.472111	-1.218142	1.901162
0.70281	0.854551	1.532624	3.463348	3.414832	0.954332	2.703505	-0.496916	0.05915	1.729699
-2.025077	0.46293	2.298129	3.673911	2.454999	0.714453	2.358295	-1.147008	1.303556	-0.211161
-2.832812	4.454443	4.810456	3.322291	2.149157	-0.257823	1.529796	-0.913886	0.625476	-0.647515
-0.741294	1.568392	3.156007	2.635189	1.251607	-0.288195	0.532606	0.385349	1.065713	-2.546664
-0.935224	1.894176	2.752783	1.313106	0.17875	-2.63886	-2.499873	-0.931703	0.150465	-1.018905
0.509899	-0.994703	1.758483	-3.920257	-2.952513	-2.599217	-3.35754	-3.031041	-0.779167	-3.791937
0.284474	-0.433344	3.68771	-4.861497	-4.728578	-5.179765	-4.231194	-3.383165	-1.052282	-3.366359
-0.960897	-0.231948	3.107763	-3.339614	-4.736246	-6.646202	-5.033435	-2.583575	-2.038579	-4.90857
-2.620815	1.674986	3.261945	-2.146206	-2.497914	-2.337226	-2.803961	-2.846871	-2.150959	-5.133168
-1.580979	0.97256	3.562456	-1.253772	2.341019	-1.484435	0.227429	-3.929052	-2.847619	-1.822951
-1.26169	-1.206826	1.689598	-0.13221	2.729356	0.892573	-1.025765	-2.155719	-3.167061	0.229781
-0.697046	-3.336171	-3.893329	-0.916318	1.952397	-1.216801	-0.736241	-2.36307	-3.756482	-0.022569
-1.962848	-6.823574	-4.514524	0.423605	0.764945	-3.752155	-1.579298	-4.490206	-3.027382	-1.8252
-1.225395	-6.002535	-6.506384	-2.26494	-2.120399	-4.147386	-2.533735	-3.650526	-4.650561	-3.53581
-0.856086	-8.026852	-5.10401	-1.911451	-2.300432	-7.698793	-3.743551	-2.431729	-5.288016	-7.119998
-1.311321	-4.137325	-2.895999	-1.527125	-3.896253	-6.548374	-3.930344	-0.298614	-4.023948	-4.854762
-0.4744	0.748848	0.305049	-2.723162	-5.73446	-3.735126	-5.006013	2.330618	-0.864656	-6.8221
-2.435421	1.012567	3.431336	-4.155258	-2.53975	-3.116348	-3.418556	1.319068	-0.165938	-4.09441
-1.297985	2.018533	0.824663	-1.855614	-3.960223	-0.441936	-2.079873	3.361537	-1.938094	-0.878791
1.24281	2.206548	2.239631	-0.917626	-2.735074	0.759409	-0.808862	1.786127	0.952078	-0.721941
-0.981737	0.777413	0.275442	-4.907993	-1.492004	1.849892	-0.988221	0.723637	3.376779	0.870942
-1.098423	-3.603272	-3.071202	-2.911813	-3.510908	1.960815	-1.833848	-0.393532	0.275009	0.955061
-0.183849	-5.747706	-5.751301	-2.816984	-3.625686	-1.461621	-3.973343	-4.218179	-1.690329	-0.724784
-1.524814	-7.991486	-4.961752	-2.732203	-2.107935	-4.170513	-2.981503	-4.619302	-1.443235	-4.18569
-0.565017	-5.581013	-6.378355	-0.36977	-1.902552	-5.303159	-2.408827	-2.533002	-5.335708	-2.604255
-0.260157	-3.146584	-2.641708	-1.444181	-0.149336	-1.936156	-0.255614	-3.150476	-3.454045	-3.600177
-1.366933	0.076101	-1.52691	1.893465	0.824116	0.443898	3.09644	-0.651725	-1.562747	0.288245
-1.587645	0.321544	0.827242	2.34797	-0.142194	2.770005	2.538235	-0.957946	-1.662611	0.422515
-2.79309	0.128045	0.160749	0.673337	-1.633764	1.534369	-1.449627	0.44556	1.183764	1.364934
-1.23607	-1.944293	-2.869988	-0.681233	-1.66539	4.020691	-1.735844	0.928296	3.004879	1.433604
-1.916381	-3.80717	-4.503067	-2.955936	-1.670871	0.268673	-3.656414	0.555962	1.965436	-0.395172
-0.834424	-1.696285	-3.560486	-4.280172	-2.912805	-1.92818	-4.406235	0.448659	2.023436	-1.108993
-3.724298	-4.574635	-4.718344	-2.529137	0.205012	-0.142668	-3.050705	-0.989612	-0.015319	-4.540456
-0.601201	-2.41122	-1.924739	-0.28093	1.126682	0.574813	0.214177	-2.437448	2.090073	-1.151759
-0.574132	-1.389238	-2.86197	0.757252	1.580207	2.793865	0.212515	-3.394849	-1.015288	-0.5569
1.15681	-2.063089	-2.811834	0.152712	4.46189	1.582091	1.15951	-0.977414	-2.2997	0.943124
2.089726	-2.299969	-0.57933	0.880451	1.764533	1.732193	-0.331336	-0.864142	-1.82776	1.303314
1.824518	-3.120279	-1.781956	2.428071	0.067739	0.644074	-1.019721	-1.72683	-1.325368	3.970874
1.616085	-2.602617	-4.709011	0.472476	-1.17499	-1.141063	-3.940243	-1.999478	-1.772022	1.178505
-0.999669	-2.17018	-3.896792	-2.493832	-2.75755	-0.415515	-4.241599	-1.248185	-2.115019	1.178909
-1.217345	-1.878469	-4.482998	-3.013751	-2.953439	-2.595181	-4.602787	-0.927148	-3.293759	-1.57741
-4.02394	-2.04728	-3.267928	-1.343179	-0.421955	-2.169156	-1.963805	-2.559067	-2.068439	1.290049
-3.428154	-1.913014	-1.572878	3.581987	0.616405	1.41106	1.988849	-0.98194	-1.265458	2.060189
-2.161086	4.285732	2.476553	5.486249	2.768744	0.801772	1.532178	-2.406465	1.402386	3.549613
-3.224733	2.185459	1.010666	3.99391	3.025664	1.736282	4.702184	-2.515241	-0.821005	0.368122
-0.058695	1.199169	1.137563	2.419373	2.168669	1.896392	5.48577	-2.730366	0.18907	1.883619
-2.48557	0.738063	0.966447	2.025139	2.78826	1.218406	4.353037	-3.18214	0.639314	2.318706
-1.878957	0.430243	2.943818	1.627512	0.270842	-0.232674	4.745188	-2.97726	-0.025972	0.288387
-1.869154	-1.682989	1.06808	0.109793	-2.356285	-1.508745	4.060327	-2.371524	-0.909786	-1.427437
-3.89156	-3.288533	0.124034	-1.190914	-2.722216	-2.427704	1.712054	-1.242432	-1.648926	-2.586063
-1.245774	-0.588686	-0.241018	-1.361908	-3.148949	-3.289049	1.192873	0.915519	-1.07039	-1.657089
-2.119794	-1.004148	-1.617574	-3.695285	-1.978682	-0.608677	-0.972015	3.650429	0.115523	-3.762811
-0.551919	2.606684	-0.230133	-2.348243	-1.048211	-0.694685	-2.158605	3.241302	0.607716	-2.058229
-0.350447	5.724712	-0.545792	0.51472	2.321166	1.54793	1.848904	2.084338	1.59329	-0.550238
-1.995777	1.448436	3.197251	1.336807	0.957551	2.04437	1.086614	1.266539	1.851148	1.422763
-0.772408	2.761058	1.754098	1.678721	-0.395551	0.495439	-0.008271	0.107506	-0.188509	2.780777
-1.986637	2.894781	0.484051	0.464664	-0.673539	-1.512862	-3.58235	-2.141158	-0.303579	-0.012994
-1.584964	-0.353195	-1.909189	-2.381061	-3.918809	-4.273529	-2.059718	-5.025351	-3.07116	-1.572246
-1.407086	-1.587468	-2.06322	-4.090453	-2.329559	-6.00826	-4.042975	-5.151573	-4.630749	-2.337178
-2.574603	-2.647036	-2.827338	-4.986907	-3.560087	-5.042951	-3.742017	-4.088722	-2.932746	-5.713287
0.132387	-1.152798	-2.337344	-0.693522	-1.679088	-2.542801	-1.864941	-0.177595	-2.254548	-7.705071
3.245086	0.095749	-0.700633	1.997004	0.306338	-0.521906	1.156554	2.646809	2.106148	-2.681726
4.160595	3.872305	0.588695	3.758176	1.834097	3.900237	1.679773	2.938792	3.678941	-0.035851
5.103216	3.046272	1.613843	3.176794	2.098189	4.011429	2.852517	4.013655	4.700836	2.623058
6.28465	3.702451	0.705112	3.394361	2.798717	5.422474	2.911089	2.812101	4.122833	1.937302
2.401899	1.670646	2.378006	0.024581	2.057386	3.538774	0.979593	3.79003	2.521335	0.993084
1.834564	1.903856	2.531124	-1.130345	0.330897	1.210232	3.413729	-0.104355	2.687044	1.555507
-0.964154	0.912384	1.347971	-1.873913	0.194952	-0.697249	3.621703	-1.020552	1.44706	-1.774326
-1.148052	3.425731	1.396347	2.085577	3.922956	1.804933	4.967315	1.97144	-0.961012	2.655786
-3.304629	2.096199	3.089855	1.38033	2.42491	0.744381	2.995869	0.230022	0.881127	0.118646
-1.336984	-0.501611	-0.624204	-0.328852	2.215817	0.814098	-0.804432	0.915998	0.92848	2.776858
-1.337215	1.556403	0.416173	3.502832	3.402881	2.270485	1.947814	5.085168	-0.30665	1.773322
3.515779	3.191943	2.659488	4.211187	5.832403	2.812146	0.464011	6.102734	3.072637	3.941143
5.4171	4.092509	3.614943	5.577213	4.750086	5.751083	2.72926	6.871598	1.966145	5.058721
4.43615	3.199405	2.555739	4.414913	4.021833	4.129598	2.259165	6.758862	4.844173	2.746361
3.737828	5.11423	5.159379	4.09039	3.190947	2.583395	3.657328	4.779427	2.644426	4.081764
1.359839	3.860587	1.592564	5.567547	3.38553	0.545175	6.166852	3.748895	1.828603	1.576332
1.835481	5.356578	3.960198	5.239385	3.052985	3.423941	7.167041	6.491068	3.215208	1.325669
3.314758	2.885703	1.924181	4.885207	3.246414	3.761895	5.598396	3.029247	3.101841	3.845676
3.888071	4.691465	3.703215	6.369016	5.090421	4.778041	4.93582	3.587635	3.764106	5.528456
3.84422	2.245064	3.778203	5.159413	6.083707	3.617279	6.262817	0.512732	2.786802	4.555812
1.829908	4.253003	2.978747	6.469401	5.175976	3.358312	3.824188	3.543841	2.180833	4.102445
2.444535	2.006582	3.163548	3.636182	5.298129	5.587744	3.465438	0.700863	0.041	4.029659
3.431604	2.750404	3.604008	4.43806	5.145769	3.345175	0.199667	2.0364	1.486405	4.349555
4.985515	2.764169	3.11303	3.695335	5.125099	3.647509	1.64298	1.035553	-0.966152	2.186237
4.10247	4.026779	4.469715	2.48101	2.054522	1.436947	-0.076921	1.804224	0.906133	1.401705
3.684569	1.712036	3.670165	1.476887	3.330439	0.679292	0.681066	1.590215	3.58236	1.538764
1.601416	2.240141	0.860782	-0.103131	1.876153	0.948746	0.533344	2.885727	1.937432	-1.642286
-1.56069	0.250996	1.528068	1.908357	2.973266	2.67291	-1.226783	3.776361	4.75215	0.740958
-2.791047	1.782501	-0.354275	2.621255	4.544281	2.070488	-0.484014	2.21342	2.068214	1.164099
0.830146	2.651458	2.381454	1.003263	5.260601	2.99748	0.663055	2.611305	4.130428	0.844339
2.79669	1.322768	3.718259	3.059784	4.929626	4.93719	4.199725	2.241717	3.999293	1.900679
4.291387	4.007834	2.361139	4.28012	3.684161	4.605319	3.1649	3.691358	3.403209	3.798123
5.098438	2.812355	4.390098	2.325374	2.493207	4.553969	3.882383	4.227329	4.465279	0.677573
4.423343	1.660534	2.153737	1.145946	1.164966	4.652542	2.770176	2.124132	3.123903	2.34183
4.448205	2.757572	1.102757	0.25344	1.10434	3.83984	-1.812119	3.115768	3.989184	1.484597
4.905623	4.226069	2.564162	0.887057	-0.592567	1.588164	0.272601	3.671239	3.107323	2.982875
3.8722	-0.498072	-0.248849	-0.834001	-0.332255	0.527817	-1.231961	0.391245	1.64682	0.980468
3.958836	1.599149	1.863928	1.490668	-0.989321	0.527	-1.481202	1.376489	2.150478	-1.748123
5.508332	1.041034	2.391194	1.929165	0.959737	-0.008085	-0.060521	1.327272	1.985998	-0.649196
3.651489	0.227383	2.56205	1.276793	0.082921	-0.461437	-0.548314	3.254794	3.845081	-0.012249
3.301809	1.409199	1.918299	2.346354	-1.113066	-0.784453	1.791121	2.393858	3.132527	-0.881379
3.888991	0.585982	0.133242	-0.217751	-1.773723	0.011368	0.237086	1.048465	1.608739	1.014115
1.973238	-2.746367	0.63778	-0.44042	-1.281748	-2.229672	-0.153716	-0.449985	1.859718	-1.509265
-0.629551	-1.393147	-2.217284	-0.520352	0.687661	-1.155973	-1.751982	-0.68419	-0.418236	0.343184
-0.809375	-1.934456	-2.636149	0.297456	0.087706	0.306068	-0.881311	0.145652	1.312879	0.936162
-3.171731	0.287506	-1.504313	-0.421595	-0.159311	2.108152	-1.674699	2.932941	2.724764	-1.812227
-1.795221	-2.989759	-2.858375	1.688397	-0.887188	1.39458	-0.804045	-0.001622	2.572219	1.183617
-1.166243	-2.46445	-4.442333	-0.844867	-1.459723	-0.798746	-0.654545	-0.870435	1.523146	-0.763102
-2.811896	-2.798367	-2.191486	0.489914	0.626585	0.544375	-0.066298	-2.584997	0.918746	-0.166584
-1.16378	-4.969508	-4.181132	0.611743	-2.472461	0.640644	-1.384002	-3.797007	-1.99318	0.473173
-1.398994	-5.672573	-3.250169	-1.449079	-1.405661	-0.599037	-0.863553	-2.743664	-2.554731	-0.770128
-0.265038	-4.29186	-3.774096	-0.47245	0.456388	0.085132	-2.45935	-1.120968	-3.491208	-5.401686
-0.479411	-2.252268	-2.101212	-1.98867	0.856188	-0.117147	-0.95109	-0.653816	-0.198607	-3.6758
0.263788	-1.016898	-0.470515	-0.449737	1.254039	-0.769772	-0.311371	-0.327009	1.10537	-0.738167
-1.837241	-1.115447	-0.671903	-0.320549	1.304544	-1.570844	-1.641791	-1.533645	1.428025	0.158313
-2.794898	0.458485	-0.236075	-2.101706	-1.033896	-2.57616	-4.218148	-1.424923	0.058958	-0.990856
-0.854882	-1.199701	2.32537	-3.435405	-2.999779	-2.747121	-2.13794	-3.738442	-1.937629	0.677325
-1.147092	-2.717004	1.481234	-1.268746	-1.211904	-2.276724	-0.313163	-1.463602	-2.911637	2.22936
-1.575729	1.386776	2.725318	1.309673	-0.016369	1.125731	0.404983	-0.190102	0.013236	1.237949
1.421407	1.06984	1.952924	1.693753	2.484626	0.914244	-0.629999	1.14546	1.04799	1.914494
0.187718	3.21319	2.406952	-1.037705	2.562585	2.472116	-0.942607	0.707983	1.713725	2.154596
1.160304	-0.934175	1.681304	-0.5911	0.764507	2.04145	1.326161	-1.007831	0.288842	1.675257
1.565464	-0.532254	0.471682	-0.563731	-1.900605	-1.278256	1.074007	-3.114482	-0.582658	-0.403422
-1.117902	-2.218845	0.548587	-3.318996	-3.766851	-0.490001	2.141033	-2.414269	-0.061575	0.217561
-3.083693	1.649951	-3.00028	-4.714695	-3.984929	-1.859183	1.272841	-2.177391	1.32269	1.586207
-0.835109	-0.531364	-1.187119	-0.594726	-2.425538	0.242598	1.244333	-0.323347	0.42354	0.608518
-0.91825	-1.18229	-1.980026	-0.670289	-0.381077	-0.835657	1.027611	-2.174538	-0.243527	-0.235906
-2.068416	-0.891527	-1.768903	2.095817	-0.174944	-1.324949	1.994777	-3.643262	0.204391	-1.190763
-0.159207	-2.465973	-0.471846	0.064393	-3.556038	-0.306977	2.352732	-3.982619	-3.252508	2.818149
-2.004124	-4.073028	-2.182356	-2.157259	-4.036959	0.366261	3.250379	-3.550209	-4.927421	3.28783
-1.055966	-2.888993	-1.16533	-2.505539	-3.484904	-2.852937	4.011719	-5.38943	-4.49105	2.612882
-1.161233	-4.664965	-0.207169	-4.476147	-1.487074	-0.474968	0.629854	-3.750183	-6.617494	1.715705
-1.637627	-3.727345	-1.53307	-2.427181	-1.024067	-1.216735	-0.133814	-5.842966	-5.642053	1.052102
-2.141046	-2.707633	-2.165933	-0.92114	0.722419	0.457865	0.026917	-3.573481	-4.302027	-2.083528
0.111608	-2.351627	-0.335656	-0.449125	2.572283	0.578631	-5.122953	-2.456025	-3.204315	-3.568382
-2.182565	0.881373	1.64686	-1.561434	0.187328	-1.049337	-2.22352	-2.551799	-1.640519	-0.40086
-1.314264	0.741266	0.942518	-1.538966	-1.107847	1.329062	-3.080583	-3.902702	-2.177238	0.904738
-2.076991	1.059054	-0.865881	-3.306921	-2.08044	-1.170672	-2.118442	-4.530334	-3.317072	0.349416
-0.722946	-0.462263	0.123162	-3.011899	-5.23855	-2.489041	-3.887694	-3.256695	-5.16302	1.235672
-3.476129	-1.102185	-0.17195	-3.928498	-5.423276	-5.238742	-4.212237	-4.245384	-6.159285	0.232408
-1.365941	-2.299512	-2.670217	-1.996518	-2.935719	-4.957077	-0.90577	-5.601802	-5.603464	-3.299575
0.670017	-1.879442	-2.273139	-0.456459	1.509024	-2.941546	2.364508	-2.581647	-5.36506	-5.263676
-1.158654	-0.701977	-0.590113	1.19378	3.915353	-0.888448	3.617999	1.29618	-2.848571	-1.958394
-0.601356	1.122885	1.65436	3.1356	4.030568	0.167715	5.646004	1.01008	-1.080799	1.40837
-0.40319	4.545744	3.499582	2.3529	3.091971	3.080745	5.680625	2.015552	1.575157	0.607919
-1.522555	2.9348	1.830953	3.357881	3.442062	2.55074	4.845163	2.771597	1.163696	2.162353
-0.190753	1.745553	4.514274	5.333445	3.818941	0.744401	4.07652	0.955215	2.388518	2.106272
-1.695185	1.444803	3.687646	1.18809	0.68511	1.758526	4.417797	-0.971194	0.356922	4.006178
-0.569951	0.820351	3.30287	1.149417	-0.350831	1.550717	3.174795	-1.30593	-1.202291	3.101271
-0.186953	0.562797	2.201846	-1.482172	-1.005482	0.471571	2.292515	2.535408	-1.067723	3.517351
-1.79309	-0.467959	1.762075	-1.310079	-0.292241	0.05179	-0.37294	1.741019	-1.300774	3.328119
0.126635	1.544383	-0.486443	-0.001302	-0.254609	2.617271	-0.261071	3.122904	-0.392445	2.883076
2.686223	2.223823	0.691294	2.880358	0.811716	3.053416	-1.700975	3.756062	1.952265	1.207622
3.700771	2.540762	0.739186	2.694403	3.278933	1.841623	-1.332952	3.261993	2.270155	3.170957
2.70288	2.4141	0.289534	1.051031	0.004644	3.181591	-0.6177	3.916098	1.463323	2.655083
2.793947	-1.074664	-1.326362	0.133544	-1.560852	-0.699279	-1.053518	1.616776	-0.07323	0.5663
-0.350528	-3.363329	-2.707002	-2.949159	-2.583453	-5.429288	-1.888705	-2.624273	-0.184206	-2.102693
-0.688846	-6.172695	-3.992684	-2.800377	-4.80916	-8.172938	-4.389761	-0.747948	-1.887304	-4.757494
-3.764608	-4.994362	-4.999408	-4.42881	-4.775572	-9.187029	-4.092183	0.504451	-4.444426	-8.220203
-3.655416	0.03147	-2.922073	-3.967459	-4.073588	-2.885162	-1.369671	1.892122	-1.678572	-8.487121
-2.753771	1.100201	-1.85538	0.617078	-0.792608	-0.313436	0.285176	0.209267	-0.281542	-5.027445
-2.452174	-0.166369	-0.326727	1.6505	-0.193631	2.810646	1.33546	-0.574215	1.814761	-2.080777
-1.074927	1.220261	-0.287114	0.963707	2.570142	1.853284	0.275481	0.538576	3.127738	2.237783
-2.78443	-1.42681	-0.588841	2.684499	2.323612	3.715577	0.040239	-3.661361	0.094789	1.540437
-0.769985	-0.810082	-0.229007	0.769277	3.24748	0.699324	3.360337	-2.817125	-0.340689	-0.002115
-2.559894	-2.036054	0.182388	-0.142059	3.057745	1.180024	2.991475	-3.962216	-2.170295	0.542426
-0.395557	-1.243227	1.507145	1.25809	2.045108	-1.518923	3.374054	-4.266834	-3.54333	-2.10384
-0.364576	-0.334901	-0.037936	1.085724	0.31627	-1.762318	3.159674	-0.78798	-1.629196	0.627889
-1.260654	2.815925	1.003145	1.936144	-0.259869	-0.307363	4.039938	3.127146	-0.586293	-1.804289
-1.02239	2.65065	2.721889	3.43305	-1.220609	0.667441	2.151944	2.382344	0.905279	0.458728
-1.289186	3.025075	2.507697	4.269441	1.94275	2.106093	2.389295	6.768813	3.895418	1.467538
0.428155	0.742898	1.539068	2.656618	2.366308	1.896593	1.497891	4.542955	4.539123	1.591043
-0.396568	3.284922	3.174702	3.72078	3.005367	2.308339	1.856633	5.103768	5.407394	2.571542
3.756045	4.026645	1.271301	4.678428	2.438026	3.68703	3.765022	3.805353	4.509729	3.133035
1.76859	2.610667	1.915764	4.038161	3.731785	3.756565	1.621357	5.281008	1.804829	4.773022
2.886767	1.315788	1.172692	2.14678	2.262945	1.597142	-0.368959	3.474435	3.324891	2.334502
2.656574	0.198109	2.846584	0.487784	0.975506	-0.007738	-2.605326	3.535533	2.974116	2.787077
-1.19759	2.418629	1.950842	-3.121326	2.417768	-2.052079	-3.189544	3.483401	1.116901	-0.031354
-1.240528	1.732548	2.644966	-1.568252	-0.054669	0.06622	-4.811812	3.64614	4.893647	-4.182092
-1.833841	5.192267	2.138954	-3.837992	-0.388103	-1.721643	-4.128829	3.778449	2.360252	-4.006636
-3.19213	1.668485	3.899209	-3.018846	-0.421136	-1.31907	-1.988694	3.132729	3.576316	-2.810087
-1.026998	3.498702	0.74903	1.727084	1.407634	1.136239	3.326192	2.225278	0.941838	-0.851344
-0.291246	2.640219	2.488617	3.709899	3.043506	2.674782	4.123031	3.566498	2.378216	0.554591
2.021824	1.878235	0.88517	3.2629	1.766381	1.800058	4.101423	0.924587	1.145249	2.182319
3.70221	0.88665	0.24619	1.910085	2.15296	0.421666	2.412069	0.231546	-0.439362	1.38414
1.985811	-0.146736	0.710176	-0.054744	4.470741	0.017003	0.663469	-3.625226	-1.65732	-0.094248
-0.933375	0.595478	-0.01257	-0.785389	4.087626	-3.491231	-0.816676	-0.998329	-1.049524	0.645857
-1.39285	1.096991	0.21335	2.342151	0.459315	-3.317137	-2.239465	-4.577762	-2.774576	-1.471146
-0.553416	0.506503	3.294238	1.019176	3.894308	1.204083	-0.472299	-3.907526	-3.281677	-1.028459
0.041625	2.838815	0.005292	-0.284415	3.143706	0.939128	-0.212576	-2.329222	-1.303428	1.52612
1.468872	0.295725	-0.291086	0.404379	2.151008	4.035696	1.364104	-1.047648	0.303971	3.83539
2.554423	-1.028364	1.524504	2.020958	4.038815	2.837885	0.177141	1.488994	0.753718	4.829349
2.205175	1.332846	0.35096	1.756721	1.258528	1.866096	1.963436	-0.773395	3.244513	2.658999
0.641827	-0.800045	-1.619515	2.366169	0.286646	0.397825	0.03129	0.332585	2.266456	-0.033862
0.471478	-0.055436	-1.931523	0.664101	-1.56223	-3.315228	-0.329698	-4.817867	-0.038056	-0.223633
-2.839275	-5.009127	-2.892763	0.295818	-1.8711	-5.539965	-4.120127	-3.27825	-1.103123	-5.057116
-1.290434	-6.195919	-6.645436	-2.52978	-5.919663	-7.365387	-2.900496	-4.102465	-4.730445	-7.265011
-2.3793	-4.968511	-7.67754	-3.295994	-5.639819	-6.461896	-3.615505	-1.784312	-4.240724	-3.801218
-0.845076	-3.184103	-6.193677	-3.733424	-1.542667	-1.555693	-2.040354	-1.99019	-2.96956	-0.521838
-0.780363	-2.510295	-4.224046	-0.525869	-2.690808	-0.673079	-1.336842	2.613401	-0.723054	-1.216671
4.053537	-0.192087	-2.016347	-0.785029	-1.767841	3.395043	-1.173168	2.70066	2.005794	2.119382
4.778922	0.043021	-3.72138	-0.430204	-1.719165	1.692273	0.372867	1.533887	2.041382	0.027222
1.438691	0.33623	-1.474945	-1.556695	-0.987781	-0.015992	0.013064	1.168683	4.008409	-1.815054
-0.14196	-1.45946	-2.806743	-2.432402	-1.799887	-1.122452	-3.766377	1.416848	3.321976	-0.626144
-1.232931	-2.65215	-0.877172	-3.994623	-5.094783	-3.157708	-4.193855	1.184881	2.871881	-2.065751
-1.312525	-2.166339	0.041467	-3.598659	-5.755969	-3.271964	-2.262071	-0.527517	2.088124	-1.646674
-2.240043	-1.665227	-0.303926	-4.015511	-3.539645	-2.031019	-1.418122	-4.290845	-0.427097	-5.012413
-1.394588	0.626386	1.762049	-1.948177	-0.169309	-2.019076	-2.21101	-4.430305	-2.10338	-5.01397
-0.34646	0.615101	1.417991	-2.163658	0.837138	-2.020436	-2.488835	-3.210295	-5.489729	-2.128545
0.637737	-1.964982	0.673102	-2.120653	-1.553302	2.4851	-3.388394	-3.350416	-3.961042	-0.884539
-1.556698	-1.099363	-0.287219	-3.966063	-2.37073	1.065129	-1.27669	-1.391168	-3.54832	-1.194352
-0.315466	-1.397242	0.696327	-0.214787	-3.443444	1.761552	-0.12742	-0.297049	-2.999865	1.554115
3.69013	1.111082	-1.149659	1.553875	-1.423544	2.681165	-0.384485	2.22874	0.694224	3.358762
