X1	X2	X3	X4	X5	X6	X7	X8	X9	X10
-1.731143	-4.390144	-5.269323	-3.124756	-3.47599	-8.458696	-1.669694	-3.759041	-2.659507	-4.590896
-1.669693	-3.887021	-5.349806	-0.213558	-0.345936	-2.303658	-1.463915	-4.720984	-3.234075	-4.720989
1.806585	-3.72354	-3.049195	0.532809	-0.154476	0.275902	1.733128	-1.527721	-0.453129	-1.83646
1.467091	0.280499	-1.089092	2.175144	4.044791	1.550584	0.465136	-1.032754	3.748231	-0.176609
0.063727	0.905396	0.610403	2.252447	4.224065	1.539686	1.299008	0.632816	0.564105	-1.109438
-1.561306	0.953552	2.429291	2.642919	0.804346	-1.915892	-1.337953	0.709489	-0.486906	0.77465
0.934294	-0.254233	-0.959728	-1.820039	0.119836	-3.577551	0.686853	-0.250137	-1.574002	-1.583846
-2.838372	-1.520459	-1.610256	-0.876029	-1.316366	-5.716994	0.604126	-1.637363	-2.877884	-4.405927
-1.814403	0.090075	-0.771991	-2.777149	-4.76406	-4.02262	3.202768	-3.01199	-3.391251	-1.904895
-1.661498	-1.498832	-1.584034	-3.906899	-4.457945	-2.084532	1.79528	-0.437219	-3.326604	-1.463152
-0.509355	0.018221	-0.136185	-0.58688	-1.297921	0.497771	0.234262	1.235649	0.857458	-0.034499
2.678427	3.637834	0.292456	-0.697392	-1.163488	2.609185	0.397815	1.880213	5.084835	0.440961
3.934349	2.375607	1.050389	2.715467	1.261855	4.317011	1.66854	3.141571	6.560627	2.868428
5.376513	2.72194	3.364014	2.700795	3.975508	1.998547	-0.344362	6.009524	4.783333	3.0596
4.659719	2.581635	2.293732	2.666393	2.518971	3.978392	2.17321	5.139669	5.362653	2.238774
4.206468	4.00849	1.761341	3.556261	3.529844	2.905744	2.793257	4.319105	2.304588	3.57705
4.511262	3.304006	2.134742	2.783499	0.650128	0.748202	0.966879	2.040832	0.872138	-0.471974
1.100203	1.296384	-1.180265	-0.367993	-3.040977	-3.213934	0.080578	0.801448	-2.039898	-2.6694
-0.21721	-3.742676	-2.19838	-1.658915	-1.420671	-8.540267	-2.456246	-2.432247	-5.06672	-4.01443
-2.171975	-4.520775	-0.344303	-3.506767	-3.597754	-7.936998	-2.824791	-1.359456	-7.121527	-7.231364
-4.336391	-0.678412	-0.807234	-3.231449	-3.187924	-5.174327	-2.273157	-6.012578	-5.449221	-4.975905
-2.367257	0.531813	1.210126	-1.974961	-3.618283	-3.828257	-2.244342	-5.250716	-5.137	-4.708854
-0.796272	2.6984	2.336579	-1.940504	-0.80893	-1.998988	0.042354	-2.902869	-3.444765	-2.953013
-4.026135	3.54315	3.503923	-0.935877	4.615036	0.979777	0.714332	-2.118541	1.736783	-0.423283
-0.590045	1.844962	3.891059	0.86172	4.610014	0.888838	1.324693	-1.60223	-1.536356	4.980234
1.2612	1.176737	3.561687	3.540387	5.676605	1.873094	-0.377161	0.611261	2.542719	4.155237
2.533199	2.905276	5.406107	2.143422	4.926409	2.305942	-0.64653	0.135531	2.140407	3.544423
4.127553	0.769877	3.005018	1.586827	3.712227	2.039282	1.085486	0.702579	0.388308	2.720493
-0.195536	0.972042	1.601622	-0.496999	0.444358	3.360412	-1.027209	-2.076596	-4.342878	5.078343
-3.736267	-3.79383	-1.500483	-1.456355	0.931903	1.26873	-1.167817	-3.333695	-3.395751	2.930673
-2.58064	-4.194539	-3.928396	-2.921644	-0.128339	1.534236	-2.563636	-3.402919	-3.818213	1.78538
-3.013654	-5.299484	-4.222317	-1.656363	-0.648966	0.302128	-2.646264	-2.268869	-1.573962	0.753765
-2.080108	-2.164965	-5.412947	-1.910814	-2.030779	1.305703	-1.618401	-0.996547	-3.410399	2.739424
-2.974202	-2.609482	-4.026784	-3.462897	-1.219777	0.574262	-0.070046	-2.439553	-0.841125	3.086156
-1.728234	-0.840235	-2.40373	-3.561312	-3.396661	2.596101	-0.875198	1.516911	-0.68084	2.296261
-1.934804	-1.039224	-0.039283	-2.746859	-3.515729	3.058821	-1.356055	2.119345	0.288856	4.797836
-1.349212	-2.401749	-1.506945	-1.682839	-1.251783	2.421819	0.227083	3.721946	0.951563	2.03598
2.735144	1.274991	-0.222615	1.773449	-1.843421	1.921493	-0.946782	2.999014	3.10998	4.213992
2.961764	3.598795	0.744907	0.762103	0.637556	4.405143	0.16895	4.871549	4.039607	1.50077
2.445048	2.534463	1.77552	1.076524	1.097948	1.554767	0.096381	2.439648	3.455144	4.246913
1.442998	0.472696	1.933326	-0.913888	2.943956	2.577762	-1.348889	3.40851	2.77279	2.730519
-0.899387	0.223693	-0.610877	-1.386435	0.52968	0.677429	-2.831058	0.957736	-0.437255	-0.290813
-2.457805	-0.427445	-0.934587	-3.376715	-1.36888	-0.873936	-0.494325	0.147622	-2.646391	-0.348885
-3.368156	-1.619218	-2.698806	-2.871931	-2.673423	1.016367	-1.787889	0.017369	0.066681	-0.009198
-2.11504	-3.490226	-2.655132	-2.448181	-2.192851	2.009635	-1.511349	-0.169224	-1.22054	1.116848
-0.312356	-3.77227	-3.378367	-2.213766	-3.037262	1.057068	-0.569205	-2.10446	1.947547	-0.257251
-1.145304	-0.880349	-1.90701	-2.450587	-2.029857	2.040564	1.316546	-1.187638	0.457641	-0.712495
-1.107883	-1.562263	-1.399061	1.539455	0.584665	1.97932	2.600805	-0.07726	1.803842	0.710715
-1.119293	2.137588	2.53518	5.470662	0.792904	1.507936	4.289271	1.556372	1.815148	2.495177
-0.951733	1.747804	2.398512	2.763631	1.31976	-0.86809	1.864548	1.834559	3.09166	-0.11551
-1.033804	2.891685	4.023237	3.188764	3.031132	1.04584	1.895634	1.595498	0.949178	-0.015048
-1.243704	2.22373	1.670254	3.649959	3.385222	-2.061276	0.616633	1.02909	2.5986	-1.717137
-0.926633	-0.94936	1.810162	2.356516	-0.892671	-5.309139	-1.205056	-1.644168	-2.284674	-3.47518
-1.140792	-1.734385	2.261463	0.429134	-2.196747	-7.43405	-0.533331	-2.521477	-5.690743	-5.581577
-2.605779	-2.214245	0.150755	-1.432987	-2.355006	-9.432612	-0.19509	-3.766437	-4.75011	-7.70913
-1.378595	-3.45624	0.537739	-3.720647	-4.558747	-7.984727	-0.401434	-3.433649	-3.503774	-3.622639
-2.47354	-2.288971	-4.099786	-2.543446	-1.756871	-4.543395	-0.74176	-1.782814	-0.067036	-4.244207
-0.441012	0.369962	-1.876618	-2.265386	-1.981978	-0.548218	-1.239468	1.170066	-1.104796	-3.052135
1.437488	-2.397139	-1.793659	-2.331167	-2.585467	-0.474699	0.097044	3.08039	-1.015355	-0.311223
2.62276	-0.750076	-1.230408	-0.231089	-0.696138	-0.344939	-1.457624	1.520358	1.687487	-1.637173
1.151104	0.300651	-1.204165	0.493147	-0.886692	4.18016	0.15063	0.951769	0.934728	-0.147687
0.621621	-1.082258	-0.138831	1.387741	0.291472	0.945397	-0.611693	0.345021	1.97627	0.821035
-3.141689	0.639998	-1.287405	0.967692	-1.394947	0.63097	-0.013892	0.972913	-0.595291	-0.011309
-2.922427	-1.581882	-1.774087	2.465	-0.853047	0.743576	0.104534	0.757046	2.368048	0.080881
-1.079892	2.207902	-0.167278	2.241865	0.27927	-0.846584	1.685087	1.432416	4.118383	1.223902
-2.135683	0.203949	-1.083478	3.021985	1.199604	2.097585	-0.241334	2.513225	2.757416	1.161755
-2.890602	4.029561	2.686014	0.99006	-0.219843	1.829884	-0.471225	2.03237	2.427845	-0.930464
-2.818548	3.533936	2.068597	0.26929	-0.655073	-0.98369	0.502012	1.934251	0.55457	-2.209553
0.415079	3.910775	2.502071	0.657374	-1.057785	-0.102339	-0.022719	1.919767	1.05129	1.337384
1.725878	2.613977	1.956436	4.128011	3.31802	1.462036	0.592981	3.553716	2.663805	0.578848
0.339051	1.122542	2.582893	4.233701	1.501543	3.285933	1.191114	4.500099	1.980713	2.244637
2.082497	1.33937	1.36224	2.051344	-0.380616	2.047849	-1.040819	2.229614	0.569115	1.92945
-0.533385	-3.036239	-0.196621	0.543838	1.373143	-0.360216	-2.517017	-0.812041	-1.792491	0.481085
-2.175294	-5.410286	-4.989592	-2.084616	-1.695382	1.112736	-2.613279	-1.671564	-2.642506	-1.234557
-0.453731	-2.99047	-2.647173	0.079481	-1.932088	1.486002	-1.429304	-1.199559	1.238271	2.470521
0.324505	-1.789892	-2.497763	-0.672473	3.399623	5.066581	3.07131	-0.421025	4.591238	2.752019
2.089312	1.665548	0.532438	2.536123	4.309351	4.368471	-0.191738	3.024837	5.360295	3.285435
3.263392	1.90795	0.899729	1.286768	4.565497	4.13047	2.075756	1.950525	3.90674	2.017169
0.478444	2.774014	3.12441	1.336561	4.860259	1.078577	1.41529	2.25934	2.053374	3.102319
0.178268	-0.762861	-0.086319	1.827502	2.494639	0.91459	2.291567	-0.439421	-3.102705	0.173385
-1.712038	-1.442575	0.445142	0.29799	-0.873064	0.114906	-2.691812	-1.341757	-6.595397	0.310265
-1.765872	-2.624228	-1.282708	-4.927976	-4.92455	0.843425	-2.174547	-1.21037	-9.324704	-1.327141
-2.737835	-4.37592	-3.001868	-3.252796	-4.535519	-2.105656	-3.563137	-3.15926	-5.995825	-2.279035
-1.725727	-3.345852	-3.546538	-2.529571	-4.213872	-0.270939	-2.21098	-3.836028	-4.022962	-4.170517
-0.429349	-1.602624	-3.71542	-0.688201	-2.572708	-0.074025	-1.145876	-6.134175	-4.878816	-1.639388
0.236999	-1.657437	-2.447812	-2.139888	1.244373	-3.220716	0.178777	-3.569302	-1.380187	-5.023651
-0.621084	-1.153589	-0.409516	-0.332931	2.64677	-0.508314	0.02068	-2.888709	-0.410176	-0.847904
1.574604	0.865317	0.949669	-1.526531	2.304083	0.336179	0.158032	-0.751298	2.764117	-0.63935
1.23146	-0.127318	1.470442	0.86691	0.301212	1.957861	-0.040764	1.325932	3.007689	-2.143088
2.737185	1.399006	-2.381697	2.071893	0.502057	1.502031	-0.451008	0.224178	3.413741	-0.128821
3.756878	2.517789	3.227552	1.093617	-0.681982	3.246487	-0.851098	4.050542	4.434971	0.305051
3.704039	2.332029	2.117688	-0.69312	-0.397206	-0.263273	0.100265	4.241121	5.693779	1.315227
3.353668	2.263827	1.713512	1.008683	-0.583814	3.072048	-2.133216	0.927515	3.367364	3.588406
0.831964	0.621281	3.681823	-1.001976	-0.442207	-0.56565	-2.396442	2.538824	0.887824	1.879188
-0.330374	-1.089707	-0.407679	0.165204	-2.263585	-0.071769	-1.451311	1.195046	-2.51874	2.006071
-1.603445	-1.518938	-0.602695	-0.877679	-0.433648	-0.455412	0.080077	-0.751618	-2.79793	2.163955
1.532049	0.134886	-0.132425	1.533474	1.649504	1.885219	-0.020176	-1.23147	-0.764547	1.367038
5.191109	0.931967	-1.099669	1.499064	4.23877	2.047324	1.09983	0.520589	0.556208	1.447121
3.647634	2.418002	1.875773	3.902589	3.36915	3.6972	2.629696	1.42156	3.523735	1.044101
4.786523	3.770093	2.8814	3.173548	2.414344	2.070245	1.194823	2.394241	2.751533	3.272079
5.697475	3.782239	5.031111	4.612642	5.273652	2.684857	1.057411	1.424632	3.886099	3.241854
4.850792	3.148238	3.824407	2.169369	2.932574	3.772836	2.494061	2.001431	4.094635	5.567924
4.34637	2.099292	3.721188	4.206628	3.940909	4.420078	5.674975	1.36194	3.376638	3.539689
3.064412	1.658798	1.034852	4.532919	2.910956	2.898282	5.999752	1.294156	1.034708	0.853149
2.296415	2.815458	4.572399	3.731242	0.419217	2.570046	5.290893	1.02928	-1.504057	1.769002
1.522179	3.93947	4.040529	0.224095	1.02309	3.029269	2.8758	-0.932589	-2.584456	2.088847
2.113103	2.456234	3.722142	1.212078	-2.145925	1.130948	2.724272	-1.241053	0.338407	-0.002415
2.269688	2.63875	6.003337	0.43849	-1.978228	1.689883	3.69511	1.078789	-0.731066	0.942513
5.109232	3.570617	4.158314	0.619931	-0.534819	1.38727	2.134815	2.562936	1.426223	1.465533
4.456135	1.648335	2.556371	2.938099	1.487501	0.318508	1.196388	2.874488	2.701972	1.918242
2.578796	2.059402	-1.87169	3.950294	2.510732	0.132296	1.862028	0.762644	0.74728	-0.35656
3.631514	0.64562	-0.403772	1.485516	3.464074	-0.188469	-0.332762	-1.376398	1.492548	1.565026
1.40189	0.330286	-0.314573	0.687963	2.775927	1.160612	-2.609384	0.414064	-1.161727	0.267
1.318522	1.142002	-0.236196	0.371736	-0.368311	3.312937	-1.160836	-0.259472	1.673455	-2.080539
3.048209	4.067865	1.47096	0.811232	-1.756438	2.938504	-2.111218	1.919794	0.992492	1.281408
1.953452	2.656277	3.264795	0.003152	-0.598257	1.882811	-2.05293	2.954661	0.136583	1.588441
3.065149	3.379335	1.966407	-0.299205	-4.356666	2.440558	-0.961071	1.672629	2.458028	2.369059
1.271299	1.94794	3.263696	-1.42764	-0.716366	1.552141	-1.27904	2.084097	2.134626	2.243461
-0.216297	2.585192	0.215761	-1.247853	-2.822558	-2.307341	-3.253838	1.110465	1.735074	0.265347
-2.021741	-1.009312	-1.198198	-1.116046	-3.064442	-1.65349	-4.122464	0.507932	1.923373	-0.890784
-2.906933	-1.96257	-1.284681	-1.757019	-2.728418	-3.195407	-3.104218	0.758497	0.73612	-2.597133
-1.554675	-1.811983	-4.36289	-2.197272	-2.069987	-3.707794	-4.554999	0.178062	2.337716	-3.6754
-1.919366	-3.376653	-4.491424	-1.623007	-1.171849	-3.121353	-3.005207	-1.112076	1.820458	-3.231886
-1.144807	-3.33938	-3.685686	-2.109624	-2.041205	-3.801486	-3.508642	-2.901917	-0.603454	-5.036791
-0.113	-4.133963	-3.565074	-2.784324	-1.519854	-5.254195	-3.188704	-0.81566	-3.414521	-6.265017
-2.295345	-3.580605	-2.935591	-4.586408	-1.862198	-5.064281	-4.403392	-2.955707	-5.379545	-5.052463
0.103458	-4.831905	-2.964336	-3.493275	-0.300836	-3.141245	-1.556307	-2.448958	-2.171027	-5.14913
-0.874293	-0.678963	-1.937411	-1.004328	-1.984769	-0.655791	-2.747047	-1.764014	1.878132	-3.809319
-2.368697	1.077818	-0.177516	-3.321366	-2.520498	-0.750218	-1.019214	-0.755374	2.156332	-2.28553
-1.629157	1.76424	0.230549	-1.815791	-0.798223	-1.24823	-2.121007	0.661061	3.62097	-2.266164
-3.152672	2.8387	0.458381	-3.659403	-1.592144	0.192872	-2.135826	1.963089	3.129245	-2.104222
0.623557	2.8105	-0.412118	-4.084503	1.472938	1.171887	-1.657971	-1.181588	0.835657	-2.013804
0.918328	1.553837	-0.750551	-1.511491	-0.846177	1.087912	0.742858	0.122929	0.148405	-0.686411
0.739442	-0.506089	-1.100617	-0.784568	-1.767389	0.205847	0.019561	-1.111462	-3.034014	-0.424543
0.105197	-0.532178	-2.026718	-0.768136	-0.5109	-0.650611	-0.132361	-2.64706	-3.3733	-1.0598
0.718193	-3.49933	-2.583755	-1.599894	-1.171309	-0.586464	-1.459911	-2.284265	-5.704354	0.469116
-0.667872	-2.756048	-1.769828	-1.928043	-3.485417	-2.464012	-2.478486	-1.523479	-2.480177	-3.527794
-1.434097	-4.32483	0.061961	-1.366685	-2.333525	-2.407858	-0.905888	-1.269301	-0.810772	-2.882432
0.064316	-2.793179	0.535713	-3.252419	-2.012833	-0.712603	0.842184	-3.377232	1.168362	-1.515798
-2.767434	-1.715894	3.762426	-1.312847	1.269159	0.14195	3.011529	-1.245872	-0.785377	0.270008
-3.080747	1.454324	0.962899	0.820731	4.47245	2.750202	2.016847	0.818578	-0.218291	2.413085
-2.664924	3.590374	3.825231	3.774114	5.52714	3.061448	5.094337	-2.954782	1.507819	4.173433
-0.545866	1.623855	3.648721	3.996501	4.924127	2.22379	3.9968	-3.595153	-0.405547	3.725051
-0.947974	2.063367	2.137369	2.139592	5.918913	3.821723	3.638835	-1.843034	-2.749891	3.305138
-2.100048	-0.04519	1.158274	0.862086	2.491795	1.609648	1.866941	-2.844926	-1.538315	5.248595
-2.000189	-2.244219	-1.405066	0.057782	0.698274	3.006062	2.740519	-2.59383	-1.82882	2.30282
-2.289699	-4.252519	-2.619552	-2.49042	1.24235	-0.074337	-0.287432	-3.074746	-3.087706	1.288613
-1.528877	-5.231791	-4.558183	-1.898822	-2.287879	-2.903549	-2.378913	-2.921774	-2.939375	-2.127825
-2.709625	-4.598335	-5.266063	-1.274523	-3.222113	-1.686476	-0.585324	-2.436015	-2.230529	-0.122797
-0.636544	-2.623153	-4.424591	2.104775	-1.020552	0.214779	1.829235	-3.744168	0.807432	-1.167702
-0.685434	-0.278545	-2.190968	2.236772	0.493303	1.184716	2.572762	-0.845535	0.101506	0.936359
-2.030296	0.999087	-0.966995	5.287266	3.857451	2.080733	3.599358	-2.165816	1.548092	-1.224913
-2.731231	0.315945	0.230425	3.120358	2.989293	-0.978772	1.319422	-0.342011	1.645288	0.031679
-1.343941	1.410826	-0.567806	3.716947	1.700227	-1.567899	1.318453	-0.12662	0.176194	1.577537
-1.996024	0.27773	1.626808	3.943532	1.395153	-1.171552	1.626451	-1.880444	-0.133292	1.454659
-0.793383	-0.048444	1.775068	1.187912	0.882371	-1.16793	1.413214	-0.268283	-2.070671	-1.409655
0.268881	-0.695896	1.795272	0.366386	-1.370521	-0.731636	-0.112857	1.198062	1.164955	-1.360706
0.862169	-0.910827	0.663719	-1.543845	-2.624722	0.346729	-2.434364	4.291192	2.323386	-0.502793
1.763678	1.652561	0.315508	-0.783684	-1.529133	-2.256937	-2.162207	3.084005	1.21092	-1.615818
2.192709	-1.094831	-2.006162	-3.12653	-0.070654	-1.987034	-2.401087	2.473202	0.577455	-1.82428
0.739961	-1.347104	-2.739893	-1.300784	-0.880887	-2.839565	0.591995	0.676382	0.692991	-2.771581
-2.152868	-4.36976	-1.553685	-2.348446	-1.363931	-5.091131	2.201838	-1.950155	-1.546373	-2.33862
-2.208779	-2.748299	-1.677239	-0.882719	-1.972888	-6.315533	1.601441	-1.95091	-3.00794	-1.681798
-1.974171	0.271179	-0.514957	-4.197001	-2.028357	-5.925573	2.069405	-2.479783	-5.11881	-2.672816
-1.305146	2.517972	3.761959	-2.754495	-1.87314	-5.110751	0.396726	-1.073674	-4.356484	-4.620173
-3.344905	1.387781	1.89511	-2.369	-3.615736	-6.32267	-4.018194	-1.076983	-3.553564	-5.027171
-1.061749	2.535003	2.533493	-2.511017	-2.509647	-6.182731	-4.620458	-0.271912	-1.405551	-4.341209
0.602922	3.099738	2.008708	-1.101446	-3.107773	-1.325935	-0.510666	0.40184	-2.625046	-5.268589
1.184607	1.798287	3.148753	-1.23219	-1.378214	-1.617883	2.567381	-0.958827	-2.564751	-1.70761
1.646505	1.270347	3.400327	-0.480347	-0.021671	-1.433577	3.199882	-2.699215	-2.225367	0.321727
-0.313984	0.141218	1.017729	0.484781	1.146555	1.034682	3.343035	-0.543123	-2.011694	1.073622
-0.066263	-2.138001	1.019258	0.879793	0.898865	1.450993	1.76204	-3.419252	-0.994335	-0.245625
-3.463431	-2.25361	-2.318989	0.66829	2.868157	1.358354	0.312895	-2.067701	0.285511	-0.366416
-0.998989	-0.54941	-2.55071	0.12137	3.913331	5.140164	-0.943001	-1.059872	-0.49976	1.08535
-3.185138	0.209198	-3.65821	0.460332	3.341186	3.768523	-2.287348	1.127535	1.476853	2.750572
-1.206679	2.197113	0.211913	-0.298923	3.302322	3.499128	4.544352	3.09112	2.983548	2.95675
-2.152313	0.802235	2.840256	-0.429197	0.093439	2.191678	2.180998	3.474083	1.759223	4.726184
-1.54884	1.715363	3.603318	-2.65919	-1.010564	1.178274	4.956488	3.829623	1.727778	1.450772
-2.386162	1.164796	6.301898	-1.542602	-3.961288	-0.562588	3.531322	3.52424	-0.808188	1.393116
-1.815779	1.877933	3.348895	-2.876435	-2.758333	-0.428908	2.652598	1.835033	0.371023	-0.287986
-0.199391	0.379773	2.125707	-3.356589	-3.5732	0.146513	1.488516	1.819003	3.00931	-0.630334
-1.923601	2.493517	2.522833	0.099136	-1.015689	1.421375	2.867572	3.448148	5.186573	2.164571
-1.477108	0.087263	0.489672	-0.439761	-1.0405	3.727974	3.365168	3.524969	7.893409	0.80503
-2.778013	0.28651	0.686022	1.007619	-0.135835	0.958412	3.2553	2.263065	2.221317	2.215143
-0.112017	-1.080842	-2.240118	-0.327124	-1.614993	-0.925514	0.807268	-0.032164	1.218998	0.854107
-0.703821	-1.755294	-3.662648	-1.604391	-0.602675	-4.229904	-2.368029	-2.311918	-4.210651	-3.191775
-0.380526	-3.218347	-1.957071	-1.282582	-1.532181	-8.02256	-0.720494	-2.768999	-8.16453	-3.720606
2.093668	-3.688702	-1.881787	-1.388098	-2.154613	-1.633082	-1.833626	-1.854205	-4.780541	-2.966685
2.460059	0.045142	-0.017299	-0.044639	1.70053	1.660229	1.020971	1.433762	-0.870385	1.249188
4.641348	2.204282	0.718594	1.987994	0.186848	4.153671	0.977698	0.913102	1.815738	2.235411
6.525732	2.084019	1.964589	2.734201	1.271239	2.354544	0.180352	0.955715	2.038926	3.297786
5.418613	-0.912148	2.059986	2.06948	3.133103	2.393246	1.664233	-0.310099	2.879678	2.020511
4.455288	3.635579	2.333082	3.679833	0.93054	2.151678	0.776838	1.401958	1.771593	2.118887
1.923657	3.367101	2.932678	2.274157	1.62725	1.980238	2.331566	2.668588	3.247571	1.476412
5.377819	2.075416	1.433671	4.979654	2.519132	2.676025	2.225017	3.058189	4.24211	0.911688
3.586574	1.486625	1.99016	4.675121	2.458185	2.253939	1.949288	2.738061	1.458309	1.423013
3.72382	4.649026	4.876444	4.592359	0.75901	3.338878	1.783277	1.149804	1.611768	0.901887
4.780058	3.380418	3.965222	4.244068	4.572305	4.126042	2.192985	2.129818	2.688386	2.24311
5.645686	4.159101	3.841593	4.700646	5.333371	2.35973	4.883208	2.867901	4.535161	3.562882
3.412303	3.752675	6.527655	5.090994	5.812007	2.689341	3.339047	3.464255	3.532793	3.009202
3.04761	3.391438	5.433307	6.575011	6.728513	3.093976	3.309898	2.164078	7.56178	2.964871
1.566204	3.313791	4.533448	5.781496	4.530589	2.495932	4.966161	4.859871	1.628723	3.918087
4.504486	3.486931	3.568177	1.16105	1.227233	2.29071	1.728335	3.434632	1.48832	2.431252
0.206755	-0.84434	1.173592	-2.089328	-2.375553	-0.401792	4.194517	1.884762	-1.696329	0.277364
-1.63029	-1.334324	-0.348307	-4.462539	-5.591971	-2.701073	1.335506	-0.796839	-1.364226	-1.639576
-2.595349	-4.977922	-2.052922	-4.506483	-6.353521	-2.439535	0.843802	-1.245873	-0.827571	-2.210869
-3.265824	-5.040333	-5.186454	-3.51346	-5.532503	-2.224577	-1.119399	-1.527639	1.921036	-1.940515
-0.507315	-3.11476	-5.452805	-3.434471	-1.251317	-0.929401	-2.790996	-0.793037	3.640593	-4.065413
2.140778	-2.568801	-3.825874	-1.936515	0.415436	-1.326007	-3.382192	-0.811968	1.1072	-2.129766
2.794654	-3.111458	-4.594464	-1.765594	-1.166544	0.851904	-2.664388	1.059568	0.091656	-1.836471
-0.333588	-1.908831	-4.213476	0.042193	-0.016256	1.765333	-1.223285	-0.09463	-2.041439	-0.68863
2.038651	-3.005621	-3.01941	-1.079254	0.265598	-0.209321	-2.010985	1.224139	-0.352486	-1.326442
-2.224329	-0.676728	-3.712568	-1.559837	0.344119	0.505541	-2.477089	2.334673	2.440514	-0.944908
-0.406228	-2.029453	-1.44875	-2.148955	-1.313494	1.614419	-3.093899	1.986474	2.551861	1.913072
1.156953	-1.145197	-0.942659	1.161992	-0.559441	1.325812	-1.211516	1.92534	1.893955	3.694498
4.810212	2.350941	1.286706	3.108402	-0.478822	2.318221	-0.255442	3.309971	2.225694	2.57527
3.66515	1.17826	-0.783957	0.142377	-0.760937	1.608146	0.622923	2.917868	2.080479	4.591188
2.498666	1.570858	-1.800749	2.415516	-0.590986	4.043485	-0.453924	1.165029	2.788308	3.808652
0.64926	-1.261163	-2.249671	0.419419	-1.58107	2.708639	-2.015283	1.812055	-0.302317	2.554162
-2.08077	-1.702005	-0.249224	-2.562815	-2.516088	0.998307	-1.333357	0.333545	1.286801	1.013918
-3.678323	-0.189268	1.085992	-1.701085	-0.06784	-2.45181	-2.245645	-3.184501	-0.767237	-0.054881
-1.555301	-0.064053	1.150775	-2.093992	0.992873	-5.241013	-3.047651	-0.715283	-3.346831	-2.092133
-1.027703	-1.151559	1.320424	-2.522836	0.793951	-5.370101	-0.998674	-1.901801	-5.406082	-2.86894
-2.625431	-0.914488	3.334238	-1.373517	0.104294	-2.163976	-1.263917	-2.006656	-3.54349	-2.752102
-1.076484	1.83366	2.682118	1.255866	1.812503	0.971464	0.57042	-3.304247	0.247044	0.471383
-1.233563	1.712886	4.453661	3.486311	5.983577	3.685917	3.296435	-1.376575	1.039121	2.539713
-0.73997	2.504988	2.962767	6.786019	5.363716	3.522585	3.968828	1.258259	2.70524	2.78969
-1.340703	5.176066	4.161835	5.59069	6.922121	4.743467	2.664896	1.469656	3.410802	1.997012
-1.225664	2.297121	3.427264	4.695424	5.570691	3.122663	3.200338	-0.536384	1.142606	2.01648
-3.044253	1.722851	2.606655	1.689121	2.673626	2.950674	1.209054	0.892938	1.073351	3.982095
-1.306571	0.661056	0.267605	3.518481	-0.923273	-0.7422	-0.009558	-0.140077	-2.522361	-0.647244
-0.993417	-1.348763	-0.466386	0.245104	-3.962706	-6.88276	-3.719698	-0.458331	-2.992432	-3.921237
0.132807	-3.414008	-4.473719	-2.16781	-5.490974	-11.294605	-2.568469	-3.765122	-5.920461	-6.502083
-2.434798	-2.252677	-6.825293	-4.288661	-6.723976	-7.281835	0.33003	0.463848	-4.084147	-6.036883
-0.650934	-2.120073	-5.215011	-1.986149	-6.169212	-3.153749	1.037697	0.46078	-1.061792	-3.338036
-0.2947	-2.220794	-5.132472	-3.434674	-4.095781	-2.466547	1.03293	0.275274	-2.321994	-1.326141
-1.078397	-2.337941	1.543624	-4.446235	-2.703984	-4.58203	-0.565671	0.296029	-3.035354	-1.7972
-1.849625	-3.189615	-2.494926	-2.819733	-2.476221	-3.071695	-0.790906	0.072346	-1.767671	-2.384811
-0.236285	-0.476115	-1.068521	-0.704467	-1.103691	-4.731544	-1.931078	-1.000876	0.984154	-4.674374
-1.372976	-0.105241	-1.408361	-1.089237	-3.358194	-3.790975	-0.097686	-2.053836	-1.517877	-1.338489
-3.2366	-0.014694	-1.783447	-2.124843	-1.476929	-6.440089	-0.336232	-2.570936	-2.499366	-1.414656
-0.785756	1.791727	0.12922	-2.696485	-2.504097	-4.918884	-2.456417	-2.656874	-4.00241	-3.151175
-0.214044	1.664121	0.14944	-3.068161	-2.786697	-7.58916	-1.607441	-2.299951	-2.900811	-4.430145
-1.763666	0.260888	-0.199887	-3.224974	0.049872	-5.575117	-2.423106	-4.532867	-4.768967	-5.743566
0.55168	1.001028	-0.645662	-1.396021	-1.051392	-2.376353	-3.406311	-3.929321	-2.944679	-4.070737
-0.143009	0.749241	-0.995885	0.578498	3.231914	0.16043	0.569042	-2.717815	-2.348845	-1.241459
-1.37553	-1.729774	-1.167357	0.502882	3.493589	2.461236	-0.413247	-1.401748	-0.696766	1.76887
2.430514	0.051085	-1.042477	1.406832	5.516234	3.812963	-0.543179	-1.797119	0.06386	4.468949
1.734124	3.791017	0.761554	1.768049	2.546649	1.000313	-0.028854	1.066471	-1.646868	5.268179
3.013301	0.339822	0.660235	3.146532	0.265935	1.774286	-2.247774	-0.442178	-1.009548	3.16346
1.065142	2.434501	1.401467	1.820883	0.346391	2.180283	0.597762	1.067034	-1.06088	3.083293
0.89745	1.970352	0.31945	-1.693199	-2.468381	1.495606	-3.041348	-1.227693	-1.152163	1.541678
-0.999778	0.363776	-1.290217	-0.854513	-3.651481	-0.241446	-3.615303	-2.190458	-2.886198	0.270416
-2.46604	-1.319426	-1.789834	-0.131758	-2.637909	-1.280071	-2.380304	-2.673862	-3.806682	0.442807
-0.603137	-1.259155	-2.5066	-3.276534	-1.415564	-1.714568	-2.085252	-1.989204	-2.682815	-2.729949
-1.610369	-2.79781	-2.505917	-1.789441	-2.978846	1.354363	-4.347247	-1.661985	-4.266896	-2.87415
-1.774536	-1.525291	-2.062884	-0.764879	-1.289553	0.446723	-3.127488	-4.034004	-5.101126	-2.083897
-1.502838	-2.269199	-1.5155	-1.894545	-2.489086	-1.501186	-3.924177	-3.649261	-2.717402	-2.610288
-1.392076	-3.239433	-4.129066	-1.803741	-0.595044	-2.078864	-2.346814	-3.820556	-5.491023	-2.242824
0.187952	-5.464992	-4.694783	-2.109465	-1.432825	-3.921609	-3.386599	-3.992889	-3.88969	-3.485104
1.219244	-4.847477	-5.871149	-1.839018	-1.349231	-3.746621	-2.183431	-3.63576	-3.479801	-1.075726
-0.457799	-2.256587	-5.756764	-1.975397	-2.405659	-5.329298	-2.749412	-4.279068	-5.449355	-1.325291
0.430123	0.401078	-4.181329	-2.599704	-1.58081	-4.23034	-2.248741	-2.196614	-1.81325	-1.356397
-1.45829	-0.870282	-4.246044	-1.323736	-2.001982	-2.058945	-1.930018	0.046304	-0.748087	-0.928745
0.492962	0.440634	0.463193	-1.198894	0.194325	-2.294812	-3.930043	2.014284	0.563236	0.110767
-0.435622	2.010525	1.519481	-3.149977	1.524211	1.36166	0.254583	3.138627	2.34212	-0.299961
-2.34624	0.657792	2.32462	1.486016	4.969878	2.175373	-1.005639	4.597434	1.235167	1.088572
-0.656293	1.606936	3.948911	0.786085	3.929726	3.143127	-1.520408	3.753005	0.231577	1.220466
-1.303281	2.296457	3.894554	-0.801968	2.471857	1.226823	1.024274	2.15514	0.756852	0.782823
-0.342604	3.987754	1.91665	-1.583044	-0.82433	1.543564	-2.927991	1.513939	-0.986608	1.396043
-0.181862	1.22493	2.545098	-2.29284	-2.074234	1.96705	-4.110004	2.648702	-1.388	0.091627
-3.285253	-0.888517	0.1868	-3.043558	-5.130953	1.046483	-2.823063	1.16293	-3.154624	-1.151125
-2.292379	-2.907785	-0.548545	-4.761695	-4.837487	1.650064	-1.98087	-0.271977	-4.010979	-0.40801
-0.382239	-4.614475	-4.129236	-2.542651	-4.376335	1.991294	-0.710423	-2.190318	-5.520963	-1.55213
-0.969134	-2.752086	-5.701272	-2.987826	-0.174097	0.829875	3.193278	-1.175394	-2.862074	0.903517
-1.308561	-4.386617	-3.668753	-3.675918	-1.85707	0.818108	2.487734	-0.971204	-2.944512	1.511733
0.042178	-2.506568	-2.293478	-2.294427	0.096644	0.226295	2.575844	-2.617048	-3.443176	-0.614183
-0.776417	-2.539838	-1.817847	-0.954351	-1.513052	-4.062763	0.26051	-1.824625	-3.666162	1.231871
-0.929245	-0.977527	-0.296059	-2.908391	-1.269657	-6.702065	-0.893168	-1.066735	-4.000972	-0.692504
0.578095	-1.453735	-1.114414	-2.201144	-1.399172	-5.687909	-0.601489	-1.041778	-1.678101	-4.131408
-0.824498	-2.71216	-1.02671	-1.297611	-3.421894	-3.008393	-2.401254	-2.003353	-0.385051	-5.10454
-1.110323	-1.946703	-0.172548	-1.64829	-1.913323	-3.021516	-4.07736	-0.87536	0.364182	-3.836498
-2.30998	-1.430163	-1.741726	-3.248881	-1.767359	-0.269477	-3.466808	1.589402	-0.942201	-1.644781
1.042131	-3.599839	-2.349444	-2.135582	-5.963599	-0.905974	-5.237796	-2.752868	0.853	-1.96919
-2.056189	-3.345331	-1.615101	-2.842593	-3.113444	-0.715605	-1.842724	-0.657168	0.687688	-0.889822
-1.20944	-5.067138	-4.082197	-3.023513	-3.433692	-3.567769	-2.992091	-2.254799	-2.134635	-1.854477
-0.871321	-4.819159	-6.25093	-1.61714	-1.514642	-2.288865	-1.829796	-1.789059	-1.088669	-3.187753
-0.399433	-2.300094	-6.045699	-3.351074	-1.221493	-0.60729	-3.833639	0.964651	2.910789	-1.910451
-0.841775	-2.526643	-4.974605	-0.899314	-2.618545	-0.692143	-2.534217	-0.012068	1.97474	-0.386767
-0.437247	-0.582804	-0.229545	-0.045859	-0.729596	3.315178	0.809169	-0.269016	3.908185	1.085197
-1.829048	0.497722	0.59008	1.766892	2.389855	0.597974	0.513721	-0.057992	2.768927	3.167744
-3.596577	1.542737	2.183872	3.945441	3.496109	0.316646	1.22634	-1.634795	0.882767	-0.457325
-2.117235	2.228742	0.029732	3.386587	3.458166	1.224797	1.553126	-0.627226	1.332606	3.29429
-0.310721	2.171936	1.34406	4.641233	3.046828	1.792628	1.308182	-0.821484	3.087346	1.487191
0.499366	1.968121	4.380358	3.441978	3.271896	2.862641	1.792208	2.126032	3.95649	0.953778
-1.177175	1.754097	1.332826	5.130425	1.377471	0.275138	1.692505	-0.344077	2.845638	1.955254
-2.267542	3.023665	2.183066	3.290374	1.729654	0.97042	1.293575	0.767988	3.338392	2.348918
-1.445736	0.627926	2.737778	2.168925	2.929946	0.529688	-1.374182	1.816228	1.932754	-1.435627
-1.253355	1.73468	1.982564	1.198382	4.727548	1.754246	-0.870463	-0.077956	-2.054674	1.915619
-0.014599	0.439229	1.369724	-0.421757	5.853761	1.484093	-0.424468	0.097836	1.477409	2.019058
-1.760968	-0.792528	-2.603841	2.106111	5.201986	2.163933	-1.717595	0.810605	1.813306	1.81399
0.507038	-0.96889	-2.328128	1.102986	4.018225	2.802366	-2.880743	1.891651	4.630818	1.123618
-1.383479	-0.794455	-2.627839	1.584569	3.011377	0.249795	0.56849	0.753075	2.488546	0.556441
-2.54332	-1.463423	-3.05337	-0.394538	2.679746	-0.62978	-1.140395	2.836177	1.387592	-0.729138
1.409717	-0.674394	-2.293922	-1.427135	0.06463	-2.455155	-1.673297	3.760158	-0.997741	-3.55482
-1.097368	-2.962866	-3.084793	-2.62992	-5.377768	-3.06623	-3.479414	3.541718	0.350048	-5.214001
-2.013975	-1.148839	-0.562482	-1.554593	-6.282947	-7.100103	-2.029044	2.181358	-0.12564	-5.369381
-0.502604	0.480788	-1.211887	-2.809852	-7.349006	-3.691671	-4.155586	-0.971722	-3.227003	-6.17456
-0.266153	1.220016	0.034891	-0.126496	-1.769545	1.143866	0.436161	0.286879	0.151262	0.166565
1.199679	2.117745	0.542055	4.524276	-0.103162	3.541011	1.726499	-0.710338	2.922556	1.962694
4.21429	2.964577	-0.097994	1.788465	1.547644	3.681764	1.30383	1.621026	2.02348	2.68073
3.545583	1.013312	0.308244	1.993771	2.507774	3.772529	-0.573944	1.972873	-1.662164	2.761572
2.765657	-0.29345	1.290071	1.437397	0.455829	3.105206	3.352778	0.718604	2.483527	2.173623
1.636814	-1.254807	-0.381012	3.005643	-0.22909	-0.967102	3.877797	-0.547683	-0.176047	3.179983
1.070753	2.586542	-0.358904	1.97601	0.428718	-0.200195	4.669116	-1.645985	0.540617	0.524354
-2.910424	0.583896	2.150897	2.948699	0.717255	0.27883	5.253936	0.407598	1.69282	-0.412463
-3.646517	3.329357	2.515491	5.297412	1.281521	1.199675	2.988059	0.138266	1.028664	1.070133
0.813674	2.005427	3.14868	4.186349	2.470317	1.53344	3.014186	0.756419	2.121451	1.331844
2.714051	1.228904	0.607765	3.713311	3.959145	1.137128	2.030021	-0.572041	1.551282	2.261671
1.060514	-0.114209	1.908847	1.8111	2.061806	0.712341	0.593763	1.784486	1.03666	0.322716
2.860562	-1.007012	-2.045273	1.453317	-0.7037	-2.935221	-1.079985	-1.120699	0.431785	1.181178
0.694898	-3.360005	-4.220693	-0.957538	0.229528	-0.863155	-4.548021	-0.611897	-3.177541	-0.612239
1.522222	-1.879486	-4.470413	-1.725263	-0.895308	-3.157359	-2.054143	-4.723506	-4.612315	-3.579436
-1.895466	-1.462354	-0.53603	-1.472257	2.453293	0.888267	0.078951	-2.269027	-1.943637	-1.19501
0.082934	1.08789	3.733955	1.21948	3.003832	-0.066574	-0.886738	-0.511057	0.757795	0.258839
4.060324	2.610649	4.529745	0.12435	1.333609	1.692919	0.050592	0.508902	1.730384	-0.483287
2.975905	3.156422	2.68144	1.842054	1.976726	-1.292252	0.143343	-0.407748	1.96493	0.097214
1.453876	0.61651	2.524941	0.226493	-1.306116	-0.118286	1.281818	0.254693	1.712735	-0.683258
-1.923562	0.990815	2.122851	2.253068	0.848684	-1.137481	0.745317	-0.635474	1.487701	-0.898902
-1.809008	1.745336	2.872169	1.555779	-0.391774	-1.424836	0.370543	-0.332649	0.907529	-1.643215
-1.862861	-1.663325	0.691698	-0.327271	-1.739988	-0.350149	1.451798	-0.447131	0.578521	-2.996797
0.947079	0.978733	3.775338	-1.536983	-2.036157	0.304082	2.657884	-2.319221	2.153078	0.146253
-0.345487	0.58791	3.24469	-3.328155	-1.888181	1.184958	2.451202	0.278584	2.107002	0.133738
-1.261858	-0.616694	2.158156	-3.001886	-1.311958	1.09878	1.260455	-2.903417	3.850795	-0.517943
0.254266	2.424524	4.283937	-2.592275	-0.525588	2.86155	-0.898755	0.373776	1.016657	1.459813
1.723885	1.245662	3.066934	0.849178	-0.625869	1.912669	-0.471627	1.751265	2.046591	-2.186793
4.060901	3.108723	3.572847	-1.313325	-0.652201	1.249839	-1.203759	1.146649	0.311797	0.092839
3.902514	3.421306	1.655179	-0.370783	1.017918	1.649262	1.373152	-0.112171	-0.169623	0.038212
5.692124	1.053213	1.79633	1.684105	0.715588	2.180138	0.433607	-0.530394	1.234033	1.084626
5.437332	3.835944	2.778202	1.413739	1.07921	1.508369	1.000708	0.82568	0.858065	0.620583
4.49884	1.5379	0.902894	1.31192	1.259884	3.173757	0.160158	2.746652	-0.588424	1.338584
4.066547	1.271682	-0.07679	1.09565	0.780213	2.114702	-0.807143	1.143221	-0.161134	1.70343
5.586854	0.81159	-1.163151	2.160228	0.752796	3.610006	0.421109	3.057589	1.659537	3.494722
3.882261	3.257925	-1.512887	1.113957	-0.893865	0.880071	0.562515	2.664355	0.80479	3.942462
2.78017	-0.072213	0.923502	1.155837	1.659831	3.584797	-0.524124	3.135421	2.895126	2.504051
1.976381	2.181878	0.496118	1.460169	3.095583	2.149986	-0.425504	4.486687	3.941047	1.68779
3.825894	3.181798	3.588062	1.246053	2.962693	3.73644	1.984876	5.213252	3.257053	1.83118
1.351711	2.489647	3.011235	2.612791	2.233663	2.710658	0.086717	3.083918	4.086046	-0.414477
0.305331	3.434326	3.251237	2.876483	1.297391	3.267143	3.686222	3.868585	3.596527	3.175919
-1.954945	1.458936	3.57167	2.94783	0.57708	1.916596	2.551692	1.604554	1.382698	3.27077
-2.630915	1.245678	3.187035	1.655533	1.034431	0.606418	3.00593	1.219423	3.050558	2.537377
-0.148581	0.659652	1.739932	0.733893	0.573042	0.199709	2.723838	1.357195	5.820709	1.945941
-3.00424	1.402458	0.059463	-1.702589	-0.715083	1.077072	0.672616	2.619869	2.522553	1.482464
-1.527893	0.105698	-0.570971	-4.943514	-5.000046	2.612307	0.889368	4.075346	4.39439	0.946546
-2.858439	0.631271	-1.492071	-1.060379	-2.343844	2.051115	-0.109906	2.731426	3.626821	3.421989
-1.024577	-0.120621	-0.417934	-0.222785	1.358022	1.322297	0.618598	2.517509	3.115848	2.865493
-1.506906	3.249122	3.396341	3.492969	1.723853	1.312054	1.06518	1.292596	2.93207	0.996361
-1.909227	3.4422	0.157053	3.368085	2.368851	3.939488	1.582342	1.282686	2.908389	2.145892
-0.670039	0.652314	1.136204	1.729263	2.605314	1.627499	1.645687	0.544381	0.431906	0.898488
-0.20624	-1.775535	1.123294	0.523403	0.729745	3.433088	1.810816	0.531781	-1.806878	0.897151
-0.904532	-1.456947	1.195225	0.330806	1.518844	1.685656	0.51823	-4.484115	-4.647063	1.34638
-0.501612	-1.012721	-1.410703	-0.230727	4.766411	0.495703	2.211632	-3.277205	-3.185948	3.335878
-1.279381	1.025743	-0.801588	-0.388996	3.525347	0.752632	0.431024	-3.82219	-0.716132	2.598346
-1.392938	1.579145	0.698668	1.5969	3.752452	-0.308158	2.178706	-0.86647	-0.629214	1.261883
0.311618	1.686587	1.859969	-0.328338	3.172228	-2.226566	1.945682	-2.698044	-1.220195	0.571192
-2.055014	-0.281832	0.454613	0.75379	2.747173	-0.51689	3.394551	-3.291711	-1.542572	0.704674
-0.602632	0.556089	0.776302	0.014385	4.80469	0.939569	-0.388983	-3.066773	-2.701846	2.202929
-2.075036	-1.37685	1.844237	1.190748	2.740279	0.720013	-2.28052	-1.016428	-2.844115	0.087858
-0.980626	-0.253247	3.849017	-0.579522	2.419239	-0.278758	-4.397357	-2.163576	-2.076781	-2.899738
-0.647601	-0.895703	1.045245	-1.651723	0.231272	-2.562143	-2.367093	-4.510018	-1.442041	-2.349957
-1.486261	-0.528518	0.03372	-1.473356	-3.092522	-7.130641	-5.062427	-4.039752	-2.677895	-7.784598
-1.678204	-1.39719	1.810642	-1.698819	-4.759743	-7.117452	-1.421056	-2.055179	-2.634144	-6.394062
-2.299132	-2.954919	0.106414	-2.398911	-5.01029	-1.087975	-2.75468	-0.176399	-1.178686	-3.721546
-2.291243	-1.174206	-3.425466	-2.902834	-1.733863	1.51319	-2.842297	2.618688	0.802379	-4.43215
-0.879737	-2.131249	-3.938996	-2.456986	-2.634662	2.162044	-3.515205	1.862683	-0.019349	-1.527373
-2.372113	-1.797548	-4.547776	-3.787166	-0.606485	0.843488	-3.187603	-0.774514	-1.29627	0.755285
-1.469472	-3.823103	-6.367006	-1.872674	-1.434834	3.681921	-1.692189	-0.729404	1.169617	-1.536474
-1.409912	-3.461614	-5.157784	-0.566111	0.581294	1.321745	-0.374562	0.097914	3.667013	0.446951
-1.179933	-2.56388	-1.653811	3.747726	0.425797	2.312559	3.444079	-0.822759	4.457316	1.972061
-1.625836	0.458399	0.841013	3.914035	2.914676	-0.148135	2.916636	0.763075	3.189628	1.121856
-1.371318	-0.704876	0.819291	2.206817	0.529132	0.245163	4.57531	1.418617	-0.196451	2.276336
-2.295681	-1.598106	-1.137779	0.357274	0.035765	0.172152	2.939202	0.856968	0.086378	2.565504
-0.698724	-1.271889	-1.509396	-2.007896	-2.679826	0.105034	5.363614	-1.594673	1.902216	3.112059
-1.341946	-1.578827	-0.21666	-1.010891	-1.304139	2.390509	3.914748	-2.319706	-0.199837	2.217203
-1.771948	-0.947917	0.205831	3.160688	1.259926	3.783276	3.179203	-0.636731	0.950319	3.998636
0.196372	0.53974	-0.676925	3.502643	2.660768	4.906936	1.353982	-0.480948	1.625584	3.865159
1.657314	0.963144	1.278174	5.057472	2.427289	4.00629	3.463886	3.404844	2.250858	4.166773
4.088278	2.547495	4.014927	3.110578	4.006987	3.479838	4.708515	2.313144	4.131541	4.189678
5.883463	1.680294	4.338536	6.535859	2.951564	3.762179	4.420871	3.282152	1.361733	5.084276
3.674372	2.312141	3.507499	3.114416	3.193619	1.588615	1.794756	3.690068	1.066834	1.256566
3.832003	2.085736	1.141518	1.63765	0.465253	2.080844	1.636769	1.227193	1.433843	0.13495
4.281757	2.33428	3.020293	-0.12784	-0.338635	1.693168	1.836713	3.907325	1.65736	4.681528
2.739935	-0.000827	0.142524	-2.216653	-2.070343	1.858187	0.546087	2.235366	0.408986	3.0435
0.769736	-2.040986	-1.00239	-3.250989	-2.469473	0.440299	3.707794	-0.553686	1.08152	1.802968
0.095261	-2.436195	-1.647747	-5.178548	-3.749523	0.914606	1.974634	-0.474929	-1.653739	1.521333
-4.24429	-1.153555	0.436951	-2.745529	-1.812494	-2.036292	3.339309	-2.340665	-4.12859	-1.617506
-3.110316	-2.306565	-0.870893	-3.392333	-1.216586	-3.009496	3.246118	-1.079393	-3.526933	-0.078648
-2.510817	-2.772526	0.299219	-2.938659	-3.915399	-3.638105	3.397262	-4.084614	-6.82677	-1.502592
-0.546194	-4.113037	-1.128613	-2.445107	-2.654332	-3.20542	1.018944	-1.758627	-4.691401	0.199363
-1.468145	-2.314098	-1.685188	0.514823	-0.876386	0.03056	3.831163	-2.730532	-0.593325	1.239216
0.586229	1.676592	0.785794	3.106931	1.635939	-0.903466	2.52982	-1.548231	-0.997043	-0.096931
1.369628	1.373432	1.723332	3.575918	2.514644	1.406802	1.535816	-1.562522	2.204643	-1.016577
-0.607347	4.133923	-1.223472	3.974082	1.474629	0.341265	-0.629948	-0.432307	1.969835	-0.996723
-0.524196	0.737965	0.41598	1.669326	1.808693	-2.384678	-3.991372	0.709116	0.298431	-2.227368
-1.110819	1.019157	1.766289	2.234747	-1.678964	-4.231828	-2.464155	-1.887255	0.304831	-5.127812
-0.656915	1.955401	-1.148645	-0.810752	-1.253041	-2.711083	-2.249696	0.066481	-0.752766	-3.202353
0.478615	-0.632304	-2.422422	-2.714873	-0.221739	-1.700545	-4.511995	-0.064777	-2.27206	-2.160292
-1.016129	-2.228158	-2.577442	-2.137415	2.096643	-3.178014	-0.915651	-2.304829	-1.772952	-1.971428
-2.218946	-3.91606	-5.615206	0.078722	2.454503	-3.108689	-1.119064	0.485025	-3.077842	-2.17076
-1.003535	-3.40461	-4.555113	0.008938	0.952544	-5.923772	-1.241333	-2.658616	-3.344231	-2.735389
-2.441098	-2.785009	-4.558563	-1.742267	-4.348237	-7.155361	-4.164957	-3.54565	-5.23472	-4.396113
0.690866	-3.616255	-5.183856	-4.000693	-4.428939	-8.353658	-1.345137	-3.342979	-2.815808	-7.925533
-0.650542	-3.934149	-5.587893	-3.17034	-3.013961	-2.499463	-1.152971	-3.395903	-1.489398	-5.172347
0.753477	-3.161592	-3.665574	-3.754208	-4.516105	0.722624	-0.68256	-0.573823	1.80291	-1.149456
3.450724	-0.561381	0.717702	-0.350897	-1.59297	3.039503	2.576397	1.893863	2.483417	1.225141
3.650098	1.862382	2.955934	1.383793	0.488044	2.473073	0.1163	2.649053	4.38692	1.587444
3.5834	2.537897	1.957122	3.630762	2.286836	2.021734	0.22895	3.574548	3.156819	1.547854
1.67833	1.006466	0.436466	1.41691	0.202207	-0.936614	1.697447	2.309046	2.445614	0.165671
1.572387	1.758587	-0.371934	0.249938	1.818257	0.053128	0.837491	4.427249	1.988204	-2.434705
-1.044527	0.388061	-0.450278	-4.538456	-0.881015	-3.55844	-1.234317	-0.161945	-0.578913	-1.866574
-1.994013	0.059789	0.351333	-4.23987	-3.974709	-4.261318	-3.547478	4.193465	-0.033036	-2.563835
-1.410071	1.44737	-0.1184	-2.718906	-2.829425	-3.928607	-2.993492	-0.566323	-2.502967	-2.855487
-2.172601	0.902805	-2.286678	-1.867862	-2.110264	-2.060607	-4.739157	0.844193	-1.220707	1.878469
-1.694203	-1.514507	-3.177301	-3.619539	-3.372124	-3.811518	-4.310775	-0.718589	-2.897356	-2.276166
-2.531977	-2.400165	-5.412069	-3.771237	-1.511407	-3.667742	-3.447344	-2.940368	-1.500115	-0.738592
-1.239322	-2.576269	-3.985282	-2.075357	-1.236512	2.724623	-1.772466	-1.666845	0.047614	-1.503608
-0.388139	-1.837619	1.04616	0.964303	2.99256	2.789075	-0.354939	-0.73742	2.474032	4.379885
3.841372	0.427585	1.805856	-1.519159	2.962009	4.277414	0.462236	0.271206	2.203036	5.086688
4.031112	1.061943	1.090307	1.597459	2.287135	5.565639	1.511659	1.379334	1.940227	2.810101
5.33798	3.232957	2.658112	2.834955	2.000138	1.74605	-0.67967	2.801964	2.130903	2.447924
4.739777	3.416124	1.895171	3.93513	1.555718	3.622347	0.586048	2.148194	1.285163	2.768658
4.158002	2.295747	3.638184	3.134084	-0.838125	3.44383	1.883115	0.741025	2.496607	2.918803
5.768255	2.054125	1.71635	5.139416	1.097508	2.541997	2.009029	2.750356	3.146634	4.668959
3.096037	1.400858	2.170371	3.336828	0.044117	1.873749	-0.672109	2.300788	1.412342	2.748326
2.289448	2.714846	0.857444	-1.002283	0.823202	1.841984	-2.042999	-0.32578	-0.05997	2.145305
-0.737114	0.308791	0.508071	-0.372814	-0.679337	-3.140797	-2.266243	-0.260249	-3.714502	0.178296
-3.829947	-0.62791	-2.494449	-3.082467	-3.798299	-2.948994	-1.644439	-0.589918	-4.491555	-0.399902
-2.699451	-2.092354	-3.056116	-4.464641	-0.303887	-2.885709	-2.212789	-0.101188	-3.41803	0.998612
-2.813627	-1.653742	-4.04043	-3.147237	0.379402	-1.042942	-0.409992	-2.816959	-4.361029	-0.382761
-2.324175	1.786627	1.668609	-0.007655	-0.146834	-0.341793	0.859851	-0.135131	-1.833352	0.560879
0.480405	2.464152	4.6255	3.823006	2.662505	2.327337	4.380139	-1.621705	-0.4491	2.337831
0.173114	1.749934	2.313544	4.649046	3.172219	2.427048	5.308774	1.08262	2.012826	2.987896
-0.638949	0.276173	4.98214	4.674064	0.572308	4.02694	4.390553	-0.433857	0.830124	1.964174
-0.032984	4.31477	3.349188	2.90066	1.573872	2.645712	5.664878	-1.172236	0.830195	3.257965
0.158409	1.767724	4.231689	0.144434	2.430211	4.290464	4.691946	-1.782117	2.339436	3.417169
-1.336469	3.854236	4.345141	-0.343713	2.069225	0.132095	1.969159	-2.005701	2.447847	1.913888
-1.32532	1.742507	1.421646	-0.798182	0.219913	1.913904	-0.297684	-0.261188	1.481527	0.07172
-1.253342	-0.415665	0.554102	-1.775272	-0.489725	-5.870507	-3.249585	1.595522	-1.733725	-2.577235
-0.523737	0.149723	-1.71479	-0.675484	-0.421488	-5.289041	-0.607943	-1.887471	-0.88291	-5.385075
-1.179804	0.697969	-1.65683	2.164682	1.273223	-1.266497	1.828442	-2.086467	1.485471	-2.3216
-1.325343	5.598375	0.913982	3.827026	2.000308	-1.120176	1.028868	-1.507667	1.063717	-3.042112
-2.616855	3.40634	2.193546	5.287449	1.706267	1.599023	2.273435	-0.62437	2.657626	0.932492
-1.490138	2.728465	0.809661	4.08285	3.3882	-1.639403	-1.463057	-1.172678	0.961599	1.00071
-1.076494	0.481351	3.590328	3.75733	0.775807	-1.485951	-0.589009	-1.102489	-1.904866	-0.171757
-1.110123	0.152997	3.726747	0.349887	0.065788	-0.404925	-0.870621	-1.477305	-1.43167	-0.177209
0.391076	-1.130495	3.241317	-0.192976	-0.426057	0.327978	-1.885495	-0.962925	-2.980414	-2.357246
-1.656298	-0.881227	-0.154561	-3.329862	-0.390629	2.094555	-1.92773	-4.40325	-3.912699	0.034533
-1.959545	-2.816696	-0.287587	-2.565769	-0.238327	2.863908	-3.602328	-1.272579	-0.912826	-1.180172
-1.401064	-2.544604	-4.244961	-1.830297	-0.304551	1.938335	-2.582288	0.385687	-0.761895	0.332338
-1.542757	-2.233248	-2.817183	-1.584947	-1.873202	1.401436	-1.385812	0.334948	-1.044008	0.395764
-1.180322	-2.93623	-3.722853	-0.295518	-0.992179	1.316412	3.1601	1.219204	0.175035	-0.739894
-0.09156	-1.585249	-1.250971	2.23289	1.647118	1.440761	2.253347	2.124055	2.872432	0.706965
-2.350172	-0.953404	0.568463	0.558276	1.476088	1.237683	0.698329	0.5914	-0.229418	-0.97306
0.279643	-0.802794	-1.49035	1.778541	0.023331	0.325479	-1.298756	2.24404	3.635185	-0.524968
2.089685	-1.55662	-1.19201	3.054085	0.923649	1.507148	-0.763607	3.990475	-1.86326	0.237241
5.556753	-0.04088	-0.309018	1.603809	0.30374	1.077289	-0.301926	1.666704	0.795146	0.073067
4.975648	0.624625	-1.315273	1.341211	-1.088295	2.214103	0.905186	3.939927	1.591902	1.02721
6.573769	0.804497	0.178825	1.983593	-2.191157	2.00549	0.92163	2.319045	-0.841993	0.94967
6.384616	-1.105165	-1.232323	1.529654	0.800156	2.393448	-0.658496	1.573757	2.13026	0.788748
2.603389	0.24704	-2.463418	1.135494	0.532542	-0.371721	0.240707	0.981664	0.317761	1.211445
1.240889	-1.365787	-1.236159	1.641114	-0.673298	-1.488718	0.055339	-0.435636	-1.470191	-1.573141
0.853714	-0.947946	-2.133345	-1.763586	-0.636163	0.255556	-1.846101	-1.494941	-1.536098	-4.594109
-3.175535	-2.971335	-1.992777	-2.820706	-1.848455	3.265402	-2.878913	-0.415652	-0.32256	0.475042
-3.494558	-2.737356	1.390146	-2.217146	3.652628	3.535419	-0.9298	0.067331	1.977722	3.004312
-2.608156	2.991394	1.540724	-0.929006	4.708486	3.354908	-0.87606	1.352908	1.830248	2.713001
-0.518328	2.679314	2.120158	1.313014	5.065918	4.169768	-0.542896	2.958779	2.331716	4.239709
-0.847475	1.637406	1.570447	1.910116	2.504725	4.5054	1.035593	0.874245	0.771026	3.557436
-3.818597	-1.768431	2.259893	-0.765403	2.323706	2.296603	-1.023995	2.156605	1.566377	2.546083
0.840707	0.832904	2.073996	-2.01074	-0.642337	1.364777	1.908039	2.499159	3.289969	1.37585
1.010335	3.726613	1.609956	-2.791396	-4.441805	0.806923	0.033495	2.939307	3.8364	1.883938
-1.462611	4.366796	0.920474	-3.42227	-4.774097	-0.242261	1.697272	2.23295	2.25057	4.673146
-1.514933	2.748653	2.42805	-2.651563	-4.380514	-0.644472	-1.33543	1.803487	0.626978	1.186974
-1.635931	0.426285	0.336184	-3.230674	-2.276755	-2.035813	-1.673114	0.406419	-1.621876	-0.251876
-0.442304	0.148793	1.540278	-1.393103	-1.69362	-3.330182	-2.594079	-1.287954	-3.231793	0.232395
-1.614152	-0.713623	0.756432	-3.01885	0.007892	-7.556379	-2.393326	-4.109833	-4.830175	-3.294712
-0.902476	-2.633661	0.061247	-0.165914	0.06248	-7.809505	-1.891357	-4.321017	-6.20002	-5.719097
0.516424	-5.142921	-1.607278	-3.022996	-0.285154	-8.497259	-1.522771	-1.995506	-3.669531	-7.76986
-1.990052	-2.439003	-1.177841	-0.478194	-1.752012	-3.198041	-0.35707	-2.701999	-1.808807	-4.581
-0.268805	-0.485205	-0.041942	1.343191	1.253609	0.48055	3.328745	-1.187997	2.47265	0.214882
-0.661033	1.895773	2.78422	2.69636	0.933007	1.851312	3.633274	0.0081	1.560941	2.732788
-1.568338	-0.280868	1.298846	1.903613	1.359883	-0.272653	2.409116	-1.771307	-1.335936	-0.580382
-0.382119	1.945173	3.353737	0.87555	-0.680063	-3.361545	1.774369	-1.035518	-2.139481	-0.870929
1.156922	0.192696	1.359592	-0.202128	-0.149129	-1.847564	-0.014466	-1.901633	-1.855494	0.072749
1.498388	0.086003	0.120414	-2.145122	-1.982616	-3.32751	-2.44089	2.016348	-2.003977	-1.486648
0.526876	0.130494	-1.028398	-2.72883	-2.087223	-1.198382	-0.894906	-0.008774	0.156572	-2.027821
0.944987	0.16697	-2.649842	0.941947	0.861749	0.074719	-2.067312	1.6839	-0.00295	-1.821967
1.028421	-0.228768	-3.369218	-1.333489	-1.185198	-1.493405	-0.867911	0.403671	0.039057	-1.245688
-0.180423	-1.628819	-3.817925	-0.91424	-1.030764	1.033745	-3.001902	0.08604	0.515794	-0.775783
0.436156	-4.496982	-5.015662	0.378696	-1.234549	1.13117	-0.642287	-0.165494	0.132859	-0.672751
0.171957	-4.032857	-4.606227	0.180619	-1.464952	4.47277	-1.875067	-0.36183	2.550353	-1.692192
