X1	X2	X3	X4	X5	X6	X7	X8	X9	X10
-0.418741	-6.461552	-4.836826	-1.454202	-0.944946	-5.141839	-2.082715	-2.480057	-3.471173	-5.928743
-0.729732	-4.191167	-4.051559	-1.863096	-1.154329	-3.915005	-2.345852	-3.214708	-2.126921	-1.573235
1.04851	-2.285169	-4.534948	-0.375214	2.202517	-0.770139	-2.583411	-3.685554	-3.193661	-0.059766
0.456585	-0.93876	-1.420196	2.413045	3.026194	0.55906	0.163709	-0.602395	-0.42809	0.768165
-1.481406	-2.189039	-0.958703	-0.180218	3.205905	0.729294	-2.954892	-3.692527	-0.228207	0.978658
-0.775263	-2.270107	-2.152671	-0.6851	3.77405	-0.370437	-0.63301	-3.153851	-2.240212	1.018216
0.493315	-1.984165	-0.388299	0.757599	3.402134	1.754468	2.072654	-1.549765	-0.064403	3.067739
-0.64177	0.992088	1.65921	4.27328	5.912258	1.848311	3.674603	3.218533	1.61222	3.444728
-1.682119	2.723152	1.632656	4.570446	4.828224	1.985391	4.968937	5.570344	3.191459	4.430784
-0.737932	4.991825	2.760638	5.854296	8.253835	2.050011	2.755358	4.82477	3.928115	0.108709
-0.011006	5.570208	2.628655	4.613733	4.891192	3.46687	1.855067	4.321811	3.345088	1.230802
-0.181442	1.7934	-0.420794	2.698258	3.887399	3.40847	1.932567	4.877369	4.30388	-0.587533
-2.159339	1.973902	-1.43151	0.253971	1.728356	0.825211	-0.502843	3.283745	2.345392	-2.354698
-0.000897	-3.282288	-0.343794	-4.253825	-2.791033	-0.601506	0.59904	3.357641	-0.564076	-2.299591
0.283785	-4.736569	-0.193247	-4.759731	-8.525367	-2.65128	2.450618	-3.138643	-3.316022	-1.05791
-1.114693	-0.338242	-1.466269	-6.504844	-7.284443	-3.331612	4.294391	-3.729305	-4.889346	2.835944
0.21877	3.525394	0.080238	-3.585364	-6.51956	-1.383099	3.76606	-4.736545	-4.815547	4.989673
2.567575	2.841738	0.068974	-2.345189	-4.750015	1.819957	3.905129	-0.10416	-1.138925	3.890777
2.381021	4.832689	2.836438	2.907781	0.510093	4.498259	0.983897	3.47355	0.513823	4.577857
0.41231	2.461548	0.006728	-1.950452	-0.633933	3.190306	1.000967	4.023085	2.914596	5.381014
0.793041	3.459215	3.103546	0.853612	-0.011691	4.755499	-1.11126	2.232548	6.257595	3.804448
1.299315	1.801989	0.727188	-0.629126	-3.43888	2.584038	-0.113483	3.077739	2.758922	1.438061
-1.472267	0.26907	0.450456	-3.463763	-2.076198	1.285724	0.331801	1.042758	1.021576	-3.306448
-1.490206	-0.406741	-1.173253	-2.564001	-2.693342	-2.564043	-1.205708	0.189308	-0.424742	-9.452677
-1.571701	-0.476146	-0.486439	0.400563	0.436189	-4.203163	-1.832008	0.754188	-1.72943	-7.799727
-0.309851	-1.005744	-0.144902	-1.551071	4.577096	-3.950935	-0.720197	0.863499	-0.224989	-4.650296
-1.702057	-1.173236	-1.540143	0.098498	3.651683	-2.14076	-0.162474	-1.405456	-0.458717	-0.999384
-2.653218	-1.421321	1.678837	-1.27293	0.89295	-2.400936	2.377863	-0.417879	-0.687115	-0.12309
-1.084634	-0.480899	1.640237	-2.383952	0.4153	-2.256664	1.275515	-2.677467	0.084919	0.352385
-0.260004	0.817328	3.979656	-2.876669	-2.130567	-1.378343	2.997685	-4.188721	-1.842215	-0.162157
-1.246029	1.319462	3.669495	-3.960981	-6.373648	-1.813774	1.771473	-4.67104	-4.214717	-0.911617
-0.861308	1.372902	2.509552	-2.593685	-4.390641	-3.425156	0.14598	-3.015622	-3.678185	-0.045393
-2.672841	0.479449	2.435626	-1.304282	-4.238345	-3.892889	0.80901	-2.898667	-1.80842	-5.013886
0.405672	-1.197899	-0.191682	-0.29847	-2.822259	-3.062373	-0.817037	-3.374575	-2.143421	-1.062996
-0.189168	-0.522641	0.719726	3.08435	0.12362	-2.169609	0.27404	-1.171945	-2.015287	0.589378
-1.809962	2.240823	2.96785	4.643979	2.443993	-0.477495	-0.212056	-0.624976	1.640681	0.322337
-1.13001	2.931092	3.099889	2.917619	0.85886	-0.005233	0.805376	-2.036468	1.188885	-1.46402
-0.446711	1.241967	1.534243	2.349869	0.486125	-0.691622	-0.007062	0.27788	1.313224	-0.886192
-0.169965	1.882748	0.13281	0.22723	-1.368412	-0.687662	-0.09127	0.335968	-0.531401	-2.65528
-0.161573	0.262435	-0.203109	-1.791397	-0.091349	-2.148454	-2.097344	-1.990603	0.85801	-5.616283
-1.305134	1.395827	1.823485	-2.355212	-0.896986	-3.834697	-2.195584	-3.611033	-3.923942	-2.9029
0.196953	2.808425	0.999491	-3.588715	-2.985819	-3.993092	-4.114688	-3.801922	-4.233157	-3.965433
-0.774014	2.397128	5.108009	-3.179905	-4.863549	-2.33934	-1.591155	-2.913968	-4.934135	-1.316181
-2.045234	3.343837	2.703239	-0.632282	-1.817374	-3.487539	-2.871683	-2.894972	-2.237976	-1.314443
-0.567908	-1.703049	-0.763721	0.807955	-0.083392	-1.468191	-1.95807	-1.186434	-1.933179	-3.828121
-1.076534	-0.81903	-1.142671	-0.276295	2.219797	-3.059596	-1.188315	-2.646652	-1.501645	-2.269113
-0.232714	-0.575205	-0.268311	0.46747	3.284096	-1.173354	0.156284	-2.413228	-3.505072	1.42718
-1.187947	2.247025	2.914758	0.81145	0.601304	-2.802665	4.367428	-4.314059	-0.054362	0.247657
-0.275134	3.091661	2.384536	2.465844	1.451624	-0.937331	4.46082	-1.195247	-1.076713	1.98962
-1.684274	2.931902	1.306522	4.169753	0.201656	1.12545	3.734559	-0.792291	-1.324626	1.877167
-0.884267	3.436348	1.349715	4.781377	2.402602	1.644875	4.648349	-1.59049	0.362299	3.971399
-2.332014	0.7879	-2.215483	3.189817	0.988862	0.954346	1.34879	-2.568345	0.656563	2.674415
0.392084	-3.763343	-2.508775	1.082072	-2.495062	-0.254739	-0.756216	-2.662456	-1.043835	1.528915
-1.759271	-8.284781	-5.402961	-1.658258	-2.856169	1.01322	-3.959067	-0.182422	0.596206	2.3866
-2.73078	-9.536813	-4.83384	-4.881471	-1.426259	0.250623	-4.424963	-0.527442	0.797986	0.337767
-1.160144	-6.541641	-5.258015	-2.919869	2.06417	-2.019832	-4.8496	-1.557718	1.234603	1.667619
0.244038	-4.380862	-3.552983	0.958948	5.032919	1.551256	-3.510879	-1.364849	-0.28184	0.740653
-2.996235	-0.036779	-1.187448	2.186382	4.017187	-0.131014	-2.031397	-1.318635	-1.552045	-2.29753
0.425637	-0.27909	-1.349807	-0.153169	7.037977	-0.110943	-1.286353	-1.661576	-2.106112	-2.36163
1.583653	-0.816496	-1.459163	1.436395	3.63749	-0.378531	-2.785646	-0.230771	-0.753841	-3.446549
-0.116485	-3.227697	-0.516716	-0.426924	4.142225	-1.34158	-1.617873	-2.605721	0.150769	-3.556585
-2.92058	-2.922692	-1.651365	-0.776429	-2.387317	-1.454889	-1.833035	-3.645027	-2.744583	-5.173041
-1.15873	-1.274882	2.077088	-3.321617	-3.590034	-1.899259	-3.707628	-3.688587	-4.031397	-6.188415
0.667363	0.695633	1.633344	-4.688991	-7.695225	-3.332091	-3.152453	-2.638802	-4.286174	-5.71571
0.0645	2.061253	2.797801	-2.28785	-7.157791	-3.042886	-3.457906	-0.465372	-0.740413	-3.091524
1.74948	3.243879	1.293961	0.071606	-3.963031	-0.415544	-3.608488	2.139002	1.311886	0.484541
4.232503	2.30091	1.025321	1.689077	-0.878444	1.328634	-1.368097	5.649522	3.416122	1.028586
3.827968	2.499247	1.276182	0.538362	0.019572	4.498947	-1.39483	4.654686	5.440495	2.793108
2.772475	2.009889	-0.847156	2.683561	0.657415	3.158295	0.092812	3.954394	4.326004	1.831409
4.202124	-1.273264	-3.497594	-3.613026	-1.202013	3.777676	-2.932068	0.996947	0.88615	-1.950913
-1.640185	-6.680112	-5.195932	-2.926899	-2.128711	2.35639	-1.67477	-1.891756	-0.524667	-1.148959
-1.351954	-8.753854	-4.85897	-4.73106	-2.98878	0.355336	-1.814792	-3.851715	-6.416049	-3.272828
-2.772981	-8.149091	-3.91451	-2.939507	-2.021419	0.396314	-3.714932	-0.76293	-6.110895	-0.872721
0.407731	0.625777	-0.90005	-0.671843	-3.523127	-0.385478	-2.01179	1.534399	-4.284405	-0.08444
2.664084	1.158151	-0.221193	1.684634	0.887296	1.822661	-0.441664	2.447971	1.786319	2.278816
3.358275	1.61253	-0.480436	2.304622	1.939951	2.829528	-1.167253	1.959986	1.742578	3.389145
2.354606	1.100914	-0.765883	1.447121	-0.770963	2.484123	-0.780856	2.340344	2.880972	2.556348
1.878476	-1.569697	-0.828231	1.633731	-0.725745	2.322245	-1.068472	2.415444	2.4589	3.639823
2.626684	-1.509002	-0.047782	-1.31665	-0.454894	3.856694	-0.345099	1.696787	3.434161	3.49587
3.481729	0.249398	-1.176037	1.01298	0.012089	6.052868	-0.793737	5.066872	2.540356	5.098287
2.092012	0.905403	0.174805	3.359218	-1.408295	4.263567	0.412717	3.869899	4.731583	3.110575
2.752732	0.607614	0.143944	1.697165	-1.064845	3.57469	0.593962	4.777868	5.143344	2.973233
4.503388	0.314929	-1.022822	2.29062	0.432737	4.033836	0.6155	3.403478	5.660536	1.330759
4.81768	0.81595	-0.164992	2.380982	1.033253	1.978104	1.366933	1.895129	4.246859	2.468854
3.114207	-1.370524	1.315734	0.26195	1.470202	0.619793	0.21996	1.31382	-0.092786	2.677816
3.016069	0.550507	-0.143046	-0.132275	-0.126314	3.018403	2.497784	3.488652	0.1643	3.078244
1.878666	2.823943	2.25627	1.051105	1.543803	1.943131	2.969105	4.470523	2.149816	1.118639
3.857696	2.001885	0.81838	1.60239	1.140353	1.921679	2.678923	4.832635	4.448062	5.674998
2.92516	4.434531	1.256684	2.728979	-0.221962	2.536044	3.472541	5.254585	8.273938	2.865022
3.829857	-0.818118	2.541282	2.602671	0.922857	4.216626	-0.52604	4.331375	5.711342	4.378609
2.528485	2.190539	0.815373	-0.266134	0.44771	3.343123	-0.883821	4.971603	4.291475	2.443059
2.726646	1.1742	0.530258	1.562063	0.151196	3.116436	-0.832201	2.628969	2.573635	2.240471
2.638538	-2.168534	-2.277764	0.036062	-1.913583	2.280363	-2.127077	1.105973	-1.267876	1.306244
-0.02674	-5.478163	-4.025393	-2.72214	-0.496029	-1.464497	-4.09335	-2.860685	-5.658261	-2.356323
0.782713	-3.712587	-2.58113	0.530658	0.141259	-3.139345	-0.334418	-2.623907	-7.34022	2.84987
-0.820605	0.932994	1.768125	2.173255	0.414381	-1.772881	1.958719	0.281009	-2.747953	2.920421
-3.286894	3.112679	2.453172	2.40915	2.262736	-0.491007	4.532861	1.472361	1.98594	5.040331
-0.762555	2.622869	1.915811	3.395243	3.379425	4.526077	6.929311	2.769548	0.872758	5.576297
-1.478788	4.372963	3.808541	2.940631	3.084747	4.44487	3.204068	2.831671	3.601399	4.849019
-0.009893	2.610263	2.613162	4.517216	2.913803	5.11157	4.824533	-0.18497	3.732565	3.541897
0.035828	3.541266	2.423074	4.737595	1.623791	1.905978	3.605106	-1.593677	0.125254	2.77203
-0.342625	1.553474	2.034976	3.798768	3.493312	0.542391	2.97139	-0.950849	-0.863635	2.512716
-0.657853	1.101087	2.911368	4.538234	0.432565	-0.20629	3.686883	-1.927288	-0.090201	0.967355
-0.916756	2.849404	1.607751	1.530692	3.368251	-0.108966	0.936687	0.270307	0.043254	1.378146
-2.792034	0.869125	3.238622	0.357041	1.140368	2.246761	1.239003	0.842435	0.65953	0.679888
-1.66519	1.22715	4.244683	-1.699519	3.951518	-0.07411	0.79263	1.008396	3.310426	4.14048
0.588078	2.380879	3.062033	-0.11739	3.626299	2.487322	3.03487	2.53519	3.277842	0.646622
0.565468	1.645812	2.879072	-0.814872	2.880411	3.450055	0.633522	1.467215	1.049178	-1.166287
-0.46632	0.50865	0.611199	-1.307666	2.261954	-0.656512	0.429788	3.181972	1.646332	-3.320448
-0.129587	-0.074609	0.364015	-3.708074	-1.141772	-1.22848	-3.604732	1.51826	0.079605	-5.048563
-2.095534	-0.010964	-1.092482	-1.857496	-3.877868	-1.393149	-2.799738	4.654879	-0.303906	-3.139031
-1.524762	-1.657816	-4.734692	-3.735534	-5.810135	-2.39322	-5.051129	3.729428	0.272201	-1.177954
-2.49957	0.728237	-2.443314	-1.657087	-7.333771	-0.562994	-2.172306	4.038007	0.173425	-1.066632
-1.57906	-0.705008	-2.358749	-2.349657	-0.916879	-1.186472	-1.853967	3.962616	1.134964	-1.136667
2.057168	2.193752	0.546402	1.439154	3.025143	0.915946	0.206088	3.927854	3.791218	4.333141
1.760213	2.093914	1.06954	1.773047	3.883593	2.793059	0.769958	4.901221	5.601487	0.074291
3.276375	3.23718	0.644964	1.51792	3.072171	1.674565	0.078945	4.652716	2.80887	-0.020217
2.955952	-1.315051	-1.675027	3.205072	3.574476	1.151465	-2.010351	1.561539	2.645666	-2.594485
1.407444	-1.434679	-0.797232	1.741002	3.603309	0.742858	-0.312031	0.194089	1.406375	-2.326213
1.14935	-2.804204	-0.711252	0.868409	4.127669	0.989342	0.636906	0.208567	-2.274503	0.765898
-0.87613	-0.109126	-2.285887	3.202593	3.740956	0.908817	0.87116	-0.270128	-1.34377	0.942146
0.419003	2.055055	1.035563	5.856552	3.567568	-0.989617	0.455132	-1.591997	-2.243826	0.721433
-0.096352	1.287838	0.257296	3.286085	3.021306	0.862839	0.84982	-2.18194	-0.654171	0.405755
-0.153795	1.971724	0.934413	4.184292	2.487769	0.338684	0.415027	-0.922558	2.808394	2.206914
-1.503128	1.099913	1.284614	4.554871	1.308956	1.035717	3.31155	1.12315	3.997768	3.590207
-1.40445	0.697403	-0.580301	1.584922	0.520068	1.789038	2.121092	0.095483	2.700751	2.670235
-1.052763	3.979496	-1.130034	2.189043	3.544104	2.098846	2.286251	-0.32056	1.564242	0.743796
-2.369668	3.452091	-0.663384	1.781733	3.355164	-0.093959	0.788927	-2.158078	-2.325359	-1.05671
-0.655864	-0.069511	-0.508452	-0.207308	2.712146	0.658722	0.076022	-2.668673	-1.203153	-1.441384
-0.962753	1.473288	-0.395838	1.445919	1.22465	-0.677412	-0.175167	-1.441345	-3.218141	-1.578826
4.088364	-0.002611	-0.625142	2.004312	1.301777	-0.776661	-0.574837	-0.147993	0.289377	-0.088138
1.368187	1.682791	-0.977465	2.383572	1.111725	0.249874	1.946909	0.386481	1.679501	-1.69592
4.538916	0.518795	0.492893	1.187095	1.130895	0.991493	1.521173	-0.246523	1.823029	0.902627
2.849148	-1.497799	-0.579568	1.337883	-0.649115	1.328095	-1.568946	1.183896	0.965262	-0.797097
3.441884	-0.823892	-2.932449	0.595534	-1.250805	-1.801421	-0.818049	-1.321365	0.877898	-3.629893
0.008522	-3.115184	-1.64565	-1.633254	-3.570875	-2.529654	-2.736334	-1.515804	-2.714363	-4.450463
-1.898737	-7.249474	-3.757771	-4.75858	-1.979626	-3.743806	-2.766503	-3.189522	-2.887521	-6.374505
0.259905	-6.877964	-3.998113	-2.355046	-2.550358	-7.080377	-4.066956	-3.93552	-4.056978	-7.620322
-1.968153	-3.737053	1.282524	-3.594653	-3.040872	-6.601367	-3.135193	-5.021198	-5.296733	-7.880913
-2.870111	-1.040041	-0.47706	-3.702802	-4.001467	-6.234276	-0.007514	-5.684556	-6.233887	-1.79798
-2.44697	-1.109328	-1.628265	-3.039993	-1.403346	-7.282007	0.21288	-6.724295	-3.711141	-3.239823
-2.170731	-1.809215	-2.098893	-3.162727	-2.163607	-5.287857	-1.58611	-6.216315	-3.214496	-1.013543
-0.657994	-3.205201	-1.387743	-1.795006	-1.587051	-2.458529	-0.035686	-4.605116	-2.300451	1.56446
-2.460161	-1.381787	-0.851716	-0.603731	2.48242	0.291977	-0.864148	-3.724999	-2.757708	4.325486
-1.802132	-1.949473	-0.356911	0.456899	2.999808	3.050762	1.337305	-1.238464	-1.446966	2.893033
-1.051208	-0.657559	-2.30833	-0.513118	2.00041	0.258124	1.387871	-0.903311	0.798873	5.036901
-1.40169	0.363455	1.664127	-1.388183	0.586328	2.390664	3.64465	-0.237641	3.546209	1.074189
-1.234779	0.217469	1.90406	-3.462897	-4.60324	-0.72012	1.915542	-0.904055	2.495241	-1.193602
-2.186275	0.205083	2.315769	-3.02146	-4.500394	-0.107127	-0.232254	-1.785852	-0.723131	-7.023875
-2.93948	-1.092304	0.117553	-3.447073	-2.736734	-4.781058	-0.843039	-3.530033	-4.096007	-12.019128
-2.219593	-4.234291	-3.104688	-2.863137	-6.063961	-5.467012	-1.903712	-4.284898	-5.915989	-12.587663
-1.360816	-4.794979	-3.980954	-0.605854	-1.295275	-5.832891	-2.213974	-3.566147	-5.839277	-1.93448
0.45865	-1.582067	-1.528746	3.611477	-0.492477	-3.230695	-1.459026	-1.008182	-2.74637	0.86792
1.506004	1.156544	3.666036	4.400155	-0.777466	1.316276	1.261831	-3.111402	0.338429	2.187937
-0.856454	1.852053	2.686391	2.946478	3.199356	1.556722	3.675297	-0.091708	1.198821	3.61117
-0.675626	2.789162	2.87112	2.809247	2.59569	1.512643	4.814172	2.3739	1.599606	1.82802
-2.490911	2.957169	2.840321	2.56396	1.305735	3.423437	2.850955	1.162422	2.208482	2.603284
-0.968111	-0.348725	0.403395	3.551016	1.462991	0.537706	2.292144	1.407557	3.451949	0.165364
-1.504428	0.70148	1.886641	1.234915	2.680857	-0.047852	3.82534	0.161504	-1.423894	2.002958
-0.056861	1.014383	0.016359	0.123756	4.199333	-0.948536	0.804342	-1.635436	-1.204246	2.695567
-2.098011	1.637985	-0.079052	0.931439	5.030619	0.511653	2.314849	1.537336	1.176891	4.316889
2.37912	4.224485	4.229008	1.781362	1.901015	1.167616	-1.327839	0.46872	2.100817	3.443825
1.305832	1.568583	1.52134	1.412226	1.44912	2.916451	-1.947124	3.691815	3.602732	0.299373
2.051223	3.813679	2.056841	-1.425272	-2.058667	1.710959	-2.931205	0.25032	1.824434	-1.790466
0.213093	3.544873	1.317913	-3.64063	-4.834644	-1.236161	-3.111985	-1.284264	-1.226376	-4.544993
-0.147658	0.862765	2.018954	-0.68875	-5.162514	-0.261008	-1.171163	0.024062	0.433201	-2.621008
3.444767	0.289955	2.244165	-1.253633	-3.003475	-1.632383	1.902761	2.357198	2.989064	-0.646112
4.513869	0.560443	0.929945	3.205021	0.244372	0.596713	2.311884	1.650843	0.244013	-0.108304
5.369745	0.412928	0.437794	1.989111	1.559926	2.208282	1.278806	2.127096	0.655348	0.787514
5.087797	2.930411	2.116311	4.470136	2.856688	0.243722	3.623427	2.130558	1.407167	0.825443
4.752121	4.508291	3.359695	2.321797	3.249358	0.952934	4.480145	0.205927	1.584271	3.029382
2.276618	3.487068	2.158848	5.149892	3.542634	1.418217	2.74546	1.931904	0.400358	2.571031
5.126187	0.755143	-1.772432	2.803222	0.456217	2.905172	0.596472	0.911088	1.894429	2.985789
2.093526	1.325114	-1.751745	-0.228416	-1.357893	2.311097	0.694978	3.221479	-2.025018	1.235957
2.652135	-2.357117	-3.187791	-3.12502	-2.636996	2.779694	-0.902121	1.568975	-1.087582	3.638333
-0.008788	-1.523151	-2.169271	-3.832093	-3.113693	-0.160139	-2.759127	0.197977	0.878735	3.322218
-1.093643	-1.684888	-1.560785	-4.986033	-5.174784	1.0974	0.91886	1.384384	0.974234	2.854812
-2.397231	-0.292429	-1.166833	-2.561842	-4.065668	-3.631592	2.370739	-0.673104	0.329512	2.378114
-2.820153	-2.092673	-0.818416	-0.749821	-2.334746	-3.604712	3.059908	-3.348789	-3.634228	-1.687177
-2.388911	-1.73882	-1.239234	-1.203869	-1.457319	-2.745463	-0.221332	-3.127369	-1.50589	-4.255059
-1.447705	-4.212771	-3.777987	-2.598787	-2.745885	-0.206842	0.532417	-2.241247	1.813228	-2.779334
-0.529836	-1.198625	-0.143375	-1.850676	-1.666446	-1.012052	-0.216846	0.187177	6.341324	-0.957702
1.523795	-0.481682	2.1732	-2.737735	-1.735801	0.204408	-0.551322	0.040104	3.418698	-0.026263
1.534387	1.832757	3.82824	0.973633	-2.75005	2.593138	2.559889	-1.286369	2.178049	2.264683
4.177838	3.087692	3.367443	3.07023	0.650707	2.856339	2.673285	2.89816	1.514777	3.156335
3.271748	3.941123	3.300809	3.587255	1.285169	3.244909	3.241766	0.977189	0.568682	-0.076806
4.940616	2.99235	2.687838	-0.266994	0.050436	0.760848	1.440831	-0.836283	-0.691138	0.000259
0.183241	0.176374	0.060029	0.162085	0.26601	-0.665543	-2.309122	-3.541755	-3.848083	-4.18197
-0.156179	-5.517007	-2.390617	-1.17951	4.217789	-1.409364	-0.404192	-1.185129	-3.812953	-0.930393
-2.068644	-7.145191	-4.4145	-2.470078	1.813473	0.424884	-1.807182	-3.928606	-3.89785	0.621789
0.884044	-5.37378	-4.259523	1.037179	2.457663	-1.003899	-3.183891	-0.548185	-3.304973	2.004077
2.880485	-0.134773	-0.470583	2.322061	2.089359	2.398787	-0.900222	1.903133	-1.407723	3.431571
4.531778	1.02823	0.826917	2.849169	4.614861	2.961942	0.245226	2.231146	0.7957	4.456869
4.563421	0.286629	1.716079	2.200801	2.932168	2.927366	1.627451	4.566054	2.781094	0.843173
0.123713	2.641424	0.530401	2.125458	3.836881	1.721659	-0.872247	3.547657	2.650059	-0.226619
0.633053	0.484514	1.380484	-1.132561	2.7948	-0.14568	0.07073	2.639954	1.778994	-3.672106
-1.266359	1.882599	-0.412573	-3.454257	-1.080875	-1.88225	2.336482	2.673344	1.028899	-2.720088
1.217275	1.30488	0.142429	2.829671	-1.709544	-1.348952	3.206307	4.848326	2.332574	-0.815766
2.716054	1.487357	0.525992	1.187922	-0.802007	-1.751386	3.017906	3.776799	2.238217	2.583361
3.101976	2.664029	2.053314	3.353396	-1.239763	2.419648	2.542476	2.821564	0.183329	2.499192
3.374942	-0.510704	1.158695	2.468993	1.839887	1.940949	1.285717	0.643719	0.275907	0.650526
1.278549	0.963559	-0.401065	1.093311	1.647143	2.641619	0.599828	0.657163	-2.247747	0.030165
-0.662603	-0.713383	-0.946766	-0.350348	-0.979494	0.135055	-2.339891	0.299095	-0.031736	-3.658892
-1.375916	-2.71363	-3.586909	-3.133686	-1.277324	0.600359	0.257857	2.093716	0.478141	-5.324846
-2.81839	-0.601381	-4.127593	-5.103502	-0.751347	-1.68657	-4.441726	4.221423	-0.354217	-2.289696
-1.066927	-1.583338	-2.199619	-3.689297	-3.552463	-3.571332	-3.744344	3.170916	2.537889	-3.895343
-1.850128	-0.484599	-0.235087	-2.498671	-5.066172	-4.514227	-2.975795	4.284095	2.662458	-2.194086
-1.358694	3.308534	1.014402	-3.087024	-0.511074	0.836743	-3.282582	1.779457	0.940891	-2.509426
0.601173	5.332063	2.589549	-2.086258	-2.045668	-0.51442	-2.218804	1.566504	0.183385	-3.338163
-4.599426	3.219687	0.735154	-1.633371	-0.501654	-1.058417	-1.989464	2.964933	0.483741	-0.240297
-4.362794	3.289405	-1.105084	-2.953864	-1.717233	0.984551	-0.072761	4.383243	-0.008842	0.021872
-1.383432	-0.693182	0.378034	-1.651537	-1.228903	2.435485	2.755303	1.155035	1.037834	2.337144
-0.53754	-1.517573	-1.56629	-3.234091	-1.808965	1.915283	2.819829	-0.826194	-0.83423	2.728919
-2.480121	-6.54207	-1.645057	-1.711226	-4.866319	2.007347	2.718314	-3.601344	-2.262135	0.427196
-1.138774	-9.921573	-1.967568	-4.307043	-2.051264	-0.882826	-1.169642	-3.074515	-3.570782	-5.045124
-2.977602	-4.640481	-2.886423	-1.96734	-2.5715	-3.011234	-0.97704	2.09779	-0.538773	-4.979642
-1.776105	0.257306	-4.321221	-4.382019	-1.347827	-2.928478	-1.737079	2.673771	2.673094	-3.530157
-1.722385	0.776588	-0.564263	-3.28678	-2.920245	-0.727959	-2.631363	4.081627	4.513415	-0.95847
-0.594042	1.557364	0.484851	-0.221523	1.624146	-0.340777	-1.07079	6.274657	6.225692	-1.514881
-1.224879	1.229134	-1.776979	-0.858649	3.382847	3.221467	1.043039	1.40586	2.984123	2.81621
-2.133795	-0.003801	0.325647	2.103543	4.081358	2.031974	2.639122	1.894834	1.460808	0.987003
-1.847393	0.038858	-0.108271	1.633252	2.664379	3.204843	-0.084942	3.29348	1.605045	1.349297
-0.627774	0.962112	-0.965933	1.326678	-0.06759	2.563774	0.070248	1.260896	-0.113266	1.774394
-2.881938	1.79186	2.60726	-0.744779	-0.878548	2.756365	-1.659609	1.31788	-1.855526	-0.648508
-0.519087	1.177902	-0.037191	-3.26112	-3.531296	0.188717	-0.810215	0.406232	-1.637736	-0.506009
-1.424421	-1.477362	1.395113	-4.069145	-4.721634	1.548428	-2.326669	-2.14715	-2.076697	-1.148208
-1.646444	-4.645232	-0.431527	-3.016054	-4.25936	1.1541	-3.589073	-4.242367	-1.191308	-0.008406
-1.610654	-7.060407	-2.196412	-3.318948	-4.340775	0.41813	-2.223127	-4.737919	-3.578672	1.507998
-1.385554	-2.711189	-3.388142	-3.281126	-2.724278	0.494619	-3.401231	-4.000308	-4.344689	0.091402
-2.212745	1.045023	-0.074316	-2.62079	-1.766471	0.042666	-3.718787	-7.109035	-3.24596	0.654007
-0.953928	2.052729	-1.746934	-2.252239	-2.901751	-1.379729	-5.232895	-3.694801	-2.376985	2.252313
-2.006204	2.713429	-0.029898	-1.828173	-3.87232	-2.596868	-2.047455	-4.501808	-4.931266	1.56142
-0.035374	1.317022	-2.613106	-2.952294	-0.596276	-3.26825	-2.558368	-3.906656	-3.622103	2.162027
0.351861	0.164009	-0.936759	-0.7609	1.713779	-0.824876	-1.707734	-4.391747	-3.185998	4.849035
-1.789002	-2.693711	-1.132756	0.075206	3.933647	0.284252	-2.652554	-1.463481	-2.96505	2.936943
-1.670162	-2.419737	-3.062398	0.653226	2.807127	0.596736	-0.868729	-0.430961	1.187138	2.882851
1.445779	0.25883	0.415115	3.974459	5.11612	3.959072	0.303041	3.045812	2.278267	3.107259
1.87152	1.595691	0.420784	4.210503	2.332126	5.145563	0.639556	2.121838	4.119535	2.406766
4.752559	2.541344	3.283708	1.49716	2.425344	3.069705	0.182215	1.849816	3.855341	2.172274
5.237896	1.492991	-0.916812	2.490129	0.590976	2.196199	-1.673782	2.677843	3.972384	1.678381
4.508729	2.66863	5.194523	2.371309	-0.49108	1.872545	-0.097736	3.250419	1.707264	1.940487
4.288858	2.975163	1.496514	5.226199	-0.498823	0.83744	2.096153	3.456042	4.15488	3.648493
4.94988	0.826988	2.186061	3.584	2.338248	1.395786	4.173484	1.666611	3.633431	2.154898
4.612595	4.342705	4.201464	7.629912	2.876732	3.48568	2.278658	1.643526	1.453915	2.146001
4.670003	0.020916	-0.841377	4.292032	0.637329	1.734221	0.448374	2.884884	1.368432	-0.206296
4.209	2.261118	-1.750563	3.716162	0.06824	0.272611	-0.875169	1.090084	0.263681	-1.721795
2.856887	-1.055887	-2.176992	-0.486599	1.055964	-0.936354	-2.77567	0.587525	-1.368238	-1.222496
2.026663	-4.5128	-3.294464	-0.448552	1.343001	-1.429673	-0.52013	-2.265494	-4.286328	-5.628899
1.877025	-5.862921	-5.709581	-1.787097	-0.613348	-3.591947	-1.42205	-3.614874	-2.562189	-5.110103
-0.908026	-3.502251	-2.57794	0.342265	-0.688984	-4.546578	-2.196929	-5.247317	-3.947021	-3.28771
-2.182592	-0.727788	-1.408243	2.007934	4.219893	-3.120866	0.055033	0.388175	-0.814826	-0.384819
-1.003775	4.764966	1.335411	5.949509	5.895084	-0.727011	2.762334	1.755203	1.713895	3.21907
-2.099274	2.893211	3.384422	5.85319	6.192888	1.460584	0.995176	3.708963	2.509341	2.702255
-3.027492	5.076747	2.92449	7.160676	3.655805	2.802719	3.794657	3.469956	3.719412	2.628438
-1.017829	4.028975	3.643516	5.534067	5.873135	4.345094	2.909278	3.945979	5.469207	1.760417
-0.956687	4.699593	2.072999	4.660962	4.175079	4.075307	1.753338	5.356132	5.326324	3.297194
-1.642466	3.334002	-0.07206	0.93556	2.502735	1.895857	-0.518162	3.652612	2.701162	0.108466
-1.710967	-0.816498	-1.173261	-1.766438	-1.639597	-0.560157	0.032477	1.58022	0.689621	-5.141665
-0.185393	-7.190209	-4.442804	-4.150535	-5.238815	-2.261335	-1.677644	-2.524647	-5.2749	-10.034601
-0.691142	-16.544229	-5.161988	-2.72883	-6.106422	-4.28578	-2.850826	-3.67319	-5.802303	-9.07924
-0.647618	-6.808559	-1.641113	1.749876	-2.834916	-4.619891	-0.575169	-2.755409	-1.609088	-0.930985
1.49708	0.1193	-0.42968	0.643683	-1.072598	-1.588571	-0.794573	1.248093	2.772943	0.373566
1.944351	0.999249	-0.375187	1.407789	-0.594169	3.468681	-0.037638	2.416715	4.215691	3.858213
2.058092	1.089687	1.258565	1.036894	1.257172	3.057363	-1.813663	1.414756	3.751253	5.594253
0.653704	-0.505886	-1.422623	-4.326102	-1.584576	1.081873	-0.302949	0.583115	2.833529	5.458189
0.980286	-0.69377	1.078049	-3.650502	-3.176513	1.510411	-1.058295	1.250391	2.357618	3.242118
-2.263164	0.198335	1.727981	-3.159904	-3.67194	-0.029225	-2.491703	-0.923118	0.488919	1.880942
-2.045046	0.812227	1.800274	0.74529	-2.256956	0.575265	-2.64637	-3.994612	-0.381269	-0.887641
0.367638	2.204008	0.006428	4.369578	1.313738	0.315779	-0.008598	-3.007994	-4.143647	-1.07133
-1.265012	1.758876	2.596642	4.061862	3.208041	2.562117	1.832014	-0.766565	-2.377416	0.525274
-1.352497	3.607032	1.156918	5.899338	4.007553	1.955676	2.545966	-1.801724	0.473424	0.894571
0.605982	3.151074	1.211056	6.805708	3.972674	2.051756	0.575159	-0.633975	1.03007	0.741761
-0.997876	2.981704	3.312656	3.400169	4.841803	2.258555	1.365391	-1.940018	1.801223	3.084743
-0.499672	2.30922	5.183219	0.821522	3.03064	-1.387227	2.729765	1.050846	-0.101819	-1.024983
1.047193	3.444323	4.173644	3.644065	3.417084	-0.085693	0.582679	-0.449784	-0.810956	0.521584
1.435719	5.225812	2.008732	1.016697	1.893335	1.148358	1.629834	0.27799	-0.311989	4.451341
2.652305	4.221386	1.530284	1.533517	0.129992	1.700823	0.06063	3.303067	2.11248	-0.51691
0.00735	0.396645	0.3901	0.286325	-2.952946	-0.805098	-2.562932	1.962247	0.66085	-2.723869
0.250153	-3.11481	-1.098121	-3.445581	-2.997878	-0.261607	-2.104952	2.125828	1.977622	-2.788239
1.435313	-3.775481	-3.903876	-1.342501	-2.531606	0.060494	-1.99383	0.882908	0.808694	-1.525117
-0.69737	-3.479568	0.015633	-1.036037	0.13187	1.949006	-1.996165	5.717188	4.130865	0.492794
-2.995697	0.319629	0.325707	-2.299889	1.07805	1.484726	-2.369957	3.142065	4.301834	0.894996
-0.993269	1.80601	-2.364453	-1.684158	-1.163469	1.667852	-3.336406	2.812939	4.553601	0.058886
-1.229386	1.991474	-1.074346	-3.497046	-1.550685	0.351385	-0.727412	0.823709	2.187264	-4.410133
-2.35095	0.509521	-0.313874	-2.051354	-3.550101	-1.579778	-4.828374	-0.526327	-2.489977	-6.996764
-0.90796	1.44425	0.292266	-2.167282	-4.035516	-4.106538	0.848109	-2.360369	-4.710023	-3.465406
-1.662318	2.393761	3.433772	-0.825831	-2.528731	-5.365995	2.731737	-4.242518	-6.531675	1.77044
-1.356824	2.543554	3.484247	0.426596	-1.874048	-0.908153	3.54421	-5.693576	-8.665934	2.198474
-1.069078	1.741628	-1.105111	-2.407	-1.137567	1.68259	2.402928	-5.332442	-4.6929	1.993897
-0.469882	-1.857117	-2.9692	-2.554821	0.980512	2.78693	-0.360707	-2.003019	-2.400375	1.980206
-0.039735	-4.448682	-4.07182	-0.926268	2.800786	3.279467	-2.696996	-2.939607	-1.857458	2.731203
-1.087839	-1.139267	-1.484271	1.112657	2.802756	1.947099	-1.938838	-2.495707	0.773449	3.558887
-1.441794	-0.328572	-1.757752	2.103954	3.96752	2.016225	-0.176732	1.85338	3.045245	0.503358
-1.8316	-1.307698	-0.074663	0.203122	4.711378	0.433645	-1.486379	1.408154	4.48453	0.211114
0.178342	1.958954	0.266097	-0.567042	4.168828	4.222755	-2.006776	0.261313	4.622004	-0.286043
-1.478969	1.405484	0.246028	0.931563	3.96127	1.915456	-0.183225	1.994457	5.570264	2.115786
-2.298432	1.719192	-0.503669	2.371635	3.940203	0.689246	-1.291024	1.402284	2.695111	1.8537
0.448652	0.396677	0.368505	2.305972	4.084625	3.966223	0.596827	2.285895	3.864845	3.229099
-2.326718	1.651039	0.374952	5.513774	2.661135	2.333587	2.701129	2.398289	4.435563	1.438383
-0.295543	0.979977	-1.876228	4.061039	0.962533	2.779735	0.637782	0.190965	1.050067	2.079451
-0.756821	-0.31951	-2.615734	3.689265	-0.234583	1.119767	1.733786	-2.546679	0.130555	-1.882896
1.125246	-0.353121	-1.824167	1.906852	0.546886	-2.177218	2.563443	-3.694042	-2.580974	-3.344159
-1.878943	-1.465858	-4.237526	3.574699	-0.573161	-3.406723	0.198154	-3.247725	-3.74492	-3.346038
-0.240286	-4.44742	-2.854809	1.082003	1.149075	-2.216347	-0.791683	-4.468828	-1.659383	-0.549134
-1.988386	-4.843909	-1.907218	-2.351535	-0.829408	-2.290394	-1.907765	-4.148153	-3.792765	2.634353
-0.536541	-5.778225	-4.739251	-2.659519	-1.648109	0.196137	-3.982692	-3.1081	-3.546265	1.359123
-0.273052	-4.793569	-3.175507	-3.972648	-1.138332	-2.891456	-2.891864	-4.713069	-1.975584	0.248376
1.28318	-3.30714	-1.768387	-0.225225	-0.223777	-1.381074	-1.53738	-1.43836	-3.088723	-3.197689
0.024256	-0.23444	-1.83929	-0.47555	0.485555	-1.327319	-1.95234	-1.190875	-1.845382	-3.276272
0.670675	0.79723	-1.834215	-0.685925	5.917262	-1.555791	-0.580542	-2.030014	-1.191161	-2.144173
-0.004763	0.993171	-0.849462	1.962348	4.903943	-0.537493	-1.785986	-1.487876	-1.990661	-2.011992
0.485942	0.948382	-0.41713	0.322869	5.726597	-1.919725	0.640928	-0.854663	-1.664383	-1.296031
-0.95171	2.851062	0.764481	-1.734764	3.840423	0.624712	-0.166199	-3.308074	-1.208926	-0.956588
-2.554519	5.09911	0.368771	-0.868253	3.558618	-0.897784	-3.310265	-2.342611	-1.741792	-2.244964
0.031114	4.711126	1.275942	-1.704798	1.238482	-3.815914	-0.685872	-2.066672	-3.954579	-2.197259
1.52609	2.59991	-0.813807	-0.633802	-0.363287	-3.233679	-2.472017	-3.56766	-3.60589	-5.162875
-1.677191	2.57896	4.659325	-1.692665	-2.44529	-4.043181	-3.3779	-3.887173	-4.312323	-2.75551
-3.209529	2.614876	4.113139	-0.723989	2.493871	-2.493319	-1.741421	-0.987311	-2.16258	-2.067065
0.587275	2.964058	4.491534	-0.133776	2.806095	-0.891097	-0.401879	0.250124	-2.90156	-1.324141
-0.656278	2.055305	1.935113	2.065574	2.54598	-0.592714	0.995227	1.761633	-1.036464	-1.680337
0.486012	1.801116	1.855574	1.125858	1.471725	-0.729272	0.513698	-2.567884	1.094308	-0.959154
0.620644	-2.41321	0.554119	-0.649224	-0.844571	-1.161671	1.889833	-2.895327	-3.374944	3.092909
0.25192	-4.662472	-3.514952	-0.972574	-3.438011	-0.978314	2.774835	-4.256497	-2.64692	2.51825
-1.506561	-6.409172	-1.391339	-3.163794	-5.928396	-0.288001	4.714802	-4.006993	-5.004221	1.490869
-1.408099	-3.129911	-0.86034	-4.361685	-2.876527	0.777367	3.868137	-3.630215	-3.504646	3.040468
-2.074693	1.817912	0.397444	-1.205847	-1.939805	-2.136112	3.26304	-5.021263	-3.751695	1.676144
-3.796244	0.223694	2.883514	1.927516	-0.229534	0.854462	3.428811	-4.447037	-2.194669	0.772599
-0.151651	2.437837	3.207771	-0.751096	1.720387	0.198488	2.623052	-4.253638	-2.042168	-0.220068
-1.657414	1.219239	2.292914	-0.060784	1.625555	-1.294335	0.056762	-1.044763	-0.639091	-1.161658
-1.946832	0.869999	1.590745	0.51765	0.878568	-2.326109	0.354143	0.682585	0.435461	-2.93837
-1.892206	-0.297383	2.456864	-0.840396	-1.760375	-0.608934	-2.135405	1.445909	0.234689	-3.584204
-1.305434	-0.079008	1.183471	-2.229022	-4.032175	-2.296011	-2.935882	3.890007	2.091693	-4.064261
-2.088818	-0.513877	-1.626332	-5.136331	-2.152035	-3.375342	-2.984085	4.433081	0.014772	-1.119341
-0.755155	-0.85439	-3.018947	-2.568123	-3.577955	-1.619027	-5.251816	5.933831	1.783626	-2.381743
-0.998447	-0.880148	-0.494871	-3.0778	-5.098039	-1.732066	-3.604473	5.183956	1.099957	-2.420069
-0.848792	-1.582151	-1.469705	-1.656063	-3.257787	-2.080662	-1.688056	5.553658	1.645364	-1.469717
-0.45219	3.004899	-0.321548	-1.471514	-3.369101	-0.395314	-0.288563	5.982637	1.608948	-2.175589
-1.878441	1.361302	0.870501	-1.062055	-2.051683	-1.625224	1.116905	1.542593	-1.382493	-0.688484
-0.340145	0.911757	-1.170459	-1.719586	-2.063734	-2.724393	0.16605	-2.167473	-2.581756	0.910898
-0.6931	-0.038435	-0.867227	-2.391509	-2.235957	-2.90202	2.253572	-2.645461	-3.069542	1.444656
-1.499206	-1.424377	-2.227101	-1.474425	-2.027953	-3.959308	3.433971	-4.070169	-3.89075	0.483291
-0.515963	-4.084469	-1.445783	-1.248535	-3.698524	-3.658356	4.723849	-3.755899	-3.762881	-0.493398
-2.311471	-4.063011	-0.136971	-3.927342	-1.529271	-1.802666	2.330706	-4.132948	-2.741733	1.88519
-1.970628	-4.520204	-0.806764	-1.460846	-1.676697	-3.221139	4.349042	-2.751016	-2.147807	-0.073046
-0.991134	-3.073949	-2.140563	-2.722349	-3.158703	0.612626	1.542158	0.092098	-2.342101	-0.039305
-1.275189	-0.616847	-0.348667	-1.801652	-3.48769	0.155327	1.744155	1.219593	1.387083	3.053412
-0.688692	0.547703	0.762525	0.132744	-1.446662	1.639664	-0.942467	2.442472	4.896448	6.243405
-1.622442	2.547398	2.915613	4.436538	1.311482	4.773836	-1.057206	1.794934	4.550594	4.940474
-1.679139	1.912639	5.349998	-0.074473	1.933937	4.220642	2.658137	1.431681	4.44372	3.80032
0.576818	4.362125	2.121379	2.360312	2.643204	2.623382	2.567063	0.899313	5.074728	3.442442
-2.14167	3.320055	2.061658	-0.65841	3.376981	3.518755	5.373172	2.709632	2.901818	3.865341
-0.409602	4.353628	6.117135	0.38086	3.326864	3.514861	3.928366	2.523137	2.975691	2.432216
0.357921	3.487644	3.69751	-1.083379	2.618153	1.749299	4.636745	2.103531	4.337848	4.698267
0.309702	4.732502	3.524283	-0.658427	0.475146	2.104569	3.596109	1.702814	2.771888	4.414895
0.80204	3.590902	0.204256	-0.570488	-2.208959	1.84787	3.703459	0.586487	1.363814	2.680899
1.525236	-1.143758	-1.956571	-0.88406	-1.476263	-0.527498	1.160896	-1.100349	-0.807975	-0.52082
1.488491	-3.901678	-4.631799	-1.291947	-2.515969	-2.577136	-1.088881	-1.434593	-4.384778	-4.365562
1.495407	-9.546558	-4.932026	-1.486348	-2.690979	-3.899244	-0.805269	-1.952944	-4.147094	-5.848727
0.959983	-4.787	-3.432052	-0.686866	-0.258593	-4.737522	-2.04597	-0.1867	-3.839321	-6.937116
-0.172379	-0.430103	0.755424	0.999499	0.082186	-3.649872	-0.920882	-0.410661	-0.75016	-2.859027
0.534621	2.127331	2.388101	0.256346	1.820656	-1.772892	-2.252005	-2.588725	-1.46671	-1.536062
-0.789815	2.602101	5.32118	-0.544126	-0.426084	-1.354785	-3.198539	-2.727192	-1.354969	-2.812619
0.440713	1.574208	2.280961	-0.61212	0.057363	-1.154949	-1.486782	-0.06746	-0.977437	-1.360399
2.854406	1.98915	0.355546	-0.107134	0.377697	-0.618785	-1.572335	1.605873	-2.231312	0.449099
4.119765	0.530227	-0.161666	2.533028	0.179515	-0.070294	-1.370897	-0.938293	0.079306	1.858674
2.511491	-0.376261	-2.306174	2.062267	-1.956284	-0.298575	0.274133	1.049743	1.176118	0.414127
3.195685	-4.182616	-4.316778	1.292282	-0.350802	-0.327529	-2.374946	-1.604116	-0.614475	-1.491542
1.650948	-7.413139	-5.432777	-4.20363	-2.811641	-2.665056	-0.926832	-2.46437	-2.410771	-5.904833
-0.673919	-6.411729	-4.382472	-2.793768	-2.792903	-4.715056	-2.393025	-1.034917	-1.959871	-5.885445
1.107684	1.204713	0.194239	0.680866	-1.545389	-5.09863	-2.031624	1.632743	-0.673871	-2.810579
2.061159	3.628586	4.133156	0.991772	1.8722	-0.212877	-0.65903	2.332614	2.853327	-0.208034
0.487507	2.25779	3.774579	1.116748	2.16816	-0.038198	3.303258	-0.221505	4.654426	2.40679
1.058329	2.781924	4.817508	0.575694	1.752692	2.661308	2.18764	0.518688	3.527827	2.281393
-0.635375	1.483387	2.037344	-3.933791	0.415693	-0.21156	2.069918	-1.583905	1.284031	0.744976
-1.334302	-2.594622	0.044487	-3.297109	-2.138639	-0.489802	1.263991	-3.870182	0.011539	-2.366262
0.224647	-7.053901	-0.000262	-0.762659	-4.665206	-3.540218	-0.801841	-1.539243	-2.771648	-4.64822
-0.772926	-4.976454	-0.842303	0.327257	-3.870007	-2.268107	-1.238476	-2.422986	-4.511028	-0.973898
0.75378	1.412021	-0.203636	1.586538	-1.273147	-1.02367	1.528885	-1.071409	-3.3893	0.739605
1.586866	2.241523	-1.01976	0.588784	-0.928625	0.039794	3.566543	0.16609	1.239836	0.801288
1.071634	0.50865	0.706624	0.213494	0.329256	2.190684	3.268198	-0.083389	-0.245217	0.855753
0.374483	-2.369097	-1.691981	-2.230132	-0.837505	1.3114	2.342851	-4.149743	-1.892259	2.434998
-1.788084	-2.264418	0.334122	-3.272796	-2.133009	0.767243	3.142502	1.909629	-1.282887	-1.547175
-1.435466	-0.881516	0.791136	-3.535298	-0.565359	-2.379687	0.29595	3.457829	0.833399	-3.148965
-2.722964	-0.102989	0.83676	-2.538839	0.148844	-2.253091	-1.837602	3.695958	-0.1581	-3.241074
0.022726	-2.148838	1.203395	-0.092819	0.7287	-0.522067	-2.299956	3.177318	0.449419	-0.470101
-1.099996	3.016835	2.030741	-1.676739	-0.913095	0.234984	-3.448811	3.189211	1.971656	1.701356
-0.79803	2.356731	0.641898	-0.982699	-0.53494	-1.123138	-2.316466	3.519938	2.805912	5.205095
0.853026	5.023049	2.917466	-0.9393	-0.064638	1.577669	-2.766122	4.226701	2.089591	5.993319
1.310574	4.683289	1.392447	1.507957	-1.47909	2.618003	3.119623	4.580802	0.178292	4.980925
3.744014	1.908351	1.61314	1.723872	1.679903	4.249765	2.206868	3.130342	2.719617	4.228317
3.853547	1.503533	1.195645	-1.026656	0.478939	3.320656	2.259813	0.924923	1.085268	1.304092
2.790876	-1.488364	1.366663	-0.212426	-1.945682	0.629375	-0.869141	-3.162852	-3.059354	-6.723447
0.9409	-4.293642	-0.892005	-3.88394	-2.396964	-1.879776	-0.699993	-1.553284	-4.434248	-8.536902
-1.180579	-4.518899	-0.668861	-1.769597	-3.192606	-3.154298	0.541356	-2.086968	-1.213711	-3.29467
-0.96646	-4.144637	-1.113902	-2.098599	-0.460509	-0.38359	0.303306	1.374795	1.025858	2.187647
0.567159	-1.505657	-3.67693	-0.152045	-1.746276	0.625548	0.475658	-1.322892	3.55496	1.348451
0.246578	-2.520057	-0.602343	-1.603036	-4.411408	2.986817	2.708612	-0.282327	-0.669003	4.425741
0.525399	-3.99514	1.105458	-3.034372	-0.976705	2.590916	-1.404231	-1.526209	-0.952229	2.768619
0.350122	-2.726604	-0.701325	-3.324553	-3.575669	2.480147	-2.785772	-2.197535	-2.257218	-0.006816
-1.46805	-3.474551	1.363306	-2.825079	-1.221401	1.41221	-3.27711	-5.483805	-5.176667	-1.303663
-2.805217	-1.18898	-2.276448	-0.345252	-3.128202	-0.099896	-2.801045	-1.528315	-1.838274	-2.493322
-1.104778	-5.058093	-4.016785	-2.37197	0.126526	-2.003268	-3.277277	-1.057566	1.717861	-2.519392
-1.894731	-4.188889	-3.337407	-0.552534	-1.197416	-0.993308	-4.688105	-0.827653	0.425041	-4.483772
-1.861375	-5.565168	-2.546313	-1.839745	-0.720332	-4.116514	-2.15553	-1.788377	0.094266	-4.158563
0.928991	1.12647	-0.453202	0.850798	-0.88092	-3.514286	-0.700151	0.357966	-0.83746	-2.673364
-1.911333	3.264223	-0.208275	1.698795	-1.134483	-1.708524	-0.352068	-1.720524	0.091062	-2.706075
-1.126844	2.782392	1.305269	1.712345	2.686779	-4.598726	-4.058581	-0.522544	-1.352864	-2.297194
-0.959841	4.247976	1.11553	1.103549	5.173964	-2.007793	-0.986889	0.476807	-1.265137	1.255777
0.239276	0.039476	-1.709491	0.192007	3.698072	0.788276	-1.464593	-1.248369	1.618143	4.55804
-0.540491	1.735292	-1.724395	-1.423182	1.575602	2.876881	-1.233292	0.168131	4.96148	3.571296
-1.864541	-4.073678	-2.005682	-1.626718	-0.922448	4.106624	0.203414	-1.852393	2.797574	4.235444
-1.163373	-8.491233	-3.33315	-2.436099	-3.718377	0.133305	-1.003975	-2.386638	0.822928	1.311385
0.161314	-8.025372	-4.0706	-1.040227	-4.521687	-1.207077	-2.745859	-1.476603	-0.935157	1.032719
-0.585979	-3.663798	-2.271431	-0.556401	-5.173278	-3.721119	-0.971937	-1.564885	-4.19348	-0.446952
-1.330949	1.033692	-1.983144	0.493279	-2.620151	-2.197823	-1.90971	1.910716	-3.119439	-1.052529
-3.151797	0.721695	-1.417038	-2.185786	-3.125808	-1.690286	-3.060077	3.845903	-0.042031	-1.553112
-3.155522	1.247914	-0.724112	-0.477097	-2.039648	-1.847209	-1.910238	4.482178	3.668444	-1.955999
-0.595221	1.344046	-0.775968	-2.514753	-2.952372	-0.10029	-3.143892	4.495642	4.302789	-4.326091
0.591506	0.809493	0.439596	0.408746	-1.759981	1.10047	-1.086341	3.838596	5.322304	0.841814
-0.67744	0.269654	-0.65672	1.0813	-0.742276	-0.352128	0.460717	0.980744	3.825792	2.588015
-0.676958	1.502029	-1.040217	4.19681	3.025943	2.589118	1.405182	2.313886	1.185555	1.840313
-1.160746	3.855719	2.118907	3.754075	4.255876	3.584606	3.830853	3.028825	1.890794	5.000408
1.235896	3.371523	2.048951	4.388797	3.796422	4.351939	3.422232	3.800162	2.82831	5.317701
2.64997	3.068241	1.250015	4.412376	5.38348	2.922917	1.734817	5.016798	1.432805	5.282792
2.048476	3.036373	0.591	3.188212	6.32055	6.11384	-0.53739	4.466035	3.093582	3.409983
3.584717	5.12942	1.398806	1.253105	3.236631	4.231009	-0.40159	4.286376	5.569841	2.205172
3.838192	2.011081	0.752233	3.402956	1.433724	5.555024	-0.231582	4.264922	5.338485	3.722261
3.773002	0.502556	0.211181	2.062466	-0.904672	3.363086	-1.659466	4.083374	4.221414	0.436649
4.22435	0.017147	1.16015	0.390934	-2.272458	3.988896	1.690957	4.285634	6.598831	3.567138
3.748336	3.049751	1.423341	2.229162	-1.589833	3.586555	2.551289	5.025603	4.405037	0.369828
4.564861	2.315171	3.820553	1.54835	-1.430699	1.059762	0.916029	2.503085	1.539233	-0.97458
6.047925	4.615506	5.474587	2.798099	-0.510154	0.737719	-0.630922	1.232779	-0.210078	-0.394288
4.925231	3.155456	4.296244	0.082909	0.6676	0.874126	2.605536	4.615687	-0.810595	0.063507
4.016878	1.971021	1.772222	0.203081	-0.905237	0.344784	4.247502	0.463412	0.501484	1.629805
2.931469	0.548101	1.982723	-1.718785	-1.542364	1.511893	4.456977	-0.804645	-0.440741	1.914905
-0.188797	-0.487902	3.778146	-3.534788	-3.423382	0.795954	1.710262	-1.143383	0.351334	0.250208
-0.330318	0.30531	2.293491	-2.695427	-3.05319	-1.899133	1.976056	-1.8629	1.256908	-1.514785
-3.365293	0.547238	3.741759	-3.127702	-3.29139	-1.149866	1.547459	-1.359595	-0.474716	-0.335773
-2.458821	0.756083	2.373851	-3.959311	-3.41808	-2.256346	2.567273	-4.161467	-1.254036	1.969342
-0.317102	-4.166056	0.746865	0.341245	3.828839	0.432128	0.585797	-2.696013	-0.568452	2.320362
-2.894734	0.310223	-2.285898	0.519669	1.952668	0.658057	0.636531	-2.940332	-2.669962	0.924088
1.158083	-0.668282	-1.647137	-0.030341	3.226506	1.528241	0.153875	0.159277	-0.384164	1.438819
2.779451	0.343831	-1.376553	2.971418	1.937254	0.045881	1.00393	1.543416	0.734143	2.477955
2.481169	-0.006539	-0.806546	0.551646	1.136011	3.252177	1.193096	0.882086	-0.906039	-0.741802
2.04824	-0.59289	-0.572314	-0.739656	0.393679	0.99713	1.974774	0.081088	-1.845409	-1.816052
1.037964	-4.824423	-2.057159	-2.797687	-5.422943	-1.89646	0.311462	-2.406977	-1.813166	-2.851696
-0.765159	-3.740037	-1.916981	-2.166247	-5.735355	-2.781392	-1.223637	-1.101506	0.905692	-1.901332
-1.734227	0.003169	0.861522	1.849366	-2.482555	-2.469465	-0.299325	0.130301	1.462267	-1.088161
-0.87324	2.156293	1.759949	3.495653	1.718455	-0.15948	1.9832	1.119146	3.115859	1.468718
-3.451597	2.161638	2.331901	2.980514	0.741777	1.453864	1.181137	0.06043	2.65717	0.281605
-0.513397	1.996903	2.890776	2.31825	2.307911	0.400068	2.076287	-1.572946	1.599201	1.0162
-1.833539	-0.427311	1.272377	-1.388938	-0.970542	-0.587168	1.96595	-1.606181	-1.953347	-0.921196
-2.147224	-0.465505	0.443701	-3.722648	-0.389782	-2.468443	-1.597674	0.781127	-3.140471	-4.512682
-2.084549	-4.166776	-2.360249	-6.01278	-4.525709	-2.116058	-2.138284	1.183479	-0.647771	-6.25636
-2.205614	0.890474	-2.148275	-7.220333	-4.345522	-4.465111	-4.853381	0.251376	-1.915547	-6.526728
-1.502419	1.818847	0.903024	-2.533006	-4.931221	-5.655303	-4.647963	0.483018	-2.776295	-5.439686
-1.332863	-0.199057	-0.908752	-3.310397	-1.653604	-5.920232	-4.12273	-2.231092	-2.226616	-5.708935
-1.458645	1.668963	0.440797	-1.472506	0.299328	-6.086399	-2.018183	-1.101254	-2.957008	-1.526673
-1.403264	1.010606	0.732972	0.317469	-0.242523	-4.209004	0.38248	-0.100467	-0.88697	1.0286
-1.772821	-0.441426	0.920671	1.040528	-0.380357	0.325755	2.616158	-3.992029	-0.992201	2.445283
0.665786	1.697467	-0.153304	-0.780428	0.089627	-0.422023	1.204052	-2.67994	-1.099799	1.556077
-3.046543	-0.142915	-1.197153	-1.174496	-2.12767	-0.029937	-0.242538	-1.374399	-1.206064	-1.743918
0.076693	-3.06687	-3.706077	-3.606477	-4.119048	-3.457688	-0.645511	-2.689205	-1.892395	-5.796702
-2.217405	-5.878199	-3.859076	-1.450369	-2.372906	-3.636074	-1.912567	-1.432056	-2.33439	-3.565974
-1.817538	-3.282801	-0.124349	1.369829	0.607058	-4.401196	-1.022006	-0.246353	-1.680649	-0.106935
-0.268404	-0.100175	-0.044196	2.955319	3.419543	-1.139254	-0.114227	-0.959994	-0.00457	0.287516
-0.512103	1.03038	-0.041217	4.162401	3.993851	0.891854	2.65997	0.783722	1.143847	1.604679
-0.525735	3.333363	1.725788	3.321976	3.959984	1.587826	2.429286	1.454596	2.219303	3.605154
0.772601	2.135476	1.900818	2.973847	0.993141	0.510063	2.882521	-1.112572	-0.747601	3.698541
0.410905	1.736319	0.873675	2.480613	0.799924	2.441666	2.581875	-2.275382	1.466737	2.32574
0.296479	0.606092	-0.661042	1.672477	1.819434	0.266834	3.70625	-0.489331	-0.984784	1.155051
0.210321	-3.043603	-2.415333	-1.657861	3.116072	0.200167	1.668944	-1.32262	-0.908062	-0.503325
-0.647766	-6.055366	-4.425798	0.1932	1.891639	0.338365	-0.09864	-0.586448	-2.399897	-1.379989
-0.617984	-1.849796	-2.588636	2.694463	3.401636	-2.35917	-0.609603	-1.432714	-1.522687	0.65876
-0.064331	1.741506	1.285152	4.717627	5.021265	0.643859	0.927456	-1.205918	-1.101432	1.221821
0.557892	1.535043	0.847066	3.908795	4.370526	0.679555	0.319437	0.208941	0.857569	2.127994
3.196287	1.509914	-0.348793	4.518668	2.832921	2.720315	1.64894	-0.413836	0.858316	0.043081
1.808353	-3.065979	-2.952226	1.747046	1.468251	1.960842	0.130567	1.41825	1.04481	0.605979
0.317691	0.143864	-0.351933	-0.574068	1.017817	0.987934	-2.129182	0.711501	0.171051	-2.531809
-1.381199	2.930843	-0.061612	-2.751174	2.261821	-1.156309	-1.421706	-2.309682	-3.559259	1.280215
0.068783	3.712059	1.440335	-1.67207	2.458664	-0.942787	-3.305406	-2.199701	-1.88492	-0.571849
0.045338	2.342013	1.069308	-0.728455	2.273347	1.220601	0.078919	-1.586854	-1.803632	2.8239
-2.420634	2.322606	3.404608	-1.387928	2.776471	1.906753	0.509071	-1.61464	-2.145894	1.751561
-1.271734	1.813139	1.242535	1.544413	3.095639	1.47527	0.385949	-1.27816	-1.813006	1.215535
0.563041	2.050711	1.444689	1.824369	3.373051	0.357852	2.137755	1.737587	1.008633	3.254121
2.057488	4.158425	-1.275631	3.707441	3.575809	1.619398	2.337088	1.629601	2.995723	2.086519
3.997509	1.87118	2.544377	3.013331	3.650815	2.553309	0.56875	4.140183	1.352765	2.111529
4.325105	0.959077	1.309111	2.469039	4.428869	2.286883	0.57204	2.194532	0.668258	-1.370249
0.643374	-0.099283	-1.269428	1.137468	2.850474	0.334221	-0.237939	1.240149	1.168104	-2.003016
0.853017	-1.678699	-2.068941	-1.487081	-0.505269	-0.657778	-1.855689	-1.546466	-0.590997	-3.548371
-1.373466	-4.631971	-1.980026	-4.336108	-1.132658	-2.152813	-1.775407	-0.342412	-1.985046	-6.241514
-2.583174	-3.946098	-1.858985	-3.11751	-5.360492	-2.419687	-4.544194	-2.19419	-1.419442	-6.363646
-2.729208	-2.606078	0.076983	-1.323086	-4.537769	-3.824098	-1.039849	-0.6968	-2.132685	-1.653167
-2.107468	0.364188	0.002379	0.878764	-3.958287	-2.509247	1.382229	-2.600642	-0.865174	1.483723
-1.458753	-0.886199	-0.944299	-1.775757	-3.895845	-1.645435	1.103241	-1.297815	-0.81661	-1.100677
-1.762463	-0.987637	-1.86325	-0.369949	-1.367541	0.255138	1.142287	-2.204919	-1.404092	1.568334
-0.174199	1.188773	0.524925	1.573391	2.219126	1.088471	-0.255032	0.687045	0.36288	2.091955
0.69464	0.917834	1.751828	0.698762	-0.577141	3.295765	-1.173615	-0.991423	-0.325995	2.150586
-1.162247	2.332344	1.015257	0.543468	-1.62374	2.965717	-2.928862	-0.820622	0.282885	2.795226
0.288041	1.785506	1.213513	-1.442791	-0.994471	4.798029	-0.117172	-1.990353	-0.492182	1.260076
