X1	X2	X3	X4	X5	X6	X7	X8	X9	X10
-1.118166	-7.141539	-2.790783	-3.105298	-2.77724	-4.812386	-1.41722	-4.335043	-4.163192	-5.295418
-0.694474	0.679751	2.497939	2.393833	2.939266	3.473295	3.426408	-0.857235	1.692211	3.624937
-0.67961	0.445361	-2.348538	-1.421943	0.77524	0.759497	-1.948765	1.764314	2.534874	4.160032
-1.704778	-4.003355	-4.671359	-2.096025	-0.081923	-5.885702	-5.093341	-2.238189	-2.014394	-2.241935
-1.790983	0.938155	-0.997572	-1.834719	-2.666534	-2.146227	-2.636623	-3.031939	-5.901883	-4.904869
0.104168	-1.640457	-0.775927	-0.305831	-0.275703	2.034194	0.640781	2.166367	2.447312	0.543324
1.568368	0.185455	-1.201874	-1.887572	-2.320944	-0.532368	-0.972939	4.476934	2.223397	-1.457269
1.923808	-3.982262	-3.208768	-2.579056	-2.069272	-6.483649	-3.330194	2.141962	-2.560527	-1.314859
-0.160022	-1.194862	0.660637	-0.507197	-0.759604	-3.028482	-1.253399	0.271252	-0.237058	-0.551465
-1.429331	1.849997	1.221786	1.392286	2.97214	1.632592	2.39813	3.232105	1.474503	3.117495
0.802367	-1.688644	-3.44678	1.42977	0.15124	-5.600868	-1.127627	-1.087183	-0.540948	-3.445301
-0.735739	0.322355	-0.675919	-5.811567	-3.484128	1.814396	-2.582389	-1.628413	-4.576514	-2.75098
0.331037	1.749733	5.400009	1.511048	1.946212	4.152836	-0.41188	-4.529889	-4.148102	1.399631
-0.49632	2.733726	4.154742	3.646088	3.930834	1.770105	2.239277	0.027084	-0.82972	1.335701
-0.228524	-0.223229	-0.57388	-4.020679	-3.291289	2.426851	-4.004346	0.472	1.350123	-0.646602
0.445807	-0.782397	-3.67622	-5.168385	-3.325486	-0.082178	-4.189175	-2.850747	-3.886884	-1.687015
0.703257	-6.382845	-3.489842	-3.509163	-0.898585	-6.114536	-0.968141	-2.825666	-5.018454	-3.294174
-0.442292	-0.198337	0.530193	-3.362149	-2.249119	-2.565481	0.629826	-1.446965	-0.499799	1.80978
-1.327159	0.204658	2.129919	-0.64648	-1.912118	2.823531	-1.027505	1.804846	3.809366	2.091005
-2.041662	2.918073	5.694973	5.280704	4.587885	1.071238	3.459732	0.284058	1.279824	-2.163343
4.734077	1.220841	1.582391	2.454464	3.193857	3.192881	2.002403	1.327958	0.931159	3.033291
2.829839	4.697594	5.04911	2.68776	0.672164	3.614596	2.475873	1.243436	1.521353	1.014558
0.026803	0.816463	4.132865	3.434849	3.026571	-0.70888	2.986107	-1.059821	0.059187	1.943711
-3.511253	2.914981	2.234794	4.51239	4.010545	0.201488	4.786368	2.380073	1.425542	0.308499
-0.198951	3.925982	2.346635	2.591538	2.22765	2.328636	1.769919	2.562206	5.590099	0.06247
-1.579912	3.216797	2.313723	4.29365	5.195051	4.524796	2.291523	2.233863	2.021737	6.042372
-0.322261	1.932959	0.9591	4.161383	2.257313	-1.537697	2.803243	-2.02617	-0.874666	-0.884649
-1.076019	0.186904	0.167202	0.040991	2.758001	0.492589	-2.31986	1.657994	-0.74583	1.356254
-0.98521	-2.369934	-2.427128	1.476931	1.74188	2.707887	1.278475	-1.693963	-2.234377	1.889325
4.131743	1.192581	1.227449	6.170059	3.936814	3.21693	2.966512	3.587547	1.431471	2.790008
-0.278784	2.007284	2.136077	2.942229	0.878869	4.269451	3.974912	1.228108	3.100694	2.559049
-1.059414	0.686115	1.546198	-2.308003	-3.092289	1.311381	3.492836	0.674304	3.117169	-0.845308
2.506829	2.696412	1.906857	-0.009379	-1.575095	2.189155	1.108348	3.87022	3.296476	-0.24662
2.338021	0.162314	-0.0153	-0.799243	-2.721583	0.767907	-2.928891	-0.873758	2.320292	0.949558
-1.73216	-0.821735	-1.526527	-1.089739	-0.811685	2.693471	-1.285418	-2.873446	-0.525102	1.86697
-0.914539	-1.730595	-4.801174	-3.192509	-3.487134	-2.320919	-2.353471	-2.902958	-6.883228	-2.641038
3.202761	4.657281	4.556309	3.178105	1.482536	2.911374	4.865316	-0.169509	0.003294	0.029877
5.949317	4.082238	5.472972	5.195163	5.154395	4.387887	5.465204	4.860887	6.046345	4.484563
0.342206	2.581924	2.461868	2.420724	1.881712	-0.463242	0.033859	5.425516	2.993505	1.665366
-3.611894	-6.546413	-8.688747	-1.945853	-0.785645	-6.274474	-2.114154	-2.573637	-2.561744	-4.718967
-2.281107	-11.517921	-5.698419	-4.247106	-2.216305	-2.629668	-3.344371	-6.329783	-6.94182	-0.792787
2.409745	0.054352	-1.500689	-0.526074	-1.959997	1.321218	-1.184626	0.509262	-1.086741	-2.358546
0.01834	-0.678039	-1.599199	1.381406	-1.019852	0.904228	-1.749153	3.710788	2.943176	1.760107
-2.866044	0.780362	2.462911	2.238497	2.070203	2.833606	-1.500484	2.162881	1.862316	2.503924
-0.413227	0.232513	2.187404	1.391862	-0.61676	-2.662101	3.746846	-0.12017	-0.629438	-0.696444
2.122068	0.910974	2.057443	-2.726333	-3.185568	-3.060845	3.124707	-2.282577	-4.027701	-1.537941
-0.17278	1.261306	-0.132907	-0.767424	-0.288049	1.405325	-0.667335	2.238249	0.738713	1.205686
-3.26099	-0.914527	-2.669479	2.348356	2.991672	3.251561	0.941489	1.653897	4.458491	1.571095
0.878317	0.298939	-0.736906	0.532772	0.649568	0.481117	-0.776053	1.274155	2.503718	0.056843
-1.30578	-0.927428	-1.101919	-3.206908	-3.146288	0.688147	-2.24109	-0.979086	-0.611218	-0.34831
-3.057199	2.98844	1.205254	-3.223417	-0.956819	-1.69079	3.110044	0.113764	1.556071	-0.405905
2.787939	2.199013	2.656884	2.917914	4.381348	1.621265	3.450222	3.038195	2.039472	0.131821
-1.227485	-1.844137	-2.725755	-0.707647	-0.628311	-6.206127	-0.51559	-4.594104	-0.877327	-3.791869
-1.638189	-11.817737	-7.933689	-3.951032	-4.801822	-6.643003	-9.08082	-5.621742	-6.874336	-4.683911
-1.835493	0.16849	-0.498643	3.181029	1.207892	1.706103	1.024801	-0.783129	-1.397067	0.021762
-1.106514	-0.187182	1.151361	0.843804	-1.028896	-1.012642	0.353141	2.955225	0.249169	-2.298783
-1.052971	-4.614673	-2.2195	-1.641736	-2.411009	-4.69437	-4.514728	-3.113389	-4.20834	-3.789978
-1.899782	3.216996	2.849653	1.491478	4.502028	1.495191	1.838262	-2.054081	-1.397003	0.445347
-1.650864	1.710005	-0.7623	1.126815	2.36239	-1.186188	-0.66382	0.722637	2.458567	0.545563
-0.883036	1.758538	1.236223	4.335444	2.528251	0.208668	1.047495	-0.773043	2.00266	-1.080057
-2.187816	-2.555023	-1.522697	0.608736	-0.116113	0.155336	-0.745225	-2.576633	-2.338637	0.513659
-2.002819	3.188007	3.194823	-0.225842	0.340873	2.559692	0.899889	-1.111344	-1.499834	2.153286
-0.603163	1.185715	1.000666	5.30928	3.092181	-1.164783	2.689504	-0.505388	-0.338245	-0.7824
3.287034	2.111587	3.932417	3.439471	3.426488	2.821791	4.408587	1.644124	1.823418	3.782876
-0.869545	0.344211	-0.296739	1.863499	2.793765	-4.144003	1.484505	-0.756422	0.051742	-1.522107
-1.221015	1.042877	0.163784	-5.400869	-5.537813	-1.587081	1.807024	2.001862	-1.367187	0.809327
4.669006	2.440475	2.897072	-1.513764	-2.155673	3.890343	3.29221	3.518062	1.384616	4.705359
5.479602	0.622895	0.804313	1.19948	2.580656	3.987654	3.163627	-0.588638	1.380236	3.847968
4.779556	0.48323	0.986394	1.11233	-0.824252	1.775342	-2.12996	3.848849	1.838057	2.264834
-1.292746	-2.225127	-3.194296	-1.222748	-0.726627	2.281896	-2.401988	0.566405	4.372363	3.170538
-3.585923	-6.900384	-6.758269	-2.219188	-1.789296	-3.862695	-0.676394	-1.045485	0.360235	-2.597139
0.483112	-8.017845	-5.072734	-2.302725	-0.833188	-7.073637	-1.872615	-3.260939	-6.030445	-4.967013
-0.354358	-0.397015	-0.391901	-3.635294	-2.877633	-2.751139	-0.01179	-0.213676	-2.657496	-2.781104
-0.205447	2.908801	2.31692	1.46787	2.56764	2.056393	3.684043	4.646587	1.696561	1.532274
4.150528	2.380299	3.574021	4.434229	2.248101	0.628553	0.673045	1.323628	1.514606	0.686402
-2.679846	0.805777	2.206594	4.308247	1.49452	-1.574662	1.652674	-1.471772	1.031716	-1.790636
1.195716	-6.990068	-7.54027	-1.722012	-3.013934	-3.996757	-1.925708	-3.481735	-3.017232	-4.764854
-1.189699	-2.382537	-1.570476	2.492915	0.39741	-1.260934	0.499957	-0.499781	-0.016561	-0.72977
-1.652606	0.500768	-1.147033	-1.629911	-1.584979	-3.692697	-0.733573	-2.160934	-3.159596	-1.587397
-0.656317	-2.810153	-0.892544	-5.242426	-3.196631	-1.897347	-4.343037	-2.572616	-1.841162	-4.587952
-1.843144	3.6996	2.176683	4.083731	0.182522	1.105115	2.029721	0.915949	0.701815	0.508552
-2.783001	2.819926	4.296746	1.710824	0.471652	1.730488	4.21966	1.627339	5.519409	3.050299
-1.561997	0.581829	-2.599662	-0.831287	-2.538771	1.400972	-3.28386	2.919728	-0.102406	-0.239025
-0.062844	-0.837292	-1.554642	1.052763	1.383421	0.100367	-1.962884	1.445294	0.394541	4.181667
-2.979152	3.438066	0.122703	5.392035	4.154202	5.835073	3.564649	4.99581	3.883523	4.29136
-0.286729	1.855505	-1.594231	-3.148507	-5.067659	1.896493	-1.362102	3.078055	4.206413	1.314242
0.107215	3.04773	2.753256	-2.7346	1.86061	4.173926	2.18702	1.736002	3.563583	2.858399
3.963573	4.130044	3.461964	4.120921	0.695083	4.336276	1.285477	2.38513	3.105506	3.711917
2.461839	3.020351	2.331093	4.025519	0.900033	5.888542	0.525527	4.926713	4.134653	4.202486
4.490907	1.445456	1.674742	4.679662	5.219633	4.573029	2.241834	5.193828	1.754897	4.924393
-2.207327	-1.944934	-4.684885	-0.031886	-2.18334	-11.382962	-2.207343	-5.823045	-4.469988	-7.863575
-1.401168	-0.756914	0.410814	-0.012455	-0.92231	-2.815128	-0.958338	-0.863531	-0.413327	-3.506927
-1.592918	-3.105377	-3.291658	-0.899379	-1.689001	0.749934	-2.19509	-1.231248	1.947652	-1.468874
-0.150678	-5.521415	-6.652395	-0.860386	-1.874333	-2.557674	-1.349031	-7.042117	-2.848473	-3.765728
-2.508849	-5.946219	-4.464594	-4.445906	-4.569326	-4.086946	-2.822895	-6.408657	-4.620926	-3.725596
0.638571	0.595119	0.599852	-4.876766	-3.246798	-5.25438	2.412585	-2.621185	-4.66633	-3.215588
-1.606316	1.449409	-0.145649	-2.563392	-1.782967	-3.074972	-2.55682	-3.342018	-3.015305	-2.078911
-2.718808	1.222862	1.01431	2.500792	1.879052	2.862182	0.303961	-2.61707	-0.123871	-0.533873
0.420801	0.045689	1.526339	-1.615537	-1.034355	1.013188	-0.715698	-1.905055	-3.558445	1.10702
-0.127384	3.123402	3.420349	-0.5509	2.3502	2.16105	-0.263122	2.602817	0.550256	-0.361038
-1.608056	1.455415	2.125748	0.502884	1.325208	-0.031727	1.261165	1.508536	3.209018	-0.48285
-1.288506	-6.74166	-4.319248	-4.280101	-2.069242	-1.827738	-1.462156	-1.432907	1.08953	-1.89962
-1.174525	1.405192	2.031071	2.83853	1.495845	-0.211275	2.027796	-2.801517	-0.64242	-0.52165
-1.011302	1.281087	1.79392	0.216064	0.503364	1.944166	2.077905	-2.202297	-1.374338	1.713959
4.415874	0.90164	-0.607285	1.345189	1.803111	3.001094	0.561556	1.29275	2.954268	0.880006
2.874818	1.35577	-3.391729	-0.668402	-0.822813	-0.788085	-1.915561	1.015124	-0.695704	1.992894
-1.410558	0.969892	-3.243794	-2.463016	-3.241408	0.551937	-4.766557	-4.13467	-4.507355	-0.251375
-1.332338	1.688428	-0.524162	-3.933557	-3.730971	-3.808432	-2.352937	-2.982129	-2.824385	-3.133996
-2.098004	-1.576806	-1.024816	1.960573	-0.707497	1.985518	0.626594	-1.652645	-0.489488	-0.740864
-1.032541	1.827713	-1.028133	2.936474	-0.063479	-0.495704	-0.126965	-2.583708	-2.561558	-0.263772
-0.78263	2.099405	-0.519195	0.822449	1.328093	-0.041788	-2.410114	-0.504008	0.420813	1.933389
0.892949	1.986392	0.831121	2.502903	3.135527	1.269076	0.142551	0.96137	2.059038	0.287029
-2.591585	-3.954003	0.966437	1.548642	3.723939	-3.375199	0.373237	-1.975957	-1.35217	-3.83154
-1.85861	-2.239558	1.259977	-3.096023	-6.173958	-7.319103	-5.747248	-3.603171	-7.245293	-4.212705
-0.943807	-3.134047	-0.071836	-5.190081	-4.286648	-5.413021	-5.145994	-2.347052	-5.692712	-5.93095
-2.107152	-2.676848	-0.944478	-0.312519	-0.076811	0.21586	0.330715	-1.119475	-1.664604	-1.994959
-1.898823	1.563067	0.320978	-5.672821	-5.733528	0.338154	-4.460506	3.356883	1.139254	2.053787
2.034402	-2.927378	-3.511744	-4.083568	-4.203078	0.470675	-4.586438	3.06125	-0.372511	-0.313192
3.232947	0.821544	0.241584	2.945059	1.168164	-0.135959	1.96714	0.755555	1.165632	2.890725
5.498034	1.33216	2.485888	-0.055319	-0.390879	2.171267	3.833552	1.181628	-1.366788	1.083463
-1.355112	2.033097	0.858595	-1.071576	-1.484979	1.440272	-0.336476	0.172403	-0.938335	0.873847
-2.57307	-2.894218	-1.702067	-3.778688	-3.415608	-3.486428	-7.172616	-4.361387	-1.089875	-1.993197
-2.137214	1.514744	2.994429	-1.770727	1.119662	1.716288	2.013461	3.714295	2.38853	3.972961
0.283476	-0.033691	-0.564788	-2.037765	0.631562	-2.95936	-1.67011	-5.128415	-1.053179	-4.133849
1.184524	1.647607	1.97751	0.45833	1.476923	1.414847	0.131603	1.343322	3.186538	0.781604
1.929553	4.217265	1.11085	4.419289	4.307478	1.998631	3.742937	2.118246	4.041024	0.902955
3.763382	2.319312	3.87526	6.251047	3.266561	2.898714	2.78393	1.981297	2.271222	2.848037
2.949734	4.024375	2.08237	5.114636	5.376705	4.16722	6.276722	4.955117	3.74758	3.977489
-3.078072	1.498982	2.577106	3.057995	5.333148	1.125471	4.628555	2.366448	2.786642	-0.049152
-4.123318	-7.976339	-10.858304	-5.030542	-3.447677	-11.690707	-4.65913	-5.505068	-5.631943	-6.168547
5.303716	1.583538	1.200667	3.321165	4.625168	4.039309	0.925111	2.552212	0.626472	3.115346
4.256246	3.375741	1.776946	2.679455	5.31682	3.363246	3.011225	3.398032	4.165136	2.406468
-2.289113	2.396395	3.457058	1.783665	3.240517	0.60573	0.763558	2.329535	1.616297	-0.759838
1.263754	0.734227	-0.04667	-0.361162	-1.399105	1.397688	-1.280845	2.280164	3.664406	0.367174
-2.947441	1.238859	1.135587	1.332914	0.819394	-1.809354	-0.954833	-0.927038	-1.173789	-0.690652
4.314114	0.774318	-1.131048	0.337133	-1.84585	0.061633	-1.51296	0.444971	-1.100339	1.099332
2.427628	2.321625	1.768449	2.514838	2.129703	3.147276	2.826725	4.712834	2.606504	2.397772
-3.36949	3.777202	3.5768	1.396669	2.857089	0.487705	4.238071	3.634391	3.309189	2.480818
3.202066	-0.627128	0.251327	-4.41783	-2.309052	1.013549	1.742028	0.280683	1.709963	2.478116
3.9344	0.356252	0.710551	-1.573219	-1.407183	0.397836	0.783046	1.870749	1.063271	-0.231181
-2.127584	-1.524337	0.70479	-3.739855	-3.340767	-3.596504	-2.937026	0.545628	-2.03514	-5.660925
-1.402288	-2.378579	0.378264	-5.341697	-7.835466	-5.16254	-2.466537	-3.388245	-1.257227	-3.746065
-1.02271	-2.362757	-1.581611	-5.684203	-5.471144	-3.318843	-1.137238	1.970066	0.763852	-0.84135
-2.149056	1.132943	-0.605319	2.898268	2.231436	0.713618	3.55662	-0.858504	-0.88426	2.475971
-1.907929	-0.415466	1.036755	0.891657	0.19571	2.349672	-0.409314	-0.559423	-0.699626	2.073451
-3.776337	1.036329	1.058625	-1.390696	-2.648087	-0.75215	-1.319593	-2.399661	-1.488006	0.09364
-2.136689	0.350137	-4.113198	-0.113951	-0.23372	0.709183	-2.191568	-3.791289	-1.719166	2.02019
-2.730996	0.361267	1.298997	1.804531	-0.239855	-0.1468	0.479306	1.338621	2.623428	0.972952
0.891228	3.261427	2.766619	1.650489	2.702042	2.263532	3.568075	2.412793	1.458307	0.224978
0.44577	0.25762	-2.784923	1.128561	1.612204	4.27161	-0.786616	0.09465	1.714701	0.494318
-2.367089	-15.057448	-11.605823	-6.322916	-3.696236	-1.783938	-7.552225	-5.293486	-9.669262	-1.006876
1.609734	-1.113675	1.932325	-3.561705	-2.972946	-1.04538	1.898091	-1.448596	-4.109159	-0.022255
3.561318	2.173438	2.538523	3.96583	3.058604	1.137112	2.222073	4.032638	3.230833	1.426132
-2.01916	2.901691	2.305974	3.814925	4.419446	2.277868	4.033061	1.186029	2.454134	3.798333
-3.001224	2.672581	3.847779	2.980912	4.836911	3.233217	2.575792	1.274791	2.659661	1.701196
1.855902	1.027303	4.077839	4.098527	6.211127	2.201088	4.110804	3.642436	3.46283	1.49277
0.121189	1.284051	0.22115	1.890001	1.661924	-2.01949	0.613631	-2.662829	-2.870547	-0.195499
2.28051	-0.371081	-0.773289	-0.038933	0.60273	0.82091	-3.580992	0.153205	-0.87616	-1.639465
-3.584064	0.320195	-0.352083	2.203657	3.590575	0.323917	-0.825334	-0.082058	0.367299	-0.196783
-2.250766	-0.450529	0.943961	-0.8923	0.982587	-0.545142	1.798637	2.135786	3.652235	0.628691
-3.199827	-4.904166	-3.572662	-5.144673	-6.377608	-3.575441	-2.12785	-5.341562	-4.374548	-2.524099
4.48682	-1.145231	-0.97856	-1.149833	-3.076081	0.493349	-3.293168	-0.194602	-3.176749	-0.798512
4.736341	3.251064	2.710356	3.902248	4.206794	3.236953	5.050009	2.387964	3.006229	1.487492
0.692102	0.5236	-2.943822	0.421098	-1.889655	-0.747404	-0.553294	-1.901867	-1.685017	-2.684146
5.153667	3.020662	2.220393	1.656145	-0.830901	2.505205	-4.617355	4.520599	2.848108	1.706011
-0.792899	-4.42877	-5.761309	-1.753486	-3.135518	-0.776696	-3.932851	-0.072144	-1.319003	-2.960899
-2.991533	-0.223816	0.477256	-1.369467	-2.948977	-1.898181	2.917635	-4.463903	-2.335061	0.105559
