X1	X2	X3	X4	X5	X6	X7	X8	X9	X10
-1.271687	-6.953561	-3.965263	-2.151478	-2.07605	-6.2209	-2.425076	-4.390041	-5.439931	-4.872873
3.450843	-0.448601	0.978519	-2.982326	-0.216287	-1.612736	-0.960284	-2.685382	-4.426538	-3.781325
2.765638	2.732461	3.266249	-1.58876	-1.310341	-0.357814	-1.974986	0.338531	-2.074463	0.553628
0.365702	-2.950556	-2.551604	-3.079885	-2.090069	-3.608516	-0.320722	-0.530175	-1.639126	-2.072895
2.321936	-1.161137	1.036727	-0.694903	-2.12453	-0.651225	-1.301431	-2.228472	-3.383747	-2.956677
-0.461659	-0.241764	2.449011	-4.327217	-0.983581	1.05928	-1.108249	1.515766	-0.406846	-0.208798
-2.701881	-1.362421	-2.522786	-3.49833	-1.500081	3.141717	-0.571313	-1.258734	0.014557	2.966763
-1.350732	0.25051	0.621706	0.331959	0.350312	0.43141	2.305043	2.639754	3.203441	-0.398772
-2.112111	-1.073356	-0.658747	-2.112652	-1.68446	-0.483119	1.279787	-0.370644	-2.406414	-1.10398
5.316878	-0.143501	-0.436776	2.642238	-0.675855	1.993656	-0.241013	1.821	-1.570427	3.263064
2.209335	1.855892	1.995888	4.495831	2.137971	3.69576	1.604214	2.944211	1.409881	3.597586
-3.502045	3.327641	1.591014	2.899631	2.113961	4.695722	2.236739	2.703717	2.652893	3.338716
0.729335	-1.004334	-1.99933	1.419042	-0.293643	2.323074	0.952636	1.255546	2.997892	3.528483
-1.199529	2.287784	0.329326	3.55847	3.926606	-0.544454	0.42628	-3.907172	2.631362	0.50372
-1.541141	1.825219	-0.688948	0.328025	-0.173549	-2.530625	-1.240255	1.370891	-0.126112	-2.526638
-1.922605	-5.123109	-4.641479	-5.326784	-3.42586	-4.651202	-1.859691	-3.637632	-4.633841	-4.588554
-1.288828	1.251825	2.182102	3.667355	0.485518	0.813753	1.972452	1.809892	1.779963	4.84061
-0.379014	4.060645	1.676669	4.329556	0.499934	-0.164315	0.789452	-0.918404	1.545493	0.594796
3.582432	5.80278	5.952495	6.093836	1.807936	2.348138	2.997192	2.378117	1.552542	2.847848
-4.602796	0.931557	1.300455	3.489614	2.911975	3.02666	2.829953	1.331793	2.182608	-1.305287
-2.935803	0.901809	-0.207477	4.962411	3.383102	1.083402	0.870318	-0.318334	1.90609	0.064341
0.458906	-0.510131	-2.531524	-2.19235	0.974768	-0.111781	-3.010327	0.529877	0.573292	-1.191117
3.595227	1.593573	0.712192	1.365859	0.108129	3.293966	-1.461898	2.190473	1.291618	6.081694
2.983453	2.993558	2.209549	3.736265	2.058639	4.409206	2.346893	4.123501	4.953979	1.255532
2.696782	2.587368	2.036728	3.452802	2.175155	0.206802	3.143333	2.206013	1.863788	0.776357
-1.14229	-5.949356	-1.344291	-4.495897	0.517835	-5.290779	-2.382791	-1.386638	-1.923338	0.761334
-1.544967	1.861536	3.871176	-3.895993	-3.06256	-5.114667	-4.740588	-4.687795	-5.516479	-4.687072
-2.306151	0.650891	-2.747988	-1.726046	-0.06937	-2.182987	-1.24407	3.103304	0.423192	-3.060491
-0.505245	-0.358235	-1.968598	-3.191813	-4.256131	-1.298562	-1.974046	2.374721	1.968303	-2.40855
4.158951	2.244712	3.582134	3.643254	1.810623	4.37759	-2.017924	0.042424	-0.962512	1.573224
4.658437	0.697793	-1.081703	1.098004	2.113156	4.245152	1.982586	0.018984	0.135485	1.445011
-1.566688	2.454171	-1.44412	-2.005311	0.392539	2.613913	1.325778	3.310974	4.678838	1.947091
-1.138821	2.520612	-0.066026	-2.478933	-0.998958	-0.268934	-4.461758	1.170874	1.695593	-0.875852
1.495339	2.965686	-0.583427	-1.848704	-1.862664	3.544904	-2.836027	1.512263	3.735603	1.727269
0.468397	-2.723533	-2.125029	1.621938	-0.177103	-0.552573	0.824964	1.745528	2.530625	1.511443
-3.556743	-13.06797	-9.266334	-4.910742	-2.496301	-7.560063	-1.956792	-6.524342	-4.842879	-5.295839
5.138724	2.141458	2.161353	0.331226	-1.155579	3.005538	-0.479201	0.209644	-2.484344	1.278119
-0.028395	0.769033	-0.098066	1.352412	-0.855057	-1.022059	-0.847469	-3.592415	-0.578497	-1.258487
-1.395391	-0.410357	-1.323192	-0.708909	1.144546	-3.668444	0.512599	-2.146621	0.148738	-1.452358
-2.601456	-3.804022	-2.041821	-1.60036	0.913614	1.032399	2.588297	-1.183469	-2.855059	2.442308
-1.136979	1.185133	0.357651	0.75514	-0.034668	2.992388	1.815319	-0.942853	-3.149302	1.975714
-0.98195	2.512105	3.999128	4.891675	1.105188	1.276543	2.834761	0.516238	3.563698	-0.935533
1.493945	0.314894	-1.908981	-0.58357	0.373371	0.429988	-0.951584	0.914317	2.746637	-0.787827
-0.70088	0.719404	0.850832	-0.712906	-0.199029	0.015849	-1.544119	2.854702	4.425912	0.626942
-2.441512	-3.640258	-0.620424	0.193358	-2.493919	-2.746646	2.57425	-5.676487	-2.898872	-1.315715
5.058066	3.075918	2.775863	4.901618	5.225296	3.541034	3.132918	0.685072	1.039091	2.091413
-2.995029	-5.293057	-4.680894	-0.467931	0.660511	-5.976777	-0.02352	-2.311695	-3.316087	-1.778259
-2.393179	-6.223867	-4.502881	-4.24719	-2.649076	-9.103646	-1.567569	-6.897559	-5.887292	-5.652617
-1.231467	2.004306	5.829617	0.944843	-0.683166	-2.053735	-1.209032	-3.74799	-4.217706	-2.466944
-1.002971	3.280781	1.872516	2.888771	0.651442	-1.409808	4.464485	-1.470855	-2.210406	-1.635826
-0.738273	5.10858	1.836534	2.825	-0.788351	-1.365324	-0.050422	-3.44592	-0.047269	-1.621943
5.42455	4.166128	2.000889	6.312237	1.36486	3.517757	1.424843	2.801752	4.284435	2.792621
3.475918	-2.740849	-3.503599	1.825191	1.008678	3.291176	1.700475	2.1075	2.087835	0.737384
-2.900446	-6.473324	-2.117309	-5.339027	-2.36169	0.077975	-0.86313	-5.046938	-4.816036	-0.006136
-0.239819	-3.405268	-3.299321	-2.245905	-1.854438	-0.920304	-0.582275	-0.085421	-4.611142	1.783781
-0.90048	-2.62885	-3.136513	-1.916028	-2.352958	-4.164117	-4.063964	-1.015408	-2.767947	-3.443549
-1.555704	-5.059539	-3.705961	-2.663881	-2.847641	-1.551424	-3.7864	-2.545058	-2.074712	-1.566308
2.954431	-0.976902	-1.352242	-2.053948	-2.759877	0.20682	-3.154987	-1.171926	-1.744297	1.640022
-0.873653	3.047794	3.419468	-3.442911	-0.245655	-2.769945	-3.503027	3.156527	0.865639	-0.686642
0.204569	2.862782	3.703692	-3.024553	-3.406165	1.641524	4.086078	2.345445	0.002837	2.825415
-3.960281	-1.971604	-1.062444	-2.544754	-2.108194	0.256566	1.827924	-1.875431	-3.631458	2.373508
-1.271982	1.29577	-0.320715	2.767604	0.365469	2.72462	0.141309	-0.05306	-2.288206	2.715952
-0.675212	-1.028862	0.116703	2.791243	0.163737	0.777426	0.814034	0.357299	0.413836	-0.26424
-1.764349	-4.147167	-5.609463	-4.730918	-0.151376	-7.219281	-3.375505	-2.620617	-3.101488	-4.771158
-0.281773	3.125289	4.421711	1.124842	3.619942	1.716633	0.612793	1.144732	1.195963	0.22051
-1.598666	2.281637	3.52985	4.423943	2.532805	1.938203	5.546327	0.57288	2.042829	2.643671
-0.856609	-1.292691	-1.006821	-1.292694	-2.233674	1.702258	2.715496	-1.944039	-0.942249	0.536635
-1.539884	-3.020866	-7.333176	-3.571151	-3.141382	0.690326	-4.063998	-0.397791	0.392467	1.182405
-2.895576	2.908743	2.015808	-4.099406	-0.814605	0.294635	-3.170955	3.485052	1.652814	-0.160113
-2.71317	2.014661	1.991956	2.058859	2.500069	3.714907	-1.533074	4.568119	0.954826	1.807082
2.171847	4.525716	3.789991	6.167563	4.995453	2.975462	2.780647	5.164233	4.043337	3.990191
1.864586	2.647831	0.328536	3.307823	0.44796	5.10062	3.03141	4.384517	4.487777	3.928513
2.556957	0.639429	-1.470588	1.469356	-0.402	1.298694	-0.023784	0.25929	1.699675	1.390643
5.996869	3.081529	2.464242	1.148178	0.176586	1.826296	0.409169	0.988468	-0.618146	-0.996622
-1.357472	4.236149	2.378045	1.418704	-1.674272	0.655836	2.572572	2.441964	4.076239	0.996009
2.741539	-1.489994	-4.077858	-1.060652	0.888736	2.967017	-0.954973	1.438487	3.270748	1.337629
2.245203	-0.836987	0.393351	-1.414678	0.38012	-0.735557	-1.440262	-2.540856	0.327398	2.066926
2.344823	-0.29292	3.47599	-2.325964	-0.501913	0.312711	-4.105691	-0.046862	-0.353699	-3.620413
3.208196	3.562117	3.226075	0.347501	-1.813253	3.588418	-1.186856	4.474967	3.821268	2.396098
1.893519	2.682129	3.329321	2.567025	2.997005	3.589254	2.613346	-0.517273	2.716204	0.038743
-0.812013	1.190119	-3.341458	0.750815	0.580769	-1.40199	0.71102	1.075712	0.022511	-2.129797
1.983794	-3.691511	-5.506949	-4.223924	-0.909157	0.30317	-5.37963	-1.48509	-0.00731	0.37366
-0.792372	1.722037	3.05146	-1.197289	-0.478868	0.580216	-0.7637	0.778105	-0.731064	3.536792
-1.759719	3.395257	1.135779	3.480823	2.02224	-0.245873	1.070614	2.058581	0.348739	0.353977
0.585038	-5.570957	-7.991184	-0.654787	0.840369	-1.18812	-2.182684	-1.020584	0.81139	-1.706209
-1.419416	-2.406214	-2.904321	-1.77332	-0.495879	-4.973954	-3.387191	-3.121515	-2.361928	-5.611492
-0.101397	-1.891826	-3.465526	-0.883479	-1.454302	-6.008703	-0.418803	-2.604739	-5.563833	-3.564997
3.198276	-1.563909	0.477305	-1.561167	-1.778201	2.470299	-4.612017	-1.744787	-1.084647	1.203047
2.222284	2.240522	-0.561325	1.65891	-2.230975	5.188517	-0.54853	2.435108	3.200705	1.528713
4.434805	3.922147	4.582087	1.119345	1.163872	4.046513	-0.46644	5.583109	3.931595	0.242872
-0.065384	2.292046	1.69034	4.058732	3.811441	2.760047	2.392255	0.841078	2.479091	0.798994
-2.881707	-0.665504	-0.957866	-0.18974	0.100627	-0.194422	2.236756	2.341573	2.17836	0.383849
2.93671	0.821871	2.243765	-2.489381	-1.383772	-1.734038	-3.421135	3.302651	1.654065	-1.594593
-1.316059	1.148745	2.147632	0.419198	3.62984	0.792552	1.708081	-2.697332	-2.450534	-0.024764
0.247659	1.99849	2.040428	3.514584	6.210458	2.216503	5.607904	2.536575	0.228323	1.499106
0.246836	-3.188024	-2.989253	-4.021735	1.400378	0.589367	2.282533	1.117126	3.628592	-0.659115
1.959343	-0.855326	2.456983	-2.273173	-1.896905	-0.533007	1.166765	-0.825931	0.006928	-1.903056
0.666851	2.271751	3.851627	1.065255	-1.115397	-0.129267	2.645097	-1.162445	-0.303116	1.780751
0.861731	2.389775	2.74107	4.326434	0.540197	3.869437	4.513227	1.838831	3.274313	0.769178
-0.324547	-1.450388	1.007501	-0.95865	0.969072	0.660154	3.36025	-3.512254	-1.061334	1.737393
-1.990211	0.091329	2.292809	1.753186	-1.008479	-1.628667	3.922259	-2.605852	1.933392	-0.086031
-2.492891	-2.797808	-6.725018	-3.849273	-2.75856	-3.164375	-3.28275	3.261483	0.738341	-3.696923
-0.918117	2.015967	3.880707	0.952859	-1.681378	-1.62032	-2.023086	0.486699	-2.170236	-1.295109
-0.836015	2.35612	4.994872	5.306765	3.072663	2.561449	2.740344	1.794345	4.128108	0.998484
-0.555813	-3.633982	-0.166738	0.206532	-2.924343	-0.940617	3.321831	-2.799632	-0.096575	-0.507168
-0.691739	2.897027	3.704063	-1.837155	-0.328899	0.579737	3.403764	-2.47018	-2.385937	-0.247191
-1.895818	2.495115	0.587561	4.753391	1.54239	0.560764	1.284133	2.003449	2.060174	-0.065105
-1.304373	-3.764749	-7.08886	-0.741843	-0.841379	-3.922078	0.211826	-0.571493	0.35551	-0.889432
-2.411729	-4.247597	-2.523215	-4.229568	-1.20321	-7.417733	1.06363	-5.585451	-6.528976	-2.194092
-2.023408	-1.738657	-1.799918	0.535805	-0.045004	1.134161	-1.411468	-3.177271	-3.695929	-1.165504
-0.114328	-3.100757	-2.930684	1.894468	1.136837	1.736366	-2.234084	-2.694097	-1.669193	1.711617
-0.94691	-2.055423	-3.041929	-4.495588	-2.782087	1.143547	-3.113431	1.613431	2.76149	2.665455
-1.382868	0.52712	1.843633	-0.027169	-0.771677	-0.545329	-1.451127	1.132174	4.802182	-1.773602
-0.804919	1.039749	-1.511512	-3.664678	-1.952131	-3.313492	-4.047088	-0.463705	-0.582155	-4.216068
3.343426	3.344244	1.125322	0.353281	-1.894448	0.316233	-2.572632	2.482359	1.682545	-1.39885
1.345856	-2.699113	0.262522	1.995107	-1.868424	0.421022	-0.820877	-1.231164	-2.316749	2.710842
-1.272438	-3.58614	1.494775	-3.313798	-1.987754	-3.200946	2.009458	-2.382903	-2.676367	0.831902
-1.114861	-0.316748	0.54337	-4.087631	-2.777735	0.259912	-3.560048	0.167217	0.895466	0.901627
-2.335518	2.46725	0.648195	-2.047386	-2.62026	-1.919817	-3.276013	0.870971	1.322629	-0.499786
0.740192	4.103645	1.775241	0.733044	2.041378	-0.667742	-0.316759	-2.857559	-3.152098	-0.901239
0.247569	-1.120267	-3.001102	-4.78703	1.070788	0.683031	0.158293	-3.831591	-2.79053	0.476571
-1.433982	-8.34699	-9.344142	-4.987895	-3.391522	-7.656202	-4.411779	-2.832437	-7.404478	-3.734954
-1.670756	-2.557723	-2.440084	-2.457737	-2.56864	-0.310137	-3.675697	-1.105408	-3.46905	-0.987409
0.317357	4.978935	2.850464	1.191962	2.686845	3.56723	0.590216	2.58069	3.330451	2.924113
1.940069	2.035391	2.866699	1.086523	2.744745	-2.334991	-0.677561	0.383152	2.665524	-0.978279
-0.422007	-2.953947	-1.677281	-3.872032	-1.768826	-7.201387	1.756546	-1.613921	-7.446227	-2.133076
0.300147	-4.162565	-2.07478	-2.702778	-3.024954	-1.382439	-0.095184	-2.782028	-4.223592	-1.367564
-0.081049	-1.95715	1.010105	-1.003987	-0.909724	-4.541427	1.768225	-1.504861	-3.093761	0.282969
-2.575174	-2.118283	-1.191527	1.021072	3.446082	-0.986524	-1.627951	-0.748011	-2.202517	-0.529561
-0.730603	-4.970343	-2.235872	-2.448368	-0.588421	-4.481802	-1.913036	-2.042065	-3.12794	-3.142437
-0.570008	4.489795	3.123575	1.114127	2.109186	3.213073	1.204146	1.096492	0.669895	1.56396
-1.504661	2.633957	4.402219	2.590497	4.36622	2.762839	1.480071	0.207979	2.388116	3.26795
-1.345428	1.746974	-0.38793	3.09298	3.399702	3.749435	3.062016	-0.668581	1.902956	0.678954
-1.434776	-3.44302	-5.254665	1.01722	3.24365	-0.553692	0.065155	-1.736464	1.606349	1.254396
3.874632	1.25691	2.282327	-1.638138	-0.844815	3.189306	-2.704134	-0.439843	-1.731662	0.295
0.262035	1.161303	2.537558	3.359551	-0.183973	1.01038	2.509224	1.059113	2.708163	2.687392
-2.264026	2.215102	-0.160158	3.700439	0.940096	-2.195914	2.885505	0.510237	2.248275	-0.665502
2.022292	-0.768551	0.715895	-2.848426	-2.482387	-1.175317	-0.915515	0.368264	-0.866579	-1.946353
4.298433	0.290094	0.581136	-0.327691	-2.808801	2.582331	-3.17056	2.993531	4.880558	1.813068
4.393045	3.955884	2.075182	2.5154	2.182674	4.316697	-0.416754	3.59258	4.480541	3.83119
4.976575	-0.387029	0.941755	1.469601	-0.24114	0.777848	2.098881	2.399951	3.692431	2.279146
0.182074	2.636909	0.154977	-1.15263	-0.468023	-1.855147	-1.095281	0.306488	1.204792	-0.326934
-3.698806	3.280655	-0.297029	4.068365	1.752145	2.167585	1.139837	3.211837	4.600188	0.492384
-1.310614	-1.329134	-3.001138	0.321147	-0.830817	0.172421	0.176012	0.811145	3.216287	0.328332
-0.334695	-2.190198	-1.504724	0.835374	0.224711	1.634136	-2.42488	0.40826	1.035861	0.748946
1.843806	3.393425	1.341941	5.721109	4.361648	2.18601	0.576238	-0.372468	1.391582	0.336159
-0.167255	-0.324503	1.796085	-3.102788	2.29131	2.658723	-1.363358	-0.973089	-1.168677	0.601607
-3.788121	0.868782	2.916239	-3.449553	-2.379483	1.586559	-4.014392	-3.740651	-7.031438	-1.373075
-1.668034	-0.823753	0.688532	-3.795124	-2.020017	-3.3547	-5.044486	-4.250001	-4.794225	-2.100451
0.028564	1.978658	3.690797	-0.573039	-1.301176	0.223131	0.823936	1.872012	0.811142	-2.072986
-1.425068	2.724882	-2.885534	2.402564	-0.627446	2.942438	0.223149	2.818142	5.111841	0.575158
5.914129	-1.607712	-2.773127	-0.377651	-1.404713	0.324807	-1.889868	2.052842	1.856653	-0.394884
3.517014	3.833945	0.767252	3.705275	-0.643164	3.311725	-0.014641	2.419765	3.60236	2.310325
1.991347	2.810521	1.120137	3.742906	1.981909	4.250979	1.102108	5.448364	4.280842	2.33012
3.657187	1.302987	0.207164	2.621501	0.333119	3.631255	0.898755	1.821793	3.09948	3.099939
0.578793	0.530912	0.105768	-0.37418	-1.996328	-0.964059	-1.011725	-1.354898	0.616357	0.857617
-3.513475	0.211266	-0.239515	-6.631079	-1.768023	-1.773278	-3.687754	-1.932957	-1.066548	-0.322111
-3.189358	-1.917181	-2.207347	-1.964038	0.621038	-7.891014	-2.882158	-5.078132	-5.218954	-4.209009
-0.129099	-1.49666	2.556306	-4.071601	-2.25804	-4.663584	4.456041	-3.599975	-5.510882	-3.139841
0.91396	1.519297	4.662082	-1.208814	-0.718753	2.048697	2.097317	-1.736936	-2.518252	-0.340974
1.583376	2.650059	1.184218	2.014977	3.7889	3.675212	6.074547	2.793531	0.465112	2.253528
-1.245493	-1.581307	-6.092951	1.962823	-0.617082	-0.251258	1.068306	4.304572	3.859486	0.511997
-0.845395	0.080566	-2.747587	-0.958126	2.401802	-1.659132	-3.562931	-0.276368	-1.503555	0.377966
-1.303572	1.600744	3.276644	4.627977	3.453947	2.110668	2.315913	0.508054	2.165661	1.556068
-1.451373	-2.305009	-0.74342	-2.456221	-2.096349	-3.110983	2.897311	-1.446621	-0.562095	0.139435
0.072155	-4.49633	-1.753646	-3.438377	-1.252391	-3.176108	1.241041	-4.060855	-5.030554	-1.109302
-1.012936	0.124344	0.855602	-3.28325	-2.133587	-0.320836	0.246776	1.752391	2.258051	-2.062214
