X1	X2	X3	X4	X5	X6	X7	X8	X9	X10
-0.274827	-6.052102	-5.023704	-1.937981	-0.951984	-7.248638	-1.397284	-2.300172	-3.711667	-6.047232
-0.019615	-4.216476	-5.568629	-0.179476	0.30727	-3.240022	-1.887315	-2.718841	-1.573524	-5.886598
-0.33067	-2.841588	-3.987209	-0.83185	-0.700271	-0.743988	-0.453613	1.498846	-0.154002	-2.976451
0.026036	2.060321	-0.841172	-1.26758	-2.942309	0.793431	-1.598677	1.423399	2.140601	1.037779
2.247634	3.484013	-0.198948	1.599258	2.126552	2.671903	-0.692603	0.216632	1.354086	3.276666
1.162756	1.465953	1.814835	-0.772214	-0.89909	1.066793	0.539712	2.729659	2.430056	1.005082
-2.329866	4.643807	2.823546	-0.982974	3.113659	-1.308629	-1.40323	4.375797	2.133017	1.284005
-1.765098	2.033343	-0.334545	0.0913	-1.846104	-1.083095	-2.306923	-0.480835	1.443674	-3.592591
0.720996	-3.224266	-2.656169	-2.112271	-4.747785	-7.811737	-1.107464	-2.497316	-3.302765	-5.856027
1.041053	1.157752	2.274942	-1.547667	0.144209	2.043916	4.303651	4.668677	1.528709	-0.567523
0.625009	1.498873	0.516056	-1.857268	2.605871	1.018834	1.101227	4.991768	0.843007	3.311301
-1.411597	-0.623326	0.61384	-1.934656	1.177394	-2.176811	1.667969	-4.996516	0.968941	-0.012874
-1.608125	-1.020663	-2.398239	-2.944313	-5.383932	-6.222648	-3.532619	-2.963446	-3.935577	-6.351464
4.260565	1.646341	2.194984	1.815878	0.859085	2.439996	-1.054132	1.691806	3.686568	1.282614
3.919513	3.568872	3.984876	3.672333	3.204233	1.939093	2.811435	1.913073	2.545192	2.054946
-0.91424	1.841016	1.098999	3.788865	1.699201	0.123218	1.359184	-0.519112	2.928011	-0.170683
-2.188052	-0.53304	-3.752481	3.109588	4.051076	3.156844	0.749421	-1.306515	2.007043	3.808415
0.296919	-1.607806	-3.488503	-1.244385	3.544345	5.494747	-1.885452	-2.9842	-1.712493	3.906827
-0.448585	0.24191	0.005996	-0.686345	2.634793	1.154202	0.057568	-2.971828	-1.963577	-1.275156
-0.647021	-5.516899	-7.907822	-2.643783	-4.063396	-3.815514	-3.184515	2.413038	-3.051588	-0.580147
-2.047448	1.283862	-0.362297	-1.24469	2.736862	0.869575	-0.2109	0.009439	1.225396	-0.217853
-0.902023	1.440591	1.957432	-1.837261	-1.576851	-0.278353	4.262613	-1.573583	-3.458103	-0.110383
-1.475604	-2.715314	-0.020877	-5.086991	-7.077755	-1.53172	-0.668174	-3.045988	-6.734561	-2.606447
-1.24675	0.240747	2.576337	1.346923	0.612332	3.098353	-1.537461	-1.591331	1.449847	0.482349
-0.23752	1.855875	3.252831	3.340182	3.711587	3.164145	3.712549	0.883633	1.616044	1.255098
1.705927	0.541873	2.094363	4.100185	4.56099	4.320536	4.655054	1.769148	2.534757	3.257794
2.343731	-1.485653	2.117189	0.823931	-1.691383	-1.446894	-2.375348	-2.19504	2.159312	-0.850671
-3.79957	-4.6217	-5.974632	-2.480885	-3.732556	-5.003062	-4.146262	-5.147483	-2.199164	-5.183601
-1.523137	-0.31656	2.152654	-1.992269	-4.605054	-3.751888	-3.532693	5.297166	0.211955	-3.199302
-0.374033	0.332775	2.285705	-0.710327	2.070799	2.174311	-1.544147	-0.876044	0.218997	2.710521
-1.742823	-1.977286	1.712975	0.264531	1.917675	2.521118	2.081466	0.305434	-1.667311	1.978363
-1.141271	1.765566	1.875419	3.915794	4.136848	4.854217	4.13204	2.45125	1.86926	0.597018
-1.811344	-0.573057	1.179194	-0.030751	0.075689	0.685892	1.406263	-1.280945	2.105438	-0.128818
0.36149	0.474056	1.654453	-2.329018	-2.96223	-6.011372	-1.031776	-1.102203	-2.97695	-5.48335
3.143862	0.118618	0.114953	-0.294223	0.029463	2.646511	0.77701	1.327726	1.012624	0.774117
-0.575199	-3.049759	-1.980252	-3.277284	-3.531062	-5.472474	-1.952192	-5.304006	-2.60631	-6.324421
1.849535	-2.07936	1.483992	-2.176421	-0.637335	-1.361738	-2.380899	-0.04815	-3.972726	-2.703871
1.03779	0.003729	0.997242	1.401247	2.882414	0.907304	1.290675	-1.046255	0.345104	1.882363
-1.96581	1.805023	-2.651047	-0.021305	3.355556	-0.450559	-0.54719	3.550129	0.151908	-0.444126
3.563757	2.561836	5.340981	4.4047	6.060359	2.273062	1.783887	3.525051	4.109711	1.170859
2.001712	3.882285	2.386581	4.734637	5.673395	2.349157	2.820387	1.340961	3.312042	1.672209
-3.606926	1.901384	1.481012	3.102679	1.821632	0.381214	2.073888	-0.675491	2.116525	2.08372
-1.01574	1.161851	0.787429	3.235798	0.878742	1.648825	1.689566	-1.201957	1.630486	3.673884
-1.323015	-2.7081	-0.230208	0.837563	-0.555406	-2.207318	1.687699	-1.400189	-1.364652	1.556794
4.129862	0.339249	0.947958	1.191046	0.99706	1.924774	-1.11044	1.31726	1.296337	-0.005157
4.167302	2.985613	1.767987	3.269314	3.379911	2.028496	1.286124	1.367437	1.966773	3.582224
-2.126785	-2.932892	-3.267661	-2.130266	-5.25668	-4.65326	3.545663	-3.585212	-1.45532	-0.742073
-2.273993	-2.94665	-3.307924	-1.234226	1.015159	0.5905	1.989551	-2.727543	-2.158722	-0.222855
2.674285	-0.621746	0.67676	1.737898	2.019402	1.305369	1.761456	1.070787	-1.934314	1.484967
2.22965	-2.171263	-3.757147	1.272371	-3.336977	-1.926557	-2.032549	-1.63638	-0.230677	-3.174214
0.759106	-0.094288	2.247121	-3.746542	-2.9758	-2.745684	-3.795797	1.565698	-2.025294	-4.58201
3.51075	-1.534906	-0.807872	1.419522	-1.550693	-2.050215	-2.110018	-2.604141	-0.709351	0.64247
3.166181	1.128797	-0.324258	1.189626	0.796524	3.135944	4.436355	3.056641	2.407668	1.658314
-0.141906	0.042735	-0.558171	1.548632	0.520329	-0.749508	3.69119	1.07558	3.747674	-0.545989
2.163582	-0.71488	0.982061	0.324303	0.908803	1.965924	-0.047647	2.13361	4.037679	1.30385
-0.754161	-2.662036	-4.379094	-2.1343	-1.634472	-0.537861	-3.095188	-1.089336	0.833292	-0.179483
2.611353	3.342579	2.670838	2.408985	4.360688	3.448633	3.464531	4.489171	3.545219	0.828201
3.814113	4.351276	3.019829	6.08142	4.336166	4.309404	6.770677	3.59476	3.550567	6.147788
5.089005	3.550663	2.294154	3.376264	4.48895	4.223251	3.081014	3.170655	2.597339	5.598365
2.108315	2.148551	4.222689	5.999081	3.670327	2.526172	3.976509	2.750081	3.083635	1.712616
0.598025	1.794446	0.385913	4.895931	2.089386	-0.955335	1.360426	-2.690342	0.403756	-0.403372
-3.569282	-1.448045	-0.949297	2.161375	-1.899081	-1.435171	-2.151869	-1.396095	0.318999	-1.149114
-1.733727	-4.480315	-6.794359	-4.148125	-6.084081	-8.283038	-4.273712	-2.110364	-3.642141	-4.848327
-1.142831	0.548839	2.442009	-2.722307	0.506178	-4.916138	-2.328338	-0.919934	-2.484672	-5.961725
-1.490616	1.026322	-1.276709	1.116391	4.192793	-0.046772	-2.18468	-3.445696	-1.235603	-0.691726
1.212392	-1.204865	-2.20283	0.400531	0.08806	2.136958	-0.463273	0.310256	0.255754	2.070854
2.299569	1.402579	-0.019866	0.715676	-3.887021	2.02565	-0.235951	3.900428	1.803585	1.212797
-2.270411	2.740154	-1.674529	-4.518711	-6.99595	-0.318899	-2.740749	3.67062	3.092873	-1.200814
-1.384177	-0.157841	-2.186131	-3.678267	-4.010627	0.102309	-3.900998	-0.459169	-0.490102	1.629202
-2.926557	-3.70201	-1.58838	-1.461328	-5.372149	-2.41593	0.924668	-2.932245	-1.83266	-1.124873
-1.491481	1.367743	0.576314	-3.912929	-3.150612	-3.10362	-0.622682	3.042983	0.340374	-1.169658
-2.378879	0.831912	-1.627054	-4.027205	-4.126312	-1.703965	-4.053182	1.919806	-1.762627	-3.603873
-0.921183	-5.660509	-7.690491	-3.85409	-2.950941	-5.96287	-3.57596	-3.342693	-3.70459	-3.867737
1.574675	0.10717	-1.102001	-2.57692	-0.921493	-2.486641	-1.406848	-1.98193	0.344752	-1.152671
1.975862	0.01394	-0.052787	-1.125426	-1.007061	1.429415	-1.430775	1.962372	2.333966	-2.334495
0.238346	0.364289	5.504448	0.852958	2.827964	1.939091	3.06623	1.313791	2.347616	2.44607
-2.728208	1.174104	2.907702	-1.9463	0.29769	2.20178	-0.07486	2.999799	-0.519135	1.548302
-1.227833	2.52297	0.233676	-2.386332	-1.073372	-0.475829	-3.192972	2.522666	-0.98933	-1.18912
-0.053764	0.928873	-0.57903	0.838132	1.711087	1.912354	-0.881533	-0.019041	0.57609	-0.798719
-0.824635	3.426595	2.053884	5.735561	2.486076	2.316918	2.398933	2.416841	3.38758	1.620084
3.45412	2.461418	2.330821	3.063426	-0.457794	1.93885	3.835501	3.189374	-0.465406	2.946665
3.417166	1.312821	4.211384	5.111397	5.654387	4.654037	3.720649	5.263216	4.045583	4.444701
-1.779431	3.481784	2.550774	3.711447	0.784728	4.714165	4.647654	4.941223	3.494897	1.74607
3.048095	2.699884	0.440896	-2.258954	-0.020863	1.828716	0.063695	3.974649	4.356384	0.551347
2.113311	2.415597	0.725854	1.513768	-1.000275	2.191374	2.041652	1.541544	2.34339	0.788908
2.927483	0.677299	1.003651	1.686686	0.368398	1.074521	0.257607	2.371558	1.111461	1.07353
-1.443821	-0.905137	-1.979408	0.187373	2.615564	0.416336	-1.811659	-0.668462	0.131041	-0.930811
-1.266034	0.613663	3.110282	-1.670795	2.583928	0.876399	-0.074363	-0.503872	0.606072	-0.366042
-0.094486	-0.98473	0.489724	-2.027645	0.903096	-1.147913	-0.10112	-1.875327	-1.666502	-0.867185
-2.460209	2.806456	2.009923	2.3548	2.947271	0.750977	4.647955	1.973513	2.766558	2.542633
-0.478031	-1.20021	-3.770216	-0.233986	-4.429444	0.937544	-0.200751	-0.160309	0.424293	-0.665811
-0.555682	-3.117158	-0.59619	-1.258925	2.72725	-0.209339	-2.887351	-1.823256	-1.742657	2.280855
5.379711	1.956379	0.145005	2.488559	0.547054	3.481402	0.143943	-0.246587	-0.363252	2.979407
1.82862	1.260571	0.601873	-0.235656	-2.380635	-1.779762	-0.932178	-1.156966	-1.107453	0.40462
-2.025378	-4.675517	1.206517	-3.536094	-5.991222	-5.080961	1.342375	-3.952454	-6.51022	-1.373532
-2.98881	2.599384	0.937239	-1.497176	3.598987	2.486374	-2.428206	3.909684	1.169486	0.313824
0.009002	2.210937	2.449041	-0.073324	2.359884	1.328911	-2.606727	0.634387	2.393605	-1.056336
0.453737	-1.919989	-0.046176	0.426941	0.819759	3.028718	-0.659197	-2.72021	0.175577	-0.231839
-1.820527	0.696169	0.110889	-1.533202	3.579498	-0.317741	2.022581	-2.48257	-3.669057	1.49619
-1.141309	-0.835623	-1.936564	0.371725	-0.084012	-0.9036	-1.605798	-1.386154	-0.645656	-3.188075
-0.137726	-3.4137	-5.227935	-2.888296	-6.600889	-3.403596	-5.273039	-2.900225	-2.380577	-4.158561
-1.703196	2.533002	2.584973	-0.913287	3.010349	0.177936	-0.108845	1.405255	-0.813778	-1.966493
-0.073833	2.461349	0.835458	1.924032	1.56038	1.005856	1.181684	-0.918474	1.875988	2.634302
-1.73005	-4.279695	-0.835884	-1.849258	-5.67912	-5.342374	-2.625354	-4.617671	-3.099436	-4.4579
-1.823562	-1.853164	-4.697457	-1.554075	2.159424	-0.483492	-3.152659	-2.080895	-1.975502	-3.567026
0.163022	0.493605	0.240735	2.568259	2.120983	-0.00884	0.645368	-2.220303	-0.115762	1.089598
-1.437809	1.577578	2.256784	-2.254373	-4.335373	-5.061158	-3.293071	-4.652051	-3.507266	-2.767754
-1.432963	0.130021	0.141483	-2.43299	-0.663677	-3.323486	-2.001673	-3.361692	-5.058862	-2.975906
-1.107647	-2.870102	-1.155775	-2.930412	0.140037	0.660333	3.144363	-2.57288	-0.364597	0.710514
-1.408768	0.948277	2.6949	3.156045	2.668331	3.790658	2.75344	-1.817665	-0.805017	4.167681
-1.96683	-3.989676	-2.724703	-4.578739	-2.228534	2.415645	-2.243937	-3.190895	-3.630764	2.426471
1.734664	2.042805	2.185307	1.69842	4.181901	-0.102347	-0.596364	-0.549119	2.34612	1.991956
-2.954691	-1.243112	-1.531584	-0.442498	-0.310807	-3.695663	2.607963	-3.228882	-0.815805	-2.556387
-2.015495	-0.969259	0.878411	-2.738809	-8.972803	-3.311145	0.760651	-4.253526	-5.378075	-1.739785
1.546151	-1.402668	2.948779	-1.911331	-0.320133	2.417264	3.947404	-1.518193	-3.208527	1.758437
-0.539254	-0.652669	-0.963596	0.654819	4.368953	2.47582	2.19733	0.119978	1.228707	2.577554
-3.372808	2.240306	1.280972	2.710624	4.941805	1.344479	-1.057565	1.70665	2.189894	2.796241
-1.48461	3.433529	0.875864	2.586769	2.661772	2.391298	0.637527	4.799989	4.477807	1.546373
-1.081658	-0.435029	-1.340937	-2.690765	-2.752798	-1.282266	-2.897587	5.08846	1.565517	-1.421876
1.19585	1.112003	-1.624048	-1.666592	-3.326161	0.245443	-4.187999	2.339635	0.173	-1.25343
3.543318	2.542399	1.625711	2.699671	2.306928	2.577983	1.777899	2.776884	1.313333	1.513586
3.890048	3.171831	3.32632	2.74941	1.065313	2.778211	2.557416	1.422281	3.710895	2.989847
-2.106356	-1.119626	1.333059	-2.521992	-3.810863	-6.520417	-0.706338	-4.613199	-0.634633	-2.011871
-1.807991	3.730303	4.712907	1.998351	3.705941	2.925759	1.113444	0.822623	0.826233	0.308506
-0.299154	3.886195	3.822644	5.108025	2.839567	4.229497	2.174872	1.450726	3.470878	3.556755
3.43926	4.178525	3.472345	4.573516	2.221255	2.760156	4.193157	0.555592	2.642989	4.17345
3.932652	5.979773	2.478491	0.22551	-1.204553	0.799694	0.138808	1.664905	0.311457	1.063168
2.066925	-0.967483	-5.978243	0.340594	-0.300017	3.369972	0.472334	-2.345049	-1.245127	1.549983
-1.676318	-6.613863	-8.617678	-3.817844	-5.768097	-7.437449	-3.078653	-4.556582	-6.651871	-7.047927
-0.661177	-5.345187	-2.888238	-2.025218	-3.301652	-8.336208	-4.364145	-2.622407	-5.615477	-7.407987
0.370751	-3.140172	-3.444246	-3.655537	-3.152442	-1.660643	-3.622229	-1.85603	-7.02945	-3.162121
-1.352936	-4.700035	-5.833225	-0.741113	-3.318825	0.067909	-0.601096	-4.938159	-4.21599	-2.390953
1.135562	-4.430392	-0.845098	-1.900957	-3.038159	-3.654289	2.895864	-5.4149	-4.192596	-1.521206
-0.245756	-1.860858	-1.378187	-3.645579	-1.146101	-4.72657	2.920663	-4.220156	-3.649365	-0.603704
-3.056394	-2.469346	-1.547716	-3.057386	-3.746209	-0.413271	0.010012	-0.28103	-1.620193	0.45473
4.181244	2.54683	3.731794	1.165212	2.496163	3.731677	0.044821	2.209378	2.244627	3.495673
3.297653	4.20546	6.172521	2.796309	1.99186	3.96794	1.481901	3.183768	2.918003	3.845903
-0.441273	-0.699767	-0.510158	-4.135604	-5.600071	-2.330512	-4.330436	2.113342	-0.731357	-2.200204
-0.959443	-1.467258	-1.019662	-0.812731	1.19222	-2.27601	2.24122	-1.346095	-0.111941	-1.616569
2.019135	0.823478	1.794589	3.417822	1.321682	2.997619	3.818781	0.125459	1.786965	1.887885
-0.327251	-2.096666	-0.013026	0.764351	-4.851334	-0.564354	1.607857	1.051912	-0.654627	-0.942563
-2.249413	4.058007	1.333975	1.407953	0.702028	0.372646	-1.017639	3.65217	2.8611	0.710966
-0.865565	1.981192	-0.165625	0.459625	-0.507778	-2.434106	0.522103	-4.081959	-0.275437	-0.961549
-3.205823	-6.068613	-7.809943	-2.993834	-4.685193	-8.660434	-3.148606	-5.580665	-4.77892	-7.424329
-0.095504	-7.827108	-4.737995	-2.721424	-3.227557	-8.405358	-3.962852	-4.248139	-6.196328	-7.455293
-3.248326	3.330806	1.897204	3.692756	2.325691	1.1045	0.289874	4.299831	0.054059	0.942039
1.66639	2.958131	2.446241	3.952807	3.232716	5.998922	-0.017615	1.487557	3.078665	1.163447
-2.662279	1.960071	1.605403	3.523432	3.687586	2.146792	1.738493	2.598452	3.322612	2.365915
-1.916255	-0.054769	-1.45942	-3.453965	-2.833929	-0.865107	-1.633691	2.199929	1.562727	-1.041676
-0.361464	0.539917	-0.243639	2.893421	1.012142	2.400012	0.309446	-1.595896	2.414734	-0.880644
0.015067	-0.112765	3.171139	0.736497	3.427275	1.541637	0.275315	-2.102009	-2.139038	2.813597
-3.436789	-0.622604	1.592307	-1.30703	-1.636253	-3.183543	2.94853	-3.124093	-3.10136	-0.545171
-2.970164	2.07181	2.119958	-1.177752	-0.933061	-1.165535	-1.813398	-1.117031	2.232996	-0.014262
-0.597487	2.229388	1.095189	3.043541	2.022734	0.497954	2.017445	2.555494	1.116363	-0.13319
-0.943992	1.965745	0.044798	-1.515039	-1.709182	2.456319	-0.944828	3.814501	2.94767	1.557131
0.463689	1.478595	1.445282	-2.01768	0.30098	0.745156	2.645395	2.181408	0.796752	-0.55541
-1.50378	1.024054	2.353844	1.797931	0.538612	1.975466	2.965129	0.806635	0.259642	1.514874
-0.722434	-2.44746	-3.397816	1.142209	1.143609	-0.978751	-0.776814	-3.033497	0.585375	-1.562126
-2.079611	-7.236627	-10.454694	-0.975131	-5.674132	-6.028292	-6.037518	-4.705469	-6.200913	-5.555221
4.406253	2.070973	1.062815	1.438629	4.59329	2.885648	0.460429	2.132442	0.844413	2.101581
1.034818	1.090162	0.549817	0.471108	1.507377	1.103175	2.106044	-4.183943	0.335493	2.263473
0.413745	2.341363	1.135822	3.883724	4.698237	4.694497	3.07814	-0.705601	2.062662	2.947048
1.683396	-1.756499	0.280537	2.374199	-2.498522	0.677927	0.064533	2.99609	-1.031338	-1.023599
6.122029	1.567902	0.650075	1.512254	0.462812	0.286075	-1.349961	2.309153	1.701231	1.644928
4.556005	1.134793	3.461047	1.093313	0.367352	0.064957	-0.405526	-0.339186	-0.33659	1.267025
-2.107616	-0.863097	-2.171633	-1.5336	2.356116	-1.014411	-1.349646	-1.356704	-0.93186	0.234192
-0.511576	-1.754839	-1.41605	-1.116261	0.539924	-2.589911	-2.851904	2.528723	0.489462	-0.935174
