X1	X2	X3	X4	X5	X6	X7	X8	X9	X10
-0.464777	-7.717535	-5.337821	-2.124695	-2.592633	-8.212893	-1.629246	-3.373538	-4.438832	-5.038744
-3.658177	-7.830358	-5.744491	-2.396294	-0.247349	-2.350676	0.086259	-4.726349	-2.576462	-3.95475
1.978923	2.110719	0.154367	0.445295	-0.481633	1.116055	-0.451857	-0.885493	0.870328	0.969678
2.178913	1.303564	1.952036	-0.709014	-0.244164	2.534134	-2.424454	-0.222356	-1.867631	2.40617
-2.77282	2.749948	2.765501	-1.759809	-1.644623	2.438599	-0.00029	0.418476	0.589391	3.897557
-1.728285	-0.422859	1.420252	-2.969674	-1.75609	-0.979516	-0.625519	3.886817	3.722124	-1.761425
-0.752994	-4.48448	-10.256222	-2.023395	-1.399946	-0.882174	-1.604996	-1.90272	-7.1367	-0.745144
-0.639659	-1.21614	-2.528827	-4.712855	-1.184372	0.557361	-1.008171	-3.208722	-5.222151	2.956538
-0.481891	0.922941	0.716432	-1.127437	-1.864347	-0.107872	1.839508	-5.650377	-3.7016	0.866559
-1.009902	0.649545	-0.634246	-1.890523	-3.295253	-5.707435	-1.792205	-3.78897	-0.713016	-5.118442
-2.304902	-0.135042	2.68014	2.389309	0.52003	-0.90219	1.808546	-1.381989	2.101732	-0.582825
-0.902804	2.854867	2.770597	2.583879	3.094525	2.586403	3.097722	1.18748	2.800875	0.138755
-1.104118	4.789564	4.349433	5.696012	2.311251	1.105484	3.301783	1.566053	1.916546	1.294541
0.952145	4.839545	2.981658	4.216031	3.210732	4.129194	1.680694	1.509644	1.477975	2.60748
4.218072	1.380006	3.323189	-0.154534	-0.197911	2.741476	-0.395175	1.78327	-1.577802	2.54822
1.275354	0.301949	2.967845	1.875644	3.975949	3.117271	2.702344	0.722848	-0.585154	3.442912
-3.061522	2.799481	2.64195	1.018097	2.541537	0.563623	-0.546374	3.511699	2.499856	3.526308
0.329435	4.67921	1.963429	2.15826	4.261678	2.183878	1.774247	2.974042	2.025463	3.500861
3.085412	-2.27515	-3.798186	0.771267	0.418803	1.793879	-1.489515	-0.950201	-2.620697	-2.622272
5.826599	4.826617	3.266339	3.196358	1.701941	3.350673	1.064324	3.062694	5.040216	-1.639734
1.464786	2.976731	3.414145	1.861474	0.010025	1.196207	2.056048	4.107355	4.44194	2.892235
-2.65724	4.054219	2.673073	2.240557	1.617987	2.428429	-0.597456	3.159007	3.013016	1.060997
-1.242289	-1.703391	-3.349829	1.182154	5.200463	0.643288	-0.666997	0.888182	2.392586	3.126516
-1.100171	0.093733	-0.187909	0.507715	3.049191	1.549334	0.855719	3.405712	3.031693	-0.392145
-0.029298	-1.607872	-2.421112	-2.792711	-1.800789	-4.733183	0.749787	-2.139467	-8.709217	-2.203117
-0.234481	-0.711863	1.366721	-1.147367	-0.839935	-0.698412	-1.267595	-0.21172	-0.264999	-1.318433
-0.83653	-3.444797	-3.468246	-1.823398	-3.364505	0.5113	-4.018325	-0.614805	-2.194804	0.588979
-1.605657	1.831975	3.442855	-3.026844	-3.53105	-0.501193	-2.936701	1.795419	1.675618	2.17699
1.948027	2.550008	1.452596	-2.616643	-0.303423	1.619462	-1.449817	0.843499	0.755617	0.651074
1.123312	-2.165844	-5.417448	1.094671	1.582227	-0.680281	-2.553366	-2.324217	-2.918953	-2.507596
0.622686	-0.771518	4.258403	1.735765	3.519854	-0.924764	-0.517438	-2.651679	-0.447438	-1.677441
-0.018863	1.41045	2.116931	-2.43049	1.515812	0.508268	3.983378	1.083367	2.573319	1.561714
-1.541647	-1.504773	-4.870275	-1.425422	-2.572739	-0.435328	0.245296	-0.786721	0.976276	1.242649
-0.357176	-0.671615	1.537374	0.273145	0.684759	-1.056593	-2.81087	0.196316	-0.944608	0.371142
-0.837863	-3.6295	-3.491428	-1.389611	1.55017	-1.349369	-1.868704	-0.030759	2.663028	-1.388224
1.893981	-2.436951	-1.102584	-0.106611	-0.416241	-2.695895	-0.791789	-1.447681	-2.351651	-2.972569
0.066342	-6.100386	-4.222394	-2.644872	-1.072707	-4.378913	-2.210806	-1.706582	-5.914483	-4.686511
1.425108	-4.554019	-5.687554	-1.154509	-1.24076	-0.858861	-3.272435	-4.024089	-1.9823	-2.659466
-0.724933	2.708736	2.320042	4.852064	3.966673	1.536822	1.775844	-1.747529	3.658166	0.00185
2.388905	-2.78303	-3.604899	-0.165163	-0.496435	-0.640702	-0.417949	-1.293125	-2.109616	-2.12598
0.20841	-0.876625	-1.832963	-4.566302	-4.330109	-1.912869	-3.751692	-2.022297	-6.824576	-2.763572
-0.323133	-3.559052	-1.101438	-0.278259	-0.064771	-2.500016	-0.240364	-3.907063	-4.214141	-1.575139
0.982364	2.662286	4.694491	3.07776	-1.668941	2.425019	3.772157	-1.887139	1.651562	3.439302
-0.746215	-0.045411	-2.272156	0.908449	0.149161	2.641303	1.108393	1.115264	3.41151	4.551737
-1.583083	-0.713142	-3.325262	-2.470695	-2.120981	0.729	-3.300035	2.532334	2.402777	-1.47605
1.457444	2.651897	3.926096	-1.119375	-0.187384	2.570275	-1.180706	1.546164	3.435241	0.039528
-1.593946	3.300912	3.84794	-0.100491	0.488038	1.840695	-2.6805	3.245148	3.543882	-0.011745
-2.456671	3.364108	-2.142506	-1.109144	-2.001528	0.874226	-1.384595	0.586681	1.744078	0.292316
-0.855045	-1.067906	-3.196518	-1.485334	-2.390593	3.053436	0.341826	1.442662	2.52891	0.404396
1.567417	-2.842021	-1.436669	-0.115259	-1.199069	-2.758708	1.702083	-1.99651	-2.980839	1.785879
-1.047502	1.445372	1.429867	-1.188518	-0.048964	2.162663	-0.641108	-3.746833	-4.312189	3.200548
2.006983	0.573384	0.275817	-0.091709	1.118813	-2.312882	0.10717	-3.756404	-0.271355	1.443287
2.321556	-3.809374	-6.301692	2.44777	-1.512247	-2.716774	-0.642568	-1.89982	-2.820753	-3.66892
1.744501	0.874409	0.810669	1.310922	1.19165	1.523956	-0.999909	-0.598874	3.8653	0.749909
2.868202	0.379946	1.179926	0.130949	-1.916004	3.76148	1.855859	2.763138	3.21989	4.696056
-0.780958	2.194648	1.951006	0.893052	0.257185	1.366069	1.648248	-0.719374	-0.849797	0.812903
-1.462095	1.277626	3.732638	-2.148965	-1.794588	-4.117605	4.129465	-0.401704	-6.323776	-0.19027
1.875975	2.904194	4.593847	2.177998	4.68857	2.04653	6.168419	0.392358	2.94804	1.33802
1.972737	2.78626	4.79946	4.348544	4.928253	3.672748	0.481616	3.53442	4.053737	2.53445
-1.372626	-3.771962	-2.551099	-3.288628	-0.758643	-3.516078	-2.551742	1.177492	-6.791397	-0.792598
0.22907	-7.044364	-0.612704	-1.022917	-2.458024	-5.508673	-0.84935	-3.451217	-7.681077	-1.084745
-0.153888	-1.659635	0.548067	-0.606924	-1.711597	-2.266261	1.802091	-2.320698	-3.172415	-1.923913
-0.621918	1.356934	2.322536	-0.44525	0.006433	-0.909665	2.99148	-1.04764	2.745076	-1.780323
-1.197432	3.091749	1.695426	1.563204	1.29856	0.394192	3.653814	2.652264	0.919283	0.718102
-0.113746	-4.293481	-6.932445	-4.071165	-3.078323	-2.249012	-1.038112	0.806224	0.029294	-2.181558
-0.943672	-1.588251	0.161241	-2.228361	-0.847523	-2.412698	-1.382004	2.130448	2.340195	-2.007327
-1.281624	2.697745	2.725301	5.006412	3.658053	4.086616	2.32263	0.884343	2.513474	1.367973
-1.009314	-2.18809	-2.09985	0.297249	3.664098	-1.092289	-0.48862	-2.193283	-1.291783	-0.10908
-3.245852	-3.903753	-5.855497	-3.990755	-4.159397	-4.878031	-0.661666	-1.300626	-6.838788	-1.716908
2.232949	2.930557	5.087069	2.809492	1.035761	1.250976	-0.766021	3.22472	6.226945	0.072765
-0.449618	3.132541	1.03056	4.909684	3.005161	5.319915	1.211901	1.273759	2.763302	2.592918
1.208838	2.490898	4.352883	4.340911	2.952295	4.216175	1.959084	1.292494	1.287671	0.67663
-0.889891	1.658426	2.025846	2.374767	2.298354	-0.445756	-0.63739	-1.314173	-2.519962	-0.284021
-0.687112	1.689721	1.027652	-2.15566	1.697626	-0.064789	-2.525938	-1.831242	2.77729	-0.353457
-0.871028	0.562881	-1.425196	0.513822	-1.407298	1.398468	-2.584481	3.175086	5.585413	-0.230796
-1.316243	-1.159002	2.428703	-2.393697	-1.066529	-0.915092	2.29056	1.356111	-3.940005	0.442142
0.70584	-1.582833	-4.631951	-3.225629	2.163723	-4.128374	3.797064	-3.234172	-4.626079	-0.631162
0.426522	-3.404619	-2.535661	1.169415	1.656845	0.203818	-1.741792	-3.483967	0.459379	0.965575
-0.688898	-2.00447	-3.820332	-2.794674	-1.748573	-4.460918	-3.746731	1.847822	-0.446444	-3.035965
-0.458515	1.583907	3.15863	0.658691	-0.011342	-0.302081	-3.830777	0.988287	0.707939	-3.055695
-0.973226	2.709502	4.480418	3.606099	3.556027	1.297631	1.678446	-0.27628	4.329017	2.739769
-0.671824	4.819003	2.376923	0.357841	1.881723	0.853022	2.152512	1.903113	0.259378	-0.052586
-1.389201	1.671401	2.790734	-3.163494	-0.318266	-0.421403	2.274297	1.819556	1.305112	2.06733
-1.036947	3.219584	2.234039	4.963283	6.805752	3.903065	1.229874	2.844337	5.512906	2.386207
-0.70545	-0.33936	0.373926	1.626563	2.186666	1.402135	-0.59008	1.776845	0.214253	0.107836
-2.294997	-11.956741	-12.037821	-5.965962	-4.414434	-4.75908	-3.855992	-0.836332	-10.160057	-4.363289
-0.36127	-3.030671	-2.715817	-1.4657	-1.969855	-1.711366	-0.286086	-1.804208	-0.061131	-1.275374
-0.233152	-0.050962	-2.054978	-1.886559	-0.932906	1.903892	-4.296288	1.516504	1.577223	-0.10582
1.751676	2.092975	3.084079	-1.282643	-1.402693	-2.829287	-3.031921	1.20829	-0.3844	-2.68923
-3.078861	-2.08187	1.300536	-3.472558	-2.335522	-6.586883	0.493889	-1.996464	-5.920503	-2.381202
0.811459	-1.910708	-2.943426	0.157694	-2.296899	-2.511574	-1.18608	0.238626	-1.569591	-4.583934
4.833864	-0.047046	0.001275	1.777811	0.316173	0.348464	-0.182151	-0.816652	2.239635	0.485378
0.270582	2.818805	5.58252	-3.059808	-3.091308	2.389657	5.490454	1.750086	4.440976	2.185941
-0.750956	2.910039	2.22889	-3.184661	-0.607643	-0.084066	2.260413	-1.298873	2.859033	-0.190337
-2.431818	-0.10885	-0.907435	-2.849445	-1.989333	-2.309076	-3.915093	-0.729542	-2.72029	-2.130246
-0.471867	1.940733	2.648427	-3.872554	-3.470174	0.975759	-3.222185	0.641066	0.183912	1.118128
3.042632	3.037785	5.086757	-0.980082	-2.761464	0.698372	0.605919	0.426939	-0.824954	1.458897
0.277619	-1.147797	0.297137	-0.448419	-2.545397	1.87	5.229202	1.546768	0.758622	0.994578
-2.059265	-1.105713	-4.209352	0.693245	-0.452066	0.136978	2.316947	-0.632959	-0.924549	-0.163312
-0.680377	-3.33086	-2.330625	-3.010876	-1.595662	-3.000555	-1.332362	-1.122448	-2.881752	-2.638952
-1.260873	1.127065	-1.088799	1.778233	0.958825	0.781542	-0.253338	-0.242807	3.237927	-4.831923
-1.482806	-1.509232	-0.85979	0.047789	-2.247691	-4.512091	-0.684696	0.100659	-1.362893	-3.6047
-0.643127	-1.319444	-2.43471	-0.713287	1.461902	3.70629	-1.910246	-3.391153	-0.295391	0.599939
-2.918186	-2.86106	-0.263974	2.610226	3.145123	2.309928	-0.7179	-3.222644	-1.705844	0.580122
-3.505032	1.056731	1.759608	-3.562548	-1.264312	1.94657	1.764931	-1.331814	0.437572	2.305775
0.321089	-3.898756	-0.700874	-0.623882	-3.206781	-1.82304	-0.184161	-0.76786	-2.627513	-0.015673
-1.787368	-0.536602	-1.62373	-0.742348	-1.943162	-7.247853	-4.665184	-3.652677	-2.996871	-2.586694
3.947252	2.38191	2.369834	0.867285	1.454468	0.801979	-0.773045	-1.524656	2.188033	-0.922055
0.849307	0.346403	2.391013	-0.601851	-2.390363	0.627703	2.287751	0.39401	1.434933	0.424873
-4.798844	-6.278298	-5.184898	-3.947621	-3.993029	-3.36723	-1.343002	-3.321263	-3.442633	-0.956575
-1.232841	1.772534	-0.892799	5.020313	1.357802	2.587731	-0.833609	-2.013162	0.504176	-0.026568
4.256476	0.473328	-1.04239	-0.375911	3.82296	-1.024266	1.634429	0.444031	-0.274898	-2.407172
0.383868	-0.160383	-3.05967	-1.408054	-0.890021	-2.350168	1.726908	-2.738462	-3.00271	1.451647
1.169799	-1.827964	-3.063734	1.175829	-0.608206	0.637575	-0.215473	-3.147019	-0.093312	0.473325
4.634931	0.026822	0.310223	1.309081	-0.341257	2.985713	-0.196815	1.288987	1.735445	-1.204706
-1.562073	1.473015	4.62881	3.762547	5.264864	3.608199	2.58448	-0.901914	2.169314	3.97099
-4.055247	-5.809143	-7.907362	-0.744225	-0.126004	0.650483	-0.784586	-0.783992	-5.105151	0.666848
-1.459229	-1.584607	-1.364783	-5.557787	-3.227519	-0.165985	-1.893814	-3.869311	-7.716595	1.930201
3.021448	-1.60243	-1.985838	-1.68889	-1.200337	-0.729153	-1.274701	-0.492733	0.982542	1.912784
2.194246	1.541737	0.15509	1.824519	-1.404916	0.042326	-0.831048	0.641181	0.725118	-0.49867
5.235631	3.743746	2.140719	3.988989	2.236891	1.973103	0.657547	3.939675	2.963197	2.012471
3.599867	-0.17045	0.139267	-0.187025	-0.548671	1.596625	-0.494013	1.547293	3.237341	1.05504
-2.767282	-4.120996	-6.292141	-0.725571	-2.713555	-4.031559	-2.287127	-0.848015	-5.961885	-1.387332
-2.032854	1.466966	1.976916	1.177706	-1.419311	1.349396	-0.862093	-3.209101	-1.899514	-0.951915
0.736215	1.303095	-0.091135	1.80426	1.650409	-0.623264	1.537091	0.29199	2.316021	3.19082
3.527388	-0.026949	1.725532	0.285945	1.854254	1.468705	-1.620974	-1.135588	2.691289	1.936402
2.932023	4.322096	5.267548	1.090717	-0.364626	0.039046	1.195715	1.937722	4.379259	2.495855
-2.618117	2.741494	1.40934	-3.10847	-2.19888	1.174001	1.280259	5.171078	5.468401	1.542506
-3.515376	-0.828491	-1.296457	1.467339	2.888744	2.956208	3.389658	0.634642	0.347687	1.616378
-3.452094	-2.004994	2.789387	-0.965001	0.970295	-0.328692	-1.474985	0.191375	-0.292114	0.099693
3.388083	0.615452	3.364407	2.851263	0.427925	1.981935	-1.217571	1.80144	2.782072	1.030071
2.12421	0.429513	-1.027961	1.886585	-2.221115	1.996926	-2.0596	1.783704	0.804014	-0.377071
2.159739	1.191857	0.512717	2.782318	1.805926	1.895112	-0.680773	-1.146769	2.102785	-0.599115
3.530121	5.293251	3.32078	4.846513	5.8091	2.983626	2.622911	0.621687	5.049655	1.464052
0.980304	-1.903238	-2.429437	2.348122	2.299455	1.655995	-0.480652	3.084941	-3.205306	0.919244
2.000634	0.516058	0.855305	-2.969806	-3.308056	-0.524952	-2.045064	1.895559	-0.222129	-0.703931
1.324556	0.310407	3.384444	1.937577	-0.286187	1.469307	3.469373	1.52361	2.721456	2.627038
3.382311	-0.703825	-0.151781	-1.137881	-0.150686	-0.348503	-0.152645	3.789161	5.034215	-1.351646
2.920638	2.518528	3.644666	2.773765	4.041893	2.643836	-2.649024	0.252279	4.470115	0.796922
2.725573	1.503431	-1.314676	1.44206	2.046798	0.166443	-0.538968	3.299731	0.553721	0.276244
0.46765	0.322748	0.677832	-4.949855	-5.763325	-7.542867	-1.930583	-0.113015	-7.217406	-4.499581
4.6686	3.857741	3.386125	0.352561	-0.877331	0.34592	-1.348478	0.903904	-0.640404	-1.134256
4.337149	1.223474	-2.279459	1.378547	-0.368575	3.152914	1.152441	1.091855	0.755787	0.674413
1.947024	2.882704	3.537116	3.643039	2.915586	3.479422	1.854064	0.958599	2.690322	1.00442
-3.893056	2.05139	0.662883	-0.004328	1.451293	0.967352	2.203882	-1.903001	-2.531444	1.357154
-1.131471	1.636789	2.555476	-1.141221	2.103488	-0.341295	2.478883	-2.540687	-1.39556	-0.660596
-2.321906	-3.144346	-3.431871	-3.145511	-1.325692	-2.117317	-2.105643	1.073301	2.472325	-2.494744
-1.269851	-1.893864	-1.706729	-1.323869	1.069393	-0.458216	-3.77191	0.280718	1.493855	-3.420107
-2.076596	2.954286	2.865531	-0.57767	-0.416322	-0.726797	1.751169	-1.256882	0.422375	0.528897
0.579062	0.977649	3.947238	1.90751	0.087298	0.558035	-1.084721	1.009252	2.107025	-1.117951
4.759226	3.10667	2.938317	-1.068809	-0.286413	0.832469	2.293505	2.679969	2.070641	0.007826
1.712493	1.67339	0.285592	2.467693	4.266175	1.946295	1.748931	0.729514	2.489057	1.268604
-1.784244	0.179447	0.277883	1.835931	3.440094	1.499598	-1.293261	-0.222568	1.185404	-0.165442
-1.343892	1.043676	5.454311	-1.75758	2.595371	1.767462	0.888211	0.495162	-0.673191	0.805458
-0.891466	0.07341	-0.048607	-0.70973	-2.462567	0.831269	1.726028	2.381742	2.728495	1.455478
2.731419	-3.131223	-5.345558	1.38529	-0.204295	0.133598	-2.23073	0.417706	-2.045219	1.941484
-3.563158	-2.817997	-3.120829	-3.586413	-2.818989	-7.606274	-3.878784	-1.215016	-3.762916	-2.783854
-3.632219	2.553509	2.075489	0.094164	-2.748729	0.411629	1.073044	0.834605	2.890117	0.490429
-2.060592	-3.110985	0.966702	0.367324	-0.314693	-3.074922	1.646533	-0.199807	-4.240513	0.620398
-1.312807	-5.882265	-9.251484	-5.672636	-1.775265	-4.746156	-1.128942	-3.647933	-5.147999	-3.276283
-2.320197	0.020682	0.70523	2.081883	2.940572	3.736297	-1.377004	-2.496353	-0.116142	-0.261951
0.4965	0.079162	0.792843	0.972175	-2.518167	0.982604	2.530623	2.083045	-0.230843	1.353155
-1.364056	2.395181	1.572951	0.271031	-1.81107	-1.35897	0.347512	-0.374527	-0.463108	0.186496
-3.822508	-4.46966	-2.491554	-1.066558	-1.410026	1.315539	-2.482663	-3.884763	-2.723649	1.753931
3.104397	-0.129365	0.093017	-3.495405	-1.172724	1.510092	1.526872	-0.119859	-0.483378	1.973821
3.625209	-1.12684	0.28535	-1.836923	-1.237758	1.366649	3.24579	1.359385	-0.768012	2.008223
-0.531923	1.352105	2.75473	0.81257	2.278578	2.485871	2.692763	-1.061234	2.175026	0.478895
